COMISIÓN NACIONAL DEL AGUA
COORDINACIÓN GENERAL DEL SERVICIO METEOROLÓGICO NACIONAL
BASE DE DATOS CLIMATOLÓGICA NACIONAL 

ESTADÍSTICA MENSUAL
EMISIÓN   : 25/10/2024 

DATOS DISPONIBLES EN LA BASE DE DATOS A: OCTOBER DE 2024; 
CON LA INFORMACIÓN SUMINISTRADA POR LAS UNIDADES ADMINISTRATIVAS 

 ESTACIÓN  : 3186 
 NOMBRE    : AGUA DE SAN ANTONIO 
 ESTADO    : BAJA CALIFORNIA SUR 
 MUNICIPIO : LA PAZ 
 SITUACIÓN : OPERANDO 
 CVE-OMM   :   
 LATITUD   : 23.69027778 ° 
 LONGITUD  : -109.9444444 ° 
 ALTITUD   : 840 msnm 


LLUVIA MÁXIMA 24 H.
AÑO	ENE	FEB	MAR	ABR	MAY	JUN	JUL	AGO	SEP	OCT	NOV	DIC	ACUM	PROM	MESES
1998								80	360	13	1		454	113.5	4
2000								61	19	40	9	1	130	26	5
2002	0	22	0	0	0	0	36	30	35	0	4	2	129	10.8	12
2003									285	10	2	0	297	74.2	4
2004	32	0	0	0	0	0	55	90	22	8	0	5	212	17.7	12
2005	3	100	0.01	0.01	0	0	80		51	0.01	0	0	234.03	21.3	11
2006	6	0	0	0	0	12.5	101	72	295	0	0	0.01	486.51	40.5	12
2007	4	0	0	0	0	0	21	70	415	37	26	10	583	48.6	12
2008	0	0	0	0	0	0	54	59	21	5	0	0	139	11.6	12
2009	0	0	0	0	0.01	0	14	137	2	57	0	23	233.01	19.4	12
2010	10	15	0	0	0	0	5	63	24	0	0	0	117	9.8	12
2011	0	0	0	0	0	0	21	60	64	38			183	18.3	10
2012	0	4	0	0	0	20	50	36	28	40	0	16	194	16.2	12
2013	0	0	0	0	0	0	20	75	50				145	16.1	9
2014	5	0	0	0	7	1	76	45	407	34	8	0	583	48.6	12
2015	7.5	25	27	0	1	77	50	87	49	35	13.5	0	372	31	12
2016	0	0	9.5	0	2	0	43	90	207	11	25	0	387.5	32.3	12
2017	0	3	7.5	0	0	0	61.5	50	400	14	0	0	536	44.7	12
2018	0	7	0	0	0	90	43	21	45	4	36	18	264	22	12
2019	11	0.5	0	0	0	0	24	61	60	64.5	104	0	325	27.1	12
2020	3	15.5	0	0	0	7	26.5	22.5	13	5	0	10	102.5	8.5	12
2021	5.5	0	0	0	0	38	47.5	37	200	16	4.5	15	363.5	30.3	12
2022	0	0	0	0	0	12	43	65	90	22	0	0	232	19.3	12
2023	10	1	0	0	0	0	10	62.5	5	368	5	0	461.5	38.5	12
2024	0	0	0	0	0								0	0	5
MÍNIMA	0	0	0	0	0	0	5	21	2	0	0	0	0	0	4
MÁXIMA	32	100	27	0.01	7	90	101	137	415	368	104	23	583	113.5	12
MEDIA	4.4	8.8	2	0	0.5	12.3	42	62.5	131.1	35.7	10.8	4.8	286.5	29.9	10.6
DESV.ST	7.2	21.8	6.1	0	1.5	25.6	24.6	26.3	146.7	74.9	23.1	7.4	162.2	23.8	2.8

LLUVIA TOTAL MENSUAL
AÑO	ENE	FEB	MAR	ABR	MAY	JUN	JUL	AGO	SEP	OCT	NOV	DIC	ACUM	PROM	MESES
1998								355.56	459.21	33	1.01		848.78	212.2	4
2000								225.5	45	72	20	1	363.5	72.7	5
2002	0	22.01	0	0	0	0	76	59	137.6	0	8	4	306.61	25.6	12
2003									488.02	22.02	3.01	0	513.05	128.3	4
2004	80	0	0	0	0	0	162.51	299.03	74	27.01	0	8	650.55	54.2	12
2005	12	143.02	0.01	0.01	0	0	136.01		99.01	0.01	0	0	390.07	35.5	11
2006	11	0	0	0	0	12.52	264.04	189.01	518	0	0	0.01	994.58	82.9	12
2007	9.05	0	0	0	0	0	39.03	124.01	562	56	26	10.01	826.1	68.8	12
2008	0	0	0	0	0	0	141.01	146.02	35.02	7.02	0	0	329.07	27.4	12
2009	0	0	0	0	0.01	0	17.01	314	4.01	84	0	23	442.03	36.8	12
2010	10	21	0	0	0	0	6	63	130.1	0	0	0	230.1	19.2	12
2011	0	0	0	0	0	0	40	124	128	50			342	34.2	10
2012	0	7.02	0	0	0	20	122	153.01	124	86	0	16	528.03	44	12
2013	0	0	0	0	0	0	46	151	132				329	36.6	9
2014	5	0	0	0	7	1	239.3	223	593.5	63	16	0	1147.8	95.7	12
2015	18.5	36	32	0	1	109	145.5	292	152	81	13.5	0	880.5	73.4	12
2016	0	0	9.5	0	2	0	116.5	246	306.5	13	32	0	725.5	60.5	12
2017	0	3	7.5	0	0	0	125.5	85	498	26.5	0	0	745.5	62.1	12
2018	0	11	0	0	0	112	72.5	105	230.5	7	36	33	607	50.6	12
2019	11	0.5	0	0	0	0	34.5	94	303.5	70	158.5	0	672	56	12
2020	3	17	0	0	0	7.5	77.5	41	69	8	0	10	233	19.4	12
2021	8	0	0	0	0	38	127	205.5	463	25.5	4.5	15	886.5	73.9	12
2022	0	0	0	0	0	12	90.5	239	295.5	35	0	0	672	56	12
2023	10	1	0	0	0	0	19.5	104.5	13.5	591	5	0	744.5	62	12
2024	0	0	0	0	0								0	0	5
MÍNIMA	0	0	0	0	0	0	6	41	4.01	0	0	0	0	0	4
MÁXIMA	80	143.02	32	0.01	7	112	264.04	355.56	593.5	591	158.5	33	1147.8	212.2	12
MEDIA	8.1	11.9	2.2	0	0.5	14.9	99.9	174.5	244.2	59	14.7	5.7	576.3	59.5	10.6
DESV.ST	17	30.9	7.1	0	1.5	33.2	69.3	90.4	195	119.7	34	9.2	278	41.9	2.8

TEMPERATURA MÁXIMA PROMEDIO
AÑO	ENE	FEB	MAR	ABR	MAY	JUN	JUL	AGO	SEP	OCT	NOV	DIC	ACUM	PROM	MESES
1998								30.2	29.1	27	23.3			27.4	4
2000								32	33.7	31.3	23.4	27.1		29.5	5
2002	23.8	23.5	27.3	28.8	35.6	37.5								29.4	6
2003									33.9	31.1	28.1	26.9		30	4
2004	21.4	22.6	29	29	33.7	31.2	32.1	33.4	29.9	28.3	25.1	20.1		28	12
2005	20.6	19.2	21.2	24.3	26.4	27.7	28		27.8	25.4	24.8	24.4		24.5	11
2006	23.2	23.3	25	25.7	26.1	26.4	26.1	25.3	21.9	22.8	19.1	18.5		23.6	12
2007	21.7	22.6	24.3	25.1	25.8	26.2	26.5	26.1	25.2	24.4	24.1	20.8		24.4	12
2008	21.8	23.9	24.6	25.1	25.6	26.5	25.7	24.5	24.4	24.6	24.1	24.5		24.6	12
2009	25.4	24.9	24.9	24.9	25.7	26.7	27.6	26.6	25.2	25	24.5	22.7		25.3	12
2010	21.1	19.5	24.5	25	25.8	27	28	27.8	27.7	26.8	24.8	24.2		25.2	12
2011	23.8	23.1	23.8	25.6	27.3	27.9	28.3	27.1	26.6	25.9				25.9	10
2012	26.5	27.6	29.8	33.4	38.5	38.8	38.3	35.8	34.7	30.9	28.1	25.1		32.3	12
2013	23.1	23.7	24.1	28.5	31	38.7	37.4	38.3	33.3					30.9	9
2014	29.5	36.6	36.5	36.2	38.1	38.3	34	33.9	31.4	31.4	28.1	26.5		33.4	12
2015	24.9	28	27.7	30.8	31.4	34.6	33.6	32.6	32.7	30.4	30	26.5		30.3	12
2016	25.5	30	29.7	31.4	33.6	35.9	34.5	31.3	32.1	31.9	31.2	28.5		31.3	12
2017	26.6	28.2	32.9	33.4	32.9	35.2	35.5	35.3	31	33.1	29.8	24		31.5	12
2018	25.6	25.9	29	30.6	33.4	32.2	32.7	33.1	30.7	29.1	27.9	24.4		29.6	12
2019	23.3	23.8	26.7	29.9	30	33.7	33.3	31.9	31.5	30.2	26.2	23.2		28.6	12
2020	24.2	24.3	28.3	29.9	32.4	34.1	33.1	33.3	31.1	33.6	30.3	23.2		29.8	12
2021	22.7	25.7	26.9	31.1	32.5	33.5	31.2	30.5	29.8	29.8	28.2	27.7		29.1	12
2022	25.3	23.6	27.8	30	32.7	32.8	32.9	29.2	30.8	29	24.6	27.4		28.8	12
2023	24.3	24.6	27.4	30.7	31.3	34.6	33.7	32.4	33.7	30.8	28.6	25.6		29.8	12
2024	24.6	25.4	27.1	30.1	35									28.4	5
MÍNIMA	20.6	19.2	21.2	24.3	25.6	26.2	25.7	24.5	21.9	22.8	19.1	18.5		23.6	4
MÁXIMA	29.5	36.6	36.5	36.2	38.5	38.8	38.3	38.3	34.7	33.6	31.2	28.5		33.4	12
MEDIA	24	25	27.2	29.1	31.1	32.4	31.6	31	29.9	28.8	26.4	24.6		28.5	10.3
DESV.ST	2.1	3.6	3.3	3.2	4.1	4.4	3.8	3.7	3.4	3.1	3	2.6		2.7	2.9

TEMPERATURA MÁXIMA EXTREMA
AÑO	ENE	FEB	MAR	ABR	MAY	JUN	JUL	AGO	SEP	OCT	NOV	DIC	ACUM	PROM	MESES
1998								33.5	32	34	34			33.4	4
2000								38	38	37	30	31		34.8	5
2002	27	30	31	33	38	41								33.3	6
2003									39	39	31	30		34.8	4
2004	29	30	34	34	36.5	37	38	37	38	34	29	26		33.5	12
2005	27	26	26	29	28	38	33		38	28	28	26		29.7	11
2006	34	36	30	28	30	28	27	27	26	24	21	24		27.9	12
2007	27	28	25	26	28	27	29	27	35	25	25	24		27.2	12
2008	24	28	28	26	27	27	28	28	25	28	25	28		26.8	12
2009	34	27	27	29	27	28	29	28	28	26	25	28		28	12
2010	24	21	28	26	29	29	30	29	30	29	29	28		27.7	12
2011	25.5	25	25	26	28	29	29	29	28	27				27.1	10
2012	31	32	34	40	41	41	41	42	38	37	36	31		37	12
2013	30	30	29	31	38	42	40	41	39					35.6	9
2014	39	42	40	40	42	43	40	38	35	34	33	39		38.8	12
2015	31	32	34	35	36	38	36	36	36	34	35	32		34.6	12
2016	32	35	36	36	37	40.5	39	35	36	36	36	34		36	12
2017	35	32	36	37	38	38	38	39	34	34	35	29		35.4	12
2018	30	30	34	35	36.5	37	36	35	33	32	30	28		33	12
2019	28	29	33	34	33	39	36	36	33	33	30	30		32.8	12
2020	29	30	32	36	36	37	36	36	35	36	35	31		34.1	12
2021	27	32	32	35	36	36	34	34	33	33	31	30		32.8	12
2022	28	30	31	34	36	36	36	33	34	32	29	32		32.6	12
2023	29	30	32	34	36	37	37	37	40	35	34	31		34.3	12
2024	32	33	31	35	39									34	5
MÍNIMA	24	21	25	26	27	27	27	27	25	24	21	24		26.8	4
MÁXIMA	39	42	40	40	42	43	41	42	40	39	36	39		38.8	12
MEDIA	29.7	30.4	31.3	32.7	34.4	35.6	34.6	34.2	34	32.1	30.5	29.6		32.6	10.3
DESV.ST	3.7	4.2	3.8	4.4	4.7	5.3	4.5	4.6	4.3	4.2	4.2	3.5		3.4	2.9

TEMPERATURA MÍNIMA PROMEDIO
AÑO	ENE	FEB	MAR	ABR	MAY	JUN	JUL	AGO	SEP	OCT	NOV	DIC	ACUM	PROM	MESES
1998								16.9	14.6	8.7	3.9			11	4
2000								11.9	16.1	10.3	5.2	4.5		9.6	5
2002	5.3	10.8	8.9	12.3	16.6	18.1								12	6
2003									14.2	12.1	10.8	10.6		11.9	4
2004	9.8	10.2	10.8	8.9	12.4	11.7	11.4	11.7	10.6	9.7	8.7	4.1		10	12
2005	4.4	3.4	5.9	6	9.6	10.1	10.6		8.9	8.5	8.8	8.7		7.7	11
2006	7.9	6.9	7.7	8.6	9.2	9.7	10.1	8.5	10.2	8.4	7.8	4.3		8.3	12
2007	5.2	6.4	8.9	9.9	9.5	13.7	11	9.7	7.3	6.4	6.5	5.3		8.3	12
2008	5.5	6.3	6.4	9.2	10.2	9.6	10.2	8.5	9.6	9.6	8.9	8.5		8.5	12
2009	8.4	8.6	9	8.7	10.5	9.9	10.7	10.2	8.3	8.6	8.4	7		9	12
2010	7.9	5.4	8.4	8.9	9.2	9.7	10.5	10.1	9.9	8.6	7.5	8.1		8.7	12
2011	7.9	6.3	7.5	8.7	9.1	10	10.5	10	9.4	8.7				8.8	10
2012	6.3	5.9	7.5	10.4	16.8	19.4	22.9	22.4	20.4	14.6	12.4	8.4		13.9	12
2013	6.7	7.2	8.1	9.8	14.4	19.7	22.9	23.1	21					14.8	9
2014	5	6.8	8.4	10.4	13.1	19.8	19	18.9	17.3	12.8	9.1	5.7		12.2	12
2015	7.8	6.8	8	10.7	12.6	17.4	17.6	18.5	18	14.6	10.4	5.1		12.3	12
2016	4.1	6.2	7.3	9.6	14.3	18.8	20.1	17.9	16.8	15.2	9.8	5.9		12.2	12
2017	5.2	7	7.8	9.8	11.1	17.4	20.8	18.4	13.8	9.9	6.7	6.5		11.2	12
2018	2.9	6.5	7	7.8	12.1	15.4	16.2	15.7	14.3	11.1	7.8	8.7		10.5	12
2019	4.2	4.7	6.8	9.3	9.3	14.4	17.4	16.5	14.4	10.4	9.4	3.5		10	12
2020	1.7	2.3	6.9	7.5	8.9	15.3	16.3	16.4	15.3	11	8	0.9		9.2	12
2021	1	2.4	5.1	8.4	11.9	15	15.7	15.8	13.3	11.3	6.1	4.8		9.2	12
2022	3.1	3	2.9	6.5	9.6	15.2	16.3	15.5	14.5	9.9	5.5	4.1		8.8	12
2023	0.6	2.1	4	6.8	10.4	12.6	18	16.6	14.9	13.3	8.3	3.3		9.2	12
2024	2.7	3.7	4.4	7.2	11.2									5.8	5
MÍNIMA	0.6	2.1	2.9	6	8.9	9.6	10.1	8.5	7.3	6.4	3.9	0.9		5.8	4
MÁXIMA	9.8	10.8	10.8	12.3	16.8	19.8	22.9	23.1	21	15.2	12.4	10.6		14.8	12
MEDIA	5.2	5.9	7.2	8.9	11.5	14.4	15.4	14.9	13.6	10.6	8.1	5.9		10.1	10.3
DESV.ST	2.5	2.4	1.8	1.5	2.4	3.7	4.5	4.4	3.8	2.3	2	2.4		2.1	2.9

TEMPERATURA MÍNIMA EXTREMA
AÑO	ENE	FEB	MAR	ABR	MAY	JUN	JUL	AGO	SEP	OCT	NOV	DIC	ACUM	PROM	MESES
1998								12	8.5	5	-3			5.6	4
2000								6.5	11	6	2	1		5.3	5
2002	2	7	6	10	12	15								8.7	6
2003									9	5	9	-1		5.5	4
2004	5	7	9	5	9	9	9	9	9	7	7	0		7.1	12
2005	-2	1	2	4	7	8.6	9		6	4	8	7		5	11
2006	4	-2	2	5	8	9	8	7	7	6	6	-1		4.9	12
2007	-2	-2	7	9	6	11	10	6	6	5	5	2		5.2	12
2008	4	5	5	7	9	9	9	7	9	7	5	1		6.4	12
2009	6	7	8	7	9	9	10	8	7	7	7	-0.2		7.1	12
2010	4	2	7	5	8	7	8	9	7	6	2	7		6	12
2011	7	4	7	7	9	10	10	9	9	7				7.9	10
2012	3	4	5	7	14	15	20	18	18	10	9	3		10.5	12
2013	2	4	4	6	11	14	20	20	17					10.9	9
2014	3	1	6	5	7	17	14	17	16	9	2	-0.3		8.1	12
2015	-1	4	2	5	8	11	11	16	15	10	3	-1		6.9	12
2016	0	1	5	4	7	14	18	15	14	12	4	0.4		7.9	12
2017	1	3	3	4	7	11	18	13	10	8	4	1		6.9	12
2018	-5	-1	0	2	6	12	14	14	11	7	5	0		5.4	12
2019	-1	-3	-1	5	4	10	15	14	10	5	5	-2		5.1	12
2020	-2	-2	1	1	3	10	15	16	14	5	0	-3		4.8	12
2021	-2	-3	0	2	6	12	13	14	10	5	2	-1		4.8	12
2022	-3	-2	-2	2	6	11.5	13	14	12	5	-2	-2		4.4	12
2023	-4	-3	-3	0	5	7	13	13	12	6	4	-2		4	12
2024	-3	-2	1	1	7									0.8	5
MÍNIMA	-5	-3	-3	0	3	7	8	6	6	4	-3	-3		0.8	4
MÁXIMA	7	7	9	10	14	17	20	20	18	12	9	7		10.9	12
MEDIA	0.7	1.4	3.4	4.7	7.6	11.1	12.8	12.3	10.8	6.7	4	0.4		6.2	10.3
DESV.ST	3.5	3.5	3.4	2.6	2.5	2.7	3.9	4.1	3.5	2	3.2	2.7		2.1	2.9

TEMPERATURA MEDIA MENSUAL
AÑO	ENE	FEB	MAR	ABR	MAY	JUN	JUL	AGO	SEP	OCT	NOV	DIC	ACUM	PROM	MESES
1998								23.5	21.9	17.9	13.6			19.2	4
2000								22	24.9	20.8	14.3	15.8		19.6	5
2002	14.6	17.1	18.1	20.6	26.1	27.8								20.7	6
2003									24	21.6	19.5	18.8		21	4
2004	15.6	16.4	19.9	19	23	21.4	21.8	22.5	20.2	19	16.9	12.1		19	12
2005	12.5	11.3	13.6	15.2	18	18.9	19.3		18.4	17	16.8	16.5		16.1	11
2006	15.6	15.1	16.4	17.1	17.6	18	18.1	16.9	16	15.6	13.5	11.4		15.9	12
2007	13.4	14.5	16.6	17.5	17.6	20	18.8	17.9	16.2	15.4	15.3	13.1		16.4	12
2008	13.7	15.1	15.5	17.1	17.9	18	18	16.5	17	17.1	16.5	16.5		16.6	12
2009	16.9	16.8	17	16.8	18.1	18.3	19.1	18.4	16.8	16.8	16.4	14.8		17.2	12
2010	14.5	12.4	16.4	17	17.5	18.4	19.2	19	18.8	17.7	16.1	16.1		16.9	12
2011	15.9	14.7	15.7	17.1	18.2	19	19.4	18.6	18	17.3				17.4	10
2012	16.4	16.8	18.6	21.9	27.6	29.1	30.6	29.1	27.6	22.8	20.2	16.8		23.1	12
2013	14.9	15.4	16.1	19.1	22.7	29.2	30.1	30.7	27.1					22.8	9
2014	17.2	21.7	22.4	23.3	25.6	29	26.5	26.4	24.4	22.1	18.6	16.1		22.8	12
2015	16.3	17.4	17.9	20.8	22	26	25.6	25.6	25.4	22.5	20.2	15.8		21.3	12
2016	14.8	18.1	18.5	20.5	24	27.4	27.3	24.6	24.5	23.5	20.5	17.2		21.7	12
2017	15.9	17.6	20.3	21.6	22	26.3	28.1	26.8	22.4	21.5	18.2	15.2		21.3	12
2018	14.2	16.2	18	19.2	22.8	23.8	24.5	24.4	22.5	20.1	17.8	16.5		20	12
2019	13.8	14.2	16.8	19.6	19.6	24	25.3	24.2	23	20.3	17.8	13.3		19.3	12
2020	12.9	13.3	17.6	18.7	20.6	24.7	24.7	24.8	23.2	22.3	19.1	12		19.5	12
2021	11.8	14	16	19.8	22.2	24.2	23.4	23.1	21.6	20.6	17.1	16.2		19.2	12
2022	14.2	13.3	15.3	18.2	21.2	24	24.6	22.4	22.6	19.4	15.1	15.8		18.8	12
2023	12.5	13.4	15.7	18.8	20.9	23.6	25.9	24.5	24.3	22	18.5	14.5		19.6	12
2024	13.7	14.5	15.8	18.7	23.1									17.2	5
MÍNIMA	11.8	11.3	13.6	15.2	17.5	18	18	16.5	16	15.4	13.5	11.4		15.9	4
MÁXIMA	17.2	21.7	22.4	23.3	27.6	29.2	30.6	30.7	27.6	23.5	20.5	18.8		23.1	12
MEDIA	14.6	15.4	17.2	19	21.3	23.4	23.5	22.9	21.8	19.7	17.2	15.2		19.3	10.3
DESV.ST	1.5	2.3	2	2	3	4	4.1	3.9	3.5	2.5	2.1	1.9		2.2	2.9
