COMISIÓN NACIONAL DEL AGUA
COORDINACIÓN GENERAL DEL SERVICIO METEOROLÓGICO NACIONAL
BASE DE DATOS CLIMATOLÓGICA NACIONAL 

ESTADÍSTICA MENSUAL
EMISIÓN   : 25/10/2024 

DATOS DISPONIBLES EN LA BASE DE DATOS A: OCTOBER DE 2024; 
CON LA INFORMACIÓN SUMINISTRADA POR LAS UNIDADES ADMINISTRATIVAS 

 ESTACIÓN  : 3062 
 NOMBRE    : SANTIAGO 
 ESTADO    : BAJA CALIFORNIA SUR 
 MUNICIPIO : LOS CABOS 
 SITUACIÓN : OPERANDO 
 CVE-OMM   :   
 LATITUD   : 23.48222222 ° 
 LONGITUD  : -109.7183333 ° 
 ALTITUD   : 132 msnm 


LLUVIA MÁXIMA 24 H.
AÑO	ENE	FEB	MAR	ABR	MAY	JUN	JUL	AGO	SEP	OCT	NOV	DIC	ACUM	PROM	MESES
1937	0	0.01	0.01	0									0.02	0	4
1938								79					79	79	1
1939		0.1	0	0.01	0	5.2	22	18	61.5	15	5.2	38.3	165.31	15	11
1940	1.4	2.5	0.01	0.01	0	0.01	4.5	25	31.2	9	18	1.2	92.83	7.7	12
1941	0	0.01	0	0	0	0	0.01	3	70.3	0	3.6	8	84.92	7.1	12
1942	0.01	0.01	0	0	0	0	0	11	190.3	0.01	0.01	0	201.34	16.8	12
1943	8.5	4	0	0	0	0.01	9.6	22	140	92	16	21	313.11	26.1	12
1944	0.01	0	0	0	0	0	0	20	13	16	3.5	12	64.51	5.4	12
1945	0	0	0	0	0	0	5	54	50	57	0.01	50	216.01	18	12
1946	7	0	0	0	0	0	15	25	43	0	0	1	91	7.6	12
1947	0.01	0	0.01	0	0	0	0.01	67	25	0.01	30	0.01	122.05	10.2	12
1948	0	0	0	0	0	0	30	5	23	45	4	0	107	8.9	12
1949	80	5	0	0	0	1	0.01	14	130	7.5	0	5.5	243.01	20.3	12
1950	8.3	0	0.01	0.01	0.01	0.01	69.2	3.4	30.5	14	0	0	125.44	10.5	12
1951	1.2	0.01	5.7	0.01	0	0.01	0.01	65	25	7.5	0.01	9.5	113.95	9.5	12
1952	0	3	0	40	0	1	20	9	28	5.7	21	6	133.7	11.1	12
1953	0	0	0.01	0.01	0	0	2	87	35.5	8.5	3.5	0.01	136.53	11.4	12
1954	1	0.01	0	0	0	0.01	83	21	15.5	35	0.01	0	155.53	13	12
1955	42	0	0	0	0	0.01	3.5	48.5	96	74	0.01	0	264.02	22	12
1956	0	0	0	0	0	12	48	21	8.3	6	0	0	95.3	7.9	12
1957	5	0	7	0	0	0	0.01	19	40	15	0	20	106.01	8.8	12
1958	6	0	0	0	0	0	20	18	65	80	20	0.01	209.01	17.4	12
1959	0	0	0	0	0	0	74	37.5	145	0	0	0	256.5	21.4	12
1960	46	0	0	0	0	0	18	74	60	24	0.01	6.5	228.51	19	12
1961	62	0	0	0	0	0	136	50	20	20	0	20.5	308.5	25.7	12
1962	0.01	0	0	0	0	0	0	12	72.5	27.5	7	2.5	121.51	10.1	12
1963	2	0	0	0	0	0	34	19.5	22	20	32	16.5	146	12.2	12
1964	0	0	0	0	0	0	29.5	13	136	46	0.01	5	229.51	19.1	12
1965	1.5	0.01	2	0	0	0	3	40	83.5	0	0	11	141.01	11.8	12
1966	4	0	0	0	0	0	13	14.5	38	0	0	10.5	80	6.7	12
1967	0.01	1	0	0.01	0	0	0	100	24.5	20	6	6	157.52	13.1	12
1968	30.5	46	20	0	0	0	0	35.5	35	3	0	1.5	171.5	14.3	12
1969	0	1	0	0	0	0	0	19.5	1.5		0	20	42	3.8	11
1970	10.5	4.5	0	0	0	0	15	9.5	32.5	3	7.5	0	82.5	6.9	12
1971	0	0	0	0	0	0	3	40	47	23	0	8.5	121.5	10.1	12
1972	13	0	0	0	57	0	105	46	50	46	4	36	357	29.8	12
1973	3.5	23	0	0	0	0	0	55	67	8	0	0	156.5	13	12
1974	0	0	2.5	0	0	0	36	40	6	14	65	6	169.5	14.1	12
1975	20	13	0	0	0	0	25	22	32	0	0	0	112	9.3	12
1976	0	0	0	0	0	0	15	16	213.5	19.5	61.5	15	340.5	28.4	12
1977	0	0	0	0	0	0	0	88.5	0	42.5	1	0	132	11	12
1978	0	0	0	0	0	0	9	27	95	20	0	5	156	13	12
1979	11.5		0	0	15.7	0	9.7	36	125	0	0	4	201.9	18.4	11
1980	0	0	0	0	0	0	10.3	45.3	7.2	8.8	0	0	71.6	6	12
1981	37	0	0	0	0	0	13.8	64.5	91.6	162.5	0	0	369.4	30.8	12
1982	0	1	0	1	0	0	5.1	19	243.8	0	2.2	62	334.1	27.8	12
1983	23	0	0.8	0	0	0	20.5	31.3	39	21.8	2.1	15	153.5	12.8	12
1984	34.8	0	0	0	0	0.4	38.2	41.8	36.2	2.3	1.6	36.2	191.5	16	12
1985	34.5	0	1.3	0	0	0	34.2	33.3	17.5	54.1	1.3	0	176.2	14.7	12
1986	0	2.3	0	4.7	0	0	11.3	55.2	26	72.8	0	0.2	172.5	14.4	12
1987	2	0.7	0	1.8	0	0	36.3	23.5	14.3	25.3	7.7	7	118.6	9.9	12
1988	0	0	0	0	0	0	13.3	81.5	1.1	22.7	0	0	118.6	9.9	12
1989	43	2.2	0	0	0	0	20	42.1	9.2	20	27.5	28.2	192.2	16	12
1990	5.1	0.01	0	0			43	30.7	65.5				144.31	20.6	7
1991	0.5	5.6	0	0	0	0	0.01	28.2	124	11	26	15	210.31	17.5	12
1992	21	0.5	4.8	0	0	0	11	22.5	72.2	20.3	0	76.5	228.8	19.1	12
1993	26.2	0	0	0	0	1.3	54	37.7	49.5	18.5	120	0.3	307.5	25.6	12
1994	2.2	0.01	0	0	0	0	0.01	49	27.5	4.2	16.5	10.3	109.72	9.1	12
1995	0	0.01	0	0	0	0	0.01	7.6	95.5	0	1.5	1	105.62	8.8	12
1996	0	0	0	0	0	0	2.7	44.1	81.2	8.5	0	0	136.5	11.4	12
1997	29.2	0	0.01	4.5	0	0.01	6.1	100	122.3	0	8.2	0.01	270.33	22.5	12
1998	0	0	0	0	0	0	37.5	138.1	340.5	5.5	2	0	523.6	43.6	12
1999	0	0	0	0	0	0.01	23.4	63	10.5	25.8	0	0	122.71	10.2	12
2000	0	0	0	0	0	3.2	11.3	48.3	25.3	15.2	11.2	0.01	114.51	9.5	12
2001	0.5	0.4	7	0	1.3	0	0.01	80	173	11	0	0.01	273.22	22.8	12
2002	0	0	0	0	0	0	3.3	93	31.5	40	15	0.01	182.81	15.2	12
2003	0.5	18	0	0	0	0	99	65.5	48.2	0	0	0	231.2	19.3	12
2004	12.5	0	0	0	0	0.01	75	27.3	62	14.6	0	0.01	191.42	16	12
2005	1.4	49	0	0	0	0	0	5.8	61.6	15.9	0		133.7	12.2	11
2006	3.2	0	0	0	0	0	63.2	95.4	61	14.3	0	0	237.1	19.8	12
2007	14	0	0	0	0	0	0	14	100.1	1.6	0.01	20.4	150.11	12.5	12
2008	0	0	0	0	0	0	1.5	48	16.4	30.6	0.01	0	96.51	8	12
2009	0	0	0.01	0	0.01	0.01	5.4	67	41	45	0	20	178.43	14.9	12
2010	0	17.5	1	0	0	0	0	2.5	41.5	1.4	0	0	63.9	5.3	12
2011	0	0	0	0	0	0	0	5.9	29.2	5.7	4.7	0	45.5	3.8	12
2012	0	1.2	0	0	0.01	0	6.8	45.3	29.5	44.3	0	15.8	142.91	11.9	12
2013	0	0	0	0	0	0	2.3	56.7	51.5	57.5	4.6	0	172.6	14.4	12
2014	0.01	0	0	0.01	0.01	5.4	43.4	50	163.4	53.8	3.2	0	319.23	26.6	12
2015	2.6	12.5	42.3	0	0.01	0.01	21.6	15.3	35	27.6	26.4	0	183.32	15.3	12
2016	0	0	1.2	0	5.4	0	12.8	85.6	56.8	0	0	0.01	161.81	13.5	12
2017	0	1.6	3.2	0	0	0	4	213.8	16.3	3.2	0	0	242.1	20.2	12
2018	2.3		0	0			0	0		0	0		2.3	0.3	7
2019	7	0	0	0	0	0	0	32.7		60.1	107.4	0	207.2	18.8	11
2020		0	0		0					0.01	0	0	0.01	0	6
2021	0												0	0	1
2022	0		0	0	0	0	6.4	56.2	1.4	3.2	0	0	67.2	6.1	11
2023	0.5	5	0	0	0	0	10	33.8	22.6	142	2.1	0.01	216.01	18	12
2024	0.01	0.01	0.01	0	0	8	0	4.6	73.5	0			86.13	8.6	10
MÍNIMA	0	0	0	0	0	0	0	0	0	0	0	0	0	0	1
MÁXIMA	80	49	42.3	40	57	12	136	213.8	340.5	162.5	120	76.5	523.6	79	12
MEDIA	7.9	2.7	1.1	0.6	1	0.5	19.1	41.6	61.5	22.8	8.4	8.1	165.8	14.8	11.4
DESV.ST	15.2	8.2	5.1	4.4	6.5	1.8	27	33.9	59.4	29.6	20.5	14.3	90.8	10.2	2.1

LLUVIA TOTAL MENSUAL
AÑO	ENE	FEB	MAR	ABR	MAY	JUN	JUL	AGO	SEP	OCT	NOV	DIC	ACUM	PROM	MESES
1937	0	0.04	0.01	0									0.05	0	4
1938								128.01					128.01	128	1
1939		0.11	0	0.02	0	5.24	45.6	40.41	257.6	17.01	7.25	67.94	441.18	40.1	11
1940	2.12	2.51	0.01	0.01	0	0.01	8.82	38.31	90.3	10.74	58.32	1.79	212.94	17.7	12
1941	0	0.02	0	0	0	0	0.05	3.08	159.13	0	3.61	9.5	175.39	14.6	12
1942	0.04	0.02	0	0	0	0	0	20.8	234.8	0.01	0.03	0	255.7	21.3	12
1943	13	5.7	0	0	0	0.04	9.64	60	357.07	92.02	16	33	586.47	48.9	12
1944	0.04	0	0	0	0	0	0	24	35.01	16.02	3.52	12	90.59	7.5	12
1945	0	0	0	0	0	0	5.01	71.03	94.01	57.01	0.01	50	277.07	23.1	12
1946	7	0	0	0	0	0	20.02	33.04	96.02	0	0	1	157.08	13.1	12
1947	0.01	0	0.01	0	0	0	0.03	133.02	55.02	0.02	55.04	0.02	243.17	20.3	12
1948	0	0	0	0	0	0	64	5.03	46.01	105.51	4.03	0	224.58	18.7	12
1949	298.03	5.03	0	0	0	1	0.02	38.03	383.05	12.51	0	7.12	744.79	62.1	12
1950	19.81	0	0.01	0.01	0.03	0.01	70.42	5.44	78.33	24.93	0	0	198.99	16.6	12
1951	1.2	0.02	5.71	0.01	0	0.01	0.03	117.03	49.52	21.05	0.01	31.2	225.79	18.8	12
1952	0	3.02	0	54.5	0	1	23.82	9	93	5.7	21	12	223.04	18.6	12
1953	0	0	0.03	0.01	0	0	4.7	103.3	43.54	22.07	6.02	0.01	179.68	15	12
1954	1.01	0.02	0	0	0	0.01	93.05	42.04	56.52	64.02	0.01	0	256.68	21.4	12
1955	62.01	0	0	0	0	0.01	3.53	95.05	175.58	94	0.03	0	430.21	35.9	12
1956	0	0	0	0	0	12	99	41	32.6	15	0	0	199.6	16.6	12
1957	5	0	12	0	0	0	0.02	52.51	58	28	0	20	175.53	14.6	12
1958	6.02	0	0	0	0	0	65	49.02	327.04	112	70.01	0.01	629.1	52.4	12
1959	0	0	0	0	0	0	82	104.5	211	0	0	0	397.5	33.1	12
1960	46	0	0	0	0	0	38	74	89.71	24	0.01	6.52	278.24	23.2	12
1961	77.02	0	0	0	0	0	238	104.01	20.03	75.51	0	28	542.57	45.2	12
1962	0.02	0	0	0	0	0	0	17.01	180.52	38.01	7	2.54	245.1	20.4	12
1963	2.01	0	0	0	0	0	102.06	58.52	37.01	20.03	63.5	19.5	302.63	25.2	12
1964	0	0	0	0	0	0	39.03	20.51	192.02	156	0.01	5.02	412.59	34.4	12
1965	1.51	0.01	2	0	0	0	3	132.51	140	0	0	36.02	315.05	26.3	12
1966	5	0	0	0	0	0	34.51	53.53	59.53	0	0	10.5	163.07	13.6	12
1967	0.01	1.01	0	0.01	0	0	0	167.03	61.01	21.51	6	16.02	272.6	22.7	12
1968	33.5	97	37	0	0	0	0	78	39	3	0	3	290.5	24.2	12
1969	0	1	0	0	0	0	0	21.5	1.5		0	21.5	45.5	4.1	11
1970	10.5	7	0	0	0	0	29.5	35.5	115.5	3	12	0	213	17.8	12
1971	0	0	0	0	0	0	3	163.5	111	73	0	13.5	364	30.3	12
1972	24	0	0	0	72.5	0	112	184	72	137	4	36	641.5	53.5	12
1973	3.5	27.5	0	0	0	0	0	69.5	128	8	0	0	236.5	19.7	12
1974	0	0	2.5	0	0	0	74	68.5	11	14	157	14	341	28.4	12
1975	26	13	0	0	0	0	30	22	115.5	0	0	0	206.5	17.2	12
1976	0	0	0	0	0	0	29.5	23.5	357	83	80.3	23.5	596.8	49.7	12
1977	0	0	0	0	0	0	0	184	0	102	1	0	287	23.9	12
1978	0	0	0	0	0	0	20.8	38.5	275.1	38.7	0	6	379.1	31.6	12
1979	15.4		0	0	15.7	0	12.7	131.7	221	0	0	4	400.5	36.4	11
1980	0	0	0	0	0	0	10.3	94.3	14.8	17.2	0	0	136.6	11.4	12
1981	64	0	0	0	0	0	19.2	152.5	141.7	187	0	0	564.4	47	12
1982	0	1	0	1	0	0	6.6	25	380.5	0	2.4	76.5	493	41.1	12
1983	25.8	0	1.3	0	0	0	31.4	92	131.4	38.3	2.6	15	337.8	28.1	12
1984	63.01	0	0	0	0	0.4	107.2	110.74	76.41	2.3	1.6	38.61	400.27	33.4	12
1985	36.72	0	1.3	0	0	0	38.61	47.21	19.41	55.4	2.5	0	201.15	16.8	12
1986	0	2.3	0	4.7	0	0	17.6	83.2	38.5	121.7	0	0.2	268.2	22.4	12
1987	2	0.7	0	1.8	0	0	55.51	28.31	28.61	36.2	9.9	8.3	171.33	14.3	12
1988	0	0	0	0	0	0	37	111	2.1	42.4	0	0	192.5	16	12
1989	56.4	2.2	0	0	0	0	38.3	112.7	17.1	20	31.81	31	309.51	25.8	12
1990	7.1	0.02	0	0			97.11	137.62	96.62				338.47	48.4	7
1991	0.51	5.62	0	0	0	0	0.01	28.22	176.61	27.4	47.1	22.93	308.4	25.7	12
1992	66.3	0.5	4.8	0	0	0	31.32	67.32	116.52	29.61	0	78.25	394.62	32.9	12
1993	28.71	0	0	0	0	1.3	95.3	68.8	127.6	46.9	189.7	0.3	558.61	46.6	12
1994	2.2	0.01	0	0	0	0	0.01	198	51.51	7.9	20.34	16.81	296.78	24.7	12
1995	0	0.01	0	0	0	0	0.01	18.42	215.71	0	1.51	1	236.66	19.7	12
1996	0	0	0	0	0	0	4.2	129.1	167.5	8.5	0	0	309.3	25.8	12
1997	49.8	0	0.01	5.81	0	0.01	14.2	158.31	194.6	0	13.9	0.01	436.65	36.4	12
1998	0	0	0	0	0	0	81.2	249.8	392.6	9.2	2	0	734.8	61.2	12
1999	0	0	0	0	0	0.01	54.11	101	13.71	25.8	0	0	194.63	16.2	12
2000	0	0	0	0	0	3.22	17.3	51.33	45.51	36.94	13.03	0.02	167.35	13.9	12
2001	0.51	0.41	8.5	0	1.5	0	0.01	172.01	453	22	0	0.01	657.95	54.8	12
2002	0	0	0	0	0	0	3.3	97	52.7	78.01	15	0.01	246.02	20.5	12
2003	0.5	18.01	0	0	0	0	111.51	237.9	148.4	0	0	0	516.32	43	12
2004	22.5	0	0	0	0	0.01	81.71	59.7	197.21	32.5	0	0.02	393.65	32.8	12
2005	1.4	75.1	0	0	0	0	0	16.61	65.9	19.3	0		178.31	16.2	11
2006	5.8	0	0	0	0	0	99.2	165.8	75.1	18.3	0	0	364.2	30.4	12
2007	37.53	0	0	0	0	0	0	40.4	111.2	1.6	0.01	20.4	211.14	17.6	12
2008	0	0	0	0	0	0	2.8	143.91	73.81	38.5	0.01	0	259.03	21.6	12
2009	0	0	0.01	0	0.02	0.03	5.4	106.54	54.41	135.2	0	20	321.61	26.8	12
2010	0	22.1	2	0	0	0	0	4.32	114.5	1.4	0	0	144.32	12	12
2011	0	0	0	0	0	0	0	15.11	45	5.7	7.2	0	73.01	6.1	12
2012	0	1.21	0	0	0.01	0	6.8	143.8	82.91	94.6	0	22.5	351.83	29.3	12
2013	0	0	0	0	0	0	4.51	86.1	107.5	63.2	9.21	0	270.52	22.5	12
2014	0.01	0	0	0.01	0.01	5.4	132.41	151.91	333.11	69.6	4.91	0	697.37	58.1	12
2015	7.55	21.2	62.01	0	0.01	0.01	62.1	51.8	80.02	70.8	26.41	0	381.91	31.8	12
2016	0	0	1.21	0	5.43	0	21.3	110.11	83.63	0	0	0.02	221.7	18.5	12
2017	0	1.6	3.2	0	0	0	4	272.11	33.03	6.2	0	0	320.14	26.7	12
2018	2.3		0	0			0	0		0	0		2.3	0.3	7
2019	8.2	0	0	0	0	0	0	64.9		73.3	140.3	0	286.7	26.1	11
2020		0	0		0					0.01	0	0	0.01	0	6
2021	0												0	0	1
2022	0		0	0	0	0	16.41	134.81	1.4	3.21	0	0	155.83	14.2	11
2023	0.5	5	0	0	0	0	10	61.93	47.81	191.81	2.11	0.01	319.17	26.6	12
2024	0.01	0.02	0.01	0	0	8	0	8.9	104.5	0			121.44	12.1	10
MÍNIMA	0	0	0	0	0	0	0	0	0	0	0	0	0	0	1
MÁXIMA	298.03	97	62.01	54.5	72.5	12	238	272.11	453	191.81	189.7	78.25	744.79	128	12
MEDIA	13.5	3.9	1.7	0.8	1.1	0.5	31.9	83.2	120.4	37.7	13.5	10.4	301.5	26.8	11.4
DESV.ST	36.5	14.1	7.9	6	8.1	1.8	42.6	61.3	105.4	45.1	33.7	17.2	166.6	17.8	2.1

EVAPORACIÓN MENSUAL
AÑO	ENE	FEB	MAR	ABR	MAY	JUN	JUL	AGO	SEP	OCT	NOV	DIC	ACUM	PROM	MESES
1956								41	134.6	138.9	111.8	81.4	507.7	101.5	5
1957	94.8	135.5	177.3	212.1	231.6	273.1	274.5	192.7	171.2	152.1	114.7	87.2	2116.8	176.4	12
1958	99	104.6	120.2	93.5	179.8	198.3	190.8	160.9		128.7	109.4	91.2	1476.4	134.2	11
1959	82.7	67.9	90.1	114.5	108.5	100.6	100	104.5	91.5	130	110.9	75.1	1176.3	98	12
1960	69.4	94	163.9	214	251.4	270.4	279.9	222.7	145.2	98.7	95.3	64.8	1969.7	164.1	12
1961	50.6	87.7	156	177.3	226.5	244.3	216.9	161.7	147.7	121.1	64.5	46.4	1700.7	141.7	12
1962	54.8	85.2	154.2	230.8	246.3	252.4	262.6	225.9	124.5	96.8	79.9	42	1855.4	154.6	12
1963	69.6	88.9	145.3	186	264.4	242.6	189	183.6	148.7	115.2	78.7	56.8	1768.8	147.4	12
1964	66	89.6	115.6	183.8	257.6	263	235.4	169.7	133.9	92.5	72.1	58	1737.2	144.8	12
1965	69.5	84.2	131.1	195.3	216.8	207.5	206.2	171.6	149	127.7	109.8	87.3	1756	146.3	12
1966	76.8	94.9	142.4	172.7	207	232.6	200.7	138.9	140.2	138.6	101.7	75.3	1721.8	143.5	12
1967	88.1	100.6	158.5	177.6	234.3	223.7	241.3	136.7	129	120.6	99.3	77.4	1787.1	148.9	12
1968	76.2	76.8	117.4	139.6	198.5	199	210	150	144.3	122.3	104.2	79.4	1617.7	134.8	12
1969	88.4	85.1	154.9	187.6	217.7	206.3	223.3	197	172.9		112.1	86.5	1731.8	157.4	11
1970	91.4	100.6	141.1	166	210.2	240.7	205.3	176.2	145.2	151.7	100.3	83.2	1811.9	151	12
1971	96.5	110.9	177.2	187.4	210.4	236.6	253.9	154.2	147.8	145.2	109.1	113.2	1942.4	161.9	12
1972	77.1	119.8	172.7	197.2	210.9	200.8	242.3	138.2	139.8	208.8	152.4	140.9	2000.9	166.7	12
1973	95.5	92.1	135.4	178	227.5	241.3	292.1	262.6	242.6	222.3	133.2	90.6	2213.2	184.4	12
1974	91.1	109.3	138.4	198.3	207.7	235.2	191.2	193.8	130.5	142.8	79.2	52.5	1770	147.5	12
1975	70.9	84.2	147.3	166.4	210.4	229.9	203.1	183	137.2	137.3	104.8	78.4	1752.9	146.1	12
1976	78	107.3	144	149.2	203.8	239.9	201.5	180.7	116.1	119.6	90.8	60.5	1691.4	140.9	12
1977	66.1	109.8	141.9	196.4	205.3	259.4	270.8	170.8	140.3	100.1	76	78.2	1815.1	151.3	12
1978	76.9	90.9	140.7	180.2	224	261.2	222.6	194.2	116.6	83.9	81.5	59.3	1732	144.3	12
1979	55.1		127.3	173.9	201.4	253.5	220.7	153.2	119.8	116.9	88.9	62.6	1573.3	143	11
1980	68.1	88.8	120	164.7	189.6	228	230.9	169.2	122.6	105.9	91.8	71.4	1651	137.6	12
1981	53.4	81	114.6	167	190.5	218	202.8	162.6	122.8	97.3	90.2	72.7	1572.9	131.1	12
1982	77.5	98	143.6	165.5	181.9	234.8	169.3	182.2	144.6	138.1	93	73.8	1702.3	141.9	12
1983	72.7	101.3	151	177.4	234.3	242.5	215.3	147.6	119.9	142.6	97	87	1788.6	149.1	12
1984	75.4	113.7	165.7	196.6	233.7	241.4	152.1	137.7	146.3	130.2	105.4	75.8	1774	147.8	12
1985	66	94.1	153.2	183.1	236.1	252.8	219.8	182.7	157.8	139.6	89.6	84.4	1859.2	154.9	12
1986	96.5	113.2	184.8	192.1	194.5	237.4	224.2	194.6	168.8	110.6	99.8	73.7	1890.2	157.5	12
1987	89.3	100.1	157.3	180.2	190	228.1	228.5	184.4	160.9	132.4	93.6	64.8	1809.6	150.8	12
1988	86	121.3	156.9	171.4	209.1	245.9	219.1	213.3	176.7	144	103.5	85.4	1932.6	161.1	12
1989	69.9	107.4	165.9	195	216	229.1	230.6	179.2	148	152.7	85.5	66	1845.3	153.8	12
1990	73.7	89.8	154.1	191.6			172.2	157.8	31.5				870.7	124.4	7
1991	72	94.4	150.4	192.8	198.5	228.2	227.5	190.6	124.3	108.9	69.8	54.7	1712.1	142.7	12
1992	54	80.9	125.3	179	216.6	242.6	207.1	173.1	156.1	135.5	91.5	50.4	1712.1	142.7	12
1993	68.9	96.8	159.2	155.3		138.1	194.9	181.2	117	114.2	67.4	55.3	1348.3	122.6	11
1994	69.5	89.2	134.5	172.9	196.8	224.8	237.2	150.6	140.4	128.1	72.2	60.2	1676.4	139.7	12
1995	72.7	92.2	149.2	185.7	198.1	215	236.9	169	118.1	131.4	74.7	64	1707	142.2	12
1996	7.48	9.6	12.97	11.29	12.04	16.52	22.78	13.78	10.8	13.28	13.45	9.82	153.81	12.8	12
1997	7.52	9.44	15.02	15.64	22.3	21.95	20.12	19.22	14.61	11.45	7.49	7.65	172.41	14.4	12
1998	7.7	8.95	14.9	17.4	18.01	21.65	20.05	15.4	10.93	9.36	5.45		149.8	13.6	11
1999	5.17	7.25	14.15	14.5	10.2	19.05	17.66	18.1	15.65	12.76	7.01		141.5	12.9	11
2003	80.81	97.26	141.16	168.19	210.32	207.59	197.34	165.11	136.13	113.04	89.17	96.57	1702.69	141.9	12
2004	71.75	93.57	160.66	175.29	233.1	247.75	188.94	209.03	100.62	131.27	109.99	69.72	1791.69	149.3	12
2005	84.13	80.71	108.03	171.41	174.22	206.97		193.78	169.78	116.75	104.41		1410.19	141	10
2006	80.17	99.95	171.22	137.64	206.22				204.04			83.83	983.07	140.4	7
2007	63.21	106.76	163.12	171.2	216.27	210.34	232.77	186.38	133.58	113.95	99.84	67.37	1764.79	147.1	12
2008	81.43	112.37	161.17	193.16	237.37	243.92	176.69		105.39	132.38	108.12	94.25	1646.25	149.7	11
2009	99.51	118.39	168.63	174.7	220.31	248.88	250.66	224.98	129.31	86.7	71.87	73.47	1867.41	155.6	12
2010	80.44	67.39	126.29	97.24	128.59	160.59	236.94	193.1	132.95	125.55	85.71	73.58	1508.37	125.7	12
2011	70.2	91.19	156.46	196.12	232.44	229.31	224.64	182.32	185.46	173.5	107.94	83.94	1933.52	161.1	12
2012	70.67	117.09	157.12	168.08	203.21	255.67	229.05	154.64	119.56	82.35	60.46	49.87	1667.77	139	12
2013	78.51	114.02	155.27	177.05	265.16	269.74	229.9	226.97	128.67	120.58	91.64	58.7	1916.21	159.7	12
2014	77.05	102.76	167.81	191.42	223.88	244.36	107.25	107.7	31.34	110.81	76.94	57.26	1498.58	124.9	12
2015	79.26	82.68	119.25	128.48	205.57	214.48	189.06	169.94	147.45	96.56	107.37	71.29	1611.39	134.3	12
2016	61.55	92.33	160.89	193.1	205.7	229.87	230.74	174.18	124.01	133.09	110.3	101.46	1817.22	151.4	12
2017					216.43	217.85	220.96	190.5	114.8	139.24			1099.78	183.3	6
2019	67.52	88.37	157.25	200.09	203.58	243.31	238.87	156.19		55.67	77.2	56.34	1544.39	140.4	11
2023			151.39	169.96					10.92	15.64	82.89	63.85	494.65	82.4	6
2024	74.84	91.36	122.27	156.45	210.92	198.45	202.45	182.02	127.53	87.12			1453.41	145.3	10
MÍNIMA	5.17	7.25	12.97	11.29	10.2	16.52	17.66	13.78	10.8	9.36	5.45	7.65	141.5	12.8	5
MÁXIMA	99.51	135.5	184.8	230.8	265.16	273.1	292.1	262.6	242.6	222.3	152.4	140.9	2213.2	184.4	12
MEDIA	71.2	90.9	138.1	164.6	198.2	214.3	202.4	163.1	126.3	115.3	88.3	71.2	1555	136.4	11.3
DESV.ST	20.9	26.1	38.3	47.3	56.6	61.1	60.7	51.5	46.6	41.4	27.6	21.1	487.4	36.7	1.6

TEMPERATURA MÁXIMA PROMEDIO
AÑO	ENE	FEB	MAR	ABR	MAY	JUN	JUL	AGO	SEP	OCT	NOV	DIC	ACUM	PROM	MESES
1937	29.4	32.6	31.7	32										31.4	4
1938								34.5						34.5	1
1939		20.9	26.7	30	33.9	33.6	35.3	33.6	30.5	30.8	30.2	25.6		30.1	11
1940	24.4	25.3	27.9	30.4	34.1	34.4	36.4	35.1	34.1	33.3	27.8	26.2		30.8	12
1941	24.4	26.7	27	28.5	34.3	35	36.3	36.5	33.2	31.3	28	24.5		30.5	12
1942	24	24	26	28.1	32.6	35.9	36.3	35	35.1	30.3	28	25		30	12
1943	24.7	28	29.1	31.8	32.9	35.8	35.6	35.4	33.9	29.8	27.6	24.1		30.7	12
1944	23.6	25.4	26.9	28.2	31.2	36.1	37	36.2	36	34.3	28.6	25.6		30.8	12
1945	24.2	24.8	23.9	29.2	34.6	36.1	37.2	35.8	35.4	30.9	27.7	23.6		30.3	12
1946	21.6	23.5	27.5	27.6	32.5	33.7	34.5	32.2	34.8	33	29.2	27.7		29.8	12
1947	25.1	26.5	28.3	29.9	28.7	30.9	32.2	31.5	29.1	33.6	27.2	25.6		29	12
1948	27	22.6	26.1	31.5	32.6	33	32.6	32.3	33.1	30.5	28.7	27.1		29.8	12
1949	24.5	27.2	29.6	31.8	34	35.2	36	36.1	25.1	33.9	24.5	19.3		29.8	12
1950	19.6	27.3	30.4	27.4	27.8	31.9	35.5	36.4	36.2	35.7	32.8	28.4		30.8	12
1951	27	29.4	30.4	32.6	33.5	37.8	38.2	37.6	36.5	35.5	30.3	27.4		33	12
1952	29.2	28.5	29	31.9	36.6	36.9	37.9	37.7	36.5	36.7	30.9	26.3		33.2	12
1953	28.8	28.2	31.4	33.6	35.7	39.8	38.7	37.9	35.5	33.5	31	24.7		33.2	12
1954	25.8	28.9	29.5	34.6	33.6	37.1	37.4	36	36.3	34.5	31.4	27.2		32.7	12
1955	22.4	23.9	29.8	32.8	33.3	36.7	37.2	35.5	34.1	33.3	30.1	27.7		31.4	12
1956	27.8	24.7	30	30.8	35.9	37.5	36.5	37.1	36.3	35.4	30.9	26.8		32.5	12
1957	28	30.9	28.7	31.8	32.7	36.5	39	37.4	38.6	35.8	31	31.2		33.5	12
1958	26.5	28.9	27.8	30.2	35.9	38.3	38.7	37.8	37	36.2	36.1	34		34	12
1959	28	26.8	27.9	36.2	38.5	37.2	37.8	37	37.3	36.7	32.2	29.1		33.7	12
1960	29	26.5	31	32.9	34.3	37.7	38.4	37.2	36.9	35.4	33.3	27.5		33.3	12
1961	25.8	28.5	30.4	32.7	36.6	38	37.7	37.9	37.9	36.5	29.7	26.7		33.2	12
1962	26.1	27.2	29.4	34.9	35.8	38.1	39.5	39.6	36	34.3	32	27		33.3	12
1963	22.3	26.4	30	33	37.5	37.6	37.5	37.6	37.7	35.8	30.5	26.2		32.7	12
1964	23.5	24.7	27.5	32.1	35.7	36.4	38.5	36.7	36.4	33.5	29.6	26.4		31.8	12
1965	26.1	25.4	28.6	32.3	35	36.4	38.4	36.5	36.1	35.9	33.1	28		32.6	12
1966	25.1	25.9	30.6	32.3	36.7	38.4	38.4	36.9	36.6	34.7	32.5	27.4		33	12
1967	26.5	28.3	31.4	32.1	36	37.7	39.3	37	36.6	34.7	33.7	27.1		33.4	12
1968	25.4	27.8	28.9	31.8	36.2	36.2	37.9	36.7	37	36.3	31.3	27.2		32.7	12
1969	29.3	27.2	28.9	33.9	36.1	36.6	38.8	39.2	39		32.3	27.9		33.6	11
1970	25.5	27.2	29.9	31.4	36.5	38.6	37.9	38.2	36.4	34.7	31.7	28		33	12
1971	27	28.2	31.8	32.2	35.1	37.3	38.9	36	36.7	32.9	30.8	27		32.8	12
1972	26.4	29.1	34	35.2	36.3	36.8	39.4	36.1	37.1	35.5	30	28.3		33.7	12
1973	26.7	27.8	28	31.2	35.2	37.2	38.8	37.7	37.8	36.4	32.8	29.2		33.2	12
1974	27	27.7	28.5	33.7	34.6	38	35.8	37.4	36	34.7	29.2	24.6		32.3	12
1975	25	25.5	29.5	30	33.2	37	36.6	37.5	35.7	35.1	31.3	27.1		32	12
1976	26.6	29.3	29.3	30.9	34.8	38.2	37.8	38.2	35	30.5	28.5	25.7		32.1	12
1977	24.7	29.1	28.5	31.3	33.8	37.9	38.5	36.3	37.5	34.6	31.5	30		32.8	12
1978	27.4	27.4	31.6	32.4	34.4	38.1	38.3	37.5	35.5	33.8	30.1	25.8		32.7	12
1979	23.5		28.4	31.9	33	37.4	38	37.4	35.9	36.8	30.2	26.5		32.6	11
1980	26.9	28.8	30	31.6	33.5	39	38.5	36.9	37.3	34.5	30.8	28.6		33	12
1981	25.8	28.7	28.8	32.7	33.1	35.3	37.1	36.8	36.2	32.8	31.9	28.6		32.3	12
1982	26.7	28.5	30	34.1	33.6	38.2	37.4	38	36.9	33.8	29.8	26		32.8	12
1983	26	28.1	29.1	30.1	35.1	37.3	38	35.9	35	34.8	31	29		32.5	12
1984	25.8	27.4	30.7	31.6	35.8	36.8	34.5	35.5	35.4	33	30.1	26.8		32	12
1985	24.3	26.5	28.9	31.5	34.8	36.9	36.7	36.6	36.3	33.9	29.8	27.5		32	12
1986	28.3	28.6	32.1	33.8	34.2	36.2	37	37	36.5	32.1	30.4	26.4		32.7	12
1987	25.7	26.7	28.3	32.4	32.6	37	38.3	37.7	37.6	35.6	30.8	25.8		32.4	12
1988	26.7	29.2	30.1	31.9	33.9	37.3	37.5	38.1	37.4	35	31.5	26.2		32.9	12
1989	23.9	27.8	31	35.2	35.9	37	38	35.7	36.2	35.9	30.4	27		32.8	12
1990	26.2	26.2	30.6	34.1			36.6	37.1	36.4					32.5	7
1991	25.7	28.7	29.5	34.1	35.2	37.5	37.8	38.7	35.7	35.3	30.2	26.3		32.9	12
1992	25.6	28.2	29.9	33.9	36.6	39.4	39	37.4	37.5	36.9	31.3	26.5		33.5	12
1993	28.3	29.6	32.3	35.8	36	39.7	38	37.7	35.3	35.8	30.9	28.9		34	12
1994	28.9	28.7	31.5	34.8	36.1	39	40.3	37.4	37.5	36.3	30.7	27.3		34	12
1995	28.1	31	32	33.3	34.9	37.6	39.6	37.2	35.5	36.3	33	29.5		34	12
1996	29.9	31.2	32.4	35	37.1	38.4	38.9	36.1	34.4	36.2	32.3	28.3		34.2	12
1997	26.7	28.4	32.9	32.1	37.9	38.3	39	37.9	35.9	35.8	32.2	28.1		33.8	12
1998	29.6	28.9	31.1	32	36.6	39.7	38	36.9	35.4	36.3	32.5	28.8		33.8	12
1999	29.7	30.8	32.4	33.2	36.4	36.8	36.6	37.4	35.8	37	33.2	28		33.9	12
2000	28.8	30.1	30.3	34.7	35.7	36.3	38.1	36.5	35.9	33.3	27.7	27.9		32.9	12
2001	25.4	27.5	27.9	31.8	35.4	36.9	38	37.9	36.7	35.8	30	22.9		32.2	12
2002	20.8	20	26.2	28.2	34.9	37.2	37.8	37.9	35.5	32.6	27.3	23.6		30.2	12
2003	25.5	26	26.2	28	32.3	35.2	35.2	33.8	31.3	32.2	28.3	25.3		29.9	12
2004	22.2	23.6	28.1	28.7	32.3	35.1	34.6	35.3	32.3	31.2	26.7	24.4		29.5	12
2005	25	23.9	25.4	29.3	30.7	32.4	35.1	34.5	35.5	31.1	28.7			30.1	11
2006	24.6	26.6	27.5	30.5	33.4	35.8	34.9	34.4	35.1	32.7	29.9	26.2		31	12
2007	22.8	26	30.2	29.8	32.6	36.3	36.5	36	33.7	34.2	31.2	24.7		31.2	12
2008	25.3	27	29.4	32.8	33.1	35.4	35.8	34.7	33.9	34.3	31.4	27.5		31.7	12
2009	26.7	28.1	29.5	30.4	35.8	36.4	37.4	37.5	34.9	32.5	30.2	25.7		32.1	12
2010	26.3	25.7	28	30.2	34.4	35.6	37	37.8	36.3	33	30	27.4		31.8	12
2011	25.9	25.8	30.7	32.3	34.6	37.1	37.1	37.2	37.9	36.1	29.1	24.6		32.4	12
2012	26.5	26.5	28	32.8	35.3	36.9	37.4	35.5	34.8	32.4	31.4	26.3		32	12
2013	24.5	25.9	30.4	31.2	34.2	36.6	36	36.8	34.2	33.5	29.6	26.6		31.6	12
2014	27.8	30	30.7	33.2	35.9	37.5	35.5	35.6	33.4	33.9	30.8	27.3		32.6	12
2015	26.4	28.9	29.9	33.1	34.8	37.5	36.3	37.1	34.8	33.1	30.1	25.9		32.3	12
2016	25.8	29.4	30	31	32.7	37.4	37.5	34.5	34.6	35.4	32.5	26.9		32.3	12
2017	26.1	28.6	31.6	32.2	33.6	36.7	37.7	37.5	34	35.9	33.1	28.3		32.9	12
2018	28.8	27.5	30.8	33.8	36.4	36	38.1	37.5	34.2	33.4	30.5	27.2		32.9	12
2019	26.4	27.2	31	32.8	33.6	37.5	38.6	38.6	34.8	34.2	29.6	27.2		32.6	12
2020	26.2	27	30	32.9	35.8	37.8	37.7	37.6	35.7	35.6	32.9	27.2		33	12
2021	26.1	28.2	29.7	34	36.1	38	36.5	36.4	35.1	34.6	32.5	30.1		33.1	12
2022	27.5	26.8	31.4	33.9		36.8	37.6	34.8	35.2	34.3	30			32.8	10
2023			30.2	33	34.1	37.5	39.2	37.6	38	34.4	31	28.9		34.4	10
2024	27.7	28.6	30.5	32.2	36.8	37.6	39.1	39.7	36.8	37.6				34.7	10
MÍNIMA	19.6	20	23.9	27.4	27.8	30.9	32.2	31.5	25.1	29.8	24.5	19.3		29	1
MÁXIMA	29.9	32.6	34	36.2	38.5	39.8	40.3	39.7	39	37.6	36.1	34		34.7	12
MEDIA	26	27.3	29.5	32	34.6	36.8	37.4	36.6	35.5	34.3	30.5	26.9		32.3	11.6
DESV.ST	2.1	2.2	1.8	1.9	1.8	1.6	1.5	1.5	2	1.8	1.8	1.9		1.3	1.6

TEMPERATURA MÁXIMA EXTREMA
AÑO	ENE	FEB	MAR	ABR	MAY	JUN	JUL	AGO	SEP	OCT	NOV	DIC	ACUM	PROM	MESES
1937	34	38	38	38										37	4
1938								38						38	1
1939		26	32	37	40	41	39	37	37	36	36	30		35.5	11
1940	31	32	37	35	38	39	41.5	39.5	38	39	33	29.5		36	12
1941	30	34	34	32	38.5	41.5	39	39	39	35.5	34	37.5		36.2	12
1942	30	29.5	34	36	39	41	40	39	38	36.5	30	32		35.4	12
1943	31.5	31.5	34.5	37	38	39	40.5	37	37	33.5	30	29		34.9	12
1944	29	31	29	31	35	40	41	38.5	38.5	40	34	31		34.8	12
1945	29	31.5	30	33	40	42	40	39	39.5	34	33	26.5		34.8	12
1946	27	28	33	33	37	38	37.5	36.5	38	37	33	30		34	12
1947	29	29	30	32	31	36	35	35	32	39	35	29		32.7	12
1948	32	27	33	37	35.5	38	35	34.5	37	34	31.5	30		33.7	12
1949	29	31.5	34	37	38.5	38	38.5	39	27	42	30	25		34.1	12
1950	25	37.5	35.5	34	36	40	42	39	39	38.5	35	31.5		36.1	12
1951	31	33	34	39	37	42	42	42	39	40	35	32		37.2	12
1952	34.5	32	32.5	37	39	41	42	40	39.5	38.5	36.5	32		37	12
1953	34.5	34	38	40	41.5	44	44	41.5	38.5	39	34	31.5		38.4	12
1954	32	34.5	36.5	41	38	40.5	42	40	40.5	41	35.5	31		37.7	12
1955	29	31	34.5	38.5	38.5	41	41.5	38.5	38.5	36	34.5	33.5		36.2	12
1956	32	33	34.5	36.5	40	43	41.5	41	41.5	39	36	32		37.5	12
1957	35.5	36	36	36	39	40.5	42	42	42	38.5	36	36		38.3	12
1958	30.5	31	36	35.5	40.5	40.5	41	39	38.5	36.5	37	37.5		37	12
1959	30	27.5	30.5	39	39.5	41	41	40.5	39.5	39	39	31		36.5	12
1960	32	29.5	36.5	38.5	39	41	40	40.5	40	39	37	34		37.2	12
1961	30	35	34	39	41	41	40	41	41.5	40	33.5	32.5		37.4	12
1962	29.5	31	36.5	41.5	39.5	41.5	42.5	42.5	38.5	38	36.5	31.5		37.4	12
1963	29	31	36.5	37.5	40	41.5	42	40	41.5	39	36.5	30		37	12
1964	27	28.5	34	36.5	39.5	41.5	42	40	39.5	38.5	34.5	30		36	12
1965	32	31	33.5	38.5	42	40.5	41.5	40	41	40.5	37.5	34.5		37.7	12
1966	30	30.5	37	36.5	41.5	43	42	40.5	41	37	36.5	33		37.4	12
1967	32.5	32.5	35	37	40.5	41	42.5	42	40.5	39	36.5	33		37.7	12
1968	28.5	33	35	38	39.5	43	41	40.5	40	40	38	32		37.4	12
1969	33	31.5	39	40	40.5	40	42	42.5	42		37	32		38.1	11
1970	29.5	29.5	33	36	42	41.5	42	41.5	41	38.5	34.5	32		36.8	12
1971	33.5	36	37	38.5	39	41.5	41.5	41.5	40	37	35	34		37.9	12
1972	34.5	35	38.5	39.5	40	42	42.5	42	40	39.5	34.5	33		38.4	12
1973	33	37	33.5	36.5	40	41	44	43	43.5	41	37	35.5		38.8	12
1974	31.5	33	35	39	39.5	41.5	40	41	40.5	38	35	29.5		37	12
1975	29.5	33.5	36.5	34	38.5	40.5	40.5	41.5	39	38	37	31.5		36.7	12
1976	30	33.5	34.5	36.5	40.5	42	41.5	42	38	35	33	30		36.4	12
1977	29	34.5	34.5	36	40	43	41	42.5	40	38	34.5	33		37.2	12
1978	30.5	33	38.5	38.5	40.5	42	41.5	40.5	39	37.5	35	34.5		37.6	12
1979	30.5		35	40	38.5	42	42	43	40.5	40	34.5	32		38	11
1980	32.5	31.5	35	39.5	40.5	44	42	41	41	39	36.5	31.5		37.8	12
1981	30	35.5	36.5	37.5	37	40	41	40.5	39.5	37	35.5	33.5		37	12
1982	32	32.5	36.5	39	37.5	41.5	40.5	41	41	37.5	34	30		36.9	12
1983	31	36	34.5	35.5	40.5	40.5	40.5	39	39.5	37.5	35.5	34.5		37	12
1984	29.5	32.5	34.5	37	42	39.5	40.5	40.5	39	37	37	31		36.7	12
1985	28.5	33.5	35	37	39.5	41	41.5	41	38.5	39	35.5	33		36.9	12
1986	31.5	34.5	37.5	39	38.5	41.5	39.5	40.5	40.5	36.5	34	33.5		37.2	12
1987	33	31.5	33.5	37.5	36.5	41.5	42	40	43	39.5	35	31.5		37	12
1988	31	33.5	39.5	41	41.5	42	43	41.5	40	39.5	37	32.5		38.5	12
1989	33	34.5	36	41	42.5	41.5	41.5	39	38.5	39.5	34.5	31.5		37.8	12
1990	31.5	32.5	37.5	38.5			39.5	41.5	40.5					37.4	7
1991	29	34.5	34	38.5	39	43.5	39.5	42	40	38	35	30		36.9	12
1992	32.5	33	35.5	41	41.5	42	43	40.5	41.5	39.5	36.5	31		38.1	12
1993	34.5	34.5	38	41.5	42	43	42.5	42.5	38.5	39.5	35	33		38.7	12
1994	34.5	34.5	36.5	40	40	42	43	42.5	40.5	40	36.5	31.5		38.5	12
1995	32	36.5	37	38	40	41.5	42.5	43	40.5	39.5	36.5	34.5		38.5	12
1996	34.5	36.5	38.5	40	41	41	43.5	41	38	40	35	32		38.4	12
1997	33	33	36.5	38	41.5	42	43	41.5	41.5	39.5	36.5	31		38.1	12
1998	33	36	38.5	39	43.5	44	43.5	40	38.5	40	35	33.5		38.7	12
1999	35.5	35	37	41.5	40.5	40	40.5	41.5	40	39.5	38	35		38.7	12
2000	33	35	36.5	39	40	43.5	42	41	39	38.5	32	31		37.5	12
2001	32	33	35	38.5	40	41.5	42	42	42	40	36	31.5		37.8	12
2002	27	25	29	32	39	41	42	42.5	40	38	30	30		34.6	12
2003	30	31	31	34	35	39	39	39	35	35	38	30		34.7	12
2004	25	33	35	34	37	38	39	39	35	36	31	30		34.3	12
2005	31	28	31	35	34	38	39	39	39	34	35			34.8	11
2006	31	31	32	35	39	38	41	39	38	36	31	31		35.2	12
2007	29	32	38	35	38	39	39	39	39	38	36	29		35.9	12
2008	32	34	33	39	37	39	39	39	39	37	37	30		36.2	12
2009	31	36	36	37	38	39	41.5	40	39	37	34	29		36.5	12
2010	30	31	32	36	41	41	40	40	40	37	34.5	33		36.3	12
2011	29	32	35	37.5	40	40.5	40	40	41	40	36	32		36.9	12
2012	30	30	33	41	40	40.5	39.5	40	38	37	36	32		36.4	12
2013	32	30	35	39	38	40	40	40	38	39	34	33		36.5	12
2014	33	37	35	39.5	40	39.5	39	39	38	36	37	30		36.9	12
2015	30.5	34	36	39	39.5	41	40	41	38.5	38	37	30.5		37.1	12
2016	29.5	34	37	36	39.5	42	42	40	39	38	38	34		37.4	12
2017	31	39	37	37	39	41	40	42	37	40	36	32		37.6	12
2018	34	32	37	39	41	40	43.5	41	37	37	36	31		37.4	12
2019	31	33	37	37	36	42	41	48	39	39	34	31		37.3	12
2020	30	33	36	38	40	42	41	41	39	40	39	31		37.5	12
2021	33	35	35	38	40	41	41	41	37	40	35	34		37.5	12
2022	32	30	37	38		40	42	39	38	38	32			36.6	10
2023			35	38	41	41	43	41	41	38	37	31		38.6	10
2024	34	35	38	38	42	41	41	42	41	40				39.2	10
MÍNIMA	25	25	29	31	31	36	35	34.5	27	33.5	30	25		32.7	1
MÁXIMA	35.5	39	39.5	41.5	43.5	44	44	48	43.5	42	39	37.5		39.2	12
MEDIA	31.1	32.7	35.2	37.5	39.3	40.9	41	40.4	39.2	38.2	35.1	31.8		36.9	11.6
DESV.ST	2.2	2.7	2.3	2.3	2	1.5	1.7	1.8	2.2	1.8	2	2.1		1.3	1.6

TEMPERATURA MÍNIMA PROMEDIO
AÑO	ENE	FEB	MAR	ABR	MAY	JUN	JUL	AGO	SEP	OCT	NOV	DIC	ACUM	PROM	MESES
1937	2.1	1.3	2.5	7										3.2	4
1938								23.4						23.4	1
1939		3	7.7	10	15.1	19.5	23.5	22.8	21.2	17.8	14.8	13.5		15.4	11
1940	9.5	8.5	11.7	12.6	16.5	19.9	23.1	23.2	22.7	17.3	13.9	11.5		15.9	12
1941	8.6	10.6	11.2	11.8	16.8	20.3	22.9	23.1	22.4	19.3	13.1	9.1		15.8	12
1942	6.3	10.6	9.4	11.3	15.5	16.3	22.9	22.3	22.4	16.8	13.4	7.1		14.5	12
1943	7.5	12.6	8.1	12.2	19.2	20.2	19.8	20.4	18.4	17	14.9	12.8		15.3	12
1944	6.6	13.1	14.8	15.2	17.7	19.4	23	24.9	22.5	18.1	14.1	11.2		16.7	12
1945	9.9	7.1	6.6	12.4	16.9	18.6	24.5	25.1	22.9	16.2	11.6	7.6		14.9	12
1946	5	6.1	9.5	9.4	16.1	22	25.8	22.8	25.1	21.7	16.6	9.1		15.8	12
1947	12.8	11	16.7	17.8	16.6	18.5	21.4	21.9	21	19.4	15.9	13.3		17.2	12
1948	13.4	11.1	11.4	17.2	18.8	22.1	23.7	23.7	24.6	21.7	17.6	16.3		18.5	12
1949	16.5	16.2	15.6	15.2	17.6	21.8	24.3	24.2	13.7	10.7	9.6	7.5		16.1	12
1950	7.9	7.7	8.2	11.7	15.1	20.7	22.5	23.1	22.4	19.2	12.9	11.4		15.2	12
1951	8.6	8.2	11.8	14.9	14.8	21.6	25.3	24.8	23.7	20.5	17.9	13.2		17.1	12
1952	9.8	7.6	8.3	12.8	14.4	20.6	23	23.9	23.3	17.3	14.3	8.3		15.3	12
1953	5.5	6.1	9.7	12.2	13.5	20.2	24.6	24.5	21.6	20.1	13.5	7.1		14.9	12
1954	6.8	9.2	10.6	13.3	16.3	21.1	24.2	23.2	23.1	18.9	11.8	9.3		15.7	12
1955	8.1	6.1	9.1	10.3	14.5	19.1	22.7	23.2	22.4	16.8	11.8	7.1		14.3	12
1956	7.2	6.1	8.1	12.7	17.5	22.5	23.3	23	22.3	17.9	13	8.8		15.2	12
1957	11.4	10.2	9.5	11	13.5	17.2	24.9	24.6	23.8	18	13.3	10.9		15.7	12
1958	8.8	9	8.5	12.1	15.4	21.6	23.8	23	23.3	20.5	22	13.4		16.8	12
1959	8.9	8.6	8.5	10.6	13.8	20.6	23.8	23.3	21.9	19.7	13.3	9.5		15.2	12
1960	8.9	7.9	8.9	11.2	13.9	18	23.5	22.8	21.4	19.3	15.2	9.5		15	12
1961	9	6.7	7.8	10.4	13.7	20.1	23.4	23.4	22.1	18.7	10.8	10		14.7	12
1962	5.6	8.3	7.1	11.7	14.6	17.9	23.3	24.6	23.1	18.7	13.8	12.2		15.1	12
1963	7.8	8.4	9.4	12.9	15.1	20.8	24.3	23.2	22.7	18.6	14.2	11.1		15.7	12
1964	6.5	5.5	8.3	10.8	13.6	18.1	24.3	22.8	22.3	18.4	11.7	8.8		14.3	12
1965	7.7	5.5	6.9	11.3	13.5	17.8	22.9	23.2	21.8	15.6	13.1	10.3		14.1	12
1966	7.7	5.7	8.3	11.6	17.9	20.2	23.5	23.6	22	16.5	11.8	10		14.9	12
1967	4.7	6.8	9.3	12.1	14.8	20.4	23	23.7	22.6	18.5	14.7	10.7		15.1	12
1968	9.9	10.3	9.2	12.5	14.2	18.6	22.8	22.3	20.9	17.3	11.3	8.6		14.8	12
1969	7.9	8.6	8	11.5	15.6	16.8	23.8	25.6	22.3		13.2	9.9		14.8	11
1970	6.6	7.3	8.5	10.8	13.9	19.4	23.5	23.5	22	15.4	12.1	9		14.3	12
1971	6.4	4.8	7.7	9.7	13.8	19.5	22.8	22.5	21.4	17.8	11.1	9.2		13.9	12
1972	7.8	6.7	10.3	11.4	15.7	20.6	23.4	22.2	21	20.2	12.4	10.7		15.2	12
1973	8.5	8	8.2	8.1	15.6	18.3	23.2	23.2	21.8	17.3	10.7	6.1		14.1	12
1974	7.4	4.9	7.6	10.8	13.3	20	22.5	22.3	21	17.3	13	7.7		14	12
1975	5.7	6.9	7	8.7	12	17.2	22.4	22.6	21.8	15.2	10.8	8.2		13.2	12
1976	5.8	7.1	8.4	11	14.4	20.2	22.4	23	21.4	18.5	12.8	10.5		14.6	12
1977	9.6	6.1	7.8	10.6	15.1	19	22.1	23.3	22.5	19.5	13.1	9		14.8	12
1978	8.7	7	10.4	11.8	14.2	21.5	23.9	23	21.7	18.7	13.4	8.9		15.3	12
1979	8.5		8.9	10.6	13.6	19.5	23.7	23.2	22	16.3	9.8	8.2		14.9	11
1980	7.6	9.5	10.9	11.9	14.2	21.5	23.4	23.7	22	18.3	10.7	8.4		15.2	12
1981	10.9	7.9	7.6	12.7	15.9	19.8	24.3	23.7	21.6	18.2	11.7	8.9		15.3	12
1982	7.4	6.6	8.8	12.1	14.3	17.3	23.6	22.7	22.4	16.3	12.1	9.8		14.4	12
1983	9	7.9	9.4	10.2	13.5	18.3	23.7	22.8	22.6	18.7	12.3	8.3		14.7	12
1984	9.4	6.6	8.8	11.8	15.9	20.8	22.6	22.6	21.1	16.2	10.5	10.5		14.7	12
1985	8.1	6.3	9.9	11.8	13.8	19	22.4	22.9	21	17	12.9	7.4		14.4	12
1986	6.1	6.9	9.2	13.7	15.6	19	22.4	23.4	20.9	17.5	12.2	8.4		14.6	12
1987	4.8	6.1	6.2	10.9	14.5	18.2	23.6	23.3	21.3	18.2	11.8	8.2		13.9	12
1988	5.4	8.5	7.6	11.7	14.4	18.3	23.3	23.3	22.6	18.6	11.4	6.8		14.3	12
1989	5.8	7.3	7.5	11.9	14.8	18.9	23.3	22.8	22	17.7	14	8.9		14.6	12
1990	7.8	5.1	8.1	12.1			23.3	22.1	22					14.4	7
1991	7.2	8.9	8	10.8	12.2	18.2	21.7	23.3	22.2	18.2	11.7	9.1		14.3	12
1992	10.6	8.3	9.1	11.5	15.5	19.6	23.6	23.1	22.4	17.8	12.6	11.4		15.5	12
1993	9.6	7.3	8.2	10.6	13.3	19.3	22	23.6	21.4	17.4	13.5	10.8		14.8	12
1994	6.4	6.7	9.7	11.3	14.4	20.7	23.4	24	22.1	17.6	15.2	11		15.2	12
1995	6.6	11.6	9.9	8.8	14.8	18.5	23.8	24.4	23.1	16.5	14.3	8.7		15.1	12
1996	5.5	8	7.9	10.6	14.7	20.8	23.5	23.5	20.5	17.3	12.6	8.3		14.4	12
1997	7.4	7.8	10	10.8	15.1	21.4	23.8	23.4	22.4	17.5	12.7	9.5		15.2	12
1998	7.5	7	8.9	9.5	13.5	21.9	24.2	23.4	21.8	19.8	13.1	8.6		14.9	12
1999	5.5	6.8	7.4	10.7	13.4	18.7	21.8	22.1	20.9	15.9	10.3	5.1		13.2	12
2000	4.7	6.2	8.3	9.8	12.8	19.7	21.5	21.8	21.3	17.8	9.7	6.2		13.3	12
2001	6.8	6.2	7.3	10.4	13.2	19.2	22.1	22.5	23.1	22.3	17.4	6		14.7	12
2002	4.3	4.3	10.6	17	23.2	24.1	24.3	25.4	22.7	19.5	12.2	8.1		16.3	12
2003	8.5	10.1	9.3	12.6	15.3	19.8	23.4	23.4	22.9	18.8	14.1	7.7		15.5	12
2004	9.5	7.2	9.8	12.5	14.9	20.2	23.2	23.1	20.4	15.7	11.6	8.3		14.7	12
2005	9.1	10.2	8.3	11.2	13.3	17.2	23.2	21.8	22.6	17.1	11.2			15	11
2006	6.2	7.1	8.5	11	14.3	20.6	22.2	22.6	22.3	18.3	12.6	7.1		14.4	12
2007	7.7	7.4	9.8	10.6	14.3	19	21.9	22	21.7	15.3	11.5	8.3		14.1	12
2008	6.4	5.1	6.4	8.8	13.7	19	22.6	22.5	20.8	17.4	12.7	10.6		13.8	12
2009	8.4	5.7	9.3	9.9	15	18.2	22	23	20.9	18.4	12.1	7.6		14.2	12
2010	6.9	7.7	6.9	10.2	12.4	18	21.9	23.5	22	13.8	9.4	6.6		13.3	12
2011	5.3	3.9	7.6	9.4	12	18.6	22.6	23.1	22.2	16.9	10.9	6.4		13.2	12
2012	5.6	5.3	7.3	9.4	13.1	19.1	22.3	23.1	21.2	16.5	12.3	9.1		13.7	12
2013	6	6.4	7.5	8.3	12.2	18.7	22.1	22.5	19.9	15.2	13.2	8		13.3	12
2014	6.1	7	9.4	11.5	14.3	21.7	22.2	21.5	21.8	17	12.3	8.1		14.4	12
2015	8.6	9	11	12.4	13.1	20.4	22.1	22.6	21.7	17.9	12.8	7.6		14.9	12
2016	5	6.1	8.9	11.4	16.9	20.1	22.6	22.8	21.6	18.8	14.6	10.1		14.9	12
2017	6.6	6.8	9.2	10.5	12.8	19.6	23.3	24.4	22.6	18.8	13.1	12.7		15	12
2018	6.5	11.9	9	11.3	15.5	20.9	23.5	24	23.2	18.5	12.8	9.2		15.5	12
2019	7.9	8	8.5	10.3	13.5	19.4	23.3	24.4	22.2	19.6	15.7	9.7		15.2	12
2020	6.6	7.8	11	11.7	14.2	19.8	24.4	24.7	23	18.4	14.2	6.5		15.2	12
2021	5.1	6	7.3	11	16.3	21	23.8	24	22.4	19.3	13.6	10.4		15	12
2022	8	6.2	7	11.1		19.5	24.9	24.2	23.2	17.1	13.1			15.4	10
2023			9	11.3	15.7	19.2	26.4	25.1	24.2	21.4	16.2	9.3		17.8	10
2024	7.2	7.7	9.2	11.2	15.6	19.9	24.6	25.4	23.2	20.2				16.4	10
MÍNIMA	2.1	1.3	2.5	7	12	16.3	19.8	20.4	13.7	10.7	9.4	5.1		3.2	1
MÁXIMA	16.5	16.2	16.7	17.8	23.2	24.1	26.4	25.6	25.1	22.3	22	16.3		23.4	12
MEDIA	7.6	7.6	8.9	11.4	14.8	19.7	23.2	23.3	22	17.9	13	9.2		14.9	11.6
DESV.ST	2.1	2.2	1.9	1.8	1.8	1.4	1	0.9	1.3	1.8	2	2		1.8	1.6

TEMPERATURA MÍNIMA EXTREMA
AÑO	ENE	FEB	MAR	ABR	MAY	JUN	JUL	AGO	SEP	OCT	NOV	DIC	ACUM	PROM	MESES
1937	-3	-2	-5	0										-2.5	4
1938								20						20	1
1939		-2	1	7	12	15	21	21	17	14	10	8		11.3	11
1940	5	1	7.5	7.5	12.5	16.5	20.5	21	18.5	13.5	5	5		11.1	12
1941	2	6	6	9	10	16.5	17	20	19	11	8.5	2		10.6	12
1942	3	6	4	8	11	13	21	20	20	9	10	1.5		10.5	12
1943	1	8.5	4.5	7	12	14	11.5	17.5	16.5	14	13	6		10.5	12
1944	-0.5	8.5	9	10	10	14	20	22.5	16.5	13	7	2.5		11	12
1945	5.5	0	-3	6	12	14	20	22.5	15	11.5	5	1		9.1	12
1946	-1	0	5	2	11	15	22.5	19.5	20	18	9.5	4.5		10.5	12
1947	7	8	13	16	14	10	19.5	19.5	17.5	15	12.5	9		13.4	12
1948	9	4	4	12.5	15	18	21	21.5	21.5	19	12	11.5		14.1	12
1949	11	12	10	11.5	15.5	18.5	23	17.5	11	8	7	3		12.3	12
1950	5	2	5	7	11	15	20.5	20	20	11	9.5	7		11.1	12
1951	1.5	2	2	8	11	13	20	21	20	15	15	7		11.3	12
1952	5	2	1	7	11	13	20	21	21	13	8	3		10.4	12
1953	1	0	5	7.5	7	12	22	23	16.5	15	10	2		10.1	12
1954	3	5	5.5	9	11	16	22.5	21.5	20	14	7.5	5		11.7	12
1955	2	2	2.5	6.5	11	12.5	17.5	21	20	12	7	5		9.9	12
1956	5	1	4	8	11.5	20	21	21	20	13	10	3.5		11.5	12
1957	7	7	4	6	11	12.5	23	22	17	12	6	6		11.1	12
1958	4.5	6	6	6.5	10.5	18	20.5	21	20.5	20	18	8		13.3	12
1959	8	8	6.5	8.5	10	14	20.5	21	20	14	9	5		12	12
1960	4	1	5.5	7	12	12	20.5	20	19.5	11	9.5	3		10.4	12
1961	3	3	4	7	7	14	21	21	18	15	5.5	5.5		10.3	12
1962	0	5	3	7	11	12	20.5	22	21	15	9	7		11	12
1963	2.5	4	5	9.5	10.5	15	21.5	21.5	19.5	15	10.5	4.5		11.6	12
1964	4	1.5	1.5	6.5	8.5	13	22	20	20	12	7.5	4		10	12
1965	0	1	0	7.5	10.5	14	20.5	19.5	19	11	9	4.5		9.7	12
1966	2	2	3	8.5	14.5	15	20.5	21.5	19	12	5	4		10.6	12
1967	2.5	2	6	6.5	6.5	16	20	21	21	12.5	10.5	5.5		10.8	12
1968	4	1	4	8	9	12	20.5	19	17.5	12	5	1		9.4	12
1969	4.5	5.5	3	6	10.5	13.5	21	22.5	18.5		7	3		10.5	11
1970	1	4	4.5	4.5	4.5	12.5	20.5	21.5	19.5	9	7.5	4		9.4	12
1971	2	0	0.5	6	10	12.5	20	20	15	13	5.5	1.5		8.8	12
1972	4	2	5	5	10	15	21	18.5	18	15	7	6		10.5	12
1973	2	3.5	3.5	3	11	13	15.5	21.5	18.5	12.5	6	2.5		9.4	12
1974	1	1	2	7	9.5	13	20	20	18	13.5	6.5	4		9.6	12
1975	2.5	1.5	3.5	4	10	11	19	19.5	15.5	12	6.5	1		8.8	12
1976	1.5	2	4.5	5	10.5	14.5	20	21	18	12	7	5		10.1	12
1977	6	2.5	2.5	4.5	10.5	13.5	19.5	21	18.5	13.5	8.5	5		10.5	12
1978	2	1.5	4.5	7.5	9.5	13.5	22	20.5	19	12.5	6.5	2		10.1	12
1979	1.5		3.5	4.5	8.5	14.5	19	21	17.5	9.5	3.5	3		9.6	11
1980	3.5	5	5.5	5.5	10.5	17.5	20.5	22	19	14	3	4.5		10.9	12
1981	5	4.5	3	5.5	11.5	13	22.5	21.5	16.5	11.5	6	6		10.5	12
1982	3	2	4	8.5	7	11.5	20.5	20	20	13	9.5	4		10.2	12
1983	5	6	5.5	4.5	7.5	14.5	19	19.5	20.5	15.5	5.5	6		10.8	12
1984	5	3	4	6.5	9	13	20.5	20	17	10.5	3.5	7		9.9	12
1985	4.5	3.5	3	4	10	13.5	19.5	20.5	17	10.5	6	2		9.5	12
1986	1.5	2	5.5	9	11.5	10.5	20	20.5	17	11.5	4.5	2.5		9.7	12
1987	0.5	2	1	5.5	10.5	13.5	19.5	21.5	15	14.5	5.5	1		9.2	12
1988	0.5	4	3	6	8	12	21	19	19.5	15	3.5	0.5		9.3	12
1989	0.5	3.5	2	7	9.5	13.5	21	20.5	13.5	11.5	10	4.5		9.8	12
1990	2	0	2	9			14.5	17.5	20.5					9.4	7
1991	0	2.5	2.5	6.5	9	12	16	21	19.5	12	6.5	2.5		9.2	12
1992	7.5	3	5	7	12.5	15	21	20.5	18.5	13.5	5	5		11.1	12
1993	3.5	3.5	2.5	6	10	12.5	19.5	20.5	18.5	9	7	6.5		9.9	12
1994	0	1	4.5	4.5	8.5	13.5	21	22	19.5	13	9	5.5		10.2	12
1995	3.5	4	5.5	5.5	10	13.5	21.5	22	20	11.5	8.5	5		10.9	12
1996	1	6	3.5	8	11	15	22	21.5	17	11	7	3		10.5	12
1997	1	4.5	3	5.5	10.5	18.5	20	20	19	12	8	5		10.6	12
1998	4	3	3.5	4.5	10	17.5	21.5	22	17	17	8.5	2.5		10.9	12
1999	0	4	4	7.5	10	14	19	18.5	14	11	3	2		8.9	12
2000	0.5	3	4	5	9	15	14	19	18	11	4	2		8.7	12
2001	1	0.5	4	7	9	14	20	14	18	18	6	3		9.5	12
2002	2.5	3	6	13	19	21	19	21	18.5	16	8	4		12.6	12
2003	4	5	5	7	9	14	20	21	19	14	9	0		10.6	12
2004	5	2	4	9	11	17	17	21	14	12	8	3		10.2	12
2005	4	4	4	6	9	12	20	20	20	10	4			10.3	11
2006	2	4	5	9	9	13	18	21	20	14	9	3		10.6	12
2007	2	4	4	4	12	12	20	20	18	10	8	3		9.8	12
2008	1	1	2	5	9	15	20	20	14	13	8.5	4		9.4	12
2009	2.5	4	5	6	11	13	19	20	19	11	10	5		10.5	12
2010	4	3	4	6	7	14	17	22	13	11	6	3		9.2	12
2011	2	-1	4	7	8	15.5	20	21	20	13	6	2		9.8	12
2012	2.5	2.5	4	6	9.5	15	20.5	21	18	11	8	5		10.2	12
2013	2	1	3	5	8	13	20	20	2	10	8	3		7.9	12
2014	2	4	5.5	7	10	18	20	20	20	12	5	2		10.5	12
2015	2	5.5	5.5	8	8	18	19	21	18	12	6	2		10.4	12
2016	2	2	6	6	11	16	20	19	20	16	11	4		11.1	12
2017	2	3	3	8	9	16	22	23	19	12	10	9		11.3	12
2018	2	4	3	6	12	17	16	22	22	13	7	5		10.8	12
2019	3	3	6	6	10	17	20	12	19	12	11	6		10.4	12
2020	2	3	6	8	10	2	21	22	20	12	7	2		9.6	12
2021	0	3	3	7	11	13	16	18	19	14	8	5		9.8	12
2022	4	5	3	10		2	23	22	22	10	3			10.4	10
2023			2	6	10	14	23	15	21	14	13	5		12.3	10
2024	2	-1	6	6	10	14	20	18	19	17				11.1	10
MÍNIMA	-3	-2	-5	0	4.5	2	11.5	12	2	8	3	0		-2.5	1
MÁXIMA	11	12	13	16	19	21	23	23	22	20	18	11.5		20	12
MEDIA	2.8	3.1	4	6.8	10.2	14.1	19.9	20.4	18.2	12.8	7.7	4.1		10.4	11.6
DESV.ST	2.3	2.4	2.3	2.2	2	2.8	2	1.8	2.7	2.3	2.7	2.1		2	1.6

TEMPERATURA MEDIA MENSUAL
AÑO	ENE	FEB	MAR	ABR	MAY	JUN	JUL	AGO	SEP	OCT	NOV	DIC	ACUM	PROM	MESES
1937	15.8	17	17.1	19.5										17.4	4
1938								29						29	1
1939		11.9	17.2	20	24.5	26.6	29.4	28.2	25.9	24.3	22.5	19.6		22.7	11
1940	17	16.9	19.8	21.5	25.3	27.1	29.8	29.1	28.4	25.3	20.9	18.9		23.3	12
1941	16.5	18.6	19.1	20.1	25.5	27.6	29.6	29.8	27.8	25.3	20.6	16.8		23.1	12
1942	15.2	17.3	17.7	19.7	24	26.1	29.6	28.6	28.8	23.6	20.7	16		22.3	12
1943	16.1	20.3	18.6	22	26	28	27.7	27.9	26.1	23.4	21.2	18.5		23	12
1944	15.1	19.2	20.9	21.7	24.4	27.8	30	30.6	29.2	26.2	21.4	18.4		23.7	12
1945	17	15.9	15.2	20.8	25.8	27.4	30.9	30.4	29.1	23.5	19.6	15.6		22.6	12
1946	13.3	14.8	18.5	18.5	24.3	27.9	30.1	27.5	30	27.4	22.9	18.4		22.8	12
1947	19	18.8	22.5	23.9	22.6	24.7	26.8	26.7	25	26.5	21.6	19.5		23.1	12
1948	20.2	16.9	18.8	24.4	25.7	27.6	28.1	28	28.9	26.1	23.1	21.7		24.1	12
1949	20.5	21.7	22.6	23.5	25.8	28.5	30.1	30.1	19.4	22.3	17	13.4		22.9	12
1950	13.8	17.5	19.3	19.5	21.4	26.3	29	29.8	29.3	27.5	22.8	19.9		23	12
1951	17.8	18.8	21.1	23.8	24.1	29.7	31.8	31.2	30.1	28	24.1	20.3		25.1	12
1952	19.5	18	18.6	22.4	25.5	28.8	30.4	30.8	29.9	27	22.6	17.3		24.2	12
1953	17.1	17.1	20.5	22.9	24.6	30	31.7	31.2	28.6	26.8	22.2	15.9		24	12
1954	16.3	19	20	24	25	29.1	30.8	29.6	29.7	26.7	21.6	18.2		24.2	12
1955	15.2	15	19.4	21.5	23.9	27.9	30	29.4	28.2	25	21	17.4		22.8	12
1956	17.5	15.4	19	21.8	26.7	30	29.9	30	29.3	26.6	22	17.8		23.8	12
1957	19.7	20.5	19.1	21.4	23.1	26.9	32	31	31.2	26.9	22.1	21		24.6	12
1958	17.6	19	18.1	21.1	25.6	30	31.2	30.4	30.1	28.4	29	23.7		25.4	12
1959	18.4	17.7	18.2	23.4	26.1	28.9	30.8	30.1	29.6	28.2	22.8	19.3		24.5	12
1960	19	17.2	20	22	24.1	27.9	31	30	29.1	27.4	24.2	18.5		24.2	12
1961	17.4	17.6	19.1	21.6	25.1	29	30.6	30.6	30	27.6	20.2	18.4		23.9	12
1962	15.9	17.8	18.2	23.3	25.2	28	31.4	32.1	29.6	26.5	22.9	19.6		24.2	12
1963	15.1	17.4	19.7	23	26.3	29.2	30.9	30.4	30.2	27.2	22.4	18.6		24.2	12
1964	15	15.1	17.9	21.5	24.7	27.2	31.4	29.8	29.4	26	20.6	17.6		23	12
1965	16.9	15.4	17.8	21.8	24.2	27.1	30.6	29.9	29	25.8	23.1	19.1		23.4	12
1966	16.4	15.8	19.5	22	27.3	29.3	31	30.2	29.3	25.6	22.1	18.7		23.9	12
1967	15.6	17.6	20.4	22.1	25.4	29	31.1	30.4	29.6	26.6	24.2	18.9		24.2	12
1968	17.6	19	19	22.1	25.2	27.4	30.4	29.5	29	26.8	21.3	17.9		23.8	12
1969	18.6	17.9	18.4	22.7	25.9	26.7	31.3	32.4	30.6		22.8	18.9		24.2	11
1970	16	17.2	19.2	21.1	25.2	29	30.7	30.9	29.2	25	21.9	18.5		23.7	12
1971	16.7	16.5	19.8	21	24.5	28.4	30.9	29.2	29	25.4	21	18.1		23.4	12
1972	17.1	17.9	22.1	23.3	26	28.7	31.4	29.1	29	27.9	21.2	19.5		24.4	12
1973	17.6	17.9	18.1	19.6	25.4	27.8	31	30.5	29.8	26.9	21.8	17.6		23.7	12
1974	17.2	16.3	18	22.2	24	29	29.1	29.9	28.5	26	21.1	16.2		23.1	12
1975	15.3	16.2	18.2	19.4	22.6	27.1	29.5	30	28.8	25.1	21	17.6		22.6	12
1976	16.2	18.2	18.9	21	24.6	29.2	30.1	30.6	28.2	24.5	20.6	18.1		23.4	12
1977	17.1	17.6	18.1	21	24.4	28.4	30.3	29.8	30	27	22.3	19.5		23.8	12
1978	18	17.2	21	22.1	24.3	29.8	31.1	30.2	28.6	26.2	21.8	17.4		24	12
1979	16		18.6	21.2	23.3	28.4	30.9	30.3	29	26.5	20	17.4		23.8	11
1980	17.2	19.1	20.4	21.8	23.9	30.2	31	30.3	29.6	26.4	20.8	18.5		24.1	12
1981	18.4	18.3	18.2	22.7	24.5	27.5	30.7	30.2	28.9	25.5	21.8	18.8		23.8	12
1982	17	17.6	19.4	23.1	24	27.8	30.5	30.4	29.6	25	21	17.9		23.6	12
1983	17.5	18	19.2	20.1	24.3	27.8	30.9	29.4	28.8	26.8	21.6	18.6		23.6	12
1984	17.6	17	19.8	21.7	25.8	28.8	28.6	29	28.2	24.6	20.3	18.6		23.3	12
1985	16.2	16.4	19.4	21.6	24.3	28	29.6	29.8	28.6	25.4	21.4	17.4		23.2	12
1986	17.2	17.8	20.6	23.8	24.9	27.6	29.7	30.2	28.7	24.8	21.3	17.4		23.7	12
1987	15.2	16.4	17.2	21.6	23.6	27.6	31	30.5	29.5	26.9	21.3	17		23.1	12
1988	16	18.9	18.9	21.8	24.1	27.8	30.4	30.7	30	26.8	21.4	16.5		23.6	12
1989	14.8	17.6	19.2	23.6	25.4	28	30.6	29.2	29.1	26.8	22.2	18		23.7	12
1990	17	15.6	19.4	23.1			30	29.6	29.2					23.4	7
1991	16.4	18.8	18.8	22.5	23.7	27.9	29.8	31	29	26.8	21	17.7		23.6	12
1992	18.1	18.2	19.5	22.7	26	29.5	31.3	30.2	30	27.4	22	19		24.5	12
1993	19	18.4	20.2	23.2	24.6	29.5	30	30.7	28.3	26.6	22.2	19.9		24.4	12
1994	17.6	17.7	20.6	23	25.2	29.9	31.8	30.7	29.8	27	23	19.1		24.6	12
1995	17.4	21.3	21	21	24.9	28	31.7	30.8	29.3	26.4	23.6	19.1		24.5	12
1996	17.7	19.6	20.1	22.8	25.9	29.6	31.2	29.8	27.4	26.8	22.4	18.3		24.3	12
1997	17	18.1	21.4	21.5	26.5	29.8	31.4	30.6	29.1	26.6	22.5	18.8		24.4	12
1998	18.6	18	20	20.8	25	30.8	31.1	30.1	28.6	28	22.8	18.7		24.4	12
1999	17.6	18.8	19.9	22	24.9	27.8	29.2	29.8	28.3	26.4	21.8	16.6		23.6	12
2000	16.8	18.2	19.3	22.2	24.2	28	29.8	29.1	28.6	25.5	18.7	17		23.1	12
2001	16.1	16.9	17.6	21.1	24.3	28	30	30.2	29.9	29	23.7	14.4		23.4	12
2002	12.6	12.2	18.4	22.6	29	30.7	31	31.6	29.1	26	19.8	15.9		23.2	12
2003	17	18	17.8	20.3	23.8	27.5	29.3	28.6	27.1	25.5	21.2	16.5		22.7	12
2004	15.8	15.4	19	20.6	23.6	27.6	28.9	29.2	26.3	23.4	19.1	16.4		22.1	12
2005	17	17	16.9	20.2	22	24.8	29.1	28.1	29	24.1	20			22.6	11
2006	15.4	16.9	18	20.8	23.9	28.2	28.5	28.5	28.7	25.5	21.2	16.6		22.7	12
2007	15.2	16.7	20	20.2	23.5	27.6	29.2	29	27.7	24.8	21.4	16.5		22.6	12
2008	15.9	16	17.9	20.8	23.4	27.2	29.2	28.6	27.4	25.8	22	19		22.8	12
2009	17.6	16.9	19.4	20.1	25.4	27.3	29.7	30.2	27.9	25.4	21.1	16.6		23.1	12
2010	16.6	16.7	17.4	20.2	23.4	26.8	29.4	30.6	29.1	23.4	19.7	17		22.5	12
2011	15.6	14.8	19.1	20.8	23.3	27.9	29.9	30.2	30	26.5	20	15.5		22.8	12
2012	16	15.9	17.6	21.1	24.2	28	29.9	29.3	28	24.4	21.9	17.7		22.8	12
2013	15.2	16.1	19	19.8	23.2	27.6	29	29.6	27	24.4	21.4	17.3		22.5	12
2014	17	18.5	20	22.4	25.1	29.6	28.9	28.6	27.6	25.4	21.6	17.7		23.5	12
2015	17.5	19	20.4	22.8	24	29	29.2	29.9	28.2	25.5	21.5	16.8		23.6	12
2016	15.4	17.8	19.4	21.2	24.8	28.8	30	28.6	28.1	27.1	23.6	18.5		23.6	12
2017	16.4	17.7	20.4	21.4	23.2	28.2	30.5	31	28.3	27.4	23.1	20.5		24	12
2018	17.6	19.7	19.9	22.5	26	28.4	30.8	30.8	28.7	26	21.6	18.2		24.2	12
2019	17.1	17.6	19.8	21.5	23.6	28.4	31	31.5	28.5	26.9	22.6	18.4		23.9	12
2020	16.4	17.4	20.5	22.3	25	28.8	31	31.1	29.4	27	23.5	16.9		24.1	12
2021	15.6	17.1	18.5	22.5	26.2	29.5	30.1	30.2	28.8	27	23	20.2		24.1	12
2022	17.8	16.5	19.2	22.5		28.1	31.2	29.5	29.2	25.7	21.6			24.1	10
2023			19.6	22.1	24.9	28.4	32.8	31.4	31.1	27.9	23.6	19.1		26.1	10
2024	17.4	18.2	19.9	21.7	26.2	28.8	31.9	32.5	30	28.9				25.6	10
MÍNIMA	12.6	11.9	15.2	18.5	21.4	24.7	26.8	26.7	19.4	22.3	17	13.4		17.4	1
MÁXIMA	20.5	21.7	22.6	24.4	29	30.8	32.8	32.5	31.2	29	29	23.7		29	12
MEDIA	16.8	17.4	19.2	21.7	24.7	28.2	30.3	30	28.8	26.1	21.8	18.1		23.6	11.6
DESV.ST	1.4	1.6	1.3	1.2	1.2	1.1	1	1	1.5	1.3	1.5	1.6		1.2	1.6
