COMISIÓN NACIONAL DEL AGUA
COORDINACIÓN GENERAL DEL SERVICIO METEOROLÓGICO NACIONAL
BASE DE DATOS CLIMATOLÓGICA NACIONAL 

ESTADÍSTICA MENSUAL
EMISIÓN   : 25/10/2024 

DATOS DISPONIBLES EN LA BASE DE DATOS A: OCTOBER DE 2024; 
CON LA INFORMACIÓN SUMINISTRADA POR LAS UNIDADES ADMINISTRATIVAS 

 ESTACIÓN  : 3120 
 NOMBRE    : COLONIA PLUTARCO ELIAS CALLES 
 ESTADO    : BAJA CALIFORNIA SUR 
 MUNICIPIO : LA PAZ 
 SITUACIÓN : OPERANDO 
 CVE-OMM   :   
 LATITUD   : 23.22083333 ° 
 LONGITUD  : -110.1444444 ° 
 ALTITUD   : 10 msnm 


LLUVIA MÁXIMA 24 H.
AÑO	ENE	FEB	MAR	ABR	MAY	JUN	JUL	AGO	SEP	OCT	NOV	DIC	ACUM	PROM	MESES
1979								12	19.5	0	0	6	37.5	7.5	5
1980	0	0			0	0	0	0	5	0	0	0	5	0.5	10
1981	45	1	5	0	0	0	1	120	44	0	0	0	216	18	12
1982	0	0	0	0	0	0	12	3	30	0	1.5	36	82.5	6.9	12
1983	2	4	17	0	0	0	25	34.5	12.5		5.5	18	118.5	10.8	11
1984	15.5	0	0	0	0	0	11.5	6.5	17.5	7.5	0	33	91.5	7.6	12
1985	44	0	0	0	0	0	28	9					81	10.1	8
1986					0	0	5	42.5	0	7	0	9.5	64	8	8
1987	0	0	0	0	0	0		7	62.2	17.5	0	9	95.7	8.7	11
1988	0	0	0	0	0	0	0	27.5	1	0	0	0	28.5	2.4	12
1989	47.9	11.5	0	0	0	0	30.3		10.2	2.1	10.4		112.4	11.2	10
1990		0	0			0	30.3	8	20.5	34	12.5	75	180.3	20	9
1991	0	0	1	0	0	0	0	10.4	1	0	40.2	50.6	103.2	8.6	12
1992	12	2.5	9	0	0	0	0						23.5	3.4	7
1994					0	0.3	1	18.3					19.6	4.9	4
1996	0	0	0	0	0	0	0.01	137	125	0.01	3	0	265.02	22.1	12
1997	25.5	0	0.01	5	2.5	0.01	38.2	30	47.5	1	8.2	0.01	157.93	13.2	12
1998	0	9	0	0.01	0	0	4.8	49	150.5	0.01	0	0	213.32	17.8	12
1999	0	0	0	0	0	4	11	44	14.5	0	0	0	73.5	6.1	12
2000	0	0	0.01	0	0	2.5	17	9.5	12	4	7	0.01	52.02	4.3	12
2001	0.01	0.01	8	0	1.5	0	2.5	4	246	2.5	0	0.01	264.53	22	12
2002	0.01	7.5	0	0	0.01	0	10	0	5.5	0	7	0.01	30.03	2.5	12
2003	2	6	0	0	0	0	0.01	41.5	85	4	0	0	138.51	11.5	12
2004	38	1	1	0	0	0	1.5	9	39	8	0	0	97.5	8.1	12
2005	4	27	0	0	0	0	3	5	0	0	0	0	39	3.2	12
2006	0	0	0	0	0	0	59	16.5	46	2	0		123.5	11.2	11
2007	0.01	0.01	0	0	0	0	0.01	5	35	0	0.01	13.5	53.54	4.5	12
2008	0	0	0	0	0	0	4	51	28	9	0	0	92	7.7	12
2009	0	0	0.01	0	0	0	3		13	25	0	35	76.01	6.9	11
2010	0.01	3	3.5	0	0	0.01	6	5	0	0	25	0	42.52	3.5	12
2011	0.01	0	0	0	0	0.01	8	2.5	0	2	0.01	0	12.53	1	12
2012	0.01			0	0	0.01	0.01	42	18	45	0	29	134.03	13.4	10
2013	0	0	0	0	0	0.01	5	45	20	20	0.01	0	90.02	7.5	12
2014	0.01	0	0	0.01	0.01	0.01	23.5	10.5	118	0	0.01	1.5	153.55	12.8	12
2015	5.5	0	2.5	0	6	10	0.01	17.6	24.5	82.3	1.2	0	149.61	12.5	12
2016	0	0.01	0.01	0.01	2.7	1	0.01	27.8	133	0	0	0	164.54	13.7	12
2017	0	9.5	2	0	0	0	0	79.5	34	0.01	0	5.3	130.31	10.9	12
2018	3	17.5	1.7	1.5	0	2.7	23.8	9.5	48.5	64.7	58	0	230.9	19.2	12
2019	21.5	0	4.5	0	0				1.5	67	285.5	2.5	382.5	42.5	9
2020	0	32.5	3	16.1	0	0.01	0.01	44	53	3.5	0	0.01	152.13	12.7	12
2021	7	0	0	0	0	0.01	0	59	0	10.6	5	18.3	99.91	8.3	12
2022	0	0.01	0	0	0	13	0.01	5	10	0	0	0	28.02	2.3	12
2023	0	0	0	0	0	0	0	17.5	9	65.5	0.01	0	92.01	7.7	12
2024	0	0	0	0	0								0	0	5
MÍNIMA	0	0	0	0	0	0	0	0	0	0	0	0	0	0	4
MÁXIMA	47.9	32.5	17	16.1	6	13	59	137	246	82.3	285.5	75	382.5	42.5	12
MEDIA	6.8	3.3	1.5	0.6	0.3	0.8	9.1	27.3	38.5	12.4	11.8	9	109	9.9	10.8
DESV.ST	13.8	7.3	3.4	2.7	1.1	2.6	13.4	30.7	51.3	22.2	45.9	17	79.8	7.6	2.1

LLUVIA TOTAL MENSUAL
AÑO	ENE	FEB	MAR	ABR	MAY	JUN	JUL	AGO	SEP	OCT	NOV	DIC	ACUM	PROM	MESES
1979								15	56	0	0	6.5	77.5	15.5	5
1980	0	0			0	0	0	0	5	0	0	0	5	0.5	10
1981	68	1	8	0	0	0	1	149	65	0	0	0	292	24.3	12
1982	0	0	0	0	0	0	18	3	57	0	1.5	36	115.5	9.6	12
1983	3.5	4	31	0	0	0	48	113	24		5.5	18	247	22.5	11
1984	23.6	0	0	0	0	0	39.6	18	53.2	7.5	0	54.2	196.1	16.3	12
1985	49.5	0	0	0	0	0	34.5	16					100	12.5	8
1986					0	0	8.2	61.5	0	7	0	9.5	86.2	10.8	8
1987	0	0	0	0	0	0		7	96.7	48.5	0	15.2	167.4	15.2	11
1988	0	0	0	0	0	0	0	48.5	1	0	0	0	49.5	4.1	12
1989	50.4	17	0	0	0	0	34.1		21.5	2.1	12.4		137.5	13.8	10
1990		0	0			0	30.3	19	59.8	34	14.5	119.51	277.11	30.8	9
1991	0	0	1	0	0	0	0	10.4	1	0	53.7	51.6	117.7	9.8	12
1992	35.6	5.5	9	0	0	0	0						50.1	7.2	7
1994					0	0.3	1	92					93.3	23.3	4
1996	0	0	0	0	0	0	0.02	164.56	198.04	0.02	3	0	365.64	30.5	12
1997	42.51	0	0.03	7.01	2.5	0.02	38.23	49.54	124.23	1.01	17.71	0.03	282.82	23.6	12
1998	0	13.02	0	0.01	0	0	12.35	105.04	156	0.01	0	0	286.43	23.9	12
1999	0	0	0	0	0	4.02	20.52	86.04	24.53	0	0	0	135.11	11.3	12
2000	0	0	0.01	0	0	4.02	20	14	29.51	11	17.02	0.01	95.57	8	12
2001	0.01	0.02	8	0	1.51	0	2.52	7.52	438	2.5	0	0.01	460.09	38.3	12
2002	0.01	7.5	0	0	0.01	0	14.51	0	11.03	0	7.01	0.03	40.1	3.3	12
2003	3.8	7.5	0	0	0	0	0.01	73.51	122.5	4	0	0	211.32	17.6	12
2004	88.51	1.02	1	0	0	0	1.51	15.01	77.51	25	0	0	209.56	17.5	12
2005	4.01	32.51	0	0	0	0	3	5	0	0	0	0	44.52	3.7	12
2006	0	0	0	0	0	0	65.02	23.51	155.5	2.02	0		246.05	22.4	11
2007	0.01	0.02	0	0	0	0	0.01	7.01	70	0	0.03	13.51	90.59	7.5	12
2008	0	0	0	0	0	0	4	82.04	82.01	12	0	0	180.05	15	12
2009	0	0	0.01	0	0	0	5.51		17	66.01	0	35.01	123.54	11.2	11
2010	0.01	6.01	3.51	0	0	0.01	6	5.01	0	0	40.01	0	60.56	5	12
2011	0.01	0	0	0	0	0.01	11.01	2.54	0	2.01	0.01	0	15.59	1.3	12
2012	0.01			0	0	0.01	0.03	104.01	43.53	90	0	35.51	273.1	27.3	10
2013	0	0	0	0	0	0.01	9.01	71.52	26.55	38	0.01	0	145.1	12.1	12
2014	0.02	0	0	0.01	0.02	0.02	27.52	28.81	160.2	0	0.01	1.5	218.11	18.2	12
2015	10.52	0	4.02	0	6.02	10	0.02	42.51	100.11	98.81	1.2	0	273.21	22.8	12
2016	0	0.01	0.01	0.01	2.71	1	0.01	48.12	142	0	0	0	193.87	16.2	12
2017	0	9.5	2.01	0	0	0	0	118.52	50.6	0.01	0	7.62	188.26	15.7	12
2018	3	17.5	1.7	1.5	0	2.7	61.2	12.3	120.4	99.7	125.4	0	445.4	37.1	12
2019	22.5	0	4.5	0	0				1.5	85.5	297.81	2.5	414.31	46	9
2020	0	42.5	3.01	17.6	0	0.01	0.02	53.91	87	5.5	0	0.01	209.56	17.5	12
2021	11.5	0	0	0	0	0.02	0	71.01	0	12.1	9.52	18.3	122.45	10.2	12
2022	0	0.01	0	0	0	13	0.02	6.5	25.81	0	0	0	45.34	3.8	12
2023	0	0	0	0	0	0	0	34.5	9.01	103.02	0.02	0	146.55	12.2	12
2024	0	0	0	0	0								0	0	5
MÍNIMA	0	0	0	0	0	0	0	0	0	0	0	0	0	0	4
MÁXIMA	88.51	42.5	31	17.6	6.02	13	65.02	164.56	438	103.02	297.81	119.51	460.09	46	12
MEDIA	10.4	4.1	2	0.7	0.3	0.9	12.9	45.8	67.8	19.4	15.2	11.2	171.2	15.8	10.8
DESV.ST	21.2	9.1	5.3	3	1.1	2.6	17.9	44.4	81.1	33.1	50.9	23.4	115.5	10.4	2.1

EVAPORACIÓN MENSUAL
AÑO	ENE	FEB	MAR	ABR	MAY	JUN	JUL	AGO	SEP	OCT	NOV	DIC	ACUM	PROM	MESES
1979								188.4	137.8	173.4	134.9	104.8	739.3	147.9	5
1980	117.1	120.8			124.4	90.1	182.2	182.7	173.5	72.2	142.5	113.4	1318.9	131.9	10
1981	104.3	108.3	139.5	184.5	153.9	129.3	174.7	170.2	145.9	118.1	141.5	142.9	1713.1	142.8	12
1982	118.7	84.2	125.9	77.2	102.9			197	174	169.8	121	141.9	1312.6	131.3	10
1983	110.3	95.4	131.6	148	219.3	226.8	225.2	194.8	162.4		145.1	119.8	1778.7	161.7	11
1984	118.5	136.3	101.6	151.7	133.7	136.4	159	185.2	190.6	161.3	150.7	113.9	1738.9	144.9	12
1985	104.7	123.6	152.5	155.3	153.9	109.6	133	174.2					1106.8	138.3	8
1986					106.8								106.8	106.8	1
1999	10.95	8.84	11.83	14.52	16.41	16	18.31	17.59	6.55	14.36	12.04	9.24	156.64	13.1	12
2000	124.29	110.23	124.44	89.99	132.64	151.65	189.95	199.29	197.03	136.54	120.91	131.54	1708.5	142.4	12
2001	110.13	134.49	117.51	116.51	138	134.62	175.62	172.93	138.9	133.54	134.81	99.59	1606.65	133.9	12
2002	99.68	91.06	126.56	108.98	131.16	164.53	168.74	188.93	188.55	176.52	148.94	99.65	1693.3	141.1	12
2003	105.18	100.36	103.67	110.53	134.98	172.97	155.44	165.05	157.24	155.72	98.99	109.85	1569.98	130.8	12
2004	77.54	97.63	119.91	146.66	166.85	176.45	177.85	185.28	170.97	159.88	152.79	99.6	1731.41	144.3	12
2005	163.1	140.38	140.92	153.75	186.33	154.18	159.43	169.29	161.39	174.28	143.32	151.13	1897.5	158.1	12
2006	142.04	131.05	143.54	128.84	131.38	148.78	167.98	172.32	174.22	147.5	108.98		1596.63	145.1	11
2007	108.15	98.57	117.21	115.38	116.17	118.3	119.92	143.98	140.62	146.36	99.45	53.38	1377.49	114.8	12
2008	84.76	93.49	105.51	112.63	143.47	143.07	163.39	166.53	132.36	122.25	109.4	75.28	1452.14	121	12
2009	77.23	88.83	100.59	142.29	122.98	107.23	153.14		136.88	131.95	89.47	81.55	1232.14	112	11
2010	93.14	81.26	140.56	98.09	101.31	104.22	110.69	131.75	142.26	138.18	117.51	134.88	1393.85	116.2	12
2011	118.63	86.03	116.74	118.57	131.36	123.5	148.39	132.22	137.19	128.29	119.63	118.71	1479.26	123.3	12
2012	112.34			67.1	127.46	121.74	119.38	131.08	135.24	126.45	119.21	123.86	1183.86	118.4	10
2013	106.91	106.01	107.27	107.81	108.57	116.53	139.35	160.82	172.23	150.86	120.63	117.32	1514.31	126.2	12
2014	111.4	110.5	148.71	168.55	190.12	185.78	194.11	186.61	133.75	144.62	120.05	97.52	1791.72	149.3	12
2015	85.88	111.18	136.19	147.5	166.18	162.07	181.5	178.13	144.42	166.68	130.44	128.08	1738.25	144.9	12
2016	118.2	119.58	162.07	158.63	180.02	171.08	159.79	183.08	135.88	146.95	129.4	108.73	1773.41	147.8	12
2017	110.23	117.42	142.1	154.19	156.81	174.69	205.07	187.06	168	138.03	112.06	115.71	1781.37	148.4	12
2019	103.16	122.89	136.41	4.89									367.35	91.8	4
2020	111.59	128.41	111.82	143.93	178.09	185.19	200.42	139.08	134.24	122.55	100	93.26	1648.58	137.4	12
2023												107.87	107.87	107.9	1
2024	126.24	134.61	141.47	140.28	136.73								679.33	135.9	5
MÍNIMA	10.95	8.84	11.83	4.89	16.41	16	18.31	17.59	6.55	14.36	12.04	9.24	106.8	13.1	1
MÁXIMA	163.1	140.38	162.07	184.5	219.3	226.8	225.2	199.29	197.03	176.52	152.79	151.13	1897.5	161.7	12
MEDIA	106.2	106.7	123.3	121	139	141	159.3	165.5	149.7	138.3	120.1	107.4	1332.1	129.3	10.2
DESV.ST	25.8	26.2	28.3	42.6	37.5	41.2	40.3	36.5	35.4	34.4	28.1	29.4	534.9	27	3.3

TEMPERATURA MÁXIMA PROMEDIO
AÑO	ENE	FEB	MAR	ABR	MAY	JUN	JUL	AGO	SEP	OCT	NOV	DIC	ACUM	PROM	MESES
1979								29.6	30	30.4	27.7	24.8		28.5	5
1980	23.5	24.8			22.1	23.9	29.6	30.9	30.5	27.9	27.5	24		26.5	10
1981	23.7	24.9	22.8	25	23.2	26.8	29.8	30.5	30.1	28.8	29	23.7		26.5	12
1982	23.7	24.1	24.5	24.4	21.6	23	27.9	31.3	30.5	24.9	22.5	21.8		25	12
1983	21.7	22.5	23.8	21.8	24.7	30.4	33.6	33.4	33.4		29.3	27.1		27.4	11
1984	26.5	25.2	25.1	24.9	23.9	24.8	29.3	32.3	32	29	27	25		27.1	12
1985	23.4	23.2	24.7	23.6	23	23.6	30.1	30.9						25.3	8
1986					27.9	23.7	30	33	35.2	34.2	28.7	26.4		29.9	8
1987	24.2	24	28.6	30.7	30.1	25.5		31.9	32.6	30.9	27.6	22.9		28.1	11
1988	21	22	22	24.4	28.2	32.7	28.8	29.2	31.5	29.5	25.8	23		26.5	12
1989	21.6	22	27.6	30.1	31.4	25.1	28.9		32.5	30.3	26.2			27.6	10
1990		24.4	24.1			31.3	33.3	33.3	34.5	32.9	30.1	27.7		30.2	9
1991	24.5	25.1	26	26.3	26.7	23.4	26.6	32.2	33.4	33.9	30.4	26.8		27.9	12
1992	24.5	26.6	29.6	27	28	28.7	34.3							28.4	7
1994					21.7	23.8	27.9	30.7						26	4
1996	26	24.1	27.6	35.1	34.8	31.5	34.1	32.7	33	31.6	29.4	26.9		30.6	12
1997	23.3	22.9	25.6	22.4	25.8	29.1	29.3	34	35	33.1	31.1	28		28.3	12
1998	25.2	25.7	25.8	26.1	26.1	33.6	33.8	36	33.9	33.5	33.8	27		30	12
2000	23.6	25.3	24.1	24.8	25.7	28	31.1	32.5	36.3	31.1	27.1	24.5		27.8	12
2001	23.6	24.3	24.8	26.8	28.5	30.1	34.3	34.7	33.7	31.3	27.7	25.5		28.8	12
2002	24.2	26	26.7	27.4	26.9	27.7	33	35.8	36	34.5	30.4	27.6		29.7	12
2003	22.8	25.1	25.9	28.5	26.6	34.4	34	35.7	35.9	35.2	32.2	31.4		30.6	12
2004	27.4	24.8	25.4	32.8	34.4	35	34.8	35.2	35.2	32.5	30.1	26.3		31.2	12
2005	27.5	25.8	25.2	29	26.7	25.9	32.8	33.4	35.6	34	31.9	32.5		30	12
2006	32.9	32.1	32.8	33.3	33	34.4	33.5	35.3	34.7	35.6	33.9			33.8	11
2007	31.7	33.3	32.9	32	33.4	33.5	32.5	33.8	33.6	33.5	31.1	27.8		32.4	12
2008	25.8	28.3	28	28.3	26.4	27.3	34.3	35.2	36.2	34.6	33	27.1		30.4	12
2009	27.4	28.1	26.9	26.2	26.5	26.8	34		34.5	32	31.7	25		29	11
2010	26.2	25.2	26.8	26.5	27.1	27.6	27.5	33.8	34.6	32.9	32	29.5		29.1	12
2011	25.1	28.8	29.5	26.6	29.6	32.2	33.2	34.4	35	33.5	33.7	31.7		31.1	12
2012	31.9			30.8	30.8	31.8	33	32.7	33.1	31.1	30.4	31.3		31.7	10
2013	31.2	27.5	27.7	26.5	26.4	29.1	30.8	31.9	31.3	30.5	30.9	27.7		29.3	12
2014	26.4	25.2	25.5	25.4	27.2	29.2	33.1	33.9	32.5	30.9	30.4	31.7		29.3	12
2015	26.8	26.7	25.8	25.5	25.4	27.1	30.9	33.5	32.2	31.7	30	26.9		28.5	12
2016	25.8	26.6	25.5	25	23.8	25.6	30.9	30	30.9	31.5	30.5	28.4		27.9	12
2017	24.4	23.8	24.1	24.1	23.3	24.2	30.5	31.7	30.7	31.6	31	30.4		27.5	12
2018	22.4	22.1	25.3	28.1	29.2	31.2	30.9	32.6	29.9	28.7	25.8	22.7		27.4	12
2019	25	23.6	24.3	24.4	22.7				31.1	29.5	31.4	27.5		26.6	9
2020	24.5	25	25.3	23.8	23	24.9	30.2	30.6	32.6	31.7	29.6	28.1		27.4	12
2021	26.3	25.9	26.5	24.5	24	26.5	29.3	34.5	30.9	31.3	31.2	33.1		28.7	12
2022	32.3	33.4	26.7	23.8	28	31.6	32.2	32.7	32.1	32.3	31.3	31.6		30.7	12
2023	27.4	30.2	28.5	28.3	25.9	27.7	31.3	32	33.8	31.7	33.3	25.8		29.7	12
2024	25	23.5	24.9	24.4	24.5									24.5	5
MÍNIMA	21	22	22	21.8	21.6	23	26.6	29.2	29.9	24.9	22.5	21.8		24.5	4
MÁXIMA	32.9	33.4	32.9	35.1	34.8	35	34.8	36	36.3	35.6	33.9	33.1		33.8	12
MEDIA	25.7	25.7	26.2	26.8	26.8	28.3	31.4	32.8	33.1	31.7	29.9	27.3		28.7	10.8
DESV.ST	3	2.8	2.3	3.1	3.4	3.5	2.3	1.8	1.9	2.2	2.5	3		2	2.1

TEMPERATURA MÁXIMA EXTREMA
AÑO	ENE	FEB	MAR	ABR	MAY	JUN	JUL	AGO	SEP	OCT	NOV	DIC	ACUM	PROM	MESES
1979								33.5	32	32.5	30	28		31.2	5
1980	26	30			24.5	28.5	37	33	36.5	31	30.5	26		30.3	10
1981	27.5	30.5	26	35	27.5	32.5	35	35.5	32.5	30.5	32	26.5		30.9	12
1982	27	28	29	29	27	28	33	35	36	30	26	28		29.7	12
1983	24	24	28	25	27	31	39	36.5	35		31.5	30.5		30.1	11
1984	31	28	28	27	27	28	32.5	36.5	33.5	32.5	29.5	30.5		30.3	12
1985	26	28.5	28	29	27	28	34	33.5						29.2	8
1986					34	34	34	37	38	38	31	29		34.4	8
1987	29	28	34	34	33	29		34	34	33	31	27		31.5	11
1988	26	25	25	27	33	38	32	33	34	33.5	28	28		30.2	12
1989	24	25	32	32	34	30	36		35	33	30			31.1	10
1990		26	27			37	38	36	36	36	34	33		33.7	9
1991	27	29	28	28	29	27	29	36	36	36	33	29		30.6	12
1992	28	28	33	29	31	36	37							31.7	7
1994					28	31	31	39.5						32.4	4
1996	30.5	30	33	39	36.5	37	37	37	37	36	33	31		34.8	12
1997	27	26	32	24	29	32	32	36.5	39.5	36	35	34		31.9	12
1998	28	27.5	27	27.5	28	37	39	38	37	38	35	39		33.4	12
2000	26	29	27	29	28	31	35	37	39	37	29	28		31.2	12
2001	26	27	29	29	35	35	37	37	37	37	30	28		32.2	12
2002	28	29	28	29	29	30	37	37	38	37	36	31		32.4	12
2003	24	28	27	30	29	37	37	37	38	37	34	36		32.8	12
2004	34	29	29	36	37	38	38	38	39	36	32	33		34.9	12
2005	30	30	28	36	32	32	39	38	37	37	35	35		34.1	12
2006	36	35	36	36	37	37	36	37	37	37	36			36.4	11
2007	35	35	36	34	37	36	38	37	37	36	35	35		35.9	12
2008	32	30	30	31	29	30	37	38	38	38	36	30		33.2	12
2009	30	30	29	29	29	29	36		37	37	35	28		31.7	11
2010	29	27	32	32	30	29	35	37	37	36	36	33		32.8	12
2011	30	35	37	29	33	36	36	37	37	37	37	35		34.9	12
2012	34			33	33	35	37	38	36	35	32	38		35.1	10
2013	33	29	32	29	29	36	33	37	33	33	35	31		32.5	12
2014	28	28	29	33	30	34	35	36	36	34	33	35		32.6	12
2015	29	33	28	27	28	33	34	36	34	34	32	32		31.7	12
2016	28	30	29	27	25	29	36	32	37	35	32	31		30.9	12
2017	31	27	27	28	25	28	35	36	35	35	33	34		31.2	12
2018	30	31	33	35	33	36	34	38	38	36	32	29		33.8	12
2019	28	26	27	28	25				35	36	34	30		29.9	9
2020	29	29	30	28	26	33	34	37	35	36	32	32		31.8	12
2021	28	30	29	27	28	29	36	37	33	36	34	39		32.2	12
2022	36	36	36	30	35	36	35	35	37	36	34	34		35	12
2023	35	34	33	33	29	29	34	34	38	36	37	29		33.4	12
2024	28	27	29	28	27									27.8	5
MÍNIMA	24	24	25	24	24.5	27	29	32	32	30	26	26		27.8	4
MÁXIMA	36	36	37	39	37	38	39	39.5	39.5	38	37	39		36.4	12
MEDIA	29.2	29.2	30	30.3	30.1	32.5	35.4	36.2	36.2	35.3	32.8	31.5		32.3	10.8
DESV.ST	3.2	2.9	3.1	3.5	3.6	3.5	2.3	1.7	1.9	2.1	2.6	3.5		1.9	2.1

TEMPERATURA MÍNIMA PROMEDIO
AÑO	ENE	FEB	MAR	ABR	MAY	JUN	JUL	AGO	SEP	OCT	NOV	DIC	ACUM	PROM	MESES
1979								15.3	15.7	14.8	10.4	9.7		13.2	5
1980	8	9.7			9.5	11.4	17.9	19.6	19.3	18.2	11.7	10.6		13.6	10
1981	10.9	9	7.7	10.4	10.7	14.2	18.5	19.4	18.8	16	11.4	11		13.2	12
1982	12.8	10.1	12.6	13.7	15.5	15.1	19.9	22.3	23.4	14.1	13.9	15.7		15.8	12
1983	14.4	14.5	14.4	13.1	14	20	24.3	23.4	23.5		16.3	13.5		17.4	11
1984	13.3	12.7	14.2	14.4	15.1	17.5	21	24.2	23.7	19.9	14.9	14.5		17.1	12
1985	11.9	11	13.2	14	13	14.5	18.6	19						14.4	8
1986					15.3	16.7	20.7	22.2	22.4	20.4	16.6	14.4		18.6	8
1987	12.1	11.7	12	13.7	13.3	14.2		23.9	23.4	18.5	16.2	14		15.7	11
1988	11.1	12.9	12.4	14.3	14.7	15.2	19	20.9	21.7	19	14.1	12.5		15.7	12
1989	8.3	9.2	8.8	10	13.3	14.9	19.9		22.7	19.8	16.3			14.3	10
1990		9.9	10.7			16.6	22.2	23.2	23.3	19.5	16.9	11.5		17.1	9
1991	10.4	9.8	10.5	12	11.7	13.1	17.5	20	22.7	23.4	14.4	11.8		14.8	12
1992	10.6	11.1	12.3	12.9	14.2	15.8	23.2							14.3	7
1994					13.8	17.4	20.9	20.8						18.2	4
1996	11.7	12	12.4	12.3	14	18.1	22.4	24.6	22.5	19.6	17.6	13.3		16.7	12
1997	11.3	11.4	13	12.1	15.1	17.3	24.7	27.9	27.6	24.4	17.3	16.4		18.2	12
1998	15	14.4	15.3	16	17.6	18.2	24.6	27.3	26.2	25.1	18.7	14.9		19.4	12
2000	11.3	14.8	14.3	14.8	16	19.9	20.6	25.3	27.1	22.6	18.3	13.1		18.2	12
2001	9.7	12.7	13.8	14	16.8	18.5	23.7	26.1	24.6	21.3	18.9	14.4		17.9	12
2002	12.4	15.9	18.2	16.7	17.2	17.8	21.8	25.9	22.5	22.1	20.1	14.1		18.7	12
2003	12.2	12.1	15.2	17.1	16.5	16.6	22.1	25.3	25.5	20.9	18.9	13.4		18	12
2004	13.5	11.6	12.3	13.1	14.9	16.2	22.5	24	23.6	20.2	19.2	13.2		17	12
2005	11.4	13.5	11.6	13	13.5	15.3	20.8	22.8	23.8	18.9	14.8	13.3		16.1	12
2006	12.5	13.1	13.1	12.2	12.3	16.1	22	24.1	23	20.9	16.8			16.9	11
2007	13.4	12.7	16.3	11.8	13.4	18.1	20.5	22.2	22.1	21.6	14.1	11.9		16.5	12
2008	10.3	11.2	12.1	11.2	11.5	12.7	20.6	22.8	22.2	19.6	12.6	12.9		15	12
2009	12	13	11.8	12.4	13.4	13.2	20.3		20.7	19.2	14	10.8		14.6	11
2010	11.3	10.6	10.7	11.7	11.7	18.8	17.1	21.7	21.8	17.3	20	12.3		15.4	12
2011	12.1	13.3	12.3	11.6	17.6	14.8	20.4	23.2	22.7	19.2	14.5	12		16.1	12
2012	11.5			12.5	12.1	14.2	17.4	23.1	17.3	19.5	14.3	12.9		15.5	10
2013	12.4	12	14	12.4	15.5	16.9	20	23.1	22.1	18.9	17	13.3		16.5	12
2014	13.1	12	12.6	13.5	16.1	20.8	24.2	23.5	23	20.4	16	14.4		17.5	12
2015	14	13.3	14	15.7	14.8	19.1	22.6	23.8	23.1	19.2	18.1	13.8		17.6	12
2016	10.6	13.1	12.9	14.4	14.6	17.4	21	21.7	21	19.6	16.9	14.1		16.4	12
2017	10.7	11	12.1	11.5	12.2	15.2	20.8	23.4	21.7	19.4	15.6	13.7		15.6	12
2018	11.8	12	13.8	14.5	15.9	20.2	20.5	21.5	20.8	17.6	16.6	12		16.4	12
2019	12.4	12	11.7	12.2	12				21	18.9	17.7	12.1		14.4	9
2020	10	10.7	12.6	11.8	13.6	15.7	20.9	21.3	22.2	18.7	16.3	10.5		15.4	12
2021	10.4	9	9.5	10.3	11.5	15.9	19.7	22.4	21.7	18	14.7	12.6		14.6	12
2022	11.6	10.1	9	11.5	12.3	17.9	19.5	21.3	20.1	15.1	11.7	11.3		14.3	12
2023	13	17.7	16.9	11.2	11	18.6	26	26.7	23.5	23.4	22.6	18		19	12
2024	16.3	16	14.9	12.4	17.1									15.3	5
MÍNIMA	8	9	7.7	10	9.5	11.4	17.1	15.3	15.7	14.1	10.4	9.7		13.2	4
MÁXIMA	16.3	17.7	18.2	17.1	17.6	20.8	26	27.9	27.6	25.1	22.6	18		19.4	12
MEDIA	11.8	12.1	12.8	13	14	16.5	21	22.9	22.4	19.6	16.1	13.1		16.2	10.8
DESV.ST	1.6	2	2.2	1.7	2	2.2	2.1	2.5	2.3	2.4	2.6	1.7		1.6	2.1

TEMPERATURA MÍNIMA EXTREMA
AÑO	ENE	FEB	MAR	ABR	MAY	JUN	JUL	AGO	SEP	OCT	NOV	DIC	ACUM	PROM	MESES
1979								10.5	12.5	9.5	6	6		8.9	5
1980	4.5	6			6	8	15	14	17	12	8.5	7		9.8	10
1981	6.5	6	4.5	6	8	9	16	10.5	15	12	6.5	9		9.1	12
1982	9	8	9	8	11	10	13	20	16	10	10	10		11.2	12
1983	10	10	10	10	10	16.5	22	19	21		10.5	11		13.6	11
1984	9	8.5	10.5	10.5	10.5	12.5	16	22	20	15	11.5	11.5		13.1	12
1985	9	7	9	9	10	11	14.5	11.5						10.1	8
1986					13	14	17	17	18	18.5	12	10		14.9	8
1987	8	9	9	9	11	11		21	20	11	11	10		11.8	11
1988	6	11	10	11	10	12	14	17	20	15	11	10		12.2	12
1989	6	6	7	8	10	11	17		20	16	10			11.1	10
1990		7	8			12	14	22	22	13	14	10		13.6	9
1991	8	7	7	9	10	10	16	17	20	22	13	7		12.2	12
1992	8	10	11	11	11	13	21							12.1	7
1994					10	13.5	18.2	17.5						14.8	4
1996	9	10	10.5	10	10	15	18	21	17	14.5	15.5	10.5		13.4	12
1997	5.5	5.5	10	10	11	11	18	24	24	21	10	11		13.4	12
1998	11	12	12	13	16	14	21	24	21.5	22	18	10		16.2	12
2000	8	13	12	13	13.5	15	17	20	25	18	14	10		14.9	12
2001	5	10	12	12	14	17	16	24	20	15	16	10		14.2	12
2002	10	12	15	15	14	13	20	24	20	20	16	10		15.8	12
2003	10	9	12	13	13	13	19	21	23	17	14	9		14.4	12
2004	9	9	10	11	13	11	16	21	20	15	17	10		13.5	12
2005	9.5	10	10	10	10	13	18	21	21	16	13	11		13.5	12
2006	10	10	11	10	11	11	18	22	20	16	15			14	11
2007	9	10	13	10	10	10	17	19	20	19	11	8		13	12
2008	8	8	10	10	9.5	8	12	21	18	17	10	11		11.9	12
2009	8	11	10	10	11	11	16		15	11	11	8		11.1	11
2010	8	9	9	9	9	15	12	17	17	13	17	9		12	12
2011	9	8	11	10	15	12	17	21	20	15	10	8		13	12
2012	10			10	4	11	15	15	15	16	9	9		11.4	10
2013	10	11	10	11	11	13	11	20	18	16	13	10		12.8	12
2014	10	8	10	10	12	18	22	20	21	17	11	10		14.1	12
2015	9	10	11	13	12	17	20	22	21	9	11	8		13.6	12
2016	7	7	8	10	12	13	18	19	19	17	15	10		12.9	12
2017	8	9	9	9	10	10	18	21	19	15	11	11		12.5	12
2018	7	6	9	8	11	15	18	19	19	14	13	6		12.1	12
2019	9	8	8	9	11				17	15	14	8		11	9
2020	7	8	9	8	10	12	19	18	20	14	9	9		11.9	12
2021	8	7	7	8	8	12	16	14	18	4	12	10		10.3	12
2022	9	8	7	9	8	12	15	19	15	11	9	8		10.8	12
2023	10	13	15	8	9	9	22	25	19	16	10	12		14	12
2024	14	12	11	10	11									11.6	5
MÍNIMA	4.5	5.5	4.5	6	4	8	11	10.5	12.5	4	6	6		8.9	4
MÁXIMA	14	13	15	15	16	18	22	25	25	22	18	12		16.2	12
MEDIA	8.5	8.9	9.9	10	10.7	12.4	17	19.2	19.1	14.9	12	9.4		12.6	10.8
DESV.ST	1.8	2	2.1	1.8	2.2	2.4	2.7	3.6	2.6	3.7	2.8	1.5		1.7	2.1

TEMPERATURA MEDIA MENSUAL
AÑO	ENE	FEB	MAR	ABR	MAY	JUN	JUL	AGO	SEP	OCT	NOV	DIC	ACUM	PROM	MESES
1979								22.5	22.9	22.6	19	17.2		20.8	5
1980	15.8	17.2			15.8	17.6	23.8	25.2	24.9	23	19.6	17.3		20	10
1981	17.3	17	15.2	17.7	17	20.5	24.1	25	24.5	22.4	20.2	17.4		19.9	12
1982	18.2	17.1	18.6	19	18.6	19	23.9	26.8	27	19.5	18.2	18.8		20.4	12
1983	18	18.5	19.1	17.4	19.4	25.2	29	28.4	28.4		22.8	20.3		22.4	11
1984	19.9	19	19.6	19.6	19.5	21.1	25.1	28.2	27.9	24.4	21	19.8		22.1	12
1985	17.6	17.1	19	18.8	18	19	24.4	25						19.9	8
1986					21.6	20.2	25.4	27.6	28.8	27.3	22.6	20.4		24.2	8
1987	18.1	17.9	20.3	22.2	21.7	19.9		27.9	28	24.7	21.9	18.4		21.9	11
1988	16	17.4	17.2	19.4	21.4	24	23.9	25	26.6	24.2	20	17.8		21.1	12
1989	15	15.6	18.2	20	22.4	20	24.4		27.6	25	21.2			20.9	10
1990		17.1	17.4			24	27.8	28.2	28.9	26.2	23.5	19.6		23.6	9
1991	17.4	17.5	18.2	19.1	19.2	18.2	22	26.1	28	28.6	22.4	19.3		21.3	12
1992	17.6	18.9	21	20	21.1	22.2	28.8							21.4	7
1994					17.8	20.6	24.4	25.8						22.1	4
1996	18.9	18	20	23.7	24.4	24.8	28.2	28.7	27.8	25.6	23.5	20.1		23.6	12
1997	17.3	17.1	19.3	17.2	20.4	23.2	27	31	31.3	28.8	24.2	22.2		23.2	12
1998	20.1	20	20.6	21	21.9	25.9	29.2	31.6	30	29.3	26.2	21		24.7	12
2000	17.5	20	19.2	19.8	20.9	24	25.9	28.9	31.7	26.9	22.7	18.8		23	12
2001	16.6	18.5	19.3	20.4	22.6	24.3	29	30.4	29.2	26.3	23.3	20		23.3	12
2002	18.3	21	22.4	22	22	22.8	27.4	30.8	29.2	28.3	25.2	20.9		24.2	12
2003	17.5	18.6	20.5	22.8	21.6	25.5	28	30.5	30.7	28	25.6	22.4		24.3	12
2004	20.4	18.2	18.9	23	24.6	25.6	28.6	29.6	29.4	26.4	24.6	19.8		24.1	12
2005	19.4	19.6	18.4	21	20.1	20.6	26.8	28.1	29.7	26.4	23.4	22.9		23	12
2006	22.7	22.6	23	22.8	22.6	25.2	27.8	29.7	28.9	28.2	25.4			25.4	11
2007	22.6	23	24.6	21.9	23.4	25.8	26.5	28	27.9	27.6	22.6	19.9		24.5	12
2008	18	19.8	20	19.8	19	20	27.4	29	29.2	27.1	22.8	20		22.7	12
2009	19.7	20.6	19.4	19.3	20	20	27.1		27.6	25.6	22.9	17.9		21.8	11
2010	18.8	17.9	18.8	19.1	19.4	23.2	22.3	27.8	28.2	25.1	26	20.9		22.3	12
2011	18.6	21	20.9	19.1	23.6	23.5	26.8	28.8	28.9	26.4	24.1	21.9		23.6	12
2012	21.7			21.6	21.4	23	25.2	27.9	25.2	25.3	22.4	22.1		23.6	10
2013	21.8	19.8	20.9	19.4	21	23	25.4	27.5	26.7	24.7	24	20.5		22.9	12
2014	19.8	18.6	19	19.4	21.6	25	28.6	28.7	27.8	25.6	23.2	23		23.4	12
2015	20.4	20	19.9	20.6	20.1	23.1	26.8	28.6	27.7	25.4	24	20.4		23.1	12
2016	18.2	19.9	19.2	19.7	19.2	21.5	26	25.9	26	25.6	23.7	21.2		22.2	12
2017	17.5	17.4	18.1	17.8	17.8	19.7	25.6	27.5	26.2	25.5	23.3	22		21.5	12
2018	17.1	17	19.6	21.3	22.6	25.7	25.7	27	25.4	23.1	21.2	17.4		21.9	12
2019	18.7	17.8	18	18.3	17.4				26	24.2	24.5	19.8		20.5	9
2020	17.2	17.9	19	17.8	18.3	20.3	25.5	26	27.4	25.2	23	19.3		21.4	12
2021	18.4	17.4	18	17.4	17.8	21.2	24.5	28.4	26.3	24.6	23	22.9		21.7	12
2022	22	21.8	17.9	17.6	20.1	24.8	25.9	27	26.1	23.7	21.5	21.5		22.5	12
2023	20.2	24	22.7	19.8	18.4	23.1	28.6	29.4	28.6	27.5	28	21.9		24.4	12
2024	20.6	19.8	19.9	18.4	20.8									19.9	5
MÍNIMA	15	15.6	15.2	17.2	15.8	17.6	22	22.5	22.9	19.5	18.2	17.2		19.9	4
MÁXIMA	22.7	24	24.6	23.7	24.6	25.9	29.2	31.6	31.7	29.3	28	23		25.4	12
MEDIA	18.7	18.9	19.5	19.9	20.4	22.4	26.2	27.9	27.8	25.6	23	20.2		22.4	10.8
DESV.ST	1.9	1.9	1.7	1.7	2.1	2.4	1.9	1.9	1.9	2	2	1.7		1.5	2.1
