COMISIÓN NACIONAL DEL AGUA
COORDINACIÓN GENERAL DEL SERVICIO METEOROLÓGICO NACIONAL
BASE DE DATOS CLIMATOLÓGICA NACIONAL 

ESTADÍSTICA MENSUAL
EMISIÓN   : 25/10/2024 

DATOS DISPONIBLES EN LA BASE DE DATOS A: OCTOBER DE 2024; 
CON LA INFORMACIÓN SUMINISTRADA POR LAS UNIDADES ADMINISTRATIVAS 

 ESTACIÓN  : 3038 
 NOMBRE    : MULEGE 
 ESTADO    : BAJA CALIFORNIA SUR 
 MUNICIPIO : MULEGÉ 
 SITUACIÓN : OPERANDO 
 CVE-OMM   :   
 LATITUD   : 26.88888889 ° 
 LONGITUD  : -111.9844444 ° 
 ALTITUD   : 10 msnm 


LLUVIA MÁXIMA 24 H.
AÑO	ENE	FEB	MAR	ABR	MAY	JUN	JUL	AGO	SEP	OCT	NOV	DIC	ACUM	PROM	MESES
1922	0.01	0.01	0	0	0	0.01	0.01	1.5	30.2	0	0.01	0	31.75	2.6	12
1923	0.01	0.01	0.01	0	0	0	2.2	3.2	0	4.2	42.7	10	62.33	5.2	12
1924	0	0.01	0.01	0.01	0.01	0.01	0.01	0	0	0	0	1.5	1.56	0.1	12
1925	0	0	0	0	0	0.01	2	0.01	0.2	0.01	0	0.3	2.53	0.2	12
1926	0	0	0.01	0.01	0	0	0	0.01	2	0.01	0	0.2	2.24	0.2	12
1927	0	0	0	0	0	0	2.2	2.2	2.2	0.01	0	0.01	6.62	0.6	12
1928	0.01	0	0	0	0	0	0	7	0.01	0.2	0	10	17.22	1.4	12
1929	0	0	0	0	0	0	0.5	6	60	40	0	10.5	117	9.8	12
1930	7	0	0	0	0	0	2	0.5	0	15	1	30	55.5	4.6	12
1931	10	4	0	2	0	0	7	19	11.5	0.3	0.01	0	53.81	4.5	12
1932	0	11	0	0	0	0.01	0	0.01	0.01	0.01	0	2	13.04	1.1	12
1933	3	3	0	0	0	0	0.01	1	0.01	12	0	0	19.02	1.6	12
1934	0	0	1	0	0	0	30	15	15	0	0	90	151	12.6	12
1935	0.01	1	0	0	0	0	0	74.6	11	0	0.01	20.5	107.12	8.9	12
1936	2	0	0	0	0	0	1.5	95	13	0	3.5	3.5	118.5	9.9	12
1937	3.5	0	0	0	0	0	10	0.01	2.2	6.5	0.01	0.9	23.12	1.9	12
1938	14.3	0.01	0.01	0.01	0	0	15.9	6.5	26.6	18.6	0	1.5	83.43	7	12
1939	0.3	0	0	0	0	0	4.5	6.7	55.5	0	0.01	0	67.01	5.6	12
1940	1.5	0	3	0.01	0	0	3.6	14.6	81.5	1.1	0.2	3.3	108.81	9.1	12
1941	0	0.01	7.5	0	0	0	4.7	0.3	16	0	0.01	2.4	30.92	2.6	12
1942	0	2.2	0	0	0	0	0	12.5	0.01	1.9	8.9	0	25.51	2.1	12
1943	4.5	0	0	0	0	0.01	3.3	30	28	1.5	0	10.5	77.81	6.5	12
1944	0.01	1.3	30.5	0	0	0	0	15	17	0	0.2	0	64.01	5.3	12
1945	0.01	0	0.4	0	0	0	0.2	65	2	33	0	0	100.61	8.4	12
1946	4	0	0	0	0.01	0	35	4	150	5.3	0	12	210.31	17.5	12
1947	0	0	0.01	0	0.01	0	0.3	0.8	1.8	0.01	0.01	0.01	2.95	0.2	12
1948	0	25	0.01	0	0	2	29	0	21	0.4	0.01	10	87.42	7.3	12
1949	10.5	10.5	1.5	0									22.5	5.6	4
1954				0.01	0	0.01	10	0.01	0.5	5.9	0	0	16.43	1.8	9
1955	11.4	0.01	0	0	0	0	0	0.01	0.01	0.01	0.01	0	11.45	1	12
1956	0.01	0.01	0	0	0.01	0.01	2.3	1.4	14.8	0	0.01	0.4	18.95	1.6	12
1957	30.4	0.01	0	0	0.01	0	2	3.5	0	50.3	0	0.01	86.23	7.2	12
1958	19.2		6	0.01	0.01	2	4.5	0.01	10.9	36.2	3	0.01	81.84	7.4	11
1959	0	15	0	0.01	0	0.01	3.3	3	4.5	0.01	42.4	52	120.23	10	12
1960	46	0.01	0	0	0	0.01	4	7.2	0.01	0.01	0.01	4.5	61.75	5.1	12
1961	24	0	0	0	0	0	0.01	32	14.5	0	10	3	83.51	7	12
1962	43	20	1.5	0	0	0.01	21.5	14	63.5		0	16	179.51	16.3	11
1963	4.5	0.01	0	0	0	0	7	12	21	0.01	0	0.01	44.53	3.7	12
1964	0	0	0	0		0	11	0.01	7.5	0.01	0.01	0.01	18.54	1.7	11
1965	1.5	0.01	2	0	0	0	0.01	0.1	0.5	0	0	1.3	5.42	0.5	12
1966	0.01	0.3	0	0.01	0	0	1	1.4	0.4	0	0	0.3	3.42	0.3	12
1967	0	0.01	0	0.01	0.01	0.01	0.1	7.2	0.1	18.4	2.5	0.2	28.54	2.4	12
1968	0.6	0.3	0.7	0.1	0	0	0.3	0.2	0	0.6	0.01	0	2.81	0.2	12
1969		5			0		12	1	4	0	0	21.5	43.5	5.4	8
1970	0	0	2	0	0	1.5	0	56	5	1	0	2	67.5	5.6	12
1971	1	0	0	0	0	1	0	28	5	3	0	1.5	39.5	3.3	12
1972	23	0	0	0	17	0	32	22	17	46.5	0	68	225.5	18.8	12
1973	9	17	1	0	0	0	14	2	12	0	0	0	55	4.6	12
1974	13	0	0	0	0	0	22	0	23	0	33.5	0	91.5	7.6	12
1975	12	0	0	0	0	0	0	0	0	0	0	2	14	1.2	12
1976	0	5	0	0	0	0	10	6	37	0	0	1	59	4.9	12
1977	1.5	0	1.5	0	0	0	0	31.5	21	0	0	1	56.5	4.7	12
1978	0	11.5	0	0	0	0	0	4.5	2	105	0	10	133	11.1	12
1979	21	0	0	0	0	0	3.5	0	38	0	0	0	62.5	5.2	12
1980	0	0	0	0	0	0	12	0	5	0	0	25	42	3.5	12
1981	21	2	1.5	3.5	0	0	16	3	4	6	0	0	57	4.8	12
1982	2	1	0	0	0	0	7	17	19	0	16	3.5	65.5	5.5	12
1983			12	0	0	0	12	38.5	8	16.5	0	3	90	9	10
1984	26.5	0	0	0	0	1	58	32	33	17	5	19	191.5	16	12
1985	14	0.01	0.01	0.01	0	0	10	15	0.01	1	6	0	46.04	3.8	12
1986	0.01	2	0	0.01	0.01	0	0.01	30	9	0	6		47.04	4.3	11
1987	2	2	0	0.01	0							0.5	4.51	0.8	6
1988	0	0.01	0	0.01	0	0	0.01	36.5	0	3.5	0	6	46.03	3.8	12
1989	17	7.5	0	0	0	0	5.5	2.5	0.7	0.01	0.01	7	40.22	3.4	12
1990	3.5	1	0.5	0	0	0		35	12.5				52.5	6.6	8
1991	11.5	27.5	0.01	0.01	0	0	0	37	28	0	45	10	159.02	13.3	12
1992	45	8.5	17	0.01	0	0	0.01	15.5	0.01	1	6	1.5	94.53	7.9	12
1993	61	11	0	0	0	0	0	36.3	23	0	28	12.5	171.8	14.3	12
1994	0	0	1	0	0	0.01	3	9	16	0.3	47	16.5	92.81	7.7	12
1995	22.8	2.3	0	0	0.01	0	0.01	18.5	0	0	16	0	59.62	5	12
1996	0	9	0	0	0	0	8.5	13	0	0	0.01	0.01	30.52	2.5	12
1997	10	0	0	0	0	0.01	0.01	13	34.5	0	3.5	5.3	66.32	5.5	12
1998	0	1	0	0	0	0.01	8.8	86.5	1	0	0	1	98.31	8.2	12
1999	0	0.01	0	0.01	0	11	7	1.5	5	0.01	0		24.53	2.2	11
2000	0	0	0.01	0	0	0	6.5	38.5	23.5	0.01	0	0.5	69.02	5.8	12
2001	0.01	0.01	0.5	0	0	0	2.5	0.01	215	0	0	0	218.03	18.2	12
2002			0	0	0	0	0.01	0	0	0	16	20	36.01	3.6	10
2003	0	0	0	0	0	0	15	20	94	8	8	0	145	12.1	12
2004	11	0					35	32	60	0	12.5	1.5	152	19	8
2005	8	18	0	0.01	0	0	0	3	0.01	2	0.01	0.01	31.04	2.6	12
2006	0	0	0	0	0	0.01	11	1	209	64	0	0.01	285.02	23.8	12
2007	0.01	0	0	0	0	0.01	0	0.5	11.5	29	8	11	60.02	5	12
2008	2	0	0	0	0	0	0.01	130	5	1	7.5	0.5	146.01	12.2	12
2009	3	0	0.01	0	0	0	11	0	305	12	0.01	0	331.02	27.6	12
2010	2	12	0	0	0	0.01	0	1	1	10	0	0	26.01	2.2	12
2011	1	0	0	0	0	0	0.5	10	25	3.5	30	0	70	5.8	12
2012	0	37.5	0	0	0	0	0	30	46	54.5	0	0	168	14	12
2013	1.5	0	0	0	0	2	0.5	47	9.5	82	0.01	3	145.51	12.1	12
2014	0	0	0	0	0	0	28	20	184	19	0	0.01	251.01	20.9	12
2015	9.5	25	5	14	0	91	25	0	60	3	1	0	233.5	19.5	12
2016	0.01	0	1	0.01	0.01	0	0.01	0.5	121	0	0.01	18.5	141.05	11.8	12
2017	0.01	9	0	0	0	0	11	54	97	0	5	0	176.01	14.7	12
2019	8.5	0.4	0	0	0	0	1	3.5	30	3.5	30	5.5	82.4	6.9	12
2020		0	0		0								0	0	3
2021	0												0	0	1
2022	0.5	0	0	0	0	0	8	24	188	2	0	3	225.5	18.8	12
2023	0	0	0	0	0	0	1	160.5	0	0	0.3	0	161.8	13.5	12
2024	0.2	0	2.5	0	0	0	1	15.3	21	0			40	4	10
MÍNIMA	0	0	0	0	0	0	0	0	0	0	0	0	0	0	1
MÁXIMA	61	37.5	30.5	14	17	91	58	160.5	305	105	47	90	331.02	27.6	12
MEDIA	6.5	3.3	1.1	0.2	0.2	1.2	6.7	17.5	29.3	8.1	4.8	6.4	81.1	7	11.4
DESV.ST	11.6	7.1	3.9	1.5	1.8	9.5	10.3	27.4	53.9	18.4	10.9	13.8	70.4	5.9	1.9

LLUVIA TOTAL MENSUAL
AÑO	ENE	FEB	MAR	ABR	MAY	JUN	JUL	AGO	SEP	OCT	NOV	DIC	ACUM	PROM	MESES
1922	0.02	0.01	0	0	0	0.01	0.03	1.51	56.71	0	0.03	0	58.32	4.9	12
1923	0.01	0.02	0.01	0	0	0	2.21	3.21	0	4.2	93.13	24.01	126.8	10.6	12
1924	0	0.02	0.01	0.01	0.02	0.02	0.01	0	0	0	0	1.5	1.59	0.1	12
1925	0	0	0	0	0	0.01	2.01	0.04	0.22	0.01	0	0.32	2.61	0.2	12
1926	0	0	0.01	0.01	0	0	0	0.01	8.01	0.01	0	0.2	8.25	0.7	12
1927	0	0	0	0	0	0	2.7	2.81	2.71	0.01	0	0.04	8.27	0.7	12
1928	0.01	0	0	0	0	0	0	9	0.01	0.2	0	12.01	21.23	1.8	12
1929	0	0	0	0	0	0	0.5	6.01	64	40.02	0	10.52	121.05	10.1	12
1930	16	0	0	0	0	0	2.03	0.71	0	15	2.04	43	78.78	6.6	12
1931	17.01	6	0	3	0	0	7	27.02	14.7	0.3	0.02	0	75.05	6.3	12
1932	0	21.03	0	0	0	0.01	0	0.01	0.02	0.01	0	4.01	25.09	2.1	12
1933	3.01	3.02	0	0	0	0	0.03	1.05	0.01	13	0	0	20.12	1.7	12
1934	0	0	1.01	0	0	0	30.01	17.04	15.3	0	0	127.9	191.26	15.9	12
1935	0.03	1.72	0	0	0	0	0	102.61	13.2	0	0.02	25.1	142.68	11.9	12
1936	2.4	0	0	0	0	0	1.51	105.7	14	0	5.81	4.9	134.32	11.2	12
1937	6.31	0	0	0	0	0	10.02	0.02	4.41	11.8	0.01	0.92	33.49	2.8	12
1938	14.62	0.02	0.01	0.01	0	0	30.01	13.9	41.7	18.6	0	1.52	120.39	10	12
1939	0.32	0	0	0	0	0	6.01	7.01	72.83	0	0.01	0	86.18	7.2	12
1940	1.51	0	3	0.01	0	0	4.41	28.9	100.71	1.1	0.22	6.61	146.47	12.2	12
1941	0	0.01	7.53	0	0	0	7.9	0.31	26.9	0	0.02	2.4	45.07	3.8	12
1942	0	4.41	0	0	0	0	0	16.76	0.01	3.9	11.4	0	36.48	3	12
1943	4.5	0	0	0	0	0.02	4.11	31.81	53.5	1.5	0	12.1	107.54	9	12
1944	0.01	1.81	40.5	0	0	0	0	25	24	0	0.2	0	91.52	7.6	12
1945	0.02	0	0.4	0	0	0	0.2	77.22	2	33.01	0	0	112.85	9.4	12
1946	8.02	0	0	0	0.01	0	70.01	4.02	150	5.3	0	24	261.36	21.8	12
1947	0	0	0.01	0	0.01	0	0.32	1.23	2.81	0.01	0.02	0.01	4.42	0.4	12
1948	0	25.04	0.01	0	0	2	29.03	0	24.02	0.41	0.01	38.04	118.56	9.9	12
1949	20.52	10.52	1.5	0									32.54	8.1	4
1954				0.01	0	0.01	25.45	0.05	1.03	5.91	0	0	32.46	3.6	9
1955	20.72	0.01	0	0	0	0	0	0.03	0.03	0.01	0.02	0	20.82	1.7	12
1956	0.01	0.01	0	0	0.02	0.01	2.36	1.44	14.82	0	0.05	0.45	19.17	1.6	12
1957	38.81	0.02	0	0	0.03	0	2.03	3.56	0	71.2	0	0.02	115.67	9.6	12
1958	26.8		10.46	0.02	0.02	2	4.52	0.03	17.23	39.51	3.72	0.02	104.33	9.5	11
1959	0	15.01	0	0.01	0	0.01	3.36	3.07	7.41	0.02	57.21	89.61	175.71	14.6	12
1960	57.42	0.02	0	0	0	0.02	4.02	12.23	0.05	0.06	0.02	4.5	78.34	6.5	12
1961	62.53	0	0	0	0	0	0.01	40	14.5	0	10	3.01	130.05	10.8	12
1962	45	21.5	3	0	0	0.01	21.51	20	159.51		0	32.01	302.54	27.5	11
1963	4.5	0.02	0	0	0	0	9.5	13.01	21.01	0.02	0	0.03	48.09	4	12
1964	0	0	0	0		0	13.03	0.02	7.5	0.02	0.01	0.01	20.59	1.9	11
1965	1.54	0.01	2	0	0	0	0.04	0.15	0.5	0	0	2.04	6.28	0.5	12
1966	0.01	0.31	0	0.02	0	0	1.72	1.4	0.83	0	0	0.61	4.9	0.4	12
1967	0	0.01	0	0.01	0.01	0.02	0.22	9.61	0.2	22.3	6.8	0.33	39.51	3.3	12
1968	1.2	0.41	1.41	0.2	0	0	0.73	0.21	0	0.6	0.01	0	4.77	0.4	12
1969		6.5			0		13	2	7.5	0	0	22.5	51.5	6.4	8
1970	0	0	2	0	0	1.5	0	56	7	1	0	3	70.5	5.9	12
1971	1	0	0	0	0	2	0	42.5	7	3	0	1.5	57	4.8	12
1972	26	0	0	0	30.5	0	38	27	24	100	0	68	313.5	26.1	12
1973	15	37	2	0	0	0	17.5	2	15	0	0	0	88.5	7.4	12
1974	14	0	0	0	0	0	27	0	28	0	33.5	0	102.5	8.5	12
1975	12	0	0	0	0	0	0	0	0	0	0	2.5	14.5	1.2	12
1976	0	10.5	0	0	0	0	14	16.5	96.7	0	0	1	138.7	11.6	12
1977	2.5	0	1.5	0	0	0	0	74.5	21	0	0	1	100.5	8.4	12
1978	0	16.5	0	0	0	0	0	4.5	2	105	0	15.5	143.5	12	12
1979	61	0	0	0	0	0	3.5	0	39.5	0	0	0	104	8.7	12
1980	0	0	0	0	0	0	12	0	8.5	0	0	26	46.5	3.9	12
1981	40	4	2.5	4.5	0	0	16	4.5	6	6	0	0	83.5	7	12
1982	3	1	0	0	0	0	7	17	21	0	27	3.5	79.5	6.6	12
1983			19	0	0	0	12	61	19.5	16.5	0	3	131	13.1	10
1984	33.51	0	0	0	0	1.01	151.5	33.01	35.02	17.02	5	40.51	316.58	26.4	12
1985	18.55	0.01	0.01	0.01	0	0	18.05	16.01	0.01	1	7.5	0	61.15	5.1	12
1986	0.03	2.02	0	0.01	0.01	0	0.01	30.02	12	0	9.01		53.11	4.8	11
1987	2	2.02	0	0.01	0							0.51	4.54	0.8	6
1988	0	0.01	0	0.02	0	0	0.02	61.5	0	3.51	0	6.02	71.08	5.9	12
1989	24.51	7.51	0	0	0	0	5.5	2.5	0.71	0.01	0.01	10.02	50.77	4.2	12
1990	3.51	1	0.5	0	0	0		45.01	15				65.02	8.1	8
1991	16.51	54.02	0.01	0.01	0	0	0	38.51	28.02	0	87.01	20.02	244.11	20.3	12
1992	81.02	13	25	0.01	0	0	0.01	49.5	0.02	1	6	3.52	179.08	14.9	12
1993	70.5	22.5	0	0	0	0	0	82.8	59.5	0	36	28	299.3	24.9	12
1994	0	0	1.02	0	0	0.02	7.5	17.53	24	0.3	47.01	46.35	143.73	12	12
1995	22.8	4.35	0	0	0.01	0	0.02	18.52	0	0	30.01	0	75.71	6.3	12
1996	0	10	0	0	0	0	12.02	43.1	0	0	0.01	0.01	65.14	5.4	12
1997	10.01	0	0	0	0	0.02	0.02	14.11	56.71	0	3.51	6.82	91.2	7.6	12
1998	0	1.5	0	0	0	0.01	16.3	103.5	1.01	0	0	1	123.32	10.3	12
1999	0	0.01	0	0.01	0	11.52	8.01	1.52	7.41	0.01	0		28.49	2.6	11
2000	0	0	0.01	0	0	0	6.53	71.5	47.03	0.03	0	0.5	125.6	10.5	12
2001	0.01	0.01	0.5	0	0	0	2.52	0.01	261	0	0	0	264.05	22	12
2002			0	0	0	0	0.01	0	0	0	31	20	51.01	5.1	10
2003	0	0	0	0	0	0	28	20	146	8	8	0	210	17.5	12
2004	11	0					36	32	106.5	0	13.01	1.51	200.02	25	8
2005	13.02	28.51	0	0.01	0	0	0	6	0.01	2	0.01	0.01	49.57	4.1	12
2006	0	0	0	0	0	0.01	16.52	1	218	70.52	0	0.01	306.06	25.5	12
2007	0.01	0	0	0	0	0.01	0	0.5	11.5	34.5	8.01	11	65.53	5.5	12
2008	4	0	0	0	0	0	0.01	198.01	5	2	7.5	0.51	217.03	18.1	12
2009	3.03	0	0.01	0	0	0	19.51	0	311.01	14	0.01	0	347.57	29	12
2010	3	19.5	0	0	0	0.01	0	1.02	1	10	0	0	34.53	2.9	12
2011	1	0	0	0	0	0	0.5	18	28	4	41	0	92.5	7.7	12
2012	0	37.5	0	0	0	0	0	57	106.5	54.5	0	0	255.5	21.3	12
2013	3.01	0	0	0	0	3	0.5	70.01	11	91	0.01	3.5	182.03	15.2	12
2014	0	0	0	0	0	0	49.51	23	269.5	21	0	0.01	363.02	30.3	12
2015	14.52	40	5.51	14	0	94	49	0	148	3.01	1.01	0	369.05	30.8	12
2016	0.01	0	1	0.01	0.01	0	0.03	0.52	138.01	0	0.02	45.51	185.12	15.4	12
2017	0.01	9.01	0	0	0	0	43	64	97	0	5	0	218.02	18.2	12
2019	16.5	0.4	0	0	0	0	1	4.5	51	7	60.6	5.5	146.5	12.2	12
2020		0	0		0								0	0	3
2021	0												0	0	1
2022	0.5	0	0	0	0	0	10	36	357	2	0	5	410.5	34.2	12
2023	0	0	0	0	0	0	1.5	165.5	0	0	0.61	0	167.61	14	12
2024	0.21	0	2.5	0	0	0	1.01	33.3	21	0			58.02	5.8	10
MÍNIMA	0	0	0	0	0	0	0	0	0	0	0	0	0	0	1
MÁXIMA	81.02	54.02	40.5	14	30.5	94	151.5	198.01	357	105	93.13	127.9	410.5	34.2	12
MEDIA	9.5	4.7	1.4	0.2	0.3	1.3	10.1	24	40.6	9.4	7.2	9.6	112.6	9.7	11.4
DESV.ST	17.1	10.3	5.4	1.5	3.1	9.9	19.9	35.4	70.5	21.6	17.6	20.1	97.2	8.2	1.9

TEMPERATURA MÁXIMA PROMEDIO
AÑO	ENE	FEB	MAR	ABR	MAY	JUN	JUL	AGO	SEP	OCT	NOV	DIC	ACUM	PROM	MESES
1922	20.9	25	24.6	24.4	30.5	35.9	37.4	38.7	37.2	28.7	24.8	20.1		29	12
1923	21.3	23.8	24.7	28.4	33.7	35.5	35.6	36.4	35.9	32.6	26.1	20		29.5	12
1924	20.8	24.7	23	25.1	29.1	33.4	34.2	35.9	34.7	31.2	26.8	21.4		28.4	12
1925	22.3	25.2	26.6	27.3	30	31.9	35.4	34.2	34.4	30.5	26.1	22.5		28.9	12
1926	21.6	23.9	24.1	26.8	29.3	34	35.1	35.1	33.7	31.6	28.2	22.2		28.8	12
1927	23.2	24.1	25.1	26.1	30.1	32.8	34.8	34.2	33.4	30.9	28.7	21.2		28.7	12
1928	23.1	21.8	26.3	30.2	29.3	33.4	34.9	34.9	34.6	31.5	26.5	23		29.1	12
1929	21.3	22.6	25.5	29.5	30.6	33	34.8	34.6	32.9	31.3	24.8	23.7		28.7	12
1930	21.4	26	25.3	29.9	30	33.2	34.7	35.1	35	31.7	26.1	22.9		29.3	12
1931	21.5	22.1	25.7	28.9	30.3	33.7	34.9	34.7	34.6	31.6	25.6	21.1		28.7	12
1932	20	21.1	24.2	27.9	29.5	32.9	34.1	35.4	34.3	30.6	27.7	21.7		28.3	12
1933	20.1	19.7	25.3	25.7	28	32.1	34.7	34.7	34.3	32.3	28.2	24.7		28.3	12
1934	22.4	25	28.7	26.6	31.4	31.8	34.4	34.4	33.5	31.9	28.1	22.6		29.2	12
1935	21.4	22.1	22.7	24.8	26.5	32.5	34.2	33	32.8	29.7	25.4	22.6		27.3	12
1936	22.3	23.3	26.7	28.6	31.8	33.3	37.5	34.4	33.9	31.4	26.1	22.5		29.3	12
1937	16.6	22.1	24.9	27.5	28.4	32.3	35.1	35.9	34.1	32.2	28.5	24.7		28.5	12
1938	22.4	22.7	23.8	26.1	29.5	33.2	33.8	35.2	33.7	30.8	25.3	24		28.4	12
1939	21.8	19.6	23.9	28.3	31.1	33.4	35.9	33.8	33	31.4	26.8	26.7		28.8	12
1940	23.7	23.9	26.5	27.1	31.7	33.1	36.5	34.7	33.8	30.9	25.6	25.2		29.4	12
1941	22.4	24.4	24.4	25.1	32	32.8	34.6	34.6	33.4	30	28	23.2		28.7	12
1942	24	22.7	23.6	25.1	30	32.6	35.3	33.9	35.2	30.3	27.3	24.8		28.7	12
1943	22.6	24.1	26.2	27.7	30.2	32.7	36	35.3	34.1	31.2	27.3	22.3		29.1	12
1944	21.9	21.5	23	25.2	27.9	30.5	36	35.2	33.3	32	24.9	23.4		27.9	12
1945	21.5	22.6	22.1	25.4	29.8	30.6	34.7	34.5	34.8	29.7	26.2	23.6		28	12
1946	21.2	22.3	24.6	28.6	28.6	34.7	35.5	35.4	34.6	29.3	24.1	23.7		28.6	12
1947	21	24.8	24.5	27.1	29.6	32.8	36.4	35.3	33.5	31.5	25.3	21.9		28.6	12
1948	23.9	21.2	23.4	28.6	30.2	33.7	34.6	35.2	35.1	31.8	27.4	21.8		28.9	12
1949	16.6	20.2	24.2	30.8										23	4
1956							33.1	36.5	36	32.8	29.6	26.7		32.5	6
1957	25.5	27.5												26.5	2
1958							35	34	35.4	31.8	28.3	28.9		32.2	6
1959	25.9	25.5	28.8	28.7	29.2	33.9	34	34.9	34.9	32.2	29.3	25		30.2	12
1960	21.3	24.2	27.7	27.8	27.6	29.2	34.1	33.4	36.4	31.6	28	25		28.9	12
1961	20.5	23.1	23.6	27.5	29.6	32.6	34.1	34.7	32	31	23.4	20.9		27.8	12
1962	20.5	21.5	21.5	29.5	28	31.4	34.4	35.7	32.8		26.8	22.4		27.7	11
1963	19.2	24.6	23.7	25.8	31.4	31.2	35	34.1	35.1	32.7	26.1	22.6		28.5	12
1964	19.8	20.6	22	25.7		35.9	35.5	34	33.1	32.2	25.3	21.7		27.8	11
1965	21.1	22.2	21.8	26.1	28.4	30.4	35.4	34.8	33.4	31.7	27.2	22.1		27.9	12
1966	19.8	20.4	24.1	27.5	30.1	34.5	34.1	34.5	33.5	29.8	26.3	22.1		28.1	12
1967	21	22.9	24	25.5	29.4	31.4	34.4	34.9	33.3	29.9	26.4	20.7		27.8	12
1968	20.1	23.3	24.3	25.1	28.7	32.6	34.6	33.3	33.3	30.8	26	20.3		27.7	12
1969		20.3			29.3		34.8	35.5	34.4	29.6	25.8	21.1		28.9	8
1970	21.3	22.3	23.5	26.4	28.9	32	34.1	35	32.8	28.5	25.5	21		27.6	12
1971	20.3	22	25	25.6	27.3	33.7	34.8	33.4	34.3	28.7	24.6	20.7		27.5	12
1972	19.8	23.6	25.8	27.2	29	32.4	35	33.8	33.1	31.4	23.1	24.7		28.2	12
1973	19.2	21.2	21	23.7	29.2	32.4	32.6	33.6	33.5	30.2	25.7	22.5		27.1	12
1974	20.3	22	23.7	26.7	29.3	33.3	34.2	35	32.6	32	28.3	20		28.1	12
1975	21.2	21.8	23.1	23.6	26.8	31.8	33.5	34.7	34.2	30.7	25	20.5		27.2	12
1976	21	22.5	22.7	25.5	29.5	33.7	34.8	35.6	33.3	27.9	25.8	21.2		27.8	12
1977	20.1	24.2	21.9	26.3	26.6	33.2	34.6	34.4	33.4	30.3	26.7	23.9		28	12
1978	21.5	22.1	25	25.5	28	33.1	35.7	33.9	32.9	31.5	24.5	18.5		27.7	12
1979	18	20.5	23.2	26.8	29	32.1	36	33.4	34.6	32.2	25.5	21.8		27.8	12
1980	21.4	25.3	23.4	27.6	26.9	34.5	36.4	34.6	34.3	30.5	25.7	23.4		28.7	12
1981	21.8	23.9	22.9	27.3	27.6	32.7	34.1	35.3	33.6	29.5	27.3	23.3		28.3	12
1982	20.3	23.2	23.5	27.7	28.3	31.8	34.1	35.5	34	30.7	24.8	22.2		28	12
1983			24.3	24.6	30.4	32.1	35.9	33.8	34.6	30.9	26.2	23.5		29.6	10
1984	21.5	23.4	25.9	26.7	31.1	33.1	33.6	34.5	34.3	28.3	24.7	20.4		28.1	12
1985	18.9	21.5	23.3	27.6	30.3	33.3	34.9	35.9	33.2	29.8	24.3	22.1		27.9	12
1986	23.9	23.7	26.4	29.5	29.7	33.9	34.7	36.2	33.4	29.8	26			29.7	11
1987	21.2	21.9	22.5	28.7	27.6							21.2		23.9	6
1988	22.6	25.1	26.3	28.5	31.3	34.6	35.5	36.1	36	32.2	26.8	22.4		29.8	12
1989	20.1	23	27.2	31.7	32.4	35.3	36.5	35.6	36.4	32.6	27.5	22.9		30.1	12
1990	22.1	22.4	26.1	29	31.9	36.4		35.3	36.1					29.9	8
1991	21.2	25.6	24.2	29	29.7	34	35.8	36.2	36.5	33.8	28	22.1		29.7	12
1992	20.9	23.6	25.7	28.5	32.4	36.1	37.1	36	36.3	33	26.3	21.9		29.8	12
1993	23.1	21.8	27.6	30.9	32.1	35.5	37.4	37.3	35.9	33.4	26.7	22.8		30.4	12
1994	24.2	23.9	27.2	29.8	32.1	36.3	38.1	36.8	36	32	24.8	20.8		30.2	12
1995	21.9	25	27	28.9	30.3	34.6	37.8	36.9	36	33.2	28.4	24.7		30.4	12
1996	25	26.1	27.5	30.9	34	36.6	37	35.1	33.9	32	26.9	23.4		30.7	12
1997	22.4	23.2	28.6	28.9	34.7	35.8	39.9	39.5	37	33.5	30.1	24		31.5	12
1998	26.2	26.1	28.2	30.4	33.5	37.3	39.5	38	37.2	33.9	29	24.3		32	12
1999	26.2	26.5	28.3	30	34.2	35.7	36.4	37	36.2	35.7	29.7			32.4	11
2000	26	25.7	27.1	31	33.4	36.2	37.5	35.8	35.9	31.1	29.9	24.5		31.2	12
2001	22.5	23.8	26.3	29.4	34	36.6	37.5	37.7	36.8	32.1	29.1	23.3		30.8	12
2002			30.5	33.7	32.6	34.4	37.6	38.4	38.1	35.4	28.1	23.1		33.2	10
2003	22.5	23.3	23.5	24.8	26.1	27.5	30.7	38.8	38.4	37.5	33.5	21.3		29	12
2004	16.6	15.3					38.8	38.8	35.9	32.3	26.1	24.5		28.5	8
2005	23	23.2	26.5	30.2	33	35.6	38.2	37.9	37.9	32.8	29.4	24.8		31	12
2006	24.5	26.5	26.8	30.3	34.3	38	38.4	38.9	34.3	31.8	28.6	23.4		31.3	12
2007	20.8	24.9	28.7	29.7	33.4	37.6	38	39	38.5	34	29	22.5		31.3	12
2008	22.5	26	29.3	32.5	32.1	38.4	39	37.9	36.7	34.6	29.8	24.2		31.9	12
2009	24	26	28.6	30.6	35.8	34.8	38.3	38.9	36.7	33.5	30.7	26.1		32	12
2010	26.7	25.9	28.5	28.8	32	35.9	36.9	37.9	36.1	32.3	28.1	25.4		31.2	12
2011	24.7	25.2	29.5	29.9	31	35.3	39.2	38.9	38.7	37.1	28.4	25.4		31.9	12
2012	24.8	24	25.7	28.5	33.3	35	35.5	35	34.8	31.9	28.4	24.5		30.1	12
2013	21.9	23.1	28.3	29.6	30.8	34.9	35.4	35.8	34.8	31.3	27.3	23.9		29.8	12
2014	25.7	28.4	27.8	29.5	33.2	37	35.8	36.2	33.5	33.2	28.6	25.5		31.2	12
2015	23.2	26.5	28.2	28.5	28.9	34.4	34.6	36.8	34.4	32.9	27.4	23.2		29.9	12
2016	24	28.2	28.4	29.4	29.5	34.8	36.1	35.3	33.1	33.8	29.8	23.5		30.5	12
2017	22.6	25.8	28.5	31	31.2	33.9	35.7	35.6	33.7	34.8	30.5	24.6		30.7	12
2018	26.2	24.5	26.8	29.8	31	34.7	36.5	35.5	35.7	31.4	27.3	24.1		30.3	12
2019	22.7	22.4	26.4	29.4	29	34.1	36.5	36.6	33.5	32.8	26.9	23.2		29.5	12
2020	23.4	24	24.5	27.8	32.4	35.1	36.7	36.9	36.4	36.9	27.4	24.1		30.5	12
2021	23.6	24.7	26.3	30.2	31.6	35.5	35.5	36	34.9	31.9	30	25.8		30.5	12
2022	24.7	24.7	27.4	29.9	31.3	34.7	36.3	35.1	33.3	31.9	25.9	23.5		29.9	12
2023	22.9	21.9	24.4	28.6	29.6	33.7	37.8	36.7	36	33.2	28.9	25.3		29.9	12
2024	24.3	24.9	26.3	28.8	31.9	35.4	36.6	36	36.6	35.5				31.6	10
MÍNIMA	16.6	15.3	21	23.6	26.1	27.5	30.7	33	32	27.9	23.1	18.5		23	2
MÁXIMA	26.7	28.4	30.5	33.7	35.8	38.4	39.9	39.5	38.7	37.5	33.5	28.9		33.2	12
MEDIA	22.1	23.5	25.4	28	30.4	33.8	35.7	35.6	34.8	31.8	27.1	23		29.2	11.4
DESV.ST	2.1	2.1	2.1	2.1	2.1	1.9	1.6	1.5	1.5	1.8	1.8	1.8		1.7	1.8

TEMPERATURA MÁXIMA EXTREMA
AÑO	ENE	FEB	MAR	ABR	MAY	JUN	JUL	AGO	SEP	OCT	NOV	DIC	ACUM	PROM	MESES
1922	26	32.4	27.5	29.2	34.9	39	39.1	40.3	39.6	35.8	27	26.1		33.1	12
1923	29.9	30.5	30.5	33	37	39.5	40.4	39.2	39.5	38	30.8	25.5		34.5	12
1924	25	29	28	30.6	35	39	38.9	38.2	37.9	34.9	34.5	30.2		33.4	12
1925	29.6	29.9	30.8	37	39	38.4	38.3	38.5	39	37.9	30.3	26.8		34.6	12
1926	25.5	29.9	27.2	34	34.5	40	40.1	37.8	36.9	39.8	32.1	37.5		34.6	12
1927	28.3	32.5	29.5	33.2	34.9	35.9	40	41.9	38.2	36.1	32.3	27		34.1	12
1928	28	27.6	33	35.2	34.4	39.8	37.9	39.9	40	37	31.6	29		34.5	12
1929	28.2	26	29.8	35.9	35	36.5	38	37.4	39.1	35.6	29.8	29.8		33.4	12
1930	25.8	32	32.9	34	35	39.2	38.5	38.4	38	38.8	33.2	28		34.5	12
1931	25.8	26	33	35.6	35.9	38.9	39.5	39	40	36	34.4	26.4		34.2	12
1932	29.4	29.9	30.9	35	39	38	39.4	38	39	35.5	37	26.3		34.8	12
1933	26.5	24.9	29	31	35	37.4	39.9	38	39	36.5	32	30		33.3	12
1934	30.5	29.5	34.5	31	36.5	37	38	38.5	39	37	35.2	27.5		34.5	12
1935	26	28	28	33	33	36	37	38	38	33.5	30.5	27.5		32.4	12
1936	28.5	26.5	32	32.5	39.5	38	40	38.5	37	36.5	30	28		33.9	12
1937	21	26	31	32.5	34	37	38	40	38	36	32	29.5		32.9	12
1938	27.5	28	28	32	38	38	37	39	38	36	29	29		33.3	12
1939	26	24	29	33	37	37.5	41	37.5	37.5	35.5	37.5	31		33.9	12
1940	28	29.5	31	33	36.5	38	42.5	38	37	36.5	29	31		34.2	12
1941	29	30	27	29.5	37	37.5	38	38	37	34	33	30		33.3	12
1942	27	28	32	32	33.5	37.5	39	37	38	37	32	31		33.7	12
1943	28	31	31	35	33	37	39	38	37	35	33	25		33.5	12
1944	28	25	28	30.5	34	35	39	40	37	37	31	29		32.8	12
1945	25.5	30	28	32	35	36	37.5	37.5	39	36	34	28		33.2	12
1946	27	30	30	32.5	33	38	40	38	39	33	29	28		33.1	12
1947	28	31.5	29	36	39	38	39	39	38	38	32	27		34.5	12
1948	30	29	30	36	35	37.5	38	38	40	37	31	28		34.1	12
1949	26	28	28	36.5										29.6	4
1956							37.5	42	40.5	37.5	34.5	34		37.7	6
1957	32.5	35.5												34	2
1958							40	38.5	38.5	36.5	32	34		36.6	6
1959	29.5	35	32.5	35.5	37.5	43	39.5	39	40.5	40	38	30.5		36.7	12
1960	28	29.5	31.5	36.5	32.5	36	39	38	40.5	39	33	33.5		34.8	12
1961	24.5	28	27.5	35	36	39	36.5	38	36	37	26.5	23.5		32.3	12
1962	25.5	27	28	36.5	34	36	38	40	38		33.5	26.5		33	11
1963	23	30	31.5	31	38.5	36.5	39	37	39	38	31	28		33.5	12
1964	24.5	25.5	28	31.5		41	39	39	38	35.5	31.5	28		32.9	11
1965	28	27.5	26	33	36	35	38	37	37	35.5	32	26		32.6	12
1966	23.5	25	28	32.5	35	39	38	38	36.5	33	32	28.5		32.4	12
1967	25.5	27	32.5	30	35.5	37	37.5	40	35.5	33.5	30.5	26		32.5	12
1968	23.5	29	30	30.5	34.5	38.5	39.5	36.5	39	35.5	31	24.5		32.7	12
1969		23			35		39.5	38.5	38	37	30	27		33.5	8
1970	26	27	29	31	38	37	37	38.5	39	33	29	24.5		32.4	12
1971	28	28	31	31.5	32	36.5	38	37.5	39	34	29	28		32.7	12
1972	23	28.5	31	34	34	38	38.5	39.5	37	35	25.5	29.5		32.8	12
1973	23	26	24	29	34.5	37	37	38	38.5	35	32	26		31.7	12
1974	25.5	27	31	31	35.5	38	37	38.5	37	34	33.5	24		32.7	12
1975	28	26	32	26	34	35	36.5	36.5	37.5	38	28	25.5		31.9	12
1976	26	27	29	30.5	35.5	38	38	39	38	32	30.5	24		32.3	12
1977	23.5	28.5	28.5	29.5	31	37.5	37	39.5	37.5	34	29.5	27.5		32	12
1978	26	26.5	29.5	29.5	35	38	39	37	36	36.5	30	23		32.2	12
1979	22	25.5	28	32	32	37.5	39.5	39	38.5	38	34.5	25.5		32.7	12
1980	27	30	27	36.5	32	40	40	39.5	38	38	31	27.5		33.9	12
1981	28	29	29.5	32.5	32	39.5	39	39.5	39	35.5	30.5	27.5		33.5	12
1982	23	29	30	36	37	36.5	38.5	39	37.5	35.5	28	26		33	12
1983			30	30	36	37	40	39	38.5	36	29.5	26.2		34.2	10
1984	24	26	29	32	37	38	37	38	37	36	29	23.5		32.2	12
1985	22	27	30	33	37	36	39	40	36	37	30	26		32.8	12
1986	27	32	31	36	35	38	39	40	37.5	35	31			34.7	11
1987	29	27	28	34	32							27		29.5	6
1988	27	29	33	31.5	39.5	41	39.5	40	38.5	39	35	27		35	12
1989	25.5	30	35	38	39	40	39	38	39.5	38	30	28		35	12
1990	27	30	32.5	37.5	37.5	40		38.5	37.5					35.1	8
1991	25	31	28.5	35	33.5	38.5	39	39	40	38.5	36.5	24		34	12
1992	24.5	28	30	33	38	42	40	40	40	37	32.5	26.5		34.3	12
1993	26.5	26	32	36.5	37.5	42.5	42	42	40	39.5	30.5	28.5		35.3	12
1994	29	27.5	32.5	37.5	42	40.5	40	41	39	36.5	33	24		35.2	12
1995	27	30	33	34	37.5	41	41.5	40	38	37.5	31.5	29.5		35	12
1996	31	33	35.5	36	38.5	40	42.5	38.5	38	37.5	31.5	27.5		35.8	12
1997	28.5	26.5	34	33.5	39	41	43.5	42.5	42	39	35	27.5		36	12
1998	29.5	30.5	37	36.5	39	45	45	41	41	37.5	32	30.5		37	12
1999	34.5	32	35	40	40	43	41	40.5	41.5	40	35			38.4	11
2000	31	30	35.5	36	37	40.5	41	37.5	40	36	35	32.5		36	12
2001	27	30	34.5	37.5	40	40.5	41.5	41	40.5	35.5	33.5	26		35.6	12
2002			35	39	35	37	39	40	39	37	30	26		35.7	10
2003	24	25	25	27	29	30	38	40	39	38	38	24		31.4	12
2004	19	18					42	41	40.5	39.5	30	31		32.6	8
2005	27	27	31	35	39	40	42	44	42	40	34	29		35.8	12
2006	30	35	33	39	38	43	42	43	41	38	32	30		37	12
2007	26	30	37	35	40	42	43	43	45	37	33	30		36.8	12
2008	28	32	36	39	43	44	42	42	42	38	37	30		37.8	12
2009	30	34	35	38	45	45	44	42	43	38	37	29		38.3	12
2010	30	30	34	34	37	40	41	41	40	37	36	31		35.9	12
2011	29	34	35	36	38	40	44	42	43	42	36	31		37.5	12
2012	29	29	30	34	38	38	39	41	38	38	34	31		34.9	12
2013	27	26	33	35	35	38	38	40	41	35	32	29		34.1	12
2014	29	37	31	35	37	42	40	42	37	36	33	28		35.6	12
2015	28	32	33	34	34	39	38	39	37	37	31	28		34.2	12
2016	28	33	35	33	36	43	40	38	37	36	34	30		35.2	12
2017	27	33	36	37	37	37	40	38	37	38	34	27		35.1	12
2018	30	30	35	34	36	39	42	38	39	35	32	27		34.8	12
2019	29	31	31	34	34	39	41	41	37	37	33	27		34.5	12
2020	27	31	30	37	38	38	40	41	41	41	34	27		35.4	12
2021	29	29	32	37	36	39	40	40	38	36	36	31		35.2	12
2022	27	31	32	37	38	39	41	38	38	37	30	28		34.7	12
2023	27	26	32	35	35	40	42	40	40	39	36	28		35	12
2024	29	31	30	32	36	42	40	38	42	39				35.9	10
MÍNIMA	19	18	24	26	29	30	36.5	36.5	35.5	32	25.5	23		29.5	2
MÁXIMA	34.5	37	37	40	45	45	45	44	45	42	38	37.5		38.4	12
MEDIA	27	29	31	33.9	36.1	38.8	39.5	39.3	38.8	36.7	32.2	28		34.2	11.4
DESV.ST	2.5	3	2.8	2.8	2.6	2.4	1.8	1.6	1.7	1.9	2.6	2.6		1.7	1.8

TEMPERATURA MÍNIMA PROMEDIO
AÑO	ENE	FEB	MAR	ABR	MAY	JUN	JUL	AGO	SEP	OCT	NOV	DIC	ACUM	PROM	MESES
1922	7.5	8.3	7.6	9.8	14.4	20.9	24.4	26.3	24.3	16.3	10.1	5.3		14.6	12
1923	4.6	7.6	10	14.3	14.7	18.6	27	25.5	24.3	16.5	13.8	10.1		15.6	12
1924	5.9	7.9	8.3	12	17.3	23.4	26.5	27.3	25.5	17.6	10.8	7		15.8	12
1925	5.8	8.8	11.4	13.8	17.2	22	26.7	25.8	23.1	19.3	12.8	9.3		16.3	12
1926	7.7	9.2	13.5	15.4	17.2	23.5	26.6	27	25.2	19.9	12.6	9.6		17.3	12
1927	7.2	9.8	9.2	12	16.1	21.6	26.7	26	22	17	15.7	9		16	12
1928	8.3	9.7	11.8	13	15.5	22.2	26.2	26.6	23.5	19.2	12.5	7		16.3	12
1929	5.5	6.7	10	12.9	16.5	17.5	26.4	26.1	24.3	22.6	11.2	9.3		15.8	12
1930	9.3	9.7	10.3	14.4	15.7	22.5	26.3	25.2	22.6	18.2	14.6	9.4		16.5	12
1931	6.7	10.5	11.2	15.8	19.1	23.7	28.1	26.9	24.6	19	13.5	6.9		17.2	12
1932	4.3	9	10.6	13	16.5	21.7	26.3	27.2	23.7	18.7	11.1	8.6		15.9	12
1933	6.4	6	10.3	12.7	13.9	21.8	26.6	26.8	24.7	19.5	13	8.8		15.9	12
1934	5.3	9.3	12.9	15.1	19.2	21	26.3	25.7	23.9	18.4	13.2	11.1		16.8	12
1935	8.9	8.5	9.8	7.7	9.7	16.5	20.9	19	19.2	12.4	9.2	8.2		12.5	12
1936	6.6	8.8	11.6	13.5	17.4	22.4	27.6	25	23.4	17.7	12.7	9.6		16.4	12
1937	6.3	6.8	9.8	12.8	16.5	20.7	26.9	27.7	25.2	17.9	13	10.4		16.2	12
1938	9.1	9.4	10	12.6	16.2	22.5	25.5	26.5	24.1	18.1	10.3	7.8		16	12
1939	5.6	5.3	11	13.7	17.3	22.6	27.3	26.3	23.9	17.1	13.7	10.9		16.2	12
1940	8.1	10.1	11.2	14.5	19	22.8	26.3	25.5	24	18.5	12.3	12		17	12
1941	7.8	10.2	11.6	12.8	18.3	20.4	26.8	25	22.6	17.6	14	8.3		16.3	12
1942	7.5	8	9.5	13.5	15.5	21.4	27	25.9	23.6	17.8	12.2	9.3		15.9	12
1943	6.7	8.5	12	14.4	17	22.3	26.6	26	24.8	18.1	13.1	8.3		16.5	12
1944	5.4	7.2	9.4	12.7	17	20.1	25.6	26.3	23.1	19.9	13.2	8.9		15.7	12
1945	7.1	9.1	11	13.7	18.5	20.2	27.2	26	25.6	19.3	13.6	9.8		16.8	12
1946	6.6	6.9	11.9	15.8	18.1	23.2	25.4	26.5	25.7	19	11.8	8.8		16.6	12
1947	7.3	8.9	10.2	14.9	18	21.9	26.2	25.8	24.8	19.4	12.8	9		16.6	12
1948	7	8.5	9.9	15.1	17.8	23.5	26.9	28.2	25.8	19.9	12.8	9.9		17.1	12
1949	7.3	6.4	11.4	19.3										11.1	4
1956							24.8	27	27.9	23.1	21.2	15.8		23.3	6
1957	14	11.8												12.9	2
1958							22.7	22.7	23.4	19.6	14.8	13.3		19.4	6
1959	10.8	11.1	12.6	13.3	12.5	18	21.5	22.9	21.7	17.4	16	12		15.8	12
1960	9	7.9	10.6	12.2	12.5	16	21.1	21.4	23	17.7	13.4	9.1		14.5	12
1961	7.3	7.4	9.4	12.5	16.5	22.5	26.1	26	22.8	18	10.8	8.3		15.6	12
1962	6.6	8.9	7.6	13.2	15.5	19.7	25.3	27.2	24.8		14.1	10.7		15.8	11
1963	8	8.7	9.2	12	16.6	19.8	26.6	26.4	24.9	20.5	13.8	9.1		16.3	12
1964	5.6	6.4	7.7	12.6		16.7	26.8	26.1	24.1	20.1	11.2	9.8		15.2	11
1965	8.2	6.8	8.5	13	15.6	18.7	26	26.2	23.1	16.3	14.4	10.7		15.6	12
1966	7	6.2	10.3	13.9	18.9	22.3	26.2	26	24.5	16.5	13	8.8		16.1	12
1967	5.6	8.1	11	11.5	15.8	21.2	26.7	26.4	23.8	19.2	13.5	10.7		16.1	12
1968	7.8	9.8	11.2	12.6	16.3	20.6	25.7	23.9	22.3	17.6	12.2	7.6		15.6	12
1969		8.3			16.2		26.5	27.3	24.3	17.4	14.5	9.1		18	8
1970	7	8.4	9.9	12.2	16.2	21.3	25.9	26.4	24.3	17.1	11.4	8.7		15.7	12
1971	6.1	7	10.1	10.7	15.2	17.7	25.4	25.7	24.6	18.6	11	8.4		15	12
1972	6.3	8.4	12.4	12.6	17.8	22.3	26.5	25.1	23.6	22.3	11.7	11		16.7	12
1973	7.3	9.5	9.9	10.4	16.8	20.4	25.4	26.8	23	16.5	11.2	6.7		15.3	12
1974	7.5	6.7	10.6	13.1	16.6	22.6	26.5	26.7	24	21.2	14.3	6.9		16.4	12
1975	4.9	7.7	9.7	10.5	14.5	19	25.1	26.2	24.2	16	11.8	7.2		14.7	12
1976	6	8.8	9.2	12.8	15.8	21.8	24.5	24.4	21.9	17.2	13	8.8		15.3	12
1977	8.9	8.2	7.7	12.5	14.9	21.6	26.8	26.8	25.1	20.3	12.9	11.2		16.4	12
1978	9.3	8.7	12.5	13.1	15.7	23.1	26.6	26.2	23.6	20.7	13.8	8.2		16.8	12
1979	8.4	7.6	9.4	11.9	16.2	20.8	25.8	24.6	24.4	17.4	11.2	7		15.4	12
1980	8.3	10.8	11.1	13.6	14.8	22.7	27.9	26.2	24.5	19.3	12.3	9.2		16.7	12
1981	11.1	9.2	10.5	14.8	16.1	22	26.8	26.5	24.3	18.4	11.9	8.5		16.7	12
1982	6.5	9	10.5	14.2	15.2	18.8	25.7	26.5	24.7	17.3	13.6	9.9		16	12
1983			11.3	11.9	15.4	19.7	26.6	25.8	25.6	18.9	12.5	9.2		17.7	10
1984	7.9	7.5	9.6	13.6	19.1	22.2	25	24.1	23.7	17.4	10.1	9.5		15.8	12
1985	7.7	6.6	9.3	13.8	16.7	22	25.5	25.3	22.4	17.5	12.1	7.2		15.5	12
1986	8.1	8.2	11.7	15.5	17.7	22.8	25.5	26.5	23.2	16.9	13.9			17.3	11
1987	5.6	7.4	8	13	15.9							5.9		9.3	6
1988	4.3	6.6	6.3	10.7	12.8	17.6	23.5	22.9	19.9	15.7	8.7	4.3		12.8	12
1989	2.9	5.9	7.8	11.8	14.1	18	23.5	24.2	22.2	15.4	9.6	6.1		13.5	12
1990	3.8	3.4	6.7	10.9	13.1	19.8		22.3	21.3					12.7	8
1991	6	5.7	6.7	8.1	12	14.8	22.1	23.1	22.5	16.4	8.1	7		12.7	12
1992	6.9	7.5	7.5	10.2	14.2	17.7	23	22.2	20	15.3	8.1	7		13.3	12
1993	8.8	6.8	7.1	9.7	13.8	17.9	23.3	23.9	19.3	16	11.2	7.8		13.8	12
1994	4.1	4.3	8	9.8	12.4	19.6	24.1	25.2	22.6	14.7	8.7	7.3		13.4	12
1995	4.5	8.2	8.7	8	12.2	16.5	23.8	25.3	23.4	13.9	10.9	4.8		13.3	12
1996	3.2	8.6	6.9	9.5	13.3	20.9	24.9	24.4	19.9	14.7	8.1	5.6		13.3	12
1997	4.5	4.8	7.8	9.1	15.4	18.2	24.4	25.9	25.2	17.7	10.8	9		14.4	12
1998	7	6.4	8	9	13.8	18.7	26.3	25.9	23	16.7	8.7	5		14	12
1999	3.2	5.8	6.7	9.1	12	18	24.2	24.7	22.4	14	8.9			13.5	11
2000	3.3	5.6	6.9	10.4	13.4	21.2	24.7	22	22.5	17.4	8.8	3.7		13.3	12
2001	4.7	4.7	6.9	9.5	14.7	20.7	24.5	24.7	23.1	15	11.6	3.8		13.7	12
2002			7.2	11.3	17.4	19.1	22.1	23.6	23.6	22.8	15.8	8.2		17.1	10
2003	7	11.5	7.5	11.1	15.7	14.8	17.5	20.1	19.2	20	19.2	10.5		14.5	12
2004	5.7	5.7					23.4	22.5	19	14.6	8.4	4.9		13	8
2005	5.9	7.2	6.6	8.1	13.2	17.7	24.7	24.4	22.2	15.9	10.1	4.8		13.4	12
2006	2.8	5.3	6.6	9.3	13.3	20.4	25.3	23.8	20.4	14.5	8.7	3.9		12.9	12
2007	2.6	3.5	5.8	8	11.8	19	24.5	23.5	22.5	13.5	9.1	4.1		12.3	12
2008	3.4	3.1	4	6.9	12.2	19.8	24.4	24.1	22.8	14.3	8.8	6.1		12.5	12
2009	4.2	3.6	6.3	8.2	13.5	18.9	25	24.8	21.2	15.5	10.4	5.7		13.1	12
2010	4.9	6.9	6.5	9.9	11.3	16.6	23.1	25.1	23.2	15.9	7.7	5.6		13.1	12
2011	4.2	4	7.4	10.6	12.1	18.7	23.9	25.6	23.2	15.3	10	5.6		13.4	12
2012	8.5	9.8	10.5	14.3	18.5	23	27.2	27	24.7	18.9	14.1	9.3		17.1	12
2013	7.3	7.6	12.3	14.4	18.3	23.2	26.8	26.1	24	17.3	13.5	10		16.7	12
2014	8.2	10.5	12.9	14.6	17.6	25.3	26	25.3	24.9	19.3	14.2	10.4		17.4	12
2015	9.7	11.1	14	15.9	17	23.9	25.4	27.3	24.9	19.9	13.7	9.2		17.7	12
2016	6.8	9.9	11.6	14.4	17	22.8	27	27.1	22.9	19.9	13.2	10.3		16.9	12
2017	8.6	10	12.2	14.7	16.7	22.1	26.6	26.7	23	19.2	14.2	10.4		17	12
2018	8.8	10.7	10.9	15.1	17.2	22.6	26.9	27.7	25.7	19.2	13.5	9.6		17.3	12
2019	8.7	10	11.9	14.4	16.5	22	26.6	27.5	24.8	18.4	16.1	9.2		17.2	12
2020	8	9.4	11.9	14	18.9	23.2	26.9	28.1	25.6	21.8	12.7	7.6		17.3	12
2021	7.5	9.1	10	7.5	17.5	23.6	27.1	26.5	24.9	18.2	13.7	10.7		16.4	12
2022	9.2	7.6	10.5	13.1	17.2	23.6	26.8	26.2	23.7	18.2	10.4	8.1		16.2	12
2023	7.3	7.8	11.6	13	16.1	21.6	27.9	27.6	24.3	19.8	15.5	9.2		16.8	12
2024	8.1	10.2	11.5	13.5	17.4	22.3	27.3	26.4	24	21.7				18.2	10
MÍNIMA	2.6	3.1	4	6.9	9.7	14.8	17.5	19	19	12.4	7.7	3.7		9.3	2
MÁXIMA	14	11.8	14	19.3	19.2	25.3	28.1	28.2	27.9	23.1	21.2	15.8		23.3	12
MEDIA	6.8	7.9	9.7	12.4	15.7	20.7	25.5	25.5	23.5	17.9	12.2	8.4		15.5	11.4
DESV.ST	2	1.9	2.1	2.3	2.1	2.3	1.8	1.7	1.6	2.2	2.4	2.2		1.9	1.8

TEMPERATURA MÍNIMA EXTREMA
AÑO	ENE	FEB	MAR	ABR	MAY	JUN	JUL	AGO	SEP	OCT	NOV	DIC	ACUM	PROM	MESES
1922	2	3	3.2	7.2	10.6	12.6	21.1	23.1	20.8	10.1	7.8	4		10.5	12
1923	4	4.1	6	9	13	12.6	23.2	23	17.3	14.9	10.6	4		11.8	12
1924	3.2	4	4.2	8.5	12.5	17.2	21.9	24.5	20.2	12.3	5.5	3.5		11.5	12
1925	0	5.2	6	8.5	13	14.9	24	22.5	12.5	12	8	3.8		10.9	12
1926	4	5	9.5	12	12.4	19.3	21.5	24.8	21.2	14.6	8.3	4		13.1	12
1927	3.2	5.9	6	8	11	16.2	23.2	16.4	16.8	13.9	11.9	4		11.4	12
1928	3.9	5	7.3	7.5	13.4	17.9	23	24	19	12.8	9	3.5		12.2	12
1929	3	3.5	6.2	6.8	13.2	15.9	23.6	21.5	21.2	19	6	5		12.1	12
1930	4.9	3.8	6	10.2	10.5	15.1	23.4	21	18.4	12.9	8	3.2		11.4	12
1931	3.2	6	7	12	16	17	25	24	21	13.5	5	3		12.7	12
1932	0	3	5	8.2	12	16	23	21.5	18	11	8.5	2.6		10.7	12
1933	3	1.5	5	7.9	7	15	16	24.2	20	14.5	7	1		10.2	12
1934	1	6.5	9	10	15	17	22	22.5	12	12	7	5.5		11.6	12
1935	4	0.9	4.5	1	5	11	16	10	15.5	7	5	5		7.1	12
1936	3	5	7	8	12	16	25	23	16	13.5	8	2		11.5	12
1937	1.5	2.5	5	8	12	16	25	25	21	14	9.5	5.5		12.1	12
1938	4.5	5	6	8	9	18	21	23	21	14	5.5	3		11.5	12
1939	2	1.5	3.5	9	14	18	24	24	18	13.5	9	5		11.8	12
1940	4.5	3.5	6.5	9	16	18	17	21	19.5	14	7	5.5		11.8	12
1941	3	6	8.5	9	13	16	23.5	21	17.5	12	7	3		11.6	12
1942	4	3.5	5	10	10.5	15	25	23.5	20	12	8	5.5		11.8	12
1943	3.5	4	9	9	14	17	23.5	22	21.5	14	9	4		12.5	12
1944	1	3	6	8	12	16	21	24	19	16	7	5		11.5	12
1945	3	4.5	5	8	16	16	18	20	23	16	7	4		11.7	12
1946	1	1	4	10	14	18	20	24	20	15	6	5		11.5	12
1947	2.5	5	3	9	14	17	24	20	20	15	6	4		11.6	12
1948	2	2	2	10	15	17	22	22	20	12	4.5	4.5		11.1	12
1949	2	2	5.5	7										4.1	4
1956							20.5	23.5	24	12.5	14.5	7		17	6
1957	10	7.5												8.8	2
1958							20	21	18.5	13.5	9.5	5.5		14.7	6
1959	6	5.5	8.5	9.5	9.5	12.5	20	18	16.5	12.5	11	6.5		11.3	12
1960	4.5	3	7	9	9	11.5	17.5	19	19	11	7.5	6		10.3	12
1961	3.5	4	6	7	11	15.5	21	23	18	14	6	5		11.2	12
1962	2	5	3	6	11	13	21	22	22		8	6		10.8	11
1963	3	5	4	8	11	14	22	23	20	17	9	4		11.7	12
1964	1	2	3	8.5		11	24	23	19	15	7	6		10.9	11
1965	3	0	3	8	11	15	22	21	15	13	11	5		10.6	12
1966	4.5	0.4	4	11	12	18	24	21	19	12	7.5	4		11.4	12
1967	3	4	7	7	8	14	25	24	20	12	8	6		11.5	12
1968	4	5	6	9	12	15	22	19	17	13	6.5	2		10.9	12
1969		4			11		23	24	19	12	10	4		13.4	8
1970	3	5	5	7	9	17	23	23	20	10	7	5		11.2	12
1971	1	2.5	3	7	11	15	22	23	18	13	6.5	3		10.4	12
1972	3	5	8	7	12	18	22	20	20	19	8	6		12.3	12
1973	4	6	6	6	12	16	22	25	16	11	6	4		11.2	12
1974	3.5	4	4	8	12	14.5	23	25	21	16	7.5	3.5		11.8	12
1975	2.5	3	6	7	10	14	22	22	19	12	6.5	5		10.8	12
1976	3	4	5	7	11	15	20	20	19	12	10	6		11	12
1977	6	6	3	8	12	16	24.5	24	20	13.5	9	7		12.4	12
1978	5	5	7.5	10	11	17	22	20.5	17	16	7	5.5		12	12
1979	5	3.5	6	8	12	16	21	20	20	12	7	3		11.1	12
1980	2	6	7.5	9	12	17	25.5	20.5	21	12	7	7		12.2	12
1981	7	5	7.5	9	10	17	23	24	18	14	8	5		12.3	12
1982	4	3	5	10.5	10	15	17	22	19	13	10.5	5		11.2	12
1983			8	7.5	9	16	18	22	19	17	7.5	7		13.1	10
1984	5	5	4.5	8	11	16	21	20	20	11.5	6	5		11.1	12
1985	4	1.5	3	8	11	15	17	16	19	12	8	4		9.9	12
1986	5	3	8	10	11	20	23	21	16	13	8			12.5	11
1987	3	4	4	8	10							0		4.8	6
1988	2	3	4.5	4	6.5	10	19.5	20	15.5	11.5	3	-1.5		8.2	12
1989	0	2.5	3.5	7	10	12	16.5	21	14.5	11	5	2		8.8	12
1990	1.5	-1.5	2	7.5	9.5	14		19	14.5					8.3	8
1991	1	1	3	4	7.5	12	14	21	20	10	4.5	3		8.4	12
1992	3	4	3	8.5	8	13.5	18	17	12	11	3.5	2		8.6	12
1993	4	3	2	6	10	12	19	19	12	10	5.5	3		8.8	12
1994	0.5	2	4	4.5	8.5	13	17	20	18.5	10	5	2.5		8.8	12
1995	2.5	2	4.5	5	8	12	17	23	17.5	8	5	0.5		8.8	12
1996	-0.5	3.5	2.5	6.5	10	16	19.5	20	15	7	4.5	0		8.7	12
1997	-1.5	0.5	2	5.5	11.5	14.5	18	20	20	11	7.5	5		9.5	12
1998	3.5	0.5	4	4.5	7.5	12.5	22	24	15	11	5.5	0		9.2	12
1999	-0.5	1	4	4	6.5	11	21.5	19	13	10	4			8.5	11
2000	0	2.5	2.5	5	10	15	19	18	19	9.5	4	1		8.8	12
2001	1	0.5	2.5	4	10	16	22	19	17.5	12	5.5	0		9.2	12
2002			3	7	13	17	20	22	22	20	10	5		13.9	10
2003	5	6	5	8	14	13	15	18	16	16	14	5		11.2	12
2004	4	4					20	19	12	10	4	0		9.1	8
2005	3	3	2	5	8	13	20	22	17	11	5	0		9.1	12
2006	-1	1	3	5	9	14	22	17	17	10	5	0		8.5	12
2007	-1	0	1	5	8	12	22	19	18	9	5	-1		8.1	12
2008	0	0	1	2	9	13	19	23	20	9	5	1		8.5	12
2009	0	0	3	5	8	12	23	22	16	9	7	2		8.9	12
2010	1	5	2	6	8	10	18	20	20	11	4	2		8.9	12
2011	2	0	3	5	10	13	19	22	19	11	6	2		9.3	12
2012	6	7	7	10	16	20	22	23	23	14	9	6		13.6	12
2013	4	3	8	10	15	20	24	19	18	13	10	6		12.5	12
2014	5	7	10	10	13	22	23	21	23	16	8	6		13.7	12
2015	5	9	10	13	13	20	22	25	22	16	9	6		14.2	12
2016	5	4	9	9	13	17	22	25	18	17	10	7		13	12
2017	6	7	8	11	12	17	24	24	17	14	12	6		13.2	12
2018	4	4	4	10	13	18	18	26	22	16	10	5		12.5	12
2019	5	5	9	9	13	19	24	25	21	14	12	4		13.3	12
2020	5	4	7	8	16	18	25	26	21	20	8	5		13.6	12
2021	4	6	6	4	13	18	24	23	20	13	12	6		12.4	12
2022	6	6	5	9	13	19	22	23	21	12	6	4		12.2	12
2023	4	5	8	8	12	17	22	22	21	16	9	6		12.5	12
2024	3	6	9	9	15	17	24	16	18	18				13.5	10
MÍNIMA	-1.5	-1.5	1	1	5	10	14	10	12	7	3	-1.5		4.1	2
MÁXIMA	10	9	10	13	16	22	25.5	26	24	20	14.5	7		17	12
MEDIA	3	3.6	5.2	7.7	11.3	15.5	21.3	21.6	18.6	13	7.5	3.9		11	11.4
DESV.ST	2	2	2.3	2.2	2.4	2.5	2.6	2.6	2.6	2.7	2.3	2.1		2	1.8

TEMPERATURA MEDIA MENSUAL
AÑO	ENE	FEB	MAR	ABR	MAY	JUN	JUL	AGO	SEP	OCT	NOV	DIC	ACUM	PROM	MESES
1922	14.2	16.6	16.1	17.1	22.4	28.4	30.9	32.5	30.8	22.5	17.4	12.7		21.8	12
1923	12.9	15.7	17.4	21.4	24.2	27	31.3	31	30.1	24.6	20	15.1		22.6	12
1924	13.4	16.3	15.7	18.6	23.2	28.4	30.4	31.6	30.1	24.4	18.8	14.2		22.1	12
1925	14.1	17	19	20.6	23.6	27	31	30	28.8	24.9	19.5	15.9		22.6	12
1926	14.7	16.5	18.8	21.1	23.2	28.8	30.9	31	29.5	25.8	20.4	15.9		23	12
1927	15.2	17	17.1	19	23.1	27.2	30.8	30.1	27.7	24	22.2	15.1		22.4	12
1928	15.7	15.8	19	21.6	22.4	27.8	30.5	30.8	29	25.4	19.5	15		22.7	12
1929	13.4	14.7	17.8	21.2	23.6	25.2	30.6	30.4	28.6	27	18	16.5		22.2	12
1930	15.3	17.9	17.8	22.1	22.9	27.9	30.5	30.1	28.8	25	20.4	16.1		22.9	12
1931	14.1	16.3	18.4	22.4	24.7	28.7	31.5	30.8	29.6	25.3	19.6	14		23	12
1932	12.2	15.1	17.4	20.4	23	27.3	30.2	31.3	29	24.6	19.4	15.1		22.1	12
1933	13.2	12.8	17.8	19.2	21	27	30.7	30.8	29.5	25.9	20.6	16.8		22.1	12
1934	13.8	17.1	20.8	20.9	25.3	26.4	30.4	30	28.7	25.1	20.6	16.9		23	12
1935	15.1	15.3	16.2	16.2	18.1	24.5	27.6	26	26	21	17.3	15.4		19.9	12
1936	14.4	16	19.1	21	24.6	27.8	32.5	29.7	28.6	24.5	19.4	16		22.8	12
1937	11.5	14.5	17.4	20.1	22.4	26.5	31	31.8	29.6	25	20.8	17.6		22.4	12
1938	15.8	16	16.9	19.4	22.9	27.9	29.6	30.9	28.9	24.5	17.8	15.9		22.2	12
1939	13.7	12.5	17.4	21	24.2	28	31.6	30	28.4	24.2	20.2	18.8		22.5	12
1940	15.9	17	18.9	20.8	25.4	28	31.4	30.1	28.9	24.7	19	18.6		23.2	12
1941	15.1	17.3	18	19	25.1	26.6	30.7	29.8	28	23.8	21	15.8		22.5	12
1942	15.8	15.3	16.6	19.3	22.8	27	31.1	29.9	29.4	24	19.8	17		22.3	12
1943	14.7	16.3	19.1	21	23.6	27.5	31.3	30.6	29.5	24.6	20.2	15.3		22.8	12
1944	13.6	14.3	16.2	19	22.4	25.3	30.8	30.8	28.2	26	19	16.1		21.8	12
1945	14.3	15.9	16.6	19.5	24.1	25.4	31	30.2	30.2	24.5	19.9	16.7		22.4	12
1946	13.9	14.6	18.2	22.2	23.4	29	30.4	31	30.1	24.1	18	16.2		22.6	12
1947	14.2	16.9	17.4	21	23.8	27.3	31.3	30.5	29.1	25.4	19	15.4		22.6	12
1948	15.4	14.8	16.6	21.9	24	28.6	30.8	31.7	30.5	25.9	20.1	15.9		23	12
1949	12	13.3	17.8	25										17	4
1956							29	31.8	32	28	25.4	21.2		27.9	6
1957	19.8	19.6												19.7	2
1958							28.9	28.4	29.4	25.7	21.6	21.1		25.9	6
1959	18.4	18.3	20.7	21	20.9	26	27.8	28.9	28.3	24.8	22.6	18.5		23	12
1960	15.2	16	19.1	20	20	22.6	27.6	27.4	29.7	24.6	20.7	17		21.7	12
1961	13.9	15.2	16.5	20	23	27.6	30.1	30.4	27.4	24.5	17.1	14.6		21.7	12
1962	13.6	15.2	14.6	21.4	21.8	25.5	29.9	31.5	28.8		20.4	16.5		21.7	11
1963	13.6	16.6	16.4	18.9	24	25.5	30.8	30.2	30	26.6	20	15.9		22.4	12
1964	12.7	13.5	14.8	19.1		26.3	31.1	30	28.6	26.2	18.2	15.8		21.5	11
1965	14.7	14.5	15.2	19.6	22	24.5	30.7	30.5	28.2	24	20.8	16.4		21.8	12
1966	13.4	13.3	17.2	20.7	24.5	28.4	30.1	30.2	29	23.1	19.6	15.5		22.1	12
1967	13.3	15.5	17.5	18.5	22.6	26.3	30.5	30.6	28.5	24.5	20	15.7		22	12
1968	14	16.6	17.8	18.9	22.5	26.6	30.1	28.6	27.8	24.2	19.1	13.9		21.7	12
1969		14.3			22.8		30.6	31.4	29.4	23.5	20.1	15.1		23.4	8
1970	14.2	15.4	16.7	19.3	22.5	26.6	30	30.7	28.5	22.8	18.4	14.8		21.7	12
1971	13.2	14.5	17.6	18.1	21.2	25.7	30.1	29.5	29.4	23.6	17.8	14.6		21.3	12
1972	13.1	16	19.1	19.9	23.4	27.4	30.8	29.4	28.4	26.9	17.4	17.9		22.5	12
1973	13.2	15.3	15.4	17	23	26.4	29	30.2	28.2	23.4	18.4	14.6		21.2	12
1974	13.9	14.3	17.1	19.9	23	28	30.4	30.9	28.3	26.6	21.3	13.4		22.3	12
1975	13.1	14.8	16.4	17	20.6	25.4	29.3	30.5	29.2	23.4	18.4	13.8		21	12
1976	13.5	15.7	15.9	19.1	22.6	27.8	29.6	30	27.6	22.5	19.4	15		21.6	12
1977	14.5	16.2	14.8	19.4	20.8	27.4	30.7	30.6	29.2	25.3	19.8	17.5		22.2	12
1978	15.4	15.4	18.8	19.3	21.9	28.1	31.2	30	28.2	26.1	19.1	13.3		22.2	12
1979	13.2	14.1	16.3	19.4	22.6	26.5	30.9	29	29.5	24.8	18.4	14.4		21.6	12
1980	14.8	18	17.2	20.6	20.9	28.6	32.1	30.4	29.4	24.9	19	16.3		22.7	12
1981	16.4	16.5	16.7	21	21.9	27.4	30.5	30.9	29	24	19.6	15.9		22.5	12
1982	13.4	16.1	17	21	21.8	25.3	29.9	31	29.4	24	19.2	16		22	12
1983			17.8	18.2	22.9	25.9	31.2	29.8	30.1	24.9	19.4	16.4		23.7	10
1984	14.7	15.4	17.8	20.1	25.1	27.6	29.3	29.3	29	22.9	17.4	14.9		22	12
1985	13.3	14.1	16.3	20.7	23.5	27.6	30.2	30.6	27.8	23.6	18.2	14.7		21.7	12
1986	16	15.9	19	22.5	23.7	28.4	30.1	31.4	28.3	23.4	20			23.5	11
1987	13.4	14.6	15.2	20.9	21.8							13.6		16.6	6
1988	13.5	15.9	16.3	19.6	22	26.1	29.5	29.5	28	24	17.8	13.3		21.3	12
1989	11.5	14.4	17.5	21.8	23.2	26.6	30	29.9	29.3	24	18.6	14.5		21.8	12
1990	13	12.9	16.4	20	22.5	28.1		28.8	28.7					21.3	8
1991	13.6	15.7	15.4	18.6	20.9	24.4	29	29.7	29.5	25.1	18	14.6		21.2	12
1992	13.9	15.6	16.6	19.4	23.3	26.9	30	29.1	28.1	24.1	17.2	14.4		21.6	12
1993	16	14.3	17.4	20.3	23	26.7	30.4	30.6	27.6	24.7	19	15.3		22.1	12
1994	14.1	14.1	17.6	19.8	22.2	28	31.1	31	29.3	23.4	16.8	14.1		21.8	12
1995	13.2	16.6	17.9	18.4	21.2	25.6	30.8	31.1	29.7	23.6	19.6	14.8		21.9	12
1996	14.1	17.4	17.2	20.2	23.6	28.8	31	29.8	26.9	23.4	17.5	14.5		22	12
1997	13.4	14	18.2	19	25	27	32.1	32.7	31.1	25.6	20.5	16.5		22.9	12
1998	16.6	16.2	18.1	19.7	23.6	28	32.9	32	30.1	25.3	18.9	14.7		23	12
1999	14.7	16.1	17.5	19.6	23.1	26.9	30.3	30.9	29.3	24.9	19.3			23	11
2000	14.7	15.6	17	20.7	23.4	28.7	31.1	28.9	29.2	24.2	19.4	14.1		22.2	12
2001	13.6	14.2	16.6	19.4	24.4	28.6	31	31.2	30	23.6	20.4	13.6		22.2	12
2002			18.9	22.5	25	26.8	29.9	31	30.9	29.1	22	15.7		25.2	10
2003	14.8	17.4	15.5	18	20.9	21.1	24.1	29.4	28.8	28.8	26.4	15.9		21.8	12
2004	11.2	10.5					31.1	30.6	27.4	23.4	17.2	14.7		20.8	8
2005	14.4	15.2	16.6	19.1	23.1	26.6	31.5	31.1	30	24.3	19.8	14.8		22.2	12
2006	13.7	15.9	16.7	19.8	23.8	29.2	31.9	31.4	27.3	23.1	18.6	13.6		22.1	12
2007	11.7	14.2	17.2	18.9	22.6	28.3	31.2	31.2	30.5	23.8	19	13.3		21.8	12
2008	12.9	14.6	16.6	19.7	22.1	29.1	31.7	31	29.8	24.5	19.3	15.1		22.2	12
2009	14.1	14.8	17.4	19.4	24.6	26.8	31.6	31.9	29	24.5	20.6	15.9		22.6	12
2010	15.8	16.4	17.5	19.4	21.6	26.2	30	31.5	29.6	24.1	17.9	15.5		22.1	12
2011	14.4	14.6	18.4	20.2	21.6	27	31.6	32.2	31	26.2	19.2	15.5		22.7	12
2012	16.6	16.9	18.1	21.4	25.9	29	31.4	31	29.8	25.4	21.2	16.9		23.6	12
2013	14.6	15.4	20.3	22	24.6	29	31.1	31	29.4	24.3	20.4	17		23.3	12
2014	17	19.4	20.4	22	25.4	31.1	30.9	30.8	29.2	26.2	21.4	18		24.3	12
2015	16.4	18.8	21.1	22.2	23	29.1	30	32	29.6	26.4	20.5	16.2		23.8	12
2016	15.4	19	20	21.9	23.2	28.8	31.6	31.2	28	26.8	21.5	16.9		23.7	12
2017	15.6	17.9	20.4	22.9	24	28	31.2	31.1	28.4	27	22.4	17.5		23.9	12
2018	17.5	17.6	18.9	22.4	24.1	28.7	31.7	31.6	30.7	25.3	20.4	16.9		23.8	12
2019	15.7	16.2	19.1	21.9	22.8	28	31.6	32	29.1	25.6	21.5	16.2		23.3	12
2020	15.7	16.7	18.2	20.9	25.6	29.1	31.8	32.5	31	29.4	20	15.9		23.9	12
2021	15.6	16.9	18.1	18.9	24.6	29.6	31.3	31.2	29.9	25	21.9	18.2		23.4	12
2022	17	16.1	19	21.5	24.2	29.2	31.5	30.6	28.5	25	18.1	15.8		23	12
2023	15.1	14.8	18	20.8	22.9	27.7	32.8	32.2	30.1	26.5	22.2	17.2		23.4	12
2024	16.2	17.5	18.9	21.1	24.6	28.9	32	31.2	30.3	28.6				24.9	10
MÍNIMA	11.2	10.5	14.6	16.2	18.1	21.1	24.1	26	26	21	16.8	12.7		16.6	2
MÁXIMA	19.8	19.6	21.1	25	25.9	31.1	32.9	32.7	32	29.4	26.4	21.2		27.9	12
MEDIA	14.4	15.7	17.6	20.2	23.1	27.3	30.6	30.6	29.1	24.9	19.7	15.7		22.4	11.4
DESV.ST	1.5	1.5	1.4	1.5	1.4	1.5	1.2	1.1	1	1.5	1.6	1.5		1.4	1.8
