COMISIÓN NACIONAL DEL AGUA
COORDINACIÓN GENERAL DEL SERVICIO METEOROLÓGICO NACIONAL
BASE DE DATOS CLIMATOLÓGICA NACIONAL 

ESTADÍSTICA MENSUAL
EMISIÓN   : 25/10/2024 

DATOS DISPONIBLES EN LA BASE DE DATOS A: OCTOBER DE 2024; 
CON LA INFORMACIÓN SUMINISTRADA POR LAS UNIDADES ADMINISTRATIVAS 

 ESTACIÓN  : 3057 
 NOMBRE    : SAN JUANICO 
 ESTADO    : BAJA CALIFORNIA SUR 
 MUNICIPIO : COMONDÚ 
 SITUACIÓN : OPERANDO 
 CVE-OMM   :   
 LATITUD   : 26.25694444 ° 
 LONGITUD  : -112.4827778 ° 
 ALTITUD   : 20 msnm 


LLUVIA MÁXIMA 24 H.
AÑO	ENE	FEB	MAR	ABR	MAY	JUN	JUL	AGO	SEP	OCT	NOV	DIC	ACUM	PROM	MESES
1961	20	0	0	0	0		0	6	9	0	1.5	8.5	45	4.1	11
1962	47	0.1	0	0	0	0	6			0	0	5	58.1	5.8	10
1963	0.3	0	0	0	0	0	0	0	0	0	0	0	0.3	0	12
1964	0	0	0	0	0	0	3.5	3	0	0	0	0	6.5	0.5	12
1965	0.2	0.2	2.5	0	0	0	0	8	0	0		8	18.9	1.7	11
1966	0	0	0	0		0	0	0	8	0.5	0	10	18.5	1.7	11
1967	0	0	0	0	0	0.5	0	39	4	4	16	16.5	80	6.7	12
1968	5.4	5.3		0	0	0	7.5	5.1	0	0.01	0.5	0.3	24.11	2.2	11
1969		0.1			0		2	0			0	20	22.1	3.7	6
1970	0	0	9		0	0	0	0	19	15	0	2	45	4.1	11
1971	0	0	0	0	0	0	0	2	5	0	0	1	8	0.7	12
1972	4	0	0	0	0	0	0	0	15.5	27	3.5	60	110	9.2	12
1973	11	17	0	0	0	0	0	0	0	0	0	0	28	2.3	12
1974	1.5	0	0	0	0	0	0	0	7.5	0.3	9.5	0	18.8	1.6	12
1975	0	0	0	0	0	0	0	0	0	0	0	0	0	0	12
1976	0	5	0	0	0	0	0	15.6	0	0	9	0	29.6	2.5	12
1977	0	0	15.5	0	0	0	0	20	0	6.5	0	0	42	3.5	12
1978	3	20	4	0	0	0	0	0	7.5	17	0	15	66.5	5.5	12
1979	20	0	1	0	0	0	0	0	0	0	0	0	21	1.8	12
1980	0	20	0	0	0	0	2.5	0	0	0	0	20	42.5	3.5	12
1981	14.5	2	39	0	0	0	2	0	0	9	0	0	66.5	5.5	12
1982	7	0			0	0	0	0	0	0	12.5	8	27.5	2.8	10
1983	3.8	8	24	0	0	0	3	28.5	2.5	0	0	6.5	76.3	6.4	12
1984	11	0	0	0	0	0	49.5	11.2	10	0	4.5	15.5	101.7	8.5	12
1985	41.5	0	0	0	0	0	0	0	0	2	7.5	0	51	4.2	12
1986	0	0	0	0			0				0		0	0	6
1987						0	5	0	3		0	0	8	1.3	6
1988	0		0	0	0	0	0	1	0	0	0	10	11	1	11
1989	21	6	0	0	0	0	0	0	0	0.01	0.01	24	51.02	4.3	12
1990	7	5	0	0	0	0		51	6				69	8.6	8
1991	11	10	0.01	0	0	0	0	27	0.01	0	33	9	90.02	7.5	12
1992	44	21	34	0	0	0	0.01	70	0	0	0.01	48	217.02	18.1	12
1993	46	12.5	0	0	0	0	0	65.5	17.5	1	12	7	161.5	13.5	12
1994	0	1	0	0	0	0.01	0	9	0	2	43	53	108.01	9	12
1995	0.01	10	0	0	0.01	0	0	0.01	9	1	20	0	40.03	3.3	12
1996	0	0.01	0	0	0	0	0	27	12	0	18.5	0	57.51	4.8	12
1997	0.01	0.01	0	0	0.01	0	0		9	0	12.5	10	31.53	2.9	11
1998	0	8	0.01	0	0	2	0.01	4	0	0	0	0.01	14.03	1.2	12
1999	0	0	0	0	0	5	0	0.01	4	0	0	0.01	9.02	0.8	12
2000	0	0	10	0	0	0	0.01	0.01	6.5	0.01	0.01	0	16.54	1.4	12
2001	0.01	8.5	0	0	0	0	0.01	0	62	0	0	0	70.52	5.9	12
2002	0	2.5	0	0	0	0	0	0	0	0	4	17.5	24	2	12
2003	0	0.01	0	5.5	0	0	0.01	69	49	0.01	0.01	0	123.54	10.3	12
2004	1	3	4	0	0	0	0.01	0.01	14.5	0	0.01	4	26.53	2.2	12
2005	23	16	0	0	0	0	0.01	0.01	0	15	0	0.01	54.03	4.5	12
2006	0	0.01	0	0	0	0	1	0	5	50	0	0	56.01	4.7	12
2007	0	0	0	0	0	0	0	0	9	0	20	5	34	2.8	12
2008	2	0	0	0	0	0	0.01	40	2	0.01	18.5	2.5	65.02	5.4	12
2009	0	12.5	0	0	0	0	0	0	60	200	9	4	285.5	23.8	12
2010	6	35.5	35	0	0	0	0	7	42	0	0	35	160.5	13.4	12
2011	14	0	0	0	0	0	0	7	0	0	67	1	89	7.4	12
2012	0	4	0	0	0	0	0	75	45	155	0		279	25.4	11
2013	4	0	0	0	0	0.01	0	29	11	34	2	10	90.01	7.5	12
2014	0.01	0	0	0	0	0	1	0	25	16	0	0	42.01	3.5	12
2015	21	12	16	14	0	25	2	0	95.5	22.5	0	0	208	17.3	12
2016	0	0	4	0	0	0	0	1	44.5	0	0	23	72.5	6	12
2017	4	24	0	5.5	0	0	0.5	6.5	10.5	0.1	0	3	54.1	4.5	12
2018	0.5	0.5	0	0	0	0	2	0	6	21.5	0	1	31.5	2.6	12
2019	19.5	3	8.5	0	0	0	0	8	1.5	0	16.5	19.5	76.5	6.4	12
2020	0	0.01	11.5	0	0	0	0	5.5	0	0	0	10	27.01	2.3	12
2021	6.5	0	0	0	0	0.01	0	18.5	1	0	0	23	49.01	4.1	12
2022	0	0	0	0	0	0	1	2	23	0	0	3	29	2.4	12
2023	3	11	0			0	0.01	10	0	0.5	0	0	24.51	2.5	10
MÍNIMA	0	0	0	0	0	0	0	0	0	0	0	0	0	0	6
MÁXIMA	47	35.5	39	14	0.01	25	49.5	75	95.5	200	67	60	285.5	25.4	12
MEDIA	6.9	4.7	3.7	0.4	0	0.5	1.4	11.2	11	10.2	5.6	8.6	61.3	5.3	11.4
DESV.ST	12	7.6	8.9	2.1	0	3.3	6.4	19.6	18.8	33.3	11.8	13.2	61	5.2	1.4

LLUVIA TOTAL MENSUAL
AÑO	ENE	FEB	MAR	ABR	MAY	JUN	JUL	AGO	SEP	OCT	NOV	DIC	ACUM	PROM	MESES
1961	38.52	0	0	0	0		0	8	11	0	1.5	10.1	69.12	6.3	11
1962	56	0.1	0	0	0	0	6			0	0	8.6	70.7	7.1	10
1963	0.5	0	0	0	0	0	0	0	0	0	0	0	0.5	0	12
1964	0	0	0	0	0	0	6	5	0	0	0	0	11	0.9	12
1965	0.3	0.2	2.5	0	0	0	0	10.6	0	0		8.3	21.9	2	11
1966	0	0	0	0		0	0	0	14.5	0.5	0	10.4	25.4	2.3	11
1967	0	0	0	0	0	0.5	0	49	4	4	30.3	18.1	105.9	8.8	12
1968	7.11	7.32		0	0	0	7.51	5.11	0	0.01	0.5	0.31	27.87	2.5	11
1969		0.2			0		2	0			0	30.5	32.7	5.4	6
1970	0	0	9		0	0	0	0	35.5	15	0	2	61.5	5.6	11
1971	0	0	0	0	0	0	0	2	7	0	0	1	10	0.8	12
1972	4	0	0	0	0	0	0	0	15.5	66.5	3.5	60	149.5	12.5	12
1973	11	36.5	0	0	0	0	0	0	0	0	0	0	47.5	4	12
1974	1.5	0	0	0	0	0	0	0	10	0.3	13	0	24.8	2.1	12
1975	0	0	0	0	0	0	0	0	0	0	0	0	0	0	12
1976	0	5	0	0	0	0	0	15.6	0	0	16	0	36.6	3	12
1977	0	0	15.5	0	0	0	0	47.5	0	6.5	0	0	69.5	5.8	12
1978	3	34.5	4	0	0	0	0	0	7.5	17	0	34	100	8.3	12
1979	51.5	0	1	0	0	0	0	0	0	0	0	0	52.5	4.4	12
1980	0	27	0	0	0	0	2.5	0	0	0	0	20	49.5	4.1	12
1981	25.9	2	46	0	0	0	2	0	0	9	0	0	84.9	7.1	12
1982	7	0			0	0	0	0	0	0	14.5	11	32.5	3.2	10
1983	7.3	11	30	0	0	0	7.5	43.5	4	0	0	6.5	109.8	9.2	12
1984	22.01	0	0	0	0	0	71.5	12.2	11	0	4.5	38.5	159.71	13.3	12
1985	41.5	0	0	0	0	0	0	0	0	4.5	7.5	0	53.5	4.5	12
1986	0	0	0	0			0				0		0	0	6
1987						0	5	0	5		0	0	10	1.7	6
1988	0		0	0	0	0	0	1	0	0	0	11	12	1.1	11
1989	22	12	0	0	0	0	0	0	0	0.01	0.01	24.01	58.03	4.8	12
1990	10	5	0	0	0	0		60	6				81	10.1	8
1991	11	20.01	0.01	0	0	0	0	28	0.02	0	44	13.51	116.55	9.7	12
1992	55.53	48	36	0	0	0	0.01	70	0	0	0.01	53.01	262.56	21.9	12
1993	59.5	35.5	0	0	0	0	0	65.5	17.5	1	12	9	200	16.7	12
1994	0	1	0	0	0	0.01	0	13.02	0	2	43	117.01	176.04	14.7	12
1995	0.02	20	0	0	0.01	0	0	0.02	10	1	26	0	57.05	4.8	12
1996	0	0.01	0	0	0	0	0	53.01	12.01	0	18.5	0	83.53	7	12
1997	0.01	0.02	0	0	0.01	0	0		16.01	0	23.5	31.51	71.06	6.5	11
1998	0	10	0.02	0	0	2	0.01	4.04	0	0	0	0.02	16.09	1.3	12
1999	0	0	0	0	0	5	0	0.01	4.04	0	0	0.01	9.06	0.8	12
2000	0	0	10.01	0	0	0	0.02	0.01	6.51	0.02	0.01	0	16.58	1.4	12
2001	0.01	11	0	0	0	0	0.01	0	76.01	0	0	0	87.03	7.3	12
2002	0	2.5	0	0	0	0	0	0	0	0	5.51	27.52	35.53	3	12
2003	0	0.02	0	5.5	0	0	0.01	110.5	53.5	0.01	0.01	0	169.55	14.1	12
2004	1	3	6	0	0	0	0.01	0.01	31.51	0	0.02	4.01	45.56	3.8	12
2005	34.01	16.02	0	0	0	0	0.01	0.03	0	17.5	0	0.01	67.58	5.6	12
2006	0	0.01	0	0	0	0	1	0	7.01	50	0	0	58.02	4.8	12
2007	0	0	0	0	0	0	0	0	13	0	40	5.01	58.01	4.8	12
2008	2.01	0	0	0	0	0	0.01	69.03	2.01	0.02	18.5	2.5	94.08	7.8	12
2009	0	12.5	0	0	0	0	0	0	60	285	9	4	370.5	30.9	12
2010	10	35.5	35	0	0	0	0	11	42	0	0	35	168.5	14	12
2011	14	0	0	0	0	0	0	13.5	0	0	97.5	2	127	10.6	12
2012	0	4	0	0	0	0	0	135	90.5	189	0		418.5	38	11
2013	4	0	0	0	0	0.01	0	29	11	43	2	12.5	101.51	8.5	12
2014	0.01	0	0	0	0	0	1	0	57	45	0	0	103.01	8.6	12
2015	41.51	12.5	28.5	14.01	0	25	2.5	0	132	23	0	0	279.02	23.3	12
2016	0	0	4	0	0	0	0	1	44.5	0	0	39	88.5	7.4	12
2017	5	27	0	5.5	0	0	0.5	6.5	10.5	0.1	0	3	58.1	4.8	12
2018	0.5	1	0	0	0	0	2	0	9	23.5	0	2	38	3.2	12
2019	19.5	3	8.5	0	0	0	0	9.5	1.5	0	27.5	31	100.5	8.4	12
2020	0	0.01	38	0	0	0	0	6	0	0	0	10	54.01	4.5	12
2021	9	0	0	0	0	0.02	0	18.5	1	0	0	25	53.52	4.5	12
2022	0	0	0	0	0	0	1.02	2	27.01	0	0	4.01	34.04	2.8	12
2023	5	11.02	0			0	0.01	11	0	0.5	0	0	27.53	2.8	10
MÍNIMA	0	0	0	0	0	0	0	0	0	0	0	0	0	0	6
MÁXIMA	59.5	48	46	14.01	0.01	25	71.5	135	132	285	97.5	117.01	418.5	38	12
MEDIA	9.5	6.8	4.6	0.4	0	0.5	1.9	15.3	14.4	13.6	7.5	12.1	82.8	7.1	11.4
DESV.ST	16.3	11.6	11.1	2.1	0	3.3	9.2	28.1	25.3	45.3	16.3	20	82	7	1.4

TEMPERATURA MÁXIMA PROMEDIO
AÑO	ENE	FEB	MAR	ABR	MAY	JUN	JUL	AGO	SEP	OCT	NOV	DIC	ACUM	PROM	MESES
1961	22.3	23.9	22.1	23.2	26.7		29.2	30.8	31.1	30.1	23.1	22.2		25.9	11
1962	22	22	22.2	23.3	22.9	26.5	32.4			27.1	26.5	26.7		25.2	10
1963	24.5	26	28.7	26.1	26.6	27	32.1	31.2	32.4	31.8	27.8	29		28.6	12
1964	25.5	25.6	25.2	26.1	29.9	27.4	32.5	31.3	30.8	32.5	31.2	31.9		29.2	12
1965	32.2	32.2	34	29.8	27	25.4	31.6	34.1	32	30.5		25.3		30.4	11
1966	21.9	24.1	26.8	29.2		28.5	30.3	33.8	32.8	30.4	26.9	23		28	11
1967	22.7	25.5	27.1	27.1	26.5	26	28.6	29.6	29.4	29.4	26.6	23.1		26.8	12
1968	22.1	24.7		23	29.7	27.4	28.6	29.3	29.6	28.8	25.7	24.4		26.7	11
1969		21			27.2		34.3	31.2			25.1	25		27.3	6
1970	29.5	23.6	22.3		27.6	23.1	29.7	30.5	32	27.3	27.4	24.4		27	11
1971	22.8	22.2	19.4	21.6	26.5	22.8	33.3	30.5	31.1	30.6	29.6	25.4		26.3	12
1972	24.5	25.1	24.4	24.1	24.7	23.8	28.6	29	29.9	26.8	25.5	24.8		25.9	12
1973	27.6	28.1	26	28.5	27.4	27.5	27.4	28.3	28.2	27.5	28.6	25.6		27.6	12
1974	26.4	27.2	27.5	29.8	28.5	27	28.2	29.1	28.7	27.5	25.8	26.1		27.6	12
1975	23.5	23.8	24.2	22.7	25	24.1	25.6	25.2	28.2	26.8	26.3	24.4		25	12
1976	26.4	25	21	27.7	28.5	29	27.7	30.9	27.9	28.8	26.8	26		27.1	12
1977	29.6	26.1	27.6	30.1	31.8	28.4	28	28.7	27.5	23.5	21.8	22.5		27.1	12
1978	22.1	23.1	22.5	24.8	21.7	24.1	31.8	33	32	32.3	33.5	30.4		27.6	12
1979	28.2	24.9	28.8	33	33.3	31.2	33.4	31.9	32.2	31.4	27.2	26.9		30.2	12
1980	26.5	30.4	31.6	32	31.7	34	33.9	32.9	31.8	31.1	27.9	26.9		30.9	12
1981	24.8	22.9	23.7	26.5	25.3	27.5	31.7	33.4	32.5	32	32.7	26		28.2	12
1982	24.1	23.1			25.7	26.3	32.1	32.8	33.3	31.4	27.7	24.3		28.1	10
1983	23	23.8	24.9	29	26	27.5	31.2	32.1	33.8	31.8	28.2	25		28	12
1984	23.9	25.6	25.8	24.7	25.6	26.8	29.8	30.9	31.6	26.2	23.7	22.6		26.4	12
1985	20.5	21.9	24.6	23.1	26.1	24.8	29.6	32	31.8	27.2	23.3	22.4		25.6	12
1986	24.8	25.7	24.8	25.2			31.9				33.8			27.7	6
1987						29.9	30.6	32.6	33.9		24.1	25.2		29.4	6
1988	24.3		22.3	22.7	23.3	23.8	27.3	28.5	28.9	25.2	22.3	21.5		24.6	11
1989	19.1	21.3	20.9	21.4	24.7	23.1	27.1	29.9	31.4	28.6	25.1	23.1		24.6	12
1990	22.1	20.2	21.3	22.6	23.6	22.3		30.1	31.3					24.2	8
1991	21.4	23.4	21.8	23.5	21.8	23.7	24.7	29.1	29.6	29.4	24.8	21.7		24.6	12
1992	20.9	21.2	21.6	24	24.5	27	30.4	30.5	32.2	29.8	25.1	21.7		25.7	12
1993	21.4	21.2	24.9	23.5	21.7	25.6	27.2	28.7	28.7	31.6	25.3	23.3		25.3	12
1994	23.5	22	22.1	22.8	22.3	24	27.7	29.7	30.8	27.9	23.4	20.2		24.7	12
1995	20.8	22.8	23.1	23.1	22.9	23.6	28.5	28.3	30.8	26.9	26.6	22.8		25	12
1996	22.6	21.6	23	21	25.5	24.5	28.6	30	28.9	27.1	23.9	22.4		24.9	12
1997	21.6	20.7	23.4	20.3	24	25.9	29.7		31.9	28.7	26.1	21.5		24.9	11
1998	23.5	21.8	22.7	23	23.5	28.1	29.4	31.4	29.2	28.6	23.3	20.6		25.4	12
1999	22.2	22.2	20.2	20.9	21.5	24.1	26.4	28.6	27.6	22.6	23.4	21.1		23.4	12
2000	22	21.6	19	20.6	19.7	24.1	27	29.6	28.9	24.6	21.9	22.5		23.5	12
2001	19.2	22	19.1	20.7	21.1	23.8	27.7	28.5	28.2	25.9	23.6	20.7		23.4	12
2002	20.5	21.4	20.4	21.4	21.8	22.8	26.1	26.3	29	23	23.6	20.4		23.1	12
2003	23.8	21.1	21.3	21.9	22	20.2	24.6	28	28.4	31	27.6	24.2		24.5	12
2004	23.7	23.4	25.5	25.4	26.9	26.8	32.7	33.5	33.9	29.4	26.9	24.9		27.8	12
2005	24.7	22.4	25.2	27	25.7	27.2	31.7	33.6	35.2	28.1	27.3	24.7		27.7	12
2006	23.9	24.7	24.6	26.6	23	26.6	30.5	33.1	32.2	29.5	28	25.2		27.3	12
2007	22.4	24.5	24.6	24.6	26.1	28.1	30.4	33	32.4	30.8	25.1	23		27.1	12
2008	23.8	23.2	24.4	26.3	24	25.5	30.1	31.7	32.7	33.4	29.2	25.9		27.5	12
2009	25.2	28.7	26	26.2	27.4	29.3	34.8	35.2	35.6	31.4	29.1	25.1		29.5	12
2010	26.4	25.8	27.4	26.4	26.2	28.1	30.5	34.5	32.7	28	27.8	25		28.2	12
2011	24.3	24.2	25.2	25.7	27.6	29.8	32	34.5	34.9	29.9	26.3	24		28.2	12
2012	25.5	23.8	25.9	25.6	26.8	27.9	32.5	34.7	35.8	31.4	27.8			28.9	11
2013	23.2	24	26.3	26.1	26.1	29.2	32.6	33.2	32	29.1	28	24.8		27.9	12
2014	27.1	26.1	26.5	27.2	30.2	32.2	34	36.9	35.5	30.3	27.7	25.6		29.9	12
2015	24	26.8	26.2	26.4	26.5	30.9	33.2	35.9	34.6	32.8	30.2	25.9		29.4	12
2016	22.9	28.2	27.6	26.6	25.6	30	33	30.2	29.8	30	25.4	20.6		27.5	12
2017	18.9	20.9	21.1	22.3	20.5	21.7	26.8	31	29	29	24.9	21.7		24	12
2018	21.1	21.2	21.4	22.1	21.8	22.3	28.1	31	31.5	28.5	21.4	19.8		24.2	12
2019	20.7	20.4	20.9	21.5	22.2	21.7	29.4	31	30.9	24.2	23.6	22.3		24.1	12
2020	20.6	20.9	19.8	18.3	22.6	24.9	28.1	30.7	30.1	24.8	21.3	18.8		23.4	12
2021	17.2	17.5	19	19.7	19	21.1	25.6	30.9	26.8	24.2	22.5	18.5		21.8	12
2022	20.3	19.1	21.5	19.7	18.7	23.7	27.5	31	28.4	26.4	22.2	21.2		23.3	12
2023	20	19.2	21.9			27.9	31	32.8	30	27.7	24.4	21.4		25.6	10
MÍNIMA	17.2	17.5	19	18.3	18.7	20.2	24.6	25.2	26.8	22.6	21.3	18.5		21.8	6
MÁXIMA	32.2	32.2	34	33	33.3	34	34.8	36.9	35.8	33.4	33.8	31.9		30.9	12
MEDIA	23.4	23.6	24	24.6	25.1	26.1	29.9	31.2	31.1	28.7	26.1	23.8		26.5	11.4
DESV.ST	2.8	2.7	3.1	3.2	3.1	2.9	2.6	2.3	2.3	2.6	2.8	2.6		2.1	1.4

TEMPERATURA MÁXIMA EXTREMA
AÑO	ENE	FEB	MAR	ABR	MAY	JUN	JUL	AGO	SEP	OCT	NOV	DIC	ACUM	PROM	MESES
1961	25	29	28	29	35		33	34	34.5	34	28	26		30.5	11
1962	26	29	25	28	27	29	39			31	30	32		29.6	10
1963	28	30	37	35	35	31	38	37	37	36	32	33		34.1	12
1964	32.5	30	29	32.5	36.5	32	39	39	36.5	36	37	36.5		34.7	12
1965	36	35.5	37	34.5	30	30	36	38.5	37	37.5		33		35	11
1966	26	30	30	32		32	36	37.5	39	36	33	27		32.6	11
1967	25	30	31	32	41	32	33	33	35	35	32.5	30		32.5	12
1968	25.5	30		29	34	33.5	31	34	35	32	30	27		31	11
1969		24			31		39	37.5			30.5	32		32.3	6
1970	34	30	26		31	29	33	33	37	32	31	30		31.5	11
1971	29	25	29	30	31	31	39	38	35	35	33	31		32.2	12
1972	29	31	29	30	34	32	32	37	34	31	30	30		31.6	12
1973	32	32	33	33	35	32	32	32	33	33.5	34	34		33	12
1974	32	33	33	34	33	32	32	32	34	33	30	29		32.2	12
1975	29	28	31	29	29	30	29	32	34	31	31	29.5		30.2	12
1976	30	30	24	32	36	33	32	35	33	33	32	30		31.7	12
1977	33	32	33	36	39	33	32	32	31	35	27	29		32.7	12
1978	28	30	29	29	26	29	36	37	36.5	39	38	38		33	12
1979	33	31	33	37	39	36	39	38	37	35	39	32		35.8	12
1980	34	37	35	37	37	39	46	37	36.5	39	32	31		36.7	12
1981	28	29	30	32	31	31.5	35.5	37	38	38	38	32		33.3	12
1982	27.5	26			30	29	36	36.5	40	36.5	32	28.5		32.2	10
1983	27	29	29.5	30	31	33	35.5	37	36.5	37.5	32.5	31		32.5	12
1984	28	28.5	29	28	29	32	34	34	36	29.5	28.5	30		30.5	12
1985	23.5	28	32	26	32	30	33	35	36	33.5	29	29		30.6	12
1986	31	32	32	32			37.5				37			33.6	6
1987						34	35	39	37		26	30		33.5	6
1988	27		27	27.5	30	29	31	33.5	34	33	28	29		29.9	11
1989	24	29	26	28	32	30	32	35	35.5	33.5	31	26		30.2	12
1990	29	24	28	25.5	31	29		33	39.5					29.9	8
1991	25.5	26	30	29	30	30	30	33.5	33.5	34.5	30	25		29.8	12
1992	24	24	26.5	30	31	38	33.5	34	35.5	34.5	29	24.5		30.4	12
1993	24.5	24	31.5	28	24	33	32.5	33	32.5	34.5	30	28.5		29.7	12
1994	26	24	26.5	29	28.5	28.5	31.5	35	34	32.5	29.5	24		29.1	12
1995	24	27.5	26.5	26.5	33.5	28.5	33	33	36.5	33	30	28.5		30	12
1996	29.5	28.5	28.5	22	28	29	31.5	35	33	31.5	26.5	26.5		29.1	12
1997	25	25	35.5	23	29	34	33		35	34.5	31	25		30	11
1998	26	28	29	26.5	30	34	32	33	35	35	26	25.5		30	12
1999	27	25	23	25.5	28	29	30	32.5	32.5	28	28	25.5		27.8	12
2000	27.5	27	24	25	25	30	32	35.5	34	29.5	24.5	26		28.3	12
2001	27	30	25	25.5	25	31.5	30	33	32.5	30	26.5	23		28.2	12
2002	25	31	25	33	28.5	28	31	29.5	32	26.5	27.5	25		28.5	12
2003	29.5	24	27.5	28	27	25	29.5	32.5	33.5	34	32.5	30.5		29.5	12
2004	27.5	33	30.5	31	31.5	40	38	37	38.5	35	32	33		33.9	12
2005	31	24.5	28.5	33.5	30.5	34.5	39.5	42	39.5	38.5	32.5	29		33.6	12
2006	30	31.5	30.5	38.5	25.5	31.5	36	38	39	34	31.5	31.5		33.1	12
2007	29.5	29.5	32	28.5	34	32.5	36.5	39	37.5	36	30.5	27		32.7	12
2008	29.5	31.5	31	30.5	29.5	37	34.5	35	37	38.5	37	30		33.4	12
2009	30.1	38	35.1	33	33	33	39	40	41	37	34	30		35.3	12
2010	31	30	36	31	32.5	34.5	36	38	39	34	35	30.5		34	12
2011	28	31	33	33	37.5	36.5	38	38	38	35	32.5	29		34.1	12
2012	29.5	28.5	31	31.5	33.5	33.5	39.5	40.5	38	38	34.5			34.4	11
2013	29	32.5	35.5	35.5	30.5	34.5	35.5	39.5	36.5	36	34.5	30.5		34.2	12
2014	31.5	35	34	39.5	36.5	37.5	40	39.5	39	38.5	34	31		36.3	12
2015	31	36.5	35	30.5	32.5	39.5	38	39.5	39	39	34.5	36.5		36	12
2016	31	35	36.5	33	32.5	34	37.5	35	34	36	33	27		33.7	12
2017	24	25	25	29	30.5	25.5	37.5	37	36	35.5	34.5	29		30.7	12
2018	25	30	32	31	31	31	33	36	36	35	24	23		30.6	12
2019	23.5	28	25	24.5	31.5	26	37	33	34	36	30	32		30	12
2020	26	28	25	24	26	33	34	34	34	34	32	23		29.4	12
2021	20.5	24	25.5	34.5	26	31	33	37.5	36	32	32	22		29.5	12
2022	29	27	32	28	26.5	34	33	34	33	32	28	24.5		30.1	12
2023	27	28	26.5			40	37	37	34	34	30.5	24		31.8	10
MÍNIMA	20.5	24	23	22	24	25	29	29.5	31	26.5	24	22		27.8	6
MÁXIMA	36	38	37	39.5	41	40	46	42	41	39	39	38		36.7	12
MEDIA	28.1	29.2	29.9	30.3	31.3	32.2	34.8	35.7	35.8	34.4	31.3	28.9		31.8	11.4
DESV.ST	3.1	3.5	3.7	3.8	3.8	3.4	3.3	2.7	2.3	2.8	3.3	3.5		2.2	1.4

TEMPERATURA MÍNIMA PROMEDIO
AÑO	ENE	FEB	MAR	ABR	MAY	JUN	JUL	AGO	SEP	OCT	NOV	DIC	ACUM	PROM	MESES
1961	11.6	10.4	10.3	11	11.8		18.3	22.4	21.4	17.6	11.6	11		14.3	11
1962	10	10	8.4	10.8	11	12.5	17.9			16	14.4	12.1		12.3	10
1963	10.4	11.9	10.9	10.9	10.5	10.5	19.1	16.7	22.4	20.5	14	12.9		14.2	12
1964	11.4	11.2	11.6	11.8	12.3	15.1	18.1	19.3	18.8	18.7	14.2	13.7		14.7	12
1965	13	14.7	14.4	12.3	10.1	12.6	13	20.5	17.2	14.6		11.5		14	11
1966	9.5	11.1	13	14.7		14.7	14.1	18.6	22	16.6	14.2	11		14.5	11
1967	9.2	10.1	11.2	13	12.7	14.6	18.6	21.2	20.7	20.7	14.9	10.9		14.8	12
1968	9.6	11.1		10.4	12.4	12.9	19.7	19	19.2	15.6	12.2	9.8		13.8	11
1969		9.8			12.4		20.1	21.3			11.4	12.8		14.6	6
1970	10.3	11.4	11.4		11.9	14.8	19.5	21.5	21.2	16.2	13.9	12.5		15	11
1971	11.1	10.5	10.1	10.6	11.8	12.2	19	16.6	15.6	10.5	10.6	10.6		12.4	12
1972	9.9	9.6	10.8	10.8	10.8	11.4	10.7	10.9	10.8	10.6	6.2	7.9		10	12
1973	9.3	10	9.5	9.8	10.5	9.9	8.9	11	8.7	10.3	9.9	9.7		9.8	12
1974	9.4	9.2	10.4	11.3	11.5	9.8	9.9	10.4	11.2	11	10.4	9.3		10.3	12
1975	9.1	8.9	8.8	9.6	10	10.3	9.6	10.2	10.4	9.2	8.7	9.2		9.5	12
1976	10	10.7	10.6	9.4	10.4	10.2	9.5	12.5	10.2	8.5	9.6	10.4		10.2	12
1977	10.3	10	9.5	8.8	9.3	9.9	10	9.9	9.1	9.5	9	9.5		9.6	12
1978	8.5	9	8.9	9.3	10.9	11.8	9.9	10.4	10.6	10.7	10.7	10.1		10.1	12
1979	9	7.9	8.6	9.1	10.2	10.3	10.6	11.3	11.7	9.8	7.8	8.5		9.6	12
1980	8.9	8.9	10.7	10.8	10.7	13.3	19.2	22.6	20	18.6	13.3	14.1		14.3	12
1981	13.4	11.2	10.8	11.3	12.5	12	13.6	21	20.3	16.2	15.6	10.8		14.1	12
1982	9.1	10.3			11.3	11.8	18.3	21.2	20.6	17	14.9	10.6		14.5	10
1983	9.5	10.4	11.1	11.6	12.8	14.6	20.8	22.3	23.2	19.6	14.1	11.1		15.1	12
1984	10.5	10.3	10.3	10.5	12	17.1	21.4	22	21.9	16.1	11.2	11.2		14.5	12
1985	9.9	8.4	10.8	12.4	13.2	15	18.3	21.8	20.5	15.1	11.5	8.8		13.8	12
1986	10.8	10.1	10.5	12.9			18.2				18.8			13.6	6
1987						14.5	17.8	21.5	20.4		10.3	9.1		15.6	6
1988	8.4		10	12.4	12.9	13.9	18.3	20.2	18.8	16.2	10.5	8.7		13.7	11
1989	7.5	8.9	10.2	11.6	13.1	14.1	19.2	21.1	21.7	17.6	12.4	10.4		14	12
1990	9.2	8.2	10.3	10.6	12.1	12.6		21.9	21.9					13.3	8
1991	9.5	9.8	9.5	10.5	9.9	11	16.3	20	20.8	19.1	12.2	9.6		13.2	12
1992	9.7	10.5	10.3	12.8	13.8	15.3	21.6	22.1	22.6	17.3	11.5	10.7		14.9	12
1993	11.2	9.3	9.9	10.6	12.5	14.9	18.2	20.6	18.9	17.5	12.8	11		13.9	12
1994	9.2	8.5	9.6	11.2	11.5	15.1	18.6	21.7	21.9	16	12	9.5		13.7	12
1995	7.9	10.7	10.4	8.8	10.1	12.7	18.8	21.1	22.7	13.7	13.9	8.6		13.3	12
1996	7.3	10.6	10.9	10.6	11.2	12.3	19.2	23	20.1	14.5	11.4	8.8		13.3	12
1997	7.9	7.4	10.1	7	13	14.6	19.5		23.8	17.7	13.7	9.8		13.1	11
1998	8.8	9.1	9.8	10.1	11.2	15.5	21.1	22.8	19.6	14.8	10.7	6.8		13.4	12
1999	7.7	8.7	7.9	10	10.8	13.6	18.8	19.3	19.4	13.6	9.7	6.4		12.2	12
2000	7	8.3	7.8	9.2	10.8	14.9	17.6	20.3	19.7	15.3	8.2	7.2		12.2	12
2001	6.8	7.1	8	9.4	11.7	14.5	18.2	17.5	18.9	15.1	11.5	6		12.1	12
2002	7.2	7.8	7.9	11.1	9.8	14	16.3	17.5	20.7	12.1	9.8	8.1		11.9	12
2003	7.8	10.2	8.9	9.9	10	11.1	16.8	20.2	20.5	17.6	11.8	7.9		12.7	12
2004	7.9	7.1	10.9	11.4	12.1	12.9	19.5	20	21.8	14.7	10.4	9.5		13.2	12
2005	10	10.5	9.6	10.2	12.6	14	20.2	20.9	20.8	16.7	10	7.2		13.6	12
2006	6.1	8.8	7.3	10	10.7	15.2	21	21.8	21	16.8	12.1	8		13.2	12
2007	7.2	8.9	10.2	8.9	11	15.2	18.8	20.1	19.4	12.5	12.1	8.1		12.7	12
2008	7.6	6.5	7.2	8.1	11.2	16.6	20.1	23.2	22.6	18.6	12.7	11		13.8	12
2009	8.6	9.7	11.5	11.7	13.3	14.3	21.2	21.2	21.9	16.5	12.1	6.6		14	12
2010	9	9.1	9.7	10.9	10.9	14.4	17.1	20.9	20	13.9	9.8	8.2		12.8	12
2011	7.3	6.5	9.1	10.8	11.3	14.5	18.1	22.2	20.4	15	12.3	8.4		13	12
2012	8	8.1	8.5	10.3	11.3	14.4	17.9	21.7	22.9	17.2	13.7			14	11
2013	7.5	7	10.3	10.2	11.8	15.2	19.8	20	19.6	14.8	12.9	9.2		13.2	12
2014	8.8	9.3	11.3	11.5	13.2	17	21.5	23.6	23.6	18.3	12.5	10.3		15.1	12
2015	10.1	12.3	12.6	12.3	12.2	17	20.5	22.6	24.2	19.3	13.6	8.9		15.5	12
2016	6.8	10.3	10.6	10.9	11.6	15.6	20.9	21.2	20.5	18.7	14.5	12		14.5	12
2017	10.7	11.4	12.6	12.9	13.3	17	20.9	22.7	21.1	19.3	16.7	13.7		16	12
2018	11.7	13.7	11	12.4	12.7	15.8	20.4	22.7	23.1	18.2	14.6	11.2		15.6	12
2019	10.9	11	11	12.5	12.3	14.4	20.2	22.8	22.3	16.9	17.3	11.8		15.3	12
2020	10.6	10.9	12.3	12	14.5	16.6	21.4	23.2	23.3	19.7	14.1	9.9		15.7	12
2021	9.7	9.8	11	12.6	13.7	15.4	20.7	23.7	20.8	17	13.9	11.7		15	12
2022	11.6	10	10.7	12.8	13.6	17.4	20.1	23.2	23.1	19.2	12.7	11.2		15.5	12
2023	9.6	10.7	11.2			16.6	20	23.7	22.2	19.2	17	12.7		16.3	10
MÍNIMA	6.1	6.5	7.2	7	9.3	9.8	8.9	9.9	8.7	8.5	6.2	6		9.5	6
MÁXIMA	13.4	14.7	14.4	14.7	14.5	17.4	21.6	23.7	24.2	20.7	18.8	14.1		16.3	12
MEDIA	9.3	9.7	10.2	10.9	11.7	13.9	17.8	19.8	19.6	15.8	12.3	10		13.5	11.4
DESV.ST	1.5	1.6	1.4	1.4	1.2	2.1	3.5	3.9	4	3.1	2.4	1.9		1.7	1.4

TEMPERATURA MÍNIMA EXTREMA
AÑO	ENE	FEB	MAR	ABR	MAY	JUN	JUL	AGO	SEP	OCT	NOV	DIC	ACUM	PROM	MESES
1961	8	7	0.9	8	8		12	20	16	12	7	6		9.5	11
1962	5	6	5	8	6	10	13			10	8	8		7.9	10
1963	8	7	8	8	7	8	14	10	18	18	10	9.5		10.5	12
1964	6	8	10	8.5	8.5	10	14	15	15	13.5	10	10		10.7	12
1965	9	11.5	10	8	6	9	10	18	6	7		7		9.2	11
1966	7	4.5	10	12		10	10	14.5	18	12	10	5		10.3	11
1967	5	5	7	8.5	8	10	12	17	18	18	10	7.5		10.5	12
1968	6	5		1	9.5	10	17	15	15	11	8	5		9.3	11
1969		6			10		16.5	15			6	9		10.4	6
1970	7.5	8	9		10	10	11	19	18	12	10.5	10		11.4	11
1971	5.5	5	7	8	9	9	14	14	13	8	7	5		8.7	12
1972	7	7	7	8	6	7	9	9	8	4	3	4		6.6	12
1973	6	8	7	7	6	6	6	7	5	7	6	5		6.3	12
1974	5	5	6	7	9	5	6	8	8	7	6	6		6.5	12
1975	5	6	6	7	7	7	7	7	8	5	4	4		6.1	12
1976	7	7	8	7	7	9	6	9	7	5	4	6		6.8	12
1977	6	7	7	7	6	8	8	7	7	8	7	7		7.1	12
1978	6	6	6	6	6	10	8	8.5	8	8.5	9	4		7.2	12
1979	7	4	5.5	6	9	8	9	9	9	5	5	5		6.8	12
1980	6	5	9	9	9	10	9	19.5	15	12	10	11		10.4	12
1981	9	9	9	9	9	9	9	15	14	12	9	8		10.1	12
1982	7	6.5			8.5	9.5	12	18.5	15	11	11	3		10.2	10
1983	6	8	8	10	8	10	12	14	20	14	9	7.5		10.5	12
1984	7	7	8	9	7	12.5	19	20	19	12	7	7		11.2	12
1985	7	5	6	9	10	11	11	19	16	10	8	5		9.8	12
1986	8	6	8	7.5			14				14			9.6	6
1987						12	13	19	17		7	6		12.3	6
1988	4		5.5	4.5	9	9.5	13	17	13	12.5	5.5	2.5		8.7	11
1989	4	5	6.5	8	9.5	9	15	18	17	10.5	8.5	6.5		9.8	12
1990	5.5	4	6.5	7	8	8.5		17.5	15.5					9.1	8
1991	4.5	5	5	7	6	8.5	11.5	14.5	14.5	11	8	6		8.5	12
1992	7	7	7	10	10	10	18.5	20	19	13	6.5	5.5		11.1	12
1993	5.5	7	7	7	9	12	14	18	13	11	7	7		9.8	12
1994	6	5.5	6.5	7.5	7	12	15	20	20	12	8	7		10.5	12
1995	3.5	5	4.5	6	8	7.5	13	18	14	10	9.5	5		8.7	12
1996	3	4.5	8.5	9	9	9	16	18	13.5	9	9	5		9.5	12
1997	3	1.5	6	4	10	10	17		17.5	14	10.5	6		9	11
1998	6	6.5	7	6	8	11	17.5	20	12.5	10	8	4		9.7	12
1999	4	5	4.5	4	8	8.5	15.5	13.5	14.5	11	5	2.5		8	12
2000	2.5	4	4.5	5.5	7	9.5	15	17	14	12.5	5	4.5		8.4	12
2001	2.5	3	3.5	5	9	8.5	11	13	12.5	12	5	3		7.3	12
2002	4	3	4.5	6.5	7	9.5	13.5	13	16	7.5	6.5	3.5		7.9	12
2003	4	4	4.5	6	6.5	7.5	12	17.5	14	11	7	2.5		8	12
2004	2.5	3.5	5.5	8.5	8	9.5	12	15	15.5	12	6	4		8.5	12
2005	5.5	7	6	7	7.5	9.5	18	17.5	15	11	6	3.5		9.5	12
2006	0	4	4	5.5	6.5	11	16	18.5	15.5	11	8	1.5		8.5	12
2007	3.5	4	5	1	8.5	8	16	17	14	9.5	8	3.5		8.2	12
2008	1	2	3.5	5.5	7	11	17.5	20	17.5	13	8.5	4		9.2	12
2009	3.5	5	8	7	9	9	19	18	20	11	7	4		10	12
2010	6	6	6	8	7	10	12	17	15.5	10	3.5	4		8.8	12
2011	3.5	3	5	7	9	9	12.5	18.5	12.5	10	9	2		8.4	12
2012	5	5	5	7	9	10.5	12.5	16.5	20.5	14	10.5			10.5	11
2013	2	2.5	6	5	9	10.5	18	17	14	11	7.5	5.5		9	12
2014	5	5	7	8.5	8	10.5	16	18.5	20	12	9	6		10.5	12
2015	4.5	10	9	9	9	12.5	18	20	20	12	10.5	3.5		11.5	12
2016	3	6.5	8	7.5	9	9.5	17.5	16.5	18	14	11	9		10.8	12
2017	7.5	9	9	10	9.5	12	19	20	13.5	12	11.5	10.5		12	12
2018	7	5	7	8	10	12	14	21	20	15	12	5		11.3	12
2019	7.5	6	9	10	10.5	9	17.5	20	18	12	12.5	6.5		11.5	12
2020	6	6	9	9	9	14	20	21	20	13	8	7		11.8	12
2021	7.5	7.5	6	10	10.5	11.5	18	20	2.5	9.5	7	8.5		9.9	12
2022	7	7	1.5	9.5	9.5	12.5	13.5	20	20	11	9.5	7.5		10.7	12
2023	6	8	8			11	12.5	18	18	13	13	9		11.7	10
MÍNIMA	0	1.5	0.9	1	6	5	6	7	2.5	4	3	1.5		6.1	6
MÁXIMA	9	11.5	10	12	10.5	14	20	21	20.5	18	14	11		12.3	12
MEDIA	5.4	5.8	6.5	7.3	8.2	9.7	13.5	16.2	14.7	10.9	8.1	5.8		9.4	11.4
DESV.ST	1.9	1.9	2	2	1.3	1.7	3.6	3.9	4.3	2.8	2.4	2.3		1.5	1.4

TEMPERATURA MEDIA MENSUAL
AÑO	ENE	FEB	MAR	ABR	MAY	JUN	JUL	AGO	SEP	OCT	NOV	DIC	ACUM	PROM	MESES
1961	17	17.1	16.2	17.1	19.2		23.8	26.6	26.2	23.9	17.4	16.6		20.1	11
1962	16	16	15.3	17	17	19.5	25.1			21.6	20.4	19.4		18.7	10
1963	17.4	19	19.8	18.5	18.6	18.8	25.6	24	27.4	26.1	20.9	21		21.4	12
1964	18.4	18.4	18.4	19	21.1	21.2	25.3	25.3	24.8	25.6	22.7	22.8		21.9	12
1965	22.6	23.5	24.2	21	18.6	19	22.3	27.3	24.6	22.6		18.4		22.2	11
1966	15.7	17.6	19.9	22		21.6	22.2	26.2	27.4	23.5	20.5	17		21.2	11
1967	15.9	17.8	19.1	20	19.6	20.3	23.6	25.4	25	25	20.8	17		20.8	12
1968	15.9	17.9		16.7	21	20.1	24.1	24.1	24.4	22.2	19	17.1		20.2	11
1969		15.4			19.8		27.2	26.2			18.2	18.9		21	6
1970	19.9	17.5	16.9		19.8	19	24.6	26	26.6	21.8	20.6	18.4		21	11
1971	17	16.4	14.8	16.1	19.1	17.5	26.1	23.6	23.4	20.6	20.1	18		19.4	12
1972	17.2	17.4	17.6	17.5	17.8	17.6	19.6	20	20.4	18.7	15.8	16.4		18	12
1973	18.5	19	17.8	19.1	19	18.7	18.1	19.6	18.4	18.9	19.2	17.6		18.7	12
1974	17.9	18.2	19	20.6	20	18.4	19	19.8	20	19.2	18.1	17.7		19	12
1975	16.3	16.4	16.5	16.1	17.5	17.2	17.6	17.7	19.3	18	17.5	16.8		17.2	12
1976	18.2	17.9	15.8	18.6	19.4	19.6	18.6	21.7	19	18.6	18.2	18.2		18.6	12
1977	20	18	18.6	19.5	20.6	19.1	19	19.3	18.3	16.5	15.4	16		18.4	12
1978	15.3	16	15.7	17	16.3	18	20.9	21.7	21.3	21.5	22.1	20.2		18.8	12
1979	18.6	16.4	18.7	21	21.8	20.8	22	21.6	22	20.6	17.5	17.7		19.9	12
1980	17.7	19.6	21.1	21.4	21.2	23.6	26.5	27.8	25.9	24.9	20.6	20.5		22.6	12
1981	19.1	17	17.2	18.9	18.9	19.8	22.6	27.2	26.4	24.1	24.2	18.4		21.1	12
1982	16.6	16.7			18.5	19	25.2	27	27	24.2	21.3	17.4		21.3	10
1983	16.2	17.1	18	20.3	19.4	21	26	27.2	28.5	25.7	21.1	18		21.5	12
1984	17.2	18	18	17.6	18.8	22	25.6	26.4	26.8	21.1	17.4	16.9		20.5	12
1985	15.2	15.1	17.7	17.8	19.6	19.9	24	26.9	26.1	21.1	17.4	15.6		19.7	12
1986	17.8	17.9	17.6	19			25				26.3			20.6	6
1987						22.2	24.2	27	27.1		17.2	17.1		22.5	6
1988	16.4		16.1	17.6	18.1	18.9	22.8	24.4	23.9	20.7	16.4	15.1		19.1	11
1989	13.3	15.1	15.5	16.5	18.9	18.6	23.1	25.5	26.5	23.1	18.8	16.8		19.3	12
1990	15.7	14.2	15.8	16.6	17.9	17.4		26	26.6					18.8	8
1991	15.4	16.6	15.7	17	15.9	17.4	20.5	24.6	25.2	24.2	18.5	15.6		18.9	12
1992	15.3	15.8	16	18.4	19.1	21.1	26	26.3	27.4	23.6	18.3	16.2		20.3	12
1993	16.3	15.2	17.4	17	17.1	20.2	22.7	24.6	23.8	24.6	19	17.1		19.6	12
1994	16.4	15.2	15.9	17	16.9	19.6	23.1	25.7	26.4	22	17.7	14.8		19.2	12
1995	14.4	16.8	16.8	16	16.5	18.1	23.6	24.7	26.8	20.3	20.2	15.7		19.2	12
1996	15	16.1	17	15.8	18.4	18.4	23.9	26.5	24.5	20.8	17.6	15.6		19.1	12
1997	14.8	14.1	16.8	13.7	18.5	20.2	24.6		27.9	23.2	19.9	15.7		19	11
1998	16.1	15.4	16.2	16.6	17.4	21.8	25.2	27.1	24.4	21.7	17	13.7		19.4	12
1999	14.9	15.4	14.1	15.4	16.1	18.9	22.6	24	23.5	18.1	16.5	13.8		17.8	12
2000	14.5	15	13.4	14.9	15.2	19.5	22.3	25	24.3	20	15	14.8		17.8	12
2001	13	14.6	13.6	15.1	16.4	19.1	23	23	23.5	20.5	17.6	13.3		17.7	12
2002	13.8	14.6	14.1	16.2	15.8	18.4	21.2	21.9	24.9	17.6	16.7	14.2		17.4	12
2003	15.8	15.7	15.1	15.9	16	15.6	20.7	24.1	24.4	24.3	19.7	16		18.6	12
2004	15.8	15.2	18.2	18.4	19.5	19.9	26.1	26.8	27.9	22	18.6	17.2		20.5	12
2005	17.4	16.4	17.4	18.6	19.1	20.6	26	27.2	28	22.4	18.6	15.9		20.6	12
2006	15	16.8	16	18.3	16.9	20.9	25.8	27.5	26.6	23.1	20	16.6		20.3	12
2007	14.8	16.7	17.4	16.8	18.6	21.6	24.6	26.6	25.9	21.6	18.6	15.6		19.9	12
2008	15.7	14.8	15.8	17.2	17.6	21	25.1	27.4	27.7	26	21	18.4		20.6	12
2009	16.9	19.2	18.8	19	20.4	21.8	28	28.2	28.8	24	20.6	15.9		21.8	12
2010	17.7	17.4	18.5	18.6	18.6	21.2	23.8	27.7	26.4	21	18.8	16.6		20.5	12
2011	15.8	15.3	17.1	18.2	19.5	22.1	25	28.4	27.6	22.4	19.3	16.2		20.6	12
2012	16.8	15.9	17.2	18	19	21.1	25.2	28.2	29.3	24.3	20.8			21.4	11
2013	15.3	15.5	18.3	18.1	19	22.2	26.2	26.6	25.8	22	20.4	17		20.5	12
2014	18	17.7	18.9	19.4	21.7	24.6	27.8	30.2	29.6	24.3	20.1	18		22.5	12
2015	17	19.6	19.4	19.4	19.4	24	26.9	29.2	29.4	26	21.9	17.4		22.5	12
2016	14.8	19.2	19.1	18.8	18.6	22.8	27	25.7	25.1	24.4	20	16.3		21	12
2017	14.8	16.1	16.9	17.6	16.9	19.4	23.9	26.9	25	24.1	20.8	17.7		20	12
2018	16.4	17.4	16.2	17.2	17.2	19	24.2	26.9	27.3	23.4	18	15.5		19.9	12
2019	15.8	15.7	15.9	17	17.2	18	24.8	26.9	26.6	20.5	20.5	17		19.7	12
2020	15.6	15.9	16	15.2	18.6	20.8	24.8	27	26.7	22.2	17.7	14.4		19.6	12
2021	13.4	13.7	15	16.1	16.4	18.2	23.1	27.3	23.8	20.6	18.2	15.1		18.4	12
2022	15.9	14.6	16.1	16.2	16.1	20.5	23.8	27.1	25.8	22.8	17.4	16.2		19.4	12
2023	14.8	14.9	16.5			22.2	25.5	28.2	26.1	23.4	20.7	17		20.9	10
MÍNIMA	13	13.7	13.4	13.7	15.2	15.6	17.6	17.7	18.3	16.5	15	13.3		17.2	6
MÁXIMA	22.6	23.5	24.2	22	21.8	24.6	28	30.2	29.6	26.1	26.3	22.8		22.6	12
MEDIA	16.3	16.6	17.1	17.8	18.4	20	23.8	25.5	25.3	22.2	19.2	16.9		20	11.4
DESV.ST	1.7	1.7	1.9	1.7	1.6	1.8	2.4	2.6	2.7	2.3	2.1	1.8		1.3	1.4
