COMISIÓN NACIONAL DEL AGUA
COORDINACIÓN GENERAL DEL SERVICIO METEOROLÓGICO NACIONAL
BASE DE DATOS CLIMATOLÓGICA NACIONAL 

ESTADÍSTICA MENSUAL
EMISIÓN   : 25/10/2024 

DATOS DISPONIBLES EN LA BASE DE DATOS A: OCTOBER DE 2024; 
CON LA INFORMACIÓN SUMINISTRADA POR LAS UNIDADES ADMINISTRATIVAS 

 ESTACIÓN  : 3029 
 NOMBRE    : LA PURISIMA 
 ESTADO    : BAJA CALIFORNIA SUR 
 MUNICIPIO : COMONDÚ 
 SITUACIÓN : OPERANDO 
 CVE-OMM   :   
 LATITUD   : 26.18194444 ° 
 LONGITUD  : -112.0777778 ° 
 ALTITUD   : 95 msnm 


LLUVIA MÁXIMA 24 H.
AÑO	ENE	FEB	MAR	ABR	MAY	JUN	JUL	AGO	SEP	OCT	NOV	DIC	ACUM	PROM	MESES
1938									24			40	64	32	2
1939	6	0	0	0	0	0	8	13.3	24	0.5	0	0.2	52	4.3	12
1940	0	0.5	0.7	0	0	0	2.5	5.5	62.5	4	2	8.4	86.1	7.2	12
1941	0	4	1.8	2.5	0	0	19.2	3	10.8	10	0	5.7	57	4.8	12
1942	0	8.3	0	0	0	0	0	7	0	0.01	8.5	1.5	25.31	2.1	12
1943	3	0	0	0	0	0	8.5	23	9.5	16	0	8.3	68.3	5.7	12
1944	15.4	4.5	2	0	5.5	0	0	5.4	6.5	0.1	2	2.8	44.2	3.7	12
1945	1.5	0.2	0	0	0	0	0	14	3	8.5	0	0	27.2	2.3	12
1946	0	0	0	0	0	0	0	0	0	0	0	0	0	0	12
1947	0	0	0.1	0	0	0	0.1	3.5	45	0	0	0	48.7	4.1	12
1948	0	7.5	0	0		0	8	0	5.5	0	0	2.5	23.5	2.1	11
1949	8.5	0	0	0	0	0	0	0	5	0	0	16	29.5	2.5	12
1950	0.9	1	0	0	0	0	0	0	0	0	0	0	1.9	0.2	12
1951	0		2	0	0	0	0	16	6.2	19.2	2	12.1	57.5	5.2	11
1952	0	20.3	1	0	0	0	6	4	1	0	1.5	22.5	56.3	4.7	12
1953	0	24	2.5	0	0	0	5.5	51.5	0	1	11.6	13.5	109.6	9.1	12
1954	7.3	0	0	0	0	0	14.5	0	30	3	0	2.2	57	4.8	12
1955	7	0	0	0	0	0	4	9	10.3	0	0	0	30.3	2.5	12
1956	13	0	0	0	0	0	3.4	65	15	0	0	1	97.4	8.1	12
1957	9.5	0	20	0	0	0	6	16	0	73.5	0	3	128	10.7	12
1958	8	3.5	5.5	0	0	0	19.5	2.3	42	28	4	0	112.8	9.4	12
1959	0	0	0	0	0	0	10	4.8	27	0	54	53.7	149.5	12.5	12
1960	50.1	0	0	0	0	0	4.6	15	5.2	4.5	0	21.5	100.9	8.4	12
1961	38	0	0	0	0	0	2	10.9	14.5	0	0	5.7	71.1	5.9	12
1962	44	20	0.8	0	0	0	0	6.8	28	0	0	28	127.6	10.6	12
1963	2.7	2.2	0	0	0	0	0.5	32.5	4.1	0	0	4	46	3.8	12
1964	0	0	0	0	0	0	2	8.5	1.5	9.6	0	1.9	23.5	2	12
1965	10	0.5	2.7	0	0	0	0	20	0.2	0	0	19.5	52.9	4.4	12
1966	2	12.5	0	0	1.1	0	1.2	0.5	15.3	2.1	0	9.3	44	3.7	12
1967	0	0	0	0	0	0	14	98	11	40	20	15.5	198.5	16.5	12
1968	4.5	4.5	6.1	0	0	0.5	1.5	15.6	36	0.4	2.4	5.4	76.9	6.4	12
1969	13.3	25.1	0	0	0	0	1	0	8	0	9.5	18.5	75.4	6.3	12
1970	0	0.8	15.5	0.5	0	0	19.5	0.7	28	8.9	0	7.5	81.4	6.8	12
1971	0	0	0	0	0	0	0	23.5	14.3	0	0	0	37.8	3.1	12
1972	2.8	0	0	0	0	0	5	24.5	1.5	111.5	0.5	68	213.8	17.8	12
1973	20	17.2	1.2	9.5	0	0	1.5	0	3	0	0	0	52.4	4.4	12
1974	1	0	0	0	0	0	4.5	7	66	0	19	10	107.5	9	12
1975	4	0	0	0	0	0	0	0	22	0	0	7	33	2.8	12
1976	0	8	0	0	0	0	0	23.5	4.5	0	4	2.5	42.5	3.5	12
1977	0	0	0	0	0	0	0	35	0	0.6	0	0	35.6	3	12
1978	4	12	12	0	0	0	0	0	25	6	0	19	78	6.5	12
1979	5.6	0	5	0	0	0	0	3.5	6	0	0	0	20.1	1.7	12
1980	0	1.5	0	0	0	0	0	0	0	9	0	27	37.5	3.1	12
1981	10	3	20	0	1	0	8	12	0	7.3	0	0	61.3	5.1	12
1982	0.9	0	0			0	2	0	0.7	0	7	8.5	19.1	1.9	10
1983	7.1	7.1	36.2	16.5	0	0	20	20	1	0	0.2	29.2	137.3	11.4	12
1984	13.8	0	0	4.2	0	0	53	27	22	0	0	46	166	13.8	12
1985	38.4	0	0	1.2	0	0	11	4	0	2.5	14	0	71.1	5.9	12
1986	5	5	0	4	0	0	24	8	8	0	1.4	50	105.4	8.8	12
1987	0	6	0	0	0	0	16	0	0	0	0	5	27	2.2	12
1988		1	0	0	0	0	0	4.5	0	0	0	6	11.5	1	11
1989	15	15	0	0	0	0	18	3	36	9	0	19	115	9.6	12
1990	3	5	0	0	0	0	12	3	36	20	26	56	161	13.4	12
1991	9	11	3	0	0	0	0	12	16	0	19	22	92	7.7	12
1992	12	19	3	0	0	0	26	60	8	0	1	10	139	11.6	12
1993	70	20	16	0	2	8	0	100	0	1	14	10	241	20.1	12
1994	0	0	0	0	0	0	0	25	10	0	40.5	40	115.5	9.6	12
1995	15	18	0	0	0	0	0	8	29	0	3	1	74	6.2	12
1996	0	2	0	0	0	0	0	54	10	0	0	0	66	5.5	12
1997	1	5	0	0	0	0	0	20	20.1	0	18.5	21.6	86.2	7.2	12
1998	0	13.8	0	0	0	0	81	35	6	0	0	1.3	137.1	11.4	12
1999	0	0	0	0	0	0	0.01	9	13.4	0	0	0	22.41	1.9	12
2000	0	0	0	0	0	0	0.01	18.4	3.5	1.5	0	0	23.41	2	12
2001	1.5	2.2	12.2	0	0	0	0	0	18.5	0	0	0	34.4	2.9	12
2002	0	1.5	0	0	0	0	0	0	0	0	8.4	5.5	15.4	1.3	12
2003	0	3.4	0	0	0	0	0	9	23.6	0	3	0	39	3.2	12
2004	0	0	0	0	0	0	5.5	0	36.6	0	0	4	46.1	3.8	12
2005	6.4	23	7.3	0	6.4	0	3.4	0	0	0	0	0	46.5	3.9	12
2006	0	0	0	0	0	0	6.6	3.1	28.7	83.4	0	0	121.8	10.2	12
2007	0	0	0	0	0	0	0	3	5.5	0	8.6	17.5	34.6	2.9	12
2008	5.4	0	0	0	0	0	0	14.2	165	0	7.9	1.5	194	16.2	12
2009	0	0	0	0	0	0	4.2	4.2	193.9	36	0	7	245.3	20.4	12
2010	8.2	2.1	0	0	0	0	0	10.4	0	0	0	0	20.7	1.7	12
2011	8.2	2.1	0	0	0	0	0	4.2	0	0	21.7	0	36.2	3	12
2012	0	8.9	0	0	0	0	0	8.6	45.4	35.8	0		98.7	9	11
2013	0	0	0	0	0	0	0	38	19	60	3	0	120	10	12
2014	0	0	0	0	0	0	16	43	160	47	0	0	266	22.2	12
2015	11.2	21	10.5	12.5	5.2	15.6	2	10.5	57.2	7.5	0	0	153.2	12.8	12
2016	0	0	3.5	0	0	0	0	4	82	0	0	15.5	105	8.8	12
2017	4.5	19.5	0	0	0	0	9	3	48	0	0	0	84	7	12
2018	0	2	0	0	0	1	4	0	27	30	0	0	64	5.3	12
2019	17	4	13	0	0	0	1	14	9	0	22	8	88	7.3	12
2020	0	0	7	0.01	0	0	0	6	0	6	0	12	31.01	2.6	12
2021	13	0	0	0	0	0	8	6	0	0	3	24	54	4.5	12
2022	0	0	0	0	0	0	3	12	90	0	0	2	107	8.9	12
2023	4	9	0	0	0	0	0	27	0	0	0	0	40	3.3	12
MÍNIMA	0	0	0	0	0	0	0	0	0	0	0	0	0	0	2
MÁXIMA	70	25.1	36.2	16.5	6.4	15.6	81	100	193.9	111.5	54	68	266	32	12
MEDIA	6.7	4.9	2.5	0.6	0.3	0.3	6	14.3	21.5	8.3	4.3	10.4	79.1	6.9	11.8
DESV.ST	12	7.2	5.9	2.5	1.1	1.9	11.7	19.5	34.8	19.6	9.2	14.7	57	5.5	1.1

LLUVIA TOTAL MENSUAL
AÑO	ENE	FEB	MAR	ABR	MAY	JUN	JUL	AGO	SEP	OCT	NOV	DIC	ACUM	PROM	MESES
1938									57			40	97	48.5	2
1939	6	0	0	0	0	0	8	34.1	57.3	0.5	0	0.2	106.1	8.8	12
1940	0	0.5	0.7	0	0	0	2.5	8.4	63	4	3.7	12	94.8	7.9	12
1941	0	7.5	3.3	3.5	0	0	21.9	4	17.8	14.4	0	11.2	83.6	7	12
1942	0	17.2	0	0	0	0	0	8.3	0	0.02	8.5	1.5	35.52	3	12
1943	3	0	0	0	0	0	8.5	35.8	13.9	18.8	0	8.8	88.8	7.4	12
1944	16.5	7	3.5	0	5.5	0	0	10.3	6.5	0.1	2.5	3.5	55.4	4.6	12
1945	1.7	0.2	0	0	0	0	0	24.9	3	14	0	0	43.8	3.6	12
1946	0	0	0	0	0	0	0	0	0	0	0	0	0	0	12
1947	0	0	0.1	0	0	0	0.1	3.5	59	0	0	0	62.7	5.2	12
1948	0	7.5	0	0		0	9	0	15	0	0	3.5	35	3.2	11
1949	22	0	0	0	0	0	0	0	9	0	0	24	55	4.6	12
1950	1.7	2	0	0	0	0	0	0	0	0	0	0	3.7	0.3	12
1951	0		2	0	0	0	0	39.2	6.2	19.2	2	20.8	89.4	8.1	11
1952	0	29	2	0	0	0	6	7	1.9	0	1.5	25.2	72.6	6	12
1953	0	47.7	2.5	0	0	0	6.6	88.3	0	1	11.8	13.5	171.4	14.3	12
1954	12.5	0	0	0	0	0	41	0	48.6	3	0	2.2	107.3	8.9	12
1955	11.7	0	0	0	0	0	4	17.5	28.3	0	0	0	61.5	5.1	12
1956	13	0	0	0	0	0	3.4	120	23	0	0	1	160.4	13.4	12
1957	11.5	0	20	0	0	0	9	22.3	0	152.3	0	3	218.1	18.2	12
1958	11.4	9.5	10.4	0	0	0	19.5	2.3	61.3	48	4	0	166.4	13.9	12
1959	0	0	0	0	0	0	10	8.7	30	0	55.8	134	238.5	19.9	12
1960	64.2	0	0	0	0	0	4.6	23.7	7.9	5.2	0	22.9	128.5	10.7	12
1961	86.8	0	0	0	0	0	2	30.6	35.6	0	0	13.9	168.9	14.1	12
1962	85.6	22	0.8	0	0	0	0	6.8	67.8	0	0	39.7	222.7	18.6	12
1963	4.5	2.2	0	0	0	0	0.5	61.4	5.3	0	0	4.7	78.6	6.6	12
1964	0	0	0	0	0	0	2	8.5	1.5	9.9	0	1.9	23.8	2	12
1965	10.5	0.8	2.7	0	0	0	0	53.8	0.2	0	0	51.1	119.1	9.9	12
1966	2	20	0	0	1.1	0	2	0.5	53.5	2.1	0	9.3	90.5	7.5	12
1967	0	0	0	0	0	0	17.5	150.8	11	60	35.5	33	307.8	25.7	12
1968	7.9	8.5	8.3	0	0	0.5	1.5	24.3	36	0.4	2.4	5.4	95.2	7.9	12
1969	17.9	33.9	0	0	0	0	1	0	8	0	14.6	36.3	111.7	9.3	12
1970	0	0.8	16.3	0.5	0	0	19.5	0.7	60.1	8.9	0	7.5	114.3	9.5	12
1971	0	0	0	0	0	0	0	48.1	36.2	0	0	0	84.3	7	12
1972	3.3	0	0	0	0	0	5	25.8	2.7	198	0.5	68.8	304.1	25.3	12
1973	21.7	33.7	1.2	9.5	0	0	1.5	0	3	0	0	0	70.6	5.9	12
1974	1	0	0	0	0	0	4.6	7	100	0	27.5	15	155.1	12.9	12
1975	7.3	0	0	0	0	0	0	0	22	0	0	7	36.3	3	12
1976	0	15	0	0	0	0	0	33.3	5.5	0	5.5	2.5	61.8	5.1	12
1977	0	0	0	0	0	0	0	71	0	0.8	0	0	71.8	6	12
1978	4	20.5	12	0	0	0	0	0	39	8	0	38	121.5	10.1	12
1979	13.5	0	5	0	0	0	0	3.5	9.5	0	0	0	31.5	2.6	12
1980	0	4	0	0	0	0	0	0	0	9	0	29	42	3.5	12
1981	32.5	3	24	0	1	0	8	13	0	12.3	0	0	93.8	7.8	12
1982	1	0	0			0	2	0	1.1	0	23.3	16.8	44.2	4.4	10
1983	26.3	12.4	47	16.6	0	0	39	41	2	0	0.2	29.2	213.7	17.8	12
1984	18.2	0	0	4.2	0	0	90.4	57.6	60.8	0	0	93.6	324.8	27.1	12
1985	44.7	0	0	1.2	0	0	11	4	0	5.6	14	0	80.5	6.7	12
1986	5	8.4	0	4	0	0	28.2	10.8	9	0	1.4	52	118.8	9.9	12
1987	0	11	0	0	0	0	17.2	0	0	0	0	5	33.2	2.8	12
1988		1	0	0	0	0	0	4.5	0	0	0	9	14.5	1.3	11
1989	31	21	0	0	0	0	18	3	41	9	0	32	155	12.9	12
1990	3	5	0	0	0	0	15	6	77	38	34	76	254	21.2	12
1991	16	32	6	0	0	0	0	12	21	0	47	47	181	15.1	12
1992	18	31	13	0	0	0	26	82	8	0	1	27	206	17.2	12
1993	96	28	16	0	2	8	0	102	0	1	15	15	283	23.6	12
1994	0	0	0	0	0	0	0	39	16	0	59.5	102	216.5	18	12
1995	15	36	0	0	0	0	0	11	31	0	3	1	97	8.1	12
1996	0	2	0	0	0	0	0	132	17	0	0	0	151	12.6	12
1997	1	5	0	0	0	0	0	77.8	52.1	0	36.4	43.6	215.9	18	12
1998	0	19.82	0	0	0	0	90	38.4	7.8	0	0	1.3	157.32	13.1	12
1999	0	0	0	0	0	0	0.01	11.5	14.4	0	0	0	25.91	2.2	12
2000	0	0	0	0	0	0	0.01	29.4	3.5	1.5	0	0	34.41	2.9	12
2001	1.5	3.4	12.2	0	0	0	0	0	51.2	0	0	0	68.3	5.7	12
2002	0	1.5	0	0	0	0	0	0	0	0	11.8	10.9	24.2	2	12
2003	0	3.4	0	0	0	0	0	15.5	23.6	0	3	0	45.5	3.8	12
2004	0	0	0	0	0	0	5.5	0	53.1	0	0	6.4	65	5.4	12
2005	15.9	23	7.3	0	6.4	0	4.7	0	0	0	0	0	57.3	4.8	12
2006	0	0	0	0	0	0	8	7.4	43.5	83.4	0	0	142.3	11.9	12
2007	0	0	0	0	0	0	0	3	12.5	0	21.2	19.3	56	4.7	12
2008	5.4	0	0	0	0	0	0	28.5	182.4	0	7.9	1.5	225.7	18.8	12
2009	0	0	0	0	0	0	5.7	4.2	196.3	52.2	0	7	265.4	22.1	12
2010	9.4	2.1	0	0	0	0	0	25.4	0	0	0	0	36.9	3.1	12
2011	9.4	2.1	0	0	0	0	0	4.2	0	0	33.4	0	49.1	4.1	12
2012	0	8.9	0	0	0	0	0	34.8	98.7	40.6	0		183	16.6	11
2013	0	0	0	0	0	0	0	38	19	60	6	0	123	10.2	12
2014	0	0	0	0	0	0	32.7	58	217	85	0	0	392.7	32.7	12
2015	49.2	21	14	12.5	5.2	28.8	2	14.1	62.2	7.5	0	0	216.5	18	12
2016	0	0	3.5	0	0	0	0	5.5	104	0	0	32.1	145.1	12.1	12
2017	6.3	19.5	0	0	0	0	9	3	48	0	0	0	85.8	7.2	12
2018	0	2	0	0	0	1	5	0	36	30	0	0	74	6.2	12
2019	17	4	13	0	0	0	1	35	25	0	43	8	146	12.2	12
2020	0	0	16	0.02	0	0	0	6	0	6	0	12	40.02	3.3	12
2021	22	0	0	0	0	0	8	12	0	0	3	24	69	5.8	12
2022	0	0	0	0	0	0	5	18	122	0	0	3	148	12.3	12
2023	7	9	0	0	0	0	0	31	0	0	0	0	47	3.9	12
MÍNIMA	0	0	0	0	0	0	0	0	0	0	0	0	0	0	2
MÁXIMA	96	47.7	47	16.6	6.4	28.8	90.4	150.8	217	198	59.5	134	392.7	48.5	12
MEDIA	10.6	7.2	3.1	0.6	0.3	0.5	7.6	23.6	31	11.9	6.4	16.1	117.4	10.3	11.8
DESV.ST	19.4	11	7.2	2.5	1.1	3.2	15.7	31.4	42.8	31.4	13.4	24.9	82.5	8	1.1

EVAPORACIÓN MENSUAL
AÑO	ENE	FEB	MAR	ABR	MAY	JUN	JUL	AGO	SEP	OCT	NOV	DIC	ACUM	PROM	MESES
1940												82.2	82.2	82.2	1
1941	117.26	130.4	162.6	214.6	282.8	276.2	306.25	269.4	219.04	188.7	168.2	143.5	2478.95	206.6	12
1942	167.3	143	224.4	215.5	276.1	254	298.1	253.29	258.74	199.8	147.8	141.4	2579.43	215	12
1943	130.6	173.7	221.1	260.4	274.8	263	299.4	233.14	231.1	212.6	176.6	135	2611.44	217.6	12
1944	135.9	123.9	193.7	218.6									672.1	168	4
1945							189.8	240.1	226	173.9	155.8	148.3	1133.9	189	6
1946	131.9	157.7	174.3	181.4	182.4	215.6							1043.3	173.9	6
1961	66.1	32.5											98.6	49.3	2
MÍNIMA	66.1	32.5	162.6	181.4	182.4	215.6	189.8	233.14	219.04	173.9	147.8	82.2	82.2	49.3	1
MÁXIMA	167.3	173.7	224.4	260.4	282.8	276.2	306.25	269.4	258.74	212.6	176.6	148.3	2611.44	217.6	12
MEDIA	124.8	126.9	195.2	218.1	254	252.2	273.4	249	233.7	193.8	162.1	130.1	1337.5	162.7	6.9
DESV.ST	33.2	49.7	27.5	28.1	47.9	26	55.8	16	17.4	16.4	12.8	27.2	1079	63.1	4.6

TEMPERATURA MÁXIMA PROMEDIO
AÑO	ENE	FEB	MAR	ABR	MAY	JUN	JUL	AGO	SEP	OCT	NOV	DIC	ACUM	PROM	MESES
1938									36.2			26.4		31.3	2
1939	23.6	22.6	28.3	29.8	31.3	32.4	34.8	34.4	34.1	36.8	30.2	28.4		30.6	12
1940	26.3	27.5	28.2	28.6	31.4	30.8	36.1	34.6	35.5	31.6	25.3	25.8		30.1	12
1941	23.5	24.7	26.7	27.6	31.8	30.4	33.9	33.1	31.7	28.7	28.7	24.2		28.8	12
1942	26.1	24	24.9	25.2	29.7	28.8	33.6	32.4	33.7	28.8	26.7	24.2		28.2	12
1943	21.6	25.4	27.4	25.9	27.3	30.2	30.5	33.5	32	28.5	27.6	24.2		27.8	12
1944	21.6	19	23.3	25.9	26.7	29	32	32.9	31	31.4	24.1	25.2		26.8	12
1945	22.9	23.3	23.9	27.9	31.7	31.8	32.3	33.7	35.4	29.1	28.6	24.6		28.8	12
1946	24.1	27.5	28.6	29.5	28.2	33.3	35.1	35.5	34.8	29.5	25.8	25.6		29.8	12
1947	22.2	26.1	24.5	26.3	26.4	26.4	33.5	29.8	31.3	28.1	22.6	20.2		26.4	12
1948	20.5	20.5	21.3	25.6		35.3	32.9	33.6	36.4	29	27.1	26.7		28.1	11
1949	20.2	22.3	24.6	23.8	27.6	31.9	35.5	37.3	40.1	36.6	38.8	31.6		30.9	12
1950	32.4	30	26.3	29.6	28.4	33.5	36.1	35.9	35.4	35.2	28.4	32.3		32	12
1951	28.5		28.4	28.4	28.9	35.4	34.8	37.5	37	34	29.1	25.7		31.6	11
1952	26.1	26.3	26.1	28.5	30.7	32.2	36	37.1	37.7	36.9	26.9	25		30.8	12
1953	27.1	25.9	26.5	28.1	32.6	31.1	34.9	36.3	37.4	33.9	30.1	24.5		30.7	12
1954	25.3	29.8	33.1	31.8	29.1	31.4	33.7	35.6	37	34	32.3	29.9		31.9	12
1955	26.6	32.3	31.7	32.5	31.1	34.2	32.8	34.9	35.1	32.6	30.5	29.7		32	12
1956	31.4	29.5	32.8	29.3	31.9	32.2	37	41.3	40.9	35.2	34.6	30.1		33.9	12
1957	29.4	32.1	30.4	30.5	30.6	35.8	40.7	41.5	40.8	33.2	30.9	33.3		34.1	12
1958	30.5	31.5	30.6	33.2	38.3	38.6	40.6	40.2	40.1	37	33.8	33.3		35.6	12
1959	32.2	29.9	34.8	34.5	34.4	38.4	39.9	40.3	39.7	37	34.7	28.6		35.4	12
1960	27	29	33.2	33.5	33.2	35.5	38.4	37.8	41.8	36.2	33	30.1		34.1	12
1961	29	31.5	30.7	32.5	37.6	36.1	39.2	39.3	37.7	37.6	31.5	29.3		34.3	12
1962	29.5	29.6	30.4	35	33.8	35.7	39.6	40.9	38.3	36.7	34.3	30.5		34.5	12
1963	25.5	29	31.8	35	36.6	35.5	39.7	39.7	40	37.5	31.4	29.4		34.3	12
1964	26.3	26.4	27.9	29.7	34	34	37.3	36.2	37.5	36.7	30.8	28.3		32.1	12
1965	28.6	26.6	28.4	31	30.9	33.1	38	38.6	37.5	38.2	33.7	27.7		32.7	12
1966	26.7	26.7	30.8	30.7	33.1	35.3	37	38.2	37.6	35.3	33.1	28.7		32.8	12
1967	27.4	27.9	30.9	31.3	34.3	34.4	38.1	38.5	36.4	35.3	32.6	20.7		32.3	12
1968	27.3	30.4	29.5	31	32.1	34.4	38.1	37.6	37.5	36.3	31.5	28.7		32.9	12
1969	29	27	30	32.2	31.9	31.9	38.8	39.1	39.2	33.6	32.1	27.5		32.7	12
1970	28.6	30.1	28.8	30.7	32.8	33.9	38.7	39	37.6	33.8	33.6	30.2		33.1	12
1971	26.6	27.2	31.5	28.9	31.8	33.1	37.3	37.7	38.1	32.5	30.5	26.4		31.8	12
1972	28	30	30.1	33.4	32.1	32.9	38.5	38.9	38	34	29.4	27.8		32.8	12
1973	25.6	28	26.9	29.6	32.7	33.3	36.5	37.8	36.6	36.5	32.5	29.4		32.1	12
1974	27.6	28.4	25.8	30.2	28.6	31.9	34.2	34.7	32.8	31.6	26.4	25.1		29.8	12
1975	24.2	24.2	25.8	25.3	26	30.2	32.2	34.7	35.8	31.2	28.4	25.1		28.6	12
1976	26.7	25.9	26.6	25.8	27.8	33.6	33.9	37.2	32.9	31.6	29.2	24.8		29.7	12
1977	24.4	28.1	26.2	27.6	28.6	32.8	35	34.4	35	33.4	30	28.5		30.3	12
1978	24.9	25.5	27.4	27.9	27.5	32	34.7	35.6	33.1	32.9	26.5	23.3		29.3	12
1979	20.3	24.9	24.5	27.9	27.5	32.2	35.2	34.5	35.7	34.1	28.3	26.9		29.3	12
1980	25.3	27.8	26.3	29.9	25.9	29.8	33.1	32.1	30.9	25.7	21	21.2		27.4	12
1981		19.2	26.7	36.1	25.2	26.2	36	34.9	27.4	27.2	21.1	24.3		27.7	11
1982	15.8	20.6	24			29.8	37.7	38.4	41	36.6	28.2	26.1		29.8	10
1983	26.3	27.9	27.5	27	36.1	36.9	39.9	37.2	37.9	34.7	30	27.6		32.4	12
1984	26.1	28.8	31.3	31.3	33.6	35	35.8	36.7	35.4	30.5	29.3	25		31.6	12
1985	23.6	26.1	29.6	31.4	33.3	34.5	37.4	38.7	37.2	33.6	28.8	29.5		32	12
1986	30.6	28.7	29.7	35.4	30.9	34.5	37.5	38.2	36.4	33.2	30.4	27.1		32.7	12
1987	26.3	26.1	28.6	31.6	29.8	35.5	39	39.2	39.2	38.4	32.3	28.5		32.9	12
1988		31.5	30.4	30.4	34	36.1	38.5	38.6	37.8	35.6	32.8	29.6		34.1	11
1989	24.8	29.1	29.9	31.2	33.5	33.2	37.2	37.3	38.5	34.7	30.1	26.2		32.1	12
1990	25.4	26.3	28	30.8	32.2	36.3	36.5	37.2	37.2	35	29.6	26		31.7	12
1991	25.3	28.8	28.8	30.9	31	33.8	34.5	37.5	37.4	36.2	29.9	24.6		31.6	12
1992	23.9	27	27.9	32.4	33.3	36.3	38.4	38	39.1	34.8	27.8	24.5		32	12
1993	24.7	24.7	29.1	26.9	29.4	35.8	37.6	36.7	35.8	35.7	29.2	27.1		31.1	12
1994	27.3	28.5	29.8	30.1	29.4	35.7	38	38.2	39.1	35.1	28.4	24.6		32	12
1995	25.9	28.9	30.3	31.7	32.6	35.7	39.4	38.5	34.4	32.7	33.2	28.5		32.6	12
1996	30	29.9	30.5	32.6	34	36.2	38.6	37.4	35.2	34.2	31.3	28.4		33.2	12
1997	26.5	26.4	31.5	29.7	34.7	36.2	37.8	37	36.7	34	31.9	24.2		32.2	12
1998	26.9	24.6	27	29	31	36.5	39	39.2	36.4	34.8	30.4	27.3		31.8	12
1999	27.4	28.8	26.9	27.7	30.1	33.2	34.8	37.1	38.6	41.5	32.3	26.7		32.1	12
2000	29.7	29.1	27.4	31	30.5	35	36.7	37.3	36.6	31.3	27.6	29.1		31.8	12
2001	24.9	26.8	25.8	29	32.6	34.6	37.4	37.1	37.2	33.8	30.7	25.6		31.3	12
2002	26.9	29.5	28.5	28.1	32.8	33.8	37	36.7	37.4	31.1	31.2	25.8		31.6	12
2003	27.8	27.8	29.5	30.1	33.5	32.6	36.8	38.6	35.9	36	33.1	29.9		32.6	12
2004	26.6	27.2	31	31.2	34.2	35.5	39.3	39.9	37.4	33.5	32	29.9		33.1	12
2005	29.4	28.1	29.7	33.5	32.8	34.9	38.5	38.5	41.4	34.1	34.2	30.9		33.8	12
2006	30.9	33.7	30.7	33.5	33.2	37.7	39.8	40.6	36.5	36.4	36.5	25.9		34.6	12
2007	24.7	29.1	31.7	30.4	31.1	34.4	36.4	37.5	36.5	36.1	31.1	25.8		32.1	12
2008	27	29.6	31.3	31.7	29.4	39.5	37.1	36.5	35.8	34.8	30.6	25.5		32.4	12
2009	26.5	30.4	30.3	29.9	30.7	34	38.2	38	34.7	33.2	31.9	27		32.1	12
2010	29.6	28.8	29.9	30.8	33.4	34.4	35.9	39.3	38.4	33.2	33	29.1		33	12
2011	27.4	28	32.9	33.2	33.4	37.1	38.5	39.4	38.9	36	30.6	24.9		33.4	12
2012	30	28	28.3	31	34.4	34.6	37.7	39	36.9	33.9	29.8			33.1	11
2013	26.8	26	29.8	29	32.5	35.9	36.3	38.4	35.1	32.8	29	27.4		31.6	12
2014	22.6	25.8	25	27.9	34.5	38	39.7	40.3	34.6	33	31.1	29.3		31.8	12
2015	27	30.2	30.3	30.7	31.5	35.3	35.8	38.5	38.2	33.5	29.6	24.8		32.1	12
2016	28.6	26.9	26.2	31.4	28.6	34	35.9	34.5	33.4	35.4	31.7	25		31	12
2017	24.5	28.1	29.2	31.5	29.2	29.5	34.8	37.1	34.6	36.2	32.9	27.1		31.2	12
2018	30.1	26.7	31.5	30.9	31	33.5	36.6	36.8	36.9	31.1	29.4	26		31.7	12
2019	26.9	25.4	28.7	30	28.8	31.9	35.9	36.3	33.8	33.4	28	25.9		30.4	12
2020	25.7	26.9	27.3	28.9	30.5	34	36	37	37.3	34.5	32	26.8		31.4	12
2021	26.3	27.1	27.8	30.2	31.9	33.3	35.2	36.2	35.1	33.4	31.7	27.9		31.3	12
2022	28	27	29.1	30.2	30.7	34.2	36.2	36.2	34.7	31.8	27.9	26.6		31	12
2023	25.5	25.5	28.9	30.1	28.8	34.2	36.6	38.5	36.7	34.4	31.5	28.6		31.6	12
MÍNIMA	15.8	19	21.3	23.8	25.2	26.2	30.5	29.8	27.4	25.7	21	20.2		26.4	2
MÁXIMA	32.4	33.7	34.8	36.1	38.3	39.5	40.7	41.5	41.8	41.5	38.8	33.3		35.6	12
MEDIA	26.4	27.4	28.6	30.1	31.3	33.8	36.6	37.2	36.5	33.9	30.2	27.1		31.6	11.8
DESV.ST	2.9	2.8	2.5	2.5	2.7	2.5	2.2	2.2	2.6	2.7	3	2.5		1.9	1.1

TEMPERATURA MÁXIMA EXTREMA
AÑO	ENE	FEB	MAR	ABR	MAY	JUN	JUL	AGO	SEP	OCT	NOV	DIC	ACUM	PROM	MESES
1938									42			35		38.5	2
1939	30.5	29	33.5	36	35.5	38.5	40	39.5	39.5	40	34	34		35.8	12
1940	31.5	33	33.5	35.5	38	35.5	44	39.5	40	36	30	32		35.7	12
1941	28	31.5	34	32.5	41	40	37	37	36	34	33.5	29		34.5	12
1942	31	30	31	33	35	38.5	36	37	38	34	30	29.5		33.6	12
1943	28.5	30.5	35	33	35	35	38.5	36	37	34	31.5	29		33.6	12
1944	30	24	28	31	38	33	37	36	35	40	30	30.5		32.7	12
1945	29	31	31	35	38	42	36.5	37	42	38.5	34	29		35.2	12
1946	30	30	33	35	35	39	39	38.5	39	35.5	31.5	34		35	12
1947	31	31	31	32	32	30.5	37.5	33.5	35.5	36	30	25		32.1	12
1948	26	29.5	30	32		40	37.5	42	40	36	31.5	33		34.3	11
1949	25	25	31	31	34	38.5	38	43	45	42.5	44	39.5		36.4	12
1950	40.5	38	32	36	31	41	42.5	43	39.5	39.5	35.5	39		38.1	12
1951	33.5		32.5	34	33	43	40.5	41	41	40	34	35.5		37.1	11
1952	33.5	33	35	34.5	35	38	39	39.5	43.5	43	32.5	31		36.5	12
1953	36	32	38	33	39	37	38	39	41	41	37	29.5		36.7	12
1954	32	34	39.5	38	33	35.5	42	39	41.5	39.5	36	35		37.1	12
1955	34	39	34	34	35.5	35.5	35.5	36.5	38	35.5	33.5	34		35.4	12
1956	38.5	36.5	36.5	35	35.5	35.5	39.5	44.5	45.5	39.5	40	37.5		38.7	12
1957	35.5	39	36	35	35.5	41.5	43	43.5	46.5	41	35	38		39.1	12
1958	35	37	37	37.5	48	44	44.5	43	44.5	42.5	38	37.5		40.7	12
1959	36	39	38.5	41.5	45	46	43.5	43	43.5	43	39.5	34.5		41.1	12
1960	34	34.5	40	41.5	38.5	40	43	42.5	45.5	45	37.5	36		39.8	12
1961	34.5	37.5	37	36.5	42.5	41.5	43.5	43.5	44	43.5	38.5	35.5		39.8	12
1962	34.5	36	36.5	45.5	38.5	40.5	43.5	44	43.5	40.5	41.5	38.5		40.2	12
1963	32.5	33.5	40.5	39.5	43.5	43	42	43	43.5	42.5	37.5	34.5		39.6	12
1964	31	30	31.5	34.5	42	42.5	41	39.5	41.5	41.5	36	36.5		37.3	12
1965	36	30.5	34.5	42	36.5	38.5	42.5	42.5	41	42.5	38	33.5		38.2	12
1966	33	32.5	35.5	39	40.5	43	43.5	41	42.5	40.5	39.5	34		38.7	12
1967	33.5	34.5	35	37.5	41	40	44	41.5	39.5	39.5	39	28.5		37.8	12
1968	33.5	35.5	36.5	38	35.5	44.5	42	41.5	43.5	40	38.5	35		38.7	12
1969	34	32	38.5	37	37.5	38	41.5	44.5	42	39.5	36	34		37.9	12
1970	33.5	33.5	36.5	36	38.5	40.5	43.5	43.5	43.5	37	38	36.5		38.4	12
1971	34	31.5	35	33.5	38.5	36.5	40.5	43	40.5	38.5	34.5	34		36.7	12
1972	34.5	33	37	40	39.5	43	41.5	44	41.5	42	33	33.5		38.5	12
1973	31.5	36	31.5	33.5	40.5	38.5	41.5	42.5	40.5	42.5	40	35		37.8	12
1974	34.5	34.5	34.5	36.5	35.5	39	38.5	37.5	37.5	37.5	33.5	28		35.6	12
1975	29.5	29.5	33.5	29.5	30.5	37.5	39	39.5	40.5	35	34	30.5		34	12
1976	32.5	31.5	33.5	34	34	40	38	41.5	36.5	37.5	35.5	29		35.3	12
1977	29.5	34.5	33.5	34.5	37	39.5	40	38.5	39.5	39.5	34	32.5		36	12
1978	29.5	31	34.5	34.5	33.5	38.5	38.5	37.5	40.5	38.5	33.5	29.5		35	12
1979	24.5	31.5	29.5	33.5	33	36.5	41	41.5	42.5	41.5	31.5	32.5		34.9	12
1980	29.5	35	31.5	37.5	29.5	35.5	38	37	36	35	28	30.5		33.6	12
1981		24.5	35	38	29.5	36.5	38.5	38.5	31.5	32	27.5	29		32.8	11
1982	20	26	29			35.5	42	42	46	42.5	33.5	33		35	10
1983	31	32	34	36	43	42	46.5	45	41.5	40	34	32.5		38.1	12
1984	29.5	34.5	36	37	39.5	40	41	40	41.5	35.5	35.5	33.5		37	12
1985	29	32	36	40	42	44	40	42.5	40.5	43	35	36.5		38.4	12
1986	36	37	37	41	38	43	45	42	40	37.5	34.5	31		38.5	12
1987	36	32	35	37.5	38.5	43.5	43.5	43	45	43.5	40	34		39.3	12
1988		35	36.5	34	43	41	41	42.5	43	41.5	40	35		39.3	11
1989	31	37.5	35	38	42	40	45	40	43	40	33.5	31		38	12
1990	33	36.5	35	36	37	40	40	43	42	40	36.5	35		37.8	12
1991	30.5	34	35.5	36	38	41	40	40	41	42	36.5	30		37	12
1992	29	34.5	34	40.5	40.5	43	44	41	43.5	40.5	33.5	32		38	12
1993	29	31	36	35	38	43	42	42	40	42	34	34		37.2	12
1994	33	33	36	36	39	40	40.5	40.5	42	41	34	30		37.1	12
1995	29	35.5	35	39	40	43	42	42	41.5	42	38	35		38.5	12
1996	35	35	37	39	39	41	44	41	40	41	37	33		38.5	12
1997	31	31	37	34	41	43	43	41	41	39	39	29		37.4	12
1998	32	31	37	38	38	41	41	41	41	39	35	33		37.2	12
1999	33	32	33	35	37	41	39	40	39	42	42	32		37.1	12
2000	36	37	33	35	37	41	42	40	41	38	32	35		37.2	12
2001	34	35	36	35	38	42	40	41	43	40	35	31		37.5	12
2002	32	35	36	34	39	40	42	40	41	39	38	34		37.5	12
2003	34	35	38	35	43	39	40	43	42	42	41	39		39.2	12
2004	32	35	39	38	39	42	44	44	43	41	39	37		39.4	12
2005	34	31	34	40	39	41	45	45	44	41	38	36		39	12
2006	37	38	41	44	39	44	43	44	41	44	41	37		41.1	12
2007	33	39	39	35	40	43	42	43	42	41	39	32		39	12
2008	37	41	40	40	41	46	43	42	42	42	38	33		40.4	12
2009	35	42	43	40	40	40	43	43	43	42	38	32		40.1	12
2010	35	35	39	38	39	42	40	44	43	40	40	38		39.4	12
2011	35	36	39	42	43	43	42	43	44	44	38	34		40.2	12
2012	38	35	37	36	41	40	42	43	43	42	42			39.9	11
2013	36	34	41	38	41	42	40	44	41	41	38	36		39.3	12
2014	26	32	30	33	43	46	43	45	43	41	37	36		37.9	12
2015	35	37	38	35	39	43	42	43	43	41	37	31		38.7	12
2016	37	36	34	39	37	41	43	37	38	40	36	34		37.7	12
2017	33	37	34	38	34	34	38	42	41	42	39	33		37.1	12
2018	40	34	36	39	38	43	41	39	41	38	34	31		37.8	12
2019	39	31	34	38	35	38	42	40	38	38	34	36		36.9	12
2020	30	33	33	35	34	41	41	41	40	40	40	31		36.6	12
2021	30	34	35	40	37	38	39	41	38	41	38	33		37	12
2022	35	37	35	36	38	39	40	39	39	36	30	34		36.5	12
2023	31	31.5	37	39	34.5	44	41	42	42	43	38	34		38.1	12
MÍNIMA	20	24	28	29.5	29.5	30.5	35.5	33.5	31.5	32	27.5	25		32.1	2
MÁXIMA	40.5	42	43	45.5	48	46	46.5	45	46.5	45	44	39.5		41.1	12
MEDIA	32.6	33.6	35.2	36.6	37.9	40.2	41.1	41.1	41.1	39.9	36	33.3		37.4	11.8
DESV.ST	3.5	3.4	2.9	3	3.5	3	2.3	2.5	2.6	2.7	3.4	2.9		2	1.1

TEMPERATURA MÍNIMA PROMEDIO
AÑO	ENE	FEB	MAR	ABR	MAY	JUN	JUL	AGO	SEP	OCT	NOV	DIC	ACUM	PROM	MESES
1938									24.5			10.2		17.4	2
1939	7.8	7.1	10	11.4	12.2	16.3	20.2	22.2	22.4	12.2	14.5	13.3		14.1	12
1940	10.2	10.7	12.5	11.7	14	15.3	20.3	20.4	21.2	17.5	13.9	15.3		15.2	12
1941	11.6	12.1	11	11.6	16.5	17	23	21.8	20.7	17.3	15.5	12.3		15.9	12
1942	12.9	11	11.2	13.4	14.1	15.7	21.9	21.9	20.7	17	12.7	11.2		15.3	12
1943	9.2	11.9	13.4	14.5	15.9	18.7	19.7	26.4	26	20	19	17.1		17.6	12
1944	12.4	10.8	13	13.2	15.1	17.9	20.9	24.8	20	16.6	11.3	11.1		15.6	12
1945	9.4	9.4	8.2	12.5	16.7	16.2	19.3	22.8	23.1	17.2	14.6	14.4		15.3	12
1946	7	8.1	8.2	10.6	12.1	14.4	21.3	23.6	23.6	16.9	18.8	12.5		14.8	12
1947	9.7	11.1	11.1	11.9	16.5	14.5	22.5	20.4	22.6	17.1	11.3	8.4		14.8	12
1948	6.8	9.5	8.1	10.3		22.2	23.8	24	27.6	19.4	16.5	19.3		17	11
1949	13.9	12	13.3	10.7	14.1	19.4	23.9	24.8	21.9	14.5	12.7	11.2		16	12
1950	11.1	9.8	8.9	10.8	11.2	12.7	14.6	14.6	14.1	13	9.1	7.7		11.5	12
1951	7		9.2	8.3	9.4	11.8	14.2	17	17.4	12.9	9.7	7.7		11.3	11
1952	9.2	9.2	8.6	10	11.7	12.2	15.9	18.7	16.9	14.7	10.2	9.6		12.2	12
1953	11.2	9.5	9.5	10	10.3	13.6	19.4	19.3	19.3	17.3	13.2	8.4		13.4	12
1954	9.4	10.5	10.9	13	11.3	12.2	13.5	14.7	17.8	13.5	12	10.3		12.4	12
1955	8	8.7	10.2	11.8	11.5	12.9	12.7	18.3	21.6	15.2	11.3	9.2		12.6	12
1956	9	7.9	9.4	9.1	11.6	11.8	16.1	18	16.9	11.5	10.4	8.5		11.7	12
1957	9.5	8.5	8.6	8.3	9.5	15.2	21.7	22.8	20.6	16.3	11.3	12.5		13.7	12
1958	8.8	10.9	11.2	12.3	15.9	17.6	22.2	22.8	22.8	19	14.6	13		15.9	12
1959	10.6	10.1	11.9	13.4	12.9	17.9	21.9	22.7	21.5	16.5	15	11.5		15.5	12
1960	8.4	6.5	9.1	10.5	12.2	16	20.9	21.4	22.1	17	13.4	9.5		13.9	12
1961	10.9	8.4	9.4	10.8	12.2	15.4	19.7	22.3	20.3	16.5	10.4	9.5		13.8	12
1962	8.5	9.3	7.6	10.9	10.9	12.9	19	21.6	22	15.8	12.4	10.3		13.4	12
1963	9.1	9.9	9.6	11.1	13.5	14.3	20.3	21.8	23.2	19.2	13	12.4		14.8	12
1964	7	8	7.8	10.7	12.7	15.2	21.4	20.9	21.1	19	11.5	11.4		13.9	12
1965	11	8.5	8.9	11.5	11.9	13.4	20.1	23	21.3	15.8	13.9	11.9		14.3	12
1966	8.1	8.1	10.2	12.3	14.4	16.6	21	22.7	22.4	15.5	12.4	11		14.6	12
1967	7.5	9.1	11.6	11	14.2	16.4	21	21.9	21.4	17.5	14.2	9.8		14.6	12
1968	9.7	10.9	11	10.9	12.5	15.7	21.1	20	19.9	15.9	11.1	8.7		13.9	12
1969	11.5	9.2	8.5	11.4	13.3	13.8	21.3	23.4	21.3	15.4	15.2	10.1		14.5	12
1970	9	10.3	10.7	10.9	12.4	15.1	21.7	22.7	21.8	15.6	12.8	10.9		14.5	12
1971	8.8	7.5	9.8	8.7	11.6	14.5	19.8	23.1	23.1	16.6	11.4	8.8		13.6	12
1972	8.9	8.4	11.4	11	12.6	15.7	21.2	23.2	21.2	19.1	12.3	11.7		14.7	12
1973	7.9	11.1	9.4	10.2	13.6	14.8	18.9	21.1	17.5	13.5	10.1	8		13	12
1974	8.9	8.1	9.5	10.7	12.3	16.1	20.1	21.7	21.1	16	11.9	8.7		13.8	12
1975	8.1	7.9	9.2	8.9	10.5	14.1	19.4	21.2	20.4	14	10.8	8.1		12.7	12
1976	8.1	9.8	8	10.5	12.9	16.4	18.6	22	20.4	15.6	13.2	9.3		13.7	12
1977	9.4	8.9	8.9	10.5	11.6	15	21	21.7	21.1	18.5	12.7	11.4		14.2	12
1978	10	9.1	12	11.2	12.4	17.6	22	21.9	19.1	18.5	11.8	10.4		14.7	12
1979	9.9	8.1	10.7	9.7	11.6	16.1	20.7	20.3	22.3	16	10.3	9.8		13.8	12
1980	8	11.5	10.9	11.3	11.2	17.3	21.2	21.5	19.6	16.1	11.1	8.9		14.1	12
1981		9.6	9.3	12.6	12.6	16.7	21.5	21.6	20.4	16.4	11.1	9.7		14.7	11
1982	8.4	7.9	9.6			12.4	21.2	21.5	22.6	16.5	12.3	9.6		14.2	10
1983	9.8	9.2	9.7	9.9	13	15	21.5	22.8	22.6	17.3	12.1	10.1		14.4	12
1984	8.5	8.6	10	10.5	12.9	16.6	21.7	21.3	22.2	14.7	11.1	10.7		14.1	12
1985	12.1	13.3	17.2	20.1	22.5	24.9	27.7	27.4	19.7	15.2	11.8	9.9		18.5	12
1986	9.9	8.6	10.7	14.1	12.8	15.6	19.2	21.5	18.5	14.9	13.4	9.9		14.1	12
1987	7.3	7.2	8.8	11.5	12.1	14.7	18.9	21.4	21	19	11.7	11.5		13.8	12
1988		19.7	17.1	11.9	13.1	14.3	19.9	20.9	20.1	16	10.2	9.3		15.7	11
1989	6.4	10.4	9.9	11.4	12.7	14.8	19.9	21.9	22	17.6	13.2	9.4		14.1	12
1990	7.8	7.2	9	11.5	12.4	17.5	22.3	21.3	21.4	17.1	12	9.9		14.1	12
1991	8.6	8.6	10.1	0	10.7	13	17.1	20.4	21	18.4	11.4	9.2		12.4	12
1992	8.6	9.9	9.9	12.6	14.6	15.8	22.1	22.8	22.9	17.7	11.8	12		15.1	12
1993	11.3	9.6	10.2	11.2	12.9	15.7	19.2	21.1	20.4	17.6	13.8	11.4		14.5	12
1994	8.2	7.7	10	10.4	11.1	16.3	19.9	23.2	21.8	15.2	11.8	10.2		13.8	12
1995	8.8	11.1	10.6	9.4	11.6	13.6	20.9	22.2	22.2	14.4	14.4	8.3		14	12
1996	7.8	12.7	10.1	10.9	12.1	16.2	21	22.9	20.1	15.4	12.4	9		14.2	12
1997	8.3	7.5	10.8	10	14.2	16.1	21.2	23.9	23.3	16.8	12.8	8.9		14.5	12
1998	7.2	6.8	9.1	8.8	12.1	17	20.5	22	19.4	14	9.9	5.8		12.7	12
1999	5.6	7.9	7.5	9.8	10.9	15.2	20	20.8	19.3	13.9	11.6	8		12.5	12
2000	8.2	8.4	9.6	10.8	13	17.7	20.6	22.5	21.8	15.7	9.7	9.4		13.9	12
2001	7.9	8.4	8.5	10.5	12.4	17.3	20.9	20.6	20.6	16.1	12.3	7.8		13.6	12
2002	7.4	8.3	8.5	12	11.8	15.4	18.8	19.9	22.1	13.5	9.9	7.7		12.9	12
2003	9.7	11.1	10.5	10.4	12.3	12.4	19.7	22.7	21.6	16.9	11.4	6.8		13.8	12
2004	6.8	7.3	10.1	9.7	11.4	13.4	19.5	19.5	20.3	13.3	7.5	7.7		12.2	12
2005	7.7	7.9	7.5	9.4	11.2	13.4	20.1	20.9	19.9	14.6	9.6	7.9		12.5	12
2006	6.2	3.9	6.3	8.9	10.3	16	21.1	21.5	20.1	14.5	9.7	7.5		12.2	12
2007	5.5	6.2	9.5	9.1	11.3	15.8	19.9	21.2	20.4	14.4	11.8	7.5		12.7	12
2008	8.1	6.6	7.3	8.7	10.8	12.7	20.4	22.4	21.2	16.4	10.6	8.7		12.8	12
2009	8	7.8	9.8	9	12.1	13.8	21.3	21.3	20.9	15.8	10.8	7.5		13.2	12
2010	8.2	7.6	8.5	10.1	10.6	14.6	17.5	21.7	20.2	13.4	8.1	7.5		12.3	12
2011	5	4.8	8.4	10.3	11	15	19.1	21.9	21	14.2	11.1	6.6		12.4	12
2012	7.8	6.8	8	9.6	12.1	14.9	19.6	23	22.9	16.2	12.6			14	11
2013	6.6	6.5	9.4	9.9	11.8	15.6	20.7	21	20.2	13.8	11	7.7		12.8	12
2014	8.8	7.9	10.3	8.8	12.1	17.7	22	24.5	23.3	17.2	11.1	9		14.4	12
2015	9.1	9.2	11.1	12.1	12	18.7	21.5	23.5	23.7	18.1	14	8.1		15.1	12
2016	6.4	9.7	9.7	9.7	11.8	16.5	21.8	21.6	20.1	18	13.2	8.8		13.9	12
2017	8.7	9.8	12.1	11.9	11.9	13.4	21.3	23.4	20.6	17.3	14.2	12.8		14.8	12
2018	9.9	12.9	11.5	12.6	13.4	17	22.3	24	23.4	17.4	12.9	10.1		15.6	12
2019	10.3	10.6	11.1	12.9	12.9	14.7	20.7	24.1	22.6	17.1	16.9	11.8		15.5	12
2020	10.1	11.1	11.7	11.9	15.1	18	23.2	24.5	22.9	18.6	14.3	8.5		15.8	12
2021	8.7	9.7	9.6	12.1	12.9	16.8	21.5	24.1	22.1	16.6	13.4	11		14.9	12
2022	12.1	8.2	9.5	12.1	13.7	19.1	21.8	23.9	23.3	16.3	10.7	10.5		15.1	12
2023	8.9	9.9	10.5	12.5	12.9	17.1	23.3	26	22.7	18.9	15.8	12		15.9	12
MÍNIMA	5	3.9	6.3	0	9.4	11.8	12.7	14.6	14.1	11.5	7.5	5.8		11.3	2
MÁXIMA	13.9	19.7	17.2	20.1	22.5	24.9	27.7	27.4	27.6	20	19	19.3		18.5	12
MEDIA	8.8	9.2	10	10.9	12.6	15.6	20.4	21.9	21.2	16.2	12.3	10		14.2	11.8
DESV.ST	1.7	2.1	1.8	2.1	1.9	2.2	2.2	2.1	1.9	1.8	2.1	2.2		1.4	1.1

TEMPERATURA MÍNIMA EXTREMA
AÑO	ENE	FEB	MAR	ABR	MAY	JUN	JUL	AGO	SEP	OCT	NOV	DIC	ACUM	PROM	MESES
1938									22			6.5		14.2	2
1939	4.5	2.5	5	6.5	9.5	12	17	20	16.5	8	11	6		9.9	12
1940	7	4.5	7	8	11.5	12	17.5	18	16.5	12.5	8.5	9		11	12
1941	7	9	8	9	12	13	19.5	19	17	12	9	4		11.5	12
1942	4	5	7	9	11	11	19	18	15	12	8.5	6		10.5	12
1943	4.5	7	9.5	10	12	12	18	20	20	12	14	10.5		12.5	12
1944	3	4.5	8.5	9.5	12	12	16	21.5	14	11	5.5	7		10.4	12
1945	4	3	2.5	9	12.5	12	15	20.5	17	12.5	10	10		10.7	12
1946	2	5	5	6	9.5	11	17	20	20	14	16	7		11	12
1947	5	7	7	6	12.5	11.5	16.5	15.5	19.5	11.5	7	1		10	12
1948	2	5.5	3	6		15	17	20	23	11	12	14.5		11.7	11
1949	8	8	7.5	6	10.5	14.5	21	22	18	8	9	5		11.5	12
1950	5.5	6	5	8	8	10	11.5	10	11	7.5	6	6		7.9	12
1951	5		6	6	6	7	11	12	14	8	6	6		7.9	11
1952	5	6	5.5	6	10	9.5	10	16	14	12	6	6		8.8	12
1953	8	6.5	6	7	9	9	13	16	15	11	8	4		9.4	12
1954	6.5	7	9	9	9	10	10	12	11.5	12	7.5	5.5		9.1	12
1955	4.5	2.5	7	9.5	8	12	12	16	18.5	13	9.5	5		9.8	12
1956	4.5	2	6.5	6.5	7.5	8	13	12.5	12.5	6.5	5	5		7.5	12
1957	6	6	6	6	6	10	20	21	15	11.5	7.5	5.5		10	12
1958	5.5	7	6	7	10.5	14	19.5	21	17.5	12.5	8.5	5.5		11.2	12
1959	3	4.5	7	8.5	7.5	12.5	20	20	16	12.5	10	5.5		10.6	12
1960	4.5	2.5	5.5	7	8.5	11	15	19	18	11.5	8.5	5.5		9.7	12
1961	5.5	5.5	4.5	7.5	9.5	12	14	20.5	15.5	12.5	6	6		9.9	12
1962	2	4	4	7.5	7.5	8.5	13.5	19	20	10	7.5	4.5		9	12
1963	4.5	6.5	5.5	6.5	9.5	9	16.5	19.5	21	15	7	7.5		10.7	12
1964	2.5	3	4	7.5	9	10.5	19.5	18.5	16.5	13.5	5.5	6.5		9.7	12
1965	7.5	4	6.5	7	9	9	18	20.5	14.5	10	8.5	6		10	12
1966	5	5.5	4.5	10	10.5	13.5	18	19.5	17.5	11	10.5	4.5		10.8	12
1967	3.5	5	8.5	5	9.5	10.5	18	18	17.5	11.5	10	6.5		10.3	12
1968	5.5	7.5	5.5	6.5	8.5	10	17.5	15	15.5	12	5	3.5		9.3	12
1969	7.5	6	3.5	9	8.5	10	18	20.5	15	10.5	10	3		10.1	12
1970	5.5	7.5	6	6.5	9	12	19.5	20.5	18.5	11.5	9.5	7		11.1	12
1971	4.5	3	5	6	8.5	8.5	17	21	19.5	11	7.5	3.5		9.6	12
1972	4	6	6	6.5	8.5	12.5	18	19.5	16.5	10.5	8.5	5.5		10.2	12
1973	3	6.5	5.5	7	8	10	13	18.5	11.5	10	3	3.5		8.3	12
1974	4.5	2.5	3	7	8.5	10.5	17	19	14.5	9	7	3.5		8.8	12
1975	2.5	5	4.5	6	5	10.5	17.5	18.5	17.5	8	8	4		8.9	12
1976	4.5	7	1.5	6	8	10	14.5	20	17	12	10	5.5		9.7	12
1977	5	6	4.5	6	8	9.5	18.5	20	16.5	11.5	9	6		10	12
1978	6.5	5.5	7.5	8	8	10.5	20	19.5	11.5	11.5	7.5	5		10.1	12
1979	6	4.5	5.5	4	8.5	11.5	15.5	15.5	20	10	4.5	5.5		9.2	12
1980	5.5	6.5	6	8.5	7.5	12	16.5	18.5	15.5	8	6	4		9.5	12
1981		5	5	8	9	12.5	19.5	18.5	14	11	5.5	4		10.2	11
1982	4	5.5	6.5			10	14.5	18	20	10	9.5	3		10.1	10
1983	4	5.5	3	1	9	11	14.5	17	17	12	6.5	6.5		8.9	12
1984	3	3	6.5	6.5	6	7	13	10	17.5	11	6	5.5		7.9	12
1985	9	10	11	18	19	18	26	20	14.5	10	5.5	6		13.9	12
1986	6	4.5	4.5	4	9.5	11.5	8.5	9	11.5	10.5	7.5	6		7.8	12
1987	1	3.5	4.5	6	7	11	15.5	7.5	14.5	10	8	4		7.7	12
1988		17	8	7	8	10	15	17	14	12	4.5	2.5		10.5	11
1989	2.5	7	4.5	7.5	8	10	16	18	17	11	9	5		9.6	12
1990	4	4	4	6	8	9	19	17	15	13	6	3		9	12
1991	6	3	5	0	7	9	12	16	15.5	11	8	6		8.2	12
1992	5	7	6	7.5	11	12	18	19	20	14	6	5		10.9	12
1993	7	6	5	8	9	10	15	15	14	11.5	7	6		9.5	12
1994	4	5	5	6	7	13	16	21	20	10	8	5.5		10	12
1995	5	8	6	6	8	9	14.5	19	15	10.5	8	4		9.4	12
1996	4	4	6	8	9	12	17	20	14	9	6	4		9.4	12
1997	3	3	5	6	11	11	19	22	20	13	9	5		10.6	12
1998	5	4	6	6	9	10.5	18	20	12	8	6	3		9	12
1999	0	4	0	5	5	9	16	14	16	11	7	0		7.2	12
2000	4	5	5	6	10	10	17	16	17	9	5	6		9.2	12
2001	2	4	5	5	9	11	19	17	14	13	6	4		9.1	12
2002	1	4	4	8	9	10	11	16	20	9	6	4		8.5	12
2003	4	5	5	7	9	9	11	19	15	10	7	-2		8.2	12
2004	3	3	5	1	8	9	14	15	13	8	3	2		7	12
2005	3	4	4	5	6	9	17	15	15	10	6	3		8.1	12
2006	0	3	2	4	7	11	17	19	15	9	4	2		7.8	12
2007	1	3	5	5	8	9	18	17	15	10	6	3		8.3	12
2008	1	2	2	6	6	8	17	20	11	12	6	4		7.9	12
2009	3	3	5	5	8	8	12	18	17	8	5	3		7.9	12
2010	4	4	4	7	5	9	11	19	11	9	2	3		7.3	12
2011	2	1	6	3	8	11	16	19	16	9	6	2		8.2	12
2012	5	3	4	5	8	11	14	18	21	8	8			9.5	11
2013	0	1	3	5	9	10	18	18	12	10	6	2		7.8	12
2014	3	4	7	6	8	13	19	20	20	9	5	4		9.8	12
2015	5	6	6	8	8	15	18	19	21	11	9	3		10.8	12
2016	2	3	5	5	7	12	19	18	17	13	8	6		9.6	12
2017	6	4	9	9	9	9	19	22	13	0	10	0		9.2	12
2018	4	5	4	8	10	12	17	22	20	14	10	2		10.7	12
2019	7	5	9	10	11	9	14	23	17	11	9	5		10.8	12
2020	6	5	9	8	13	15	22	21	21	12	9	4		12.1	12
2021	4	7	4	9	10	12	19	21	19	12	11	5		11.1	12
2022	6	5	6	9	10	13	17	23	21	10	8	6		11.2	12
2023	5	6	5	8	9	11	20	23	19	13	9	8		11.3	12
MÍNIMA	0	1	0	0	5	7	8.5	7.5	11	0	2	-2		7	2
MÁXIMA	9	17	11	18	19	18	26	23	23	15	16	14.5		14.2	12
MEDIA	4.3	5	5.5	6.8	8.9	10.8	16.4	18.2	16.4	10.7	7.5	4.8		9.7	11.8
DESV.ST	1.9	2.2	1.9	2.3	2	1.9	3.1	3.1	2.9	2.1	2.3	2.3		1.4	1.1

TEMPERATURA MEDIA MENSUAL
AÑO	ENE	FEB	MAR	ABR	MAY	JUN	JUL	AGO	SEP	OCT	NOV	DIC	ACUM	PROM	MESES
1938									30.4			18.3		24.4	2
1939	15.7	14.9	19.1	20.6	21.8	24.4	27.5	28.3	28.2	24.5	22.4	20.9		22.4	12
1940	18.2	19.1	20.4	20.1	22.7	23	28.2	27.5	28.4	24.6	19.6	20.6		22.7	12
1941	17.6	18.4	18.9	19.6	24.1	23.7	28.4	27.5	26.2	23	22.1	18.2		22.3	12
1942	19.5	17.5	18	19.3	21.9	22.2	27.8	27.1	27.2	22.9	19.7	17.7		21.7	12
1943	15.4	18.6	20.4	20.2	21.6	24.4	25.1	30	29	24.2	23.3	20.6		22.7	12
1944	17	14.9	18.1	19.5	20.9	23.4	26.4	28.9	25.5	24	17.7	18.1		21.2	12
1945	16.1	16.4	16	20.2	24.2	24	25.8	28.2	29.2	23.1	21.6	19.5		22	12
1946	15.6	17.8	18.4	20	20.1	23.8	28.2	29.6	29.2	23.2	22.3	19		22.3	12
1947	15.9	18.6	17.8	19.1	21.4	20.4	28	25.1	27	22.6	17	14.3		20.6	12
1948	13.7	15	14.7	18		28.8	28.4	28.8	32	24.2	21.8	23		22.6	11
1949	17	17.1	19	17.2	20.9	25.6	29.7	31	31	25.6	25.8	21.4		23.4	12
1950	21.8	19.9	17.6	20.2	19.8	23.1	25.4	25.2	24.8	24.1	18.8	20		21.7	12
1951	17.8		18.8	18.4	19.1	23.6	24.5	27.2	27.2	23.4	19.4	16.7		21.5	11
1952	17.6	17.8	17.4	19.2	21.2	22.2	26	27.9	27.3	25.8	18.5	17.3		21.5	12
1953	19.1	17.7	18	19	21.5	22.4	27.1	27.8	28.4	25.6	21.6	16.4		22	12
1954	17.4	20.1	22	22.4	20.2	21.8	23.6	25.1	27.4	23.8	22.1	20.1		22.2	12
1955	17.3	20.5	21	22.1	21.3	23.6	22.8	26.6	28.4	23.9	20.9	19.4		22.3	12
1956	20.2	18.7	21.1	19.2	21.8	22	26.6	29.6	28.9	23.4	22.5	19.3		22.8	12
1957	19.4	20.3	19.5	19.4	20	25.5	31.2	32.1	30.7	24.8	21.1	22.9		23.9	12
1958	19.6	21.2	20.9	22.8	27.1	28.1	31.4	31.5	31.5	28	24.2	23.1		25.8	12
1959	21.4	20	23.3	24	23.6	28.1	30.9	31.5	30.6	26.8	24.9	20		25.4	12
1960	17.7	17.8	21.2	22	22.7	25.8	29.6	29.6	32	26.6	23.2	19.8		24	12
1961	20	20	20	21.6	24.9	25.8	29.5	30.8	29	27	21	19.4		24.1	12
1962	19	19.5	19	23	22.3	24.3	29.3	31.2	30.1	26.2	23.3	20.4		24	12
1963	17.3	19.4	20.7	23	25	24.9	30	30.8	31.6	28.4	22.2	20.9		24.5	12
1964	16.6	17.2	17.8	20.2	23.4	24.6	29.3	28.6	29.3	27.9	21.1	19.9		23	12
1965	19.8	17.6	18.6	21.2	21.4	23.2	29	30.8	29.4	27	23.8	19.8		23.5	12
1966	17.4	17.4	20.5	21.5	23.8	26	29	30.5	30	25.4	22.8	19.9		23.7	12
1967	17.4	18.5	21.2	21.1	24.2	25.4	29.6	30.2	28.9	26.4	23.4	15.2		23.5	12
1968	18.5	20.6	20.2	21	22.3	25	29.6	28.8	28.7	26.1	21.3	18.7		23.4	12
1969	20.2	18.1	19.2	21.8	22.6	22.9	30	31.2	30.2	24.5	23.6	18.8		23.6	12
1970	18.8	20.2	19.8	20.8	22.6	24.5	30.2	30.9	29.7	24.7	23.2	20.6		23.8	12
1971	17.7	17.4	20.6	18.8	21.7	23.8	28.5	30.4	30.6	24.6	21	17.6		22.7	12
1972	18.4	19.2	20.8	22.2	22.4	24.3	29.9	31	29.6	26.6	20.9	19.8		23.8	12
1973	16.8	19.6	18.1	19.9	23.2	24	27.7	29.4	27	25	21.3	18.7		22.6	12
1974	18.2	18.2	17.6	20.4	20.5	24	27.2	28.2	27	23.8	19.1	16.9		21.8	12
1975	16.1	16	17.5	17.1	18.2	22.1	25.8	28	28.1	22.6	19.6	16.6		20.6	12
1976	17.4	17.9	17.3	18.1	20.4	25	26.2	29.6	26.6	23.6	21.2	17		21.7	12
1977	16.9	18.5	17.6	19	20.1	23.9	28	28	28	26	21.4	20		22.3	12
1978	17.4	17.3	19.7	19.5	20	24.8	28.4	28.8	26.1	25.7	19.1	16.9		22	12
1979	15.1	16.5	17.6	18.8	19.6	24.2	28	27.4	29	25	19.3	18.4		21.6	12
1980	16.6	19.6	18.6	20.6	18.5	23.6	27.1	26.8	25.2	20.9	16	15.1		20.7	12
1981		14.4	18	24.4	18.9	21.4	28.8	28.2	23.9	21.8	16.1	17		21.2	11
1982	12.1	14.2	16.8			21.1	29.5	30	31.8	26.6	20.2	17.9		22	10
1983	18	18.5	18.6	18.4	24.6	26	30.7	30	30.2	26	21	18.9		23.4	12
1984	17.3	18.7	20.6	20.9	23.2	25.8	28.8	29	28.8	22.6	20.2	17.9		22.8	12
1985	17.9	19.7	23.4	25.8	27.9	29.7	32.5	33	28.5	24.4	20.3	19.7		25.2	12
1986	20.2	18.6	20.2	24.8	21.9	25	28.4	29.9	27.4	24	21.9	18.5		23.4	12
1987	16.8	16.7	18.7	21.6	21	25.1	29	30.3	30.1	28.7	22	20		23.3	12
1988		25.6	23.8	21.1	23.6	25.2	29.2	29.8	29	25.8	21.5	19.5		24.9	11
1989	15.6	19.8	19.9	21.3	23.1	24	28.6	29.6	30.2	26.2	21.6	17.8		23.1	12
1990	16.6	16.8	18.5	21.1	22.3	26.9	29.4	29.2	29.3	26	20.8	18		22.9	12
1991	17	18.7	19.4	15.4	20.9	23.4	25.8	29	29.2	27.3	20.6	16.9		22	12
1992	16.2	18.4	18.9	22.5	24	26	30.2	30.4	31	26.2	19.8	18.2		23.5	12
1993	18	17.1	19.6	19	21.1	25.8	28.4	28.9	28.1	26.7	21.5	19.2		22.8	12
1994	17.8	18.1	19.9	20.2	20.2	26	29	30.7	30.5	25.1	20.1	17.4		22.9	12
1995	17.4	20	20.4	20.6	22.1	24.7	30.1	30.4	28.3	23.6	23.8	18.4		23.3	12
1996	18.9	21.3	20.3	21.8	23	26.2	29.8	30.1	27.7	24.8	21.9	18.7		23.7	12
1997	17.4	17	21.1	19.9	24.5	26.2	29.5	30.4	30	25.4	22.4	16.6		23.4	12
1998	17	15.7	18	18.9	21.6	26.8	29.8	30.6	27.9	24.4	20.1	16.6		22.3	12
1999	16.5	18.4	17.2	18.8	20.5	24.2	27.4	29	29	27.7	22	17.4		22.3	12
2000	19	18.8	18.5	20.9	21.8	26.4	28.7	29.9	29.2	23.5	18.6	19.2		22.9	12
2001	16.4	17.6	17.1	19.8	22.5	26	29.1	28.9	28.9	25	21.5	16.7		22.5	12
2002	17.1	18.9	18.5	20	22.3	24.6	27.9	28.3	29.8	22.3	20.6	16.8		22.3	12
2003	18.8	19.4	20	20.2	22.9	22.5	28.2	30.6	28.8	26.4	22.2	18.3		23.2	12
2004	16.7	17.2	20.6	20.4	22.8	24.4	29.4	29.7	28.9	23.4	19.8	18.8		22.7	12
2005	18.6	18	18.6	21.4	22	24.1	29.3	29.7	30.6	24.4	21.9	19.4		23.2	12
2006	18.6	18.8	18.5	21.2	21.8	26.9	30.4	31	28.3	25.4	23.1	16.7		23.4	12
2007	15.1	17.7	20.6	19.8	21.2	25.1	28.1	29.4	28.4	25.2	21.5	16.6		22.4	12
2008	17.6	18.1	19.3	20.2	20.1	26.1	28.8	29.4	28.5	25.6	20.6	17.1		22.6	12
2009	17.2	19.1	20	19.4	21.4	23.9	29.8	29.6	27.8	24.5	21.4	17.2		22.6	12
2010	18.9	18.2	19.2	20.4	22	24.5	26.7	30.5	29.3	23.3	20.6	18.3		22.7	12
2011	16.2	16.4	20.6	21.8	22.2	26	28.8	30.6	30	25.1	20.9	15.8		22.9	12
2012	18.9	17.4	18.1	20.3	23.2	24.8	28.7	31	29.9	25	21.2			23.5	11
2013	16.7	16.2	19.6	19.4	22.1	25.8	28.5	29.7	27.6	23.3	20	17.6		22.2	12
2014	15.7	16.9	17.6	18.4	23.3	27.9	30.9	32.4	29	25.1	21.1	19.1		23.1	12
2015	18	19.7	20.7	21.4	21.8	27	28.6	31	31	25.8	21.8	16.4		23.6	12
2016	17.5	18.3	18	20.5	20.2	25.2	28.9	28	26.8	26.7	22.4	16.9		22.4	12
2017	16.6	19	20.6	21.7	20.6	21.4	28	30.2	27.6	26.8	23.5	20		23	12
2018	20	19.8	21.5	21.8	22.2	25.2	29.5	30.4	30.1	24.2	21.1	18		23.6	12
2019	18.6	18	19.9	21.4	20.9	23.3	28.3	30.2	28.2	25.2	22.4	18.9		22.9	12
2020	17.9	19	19.5	20.4	22.8	26	29.6	30.8	30.1	26.6	23.1	17.6		23.6	12
2021	17.5	18.4	18.7	21.1	22.4	25	28.4	30.2	28.6	25	22.6	19.4		23.1	12
2022	20	17.6	19.3	21.1	22.2	26.7	29	30	29	24	19.3	18.6		23.1	12
2023	17.2	17.7	19.7	21.3	20.9	25.7	30	32.2	29.7	26.6	23.6	20.3		23.7	12
MÍNIMA	12.1	14.2	14.7	15.4	18.2	20.4	22.8	25.1	23.9	20.9	16	14.3		20.6	2
MÁXIMA	21.8	25.6	23.8	25.8	27.9	29.7	32.5	33	32	28.7	25.8	23.1		25.8	12
MEDIA	17.6	18.3	19.3	20.5	22	24.7	28.5	29.5	28.9	25	21.3	18.5		22.9	11.8
DESV.ST	1.6	1.7	1.6	1.7	1.7	1.7	1.7	1.6	1.6	1.6	1.8	1.7		1	1.1
