COMISIÓN NACIONAL DEL AGUA
COORDINACIÓN GENERAL DEL SERVICIO METEOROLÓGICO NACIONAL
BASE DE DATOS CLIMATOLÓGICA NACIONAL 

ESTADÍSTICA MENSUAL
EMISIÓN   : 25/10/2024 

DATOS DISPONIBLES EN LA BASE DE DATOS A: OCTOBER DE 2024; 
CON LA INFORMACIÓN SUMINISTRADA POR LAS UNIDADES ADMINISTRATIVAS 

 ESTACIÓN  : 3053 
 NOMBRE    : SAN JACINTO 
 ESTADO    : BAJA CALIFORNIA SUR 
 MUNICIPIO : LA PAZ 
 SITUACIÓN : OPERANDO 
 CVE-OMM   :   
 LATITUD   : 23.2375 ° 
 LONGITUD  : -110.0680556 ° 
 ALTITUD   : 95 msnm 


LLUVIA MÁXIMA 24 H.
AÑO	ENE	FEB	MAR	ABR	MAY	JUN	JUL	AGO	SEP	OCT	NOV	DIC	ACUM	PROM	MESES
1953		0	1	0	0	0.01	7	24	15	34	22	1	104.01	9.5	11
1954	11	0.01	0.01	0.01	0.01	0	16.3	40	26	15	0.01	0.01	108.36	9	12
1955	33.5	0.01	0.01	0.01	0.01	0	9.5	35	38	35	3	0.01	154.05	12.8	12
1956	1	0	0.01	2	0.5	3	20	32	20	70	4	2	154.51	12.9	12
1957	6	0.01	20	0.01	0.01	0.01	8.5	20	26	8.5	0.01	25	114.05	9.5	12
1958	8	4	12	2	0.01	2	5	29	113	56	32	12	275.01	22.9	12
1959	1	12	0.01	0.01	0.01	0.01	10.2	30	80	10	1	25	169.24	14.1	12
1960	35	0.01	0.01	0.01	0.01	0.01	4.5	23	2	0	0	5	69.55	5.8	12
1961	30	0.01	0.01	0.01	0.01	0.01	25	25	33.5	30	0.01	10	153.56	12.8	12
1962	7.5	1	0.01	0.01	0.01	0.01	0	22	56	3	0	1	90.54	7.5	12
1963	3	0.01	0	0	0.01	0.01	40	40	34	20	3	14	154.03	12.8	12
1964	0	0	0.01	0.01		0	72	6.5	23	61	0	1	163.52	14.9	11
1965	1	4.5	1	0	0	0	10	40	20	0	0.01	20	96.51	8	12
1966	1	4	0.01	0.01	0	0.01	4	10	44	0.01	0.01	10	73.05	6.1	12
1967	6	2	0	1.5	0	0	0	60	6.5	11	0.01		87.01	7.9	11
1968	20	108	13	1	0.01	0.01	3		22	30	11.5	4	212.52	19.3	11
1969		2			0		0	20		13	2	24	61	8.7	7
1970	14	1	0	0	0	0	27	3	14	0	0	1	60	5	12
1971	0	0	0	0	0	0	11	30	30	18	0	8	97	8.1	12
1972	18	0	0	0	0	0	1	35	72	30	3	40	199	16.6	12
1973	12	20	3	0	0	0	5	1	120	2	0	0	163	13.6	12
1974	0	0	4	0	0	0	10	18	90	10	66	15	213	17.8	12
1975	17	15	0	0	0	0	1	40	51	0	1	1	126	10.5	12
1976	1	0	0	0	0	1	0	7.5	52	30	4	20	115.5	9.6	12
1977	0	0	0	0	0	0	0	160	1.5	6.5	0	0	168	14	12
1978	1	17.5	0	0	0	0	4	5	15.5	28	0	28	99	8.2	12
1979	27	11	0	3	12.5	0	63	6	21	0	0	7	150.5	12.5	12
1980	0	0	1.4	0	0	10	4	18.5	20	6	0	0	59.9	5	12
1981	55	0	9.5	0	0	0	29	84	80.5	60	0	0	318	26.5	12
1982	0	0	0	0	7.5	0	20.5	10	80.3	0	18	68	204.3	17	12
1983	20	4	20	0	0	0	50	175	16	3	7	16.1	311.1	25.9	12
1984	11.5	0	0	0	0	2	20	7	50	14.5	1	34	140	11.7	12
1985	20.5	0	2	0	0	0	33	16	41.5	15	12	0	140	11.7	12
1986	0	0	0	9.5	0	9.5		54.5	1	6.5	0	0	81	7.4	11
1987	0	0	0	0	0	0	10.5	7.5	10	14	0	14.5	56.5	4.7	12
1988	0	0	0	0	0	0	1.5	22.5	12	0	0	0	36	3	12
1989	55	7	0	0	0	0	20	80	3	4	3	61	233	19.4	12
1990	0	0	5	0	0	0	47	27.5	56.5				136	15.1	9
1991	1	7.5	0	0	0	0	0	57.5	78	34	26	40	244	20.3	12
1992	20		9.2	0	0	0	0	25.5	21.5	3	1	23	103.2	9.4	11
1993	15	0	0	0	0	0	0.2	41	98	3.5	12.9	0	170.6	14.2	12
1994	0	0	0	0	0	0	0	46.5	0	2	35	30	113.5	9.5	12
1995	0	0	0	0	0	0.5	0	25	114	0	0	1	140.5	11.7	12
1996	0	0	0	0	0	0	0	89	92	0	0	0	181	15.1	12
1997	39	0	0	5.5	0	0	41	31	75	0	30	1.5	223	18.6	12
1998	0	10	0	0	0	0	17	62	160	1	0	0	250	20.8	12
1999	0	0	0	0	0	4	14	47	5	1.5	0	0	71.5	6	12
2000	0	0	0	0	0	0.01	22	30	7	4.5	12.5	0.01	76.02	6.3	12
2001	0.5	0	9	0	0	0	12	1	320	0	0	0	342.5	28.5	12
2002	0	9.5	0	0	0	0	7	2	20.5	2		0.5	41.5	3.8	11
2003	10	10	0	0.01	0	0	2.5	82	126	0.01	0	0	230.52	19.2	12
2004	22	3	1.5	0	0	0	7	10	35	17.5	0	0	96	8	12
2005	4.5	62.5	0	0	0	0	0	16.5	35	15	0	0	133.5	11.1	12
2006	6.5	0	0	0	0	0	75	14	76	0	0	0	171.5	14.3	12
2007	15	0	0	0	0	0	0	3	115	0	52	18	203	16.9	12
2008	0	0	0	0	0	0	2	43	20	150	0	0	215	17.9	12
2009	0	0	0	0	0	0	22	104	41	22	0	38	227	18.9	12
2010	3	12	3	0	0	0	0.01	1	37	0	0	0	56.01	4.7	12
2011	0	0	0	0	0	0	8	6	4	0.01	21	0.01	39.02	3.3	12
2012	0	1	0	0	0.01	1	95	29	50	30.5	0	34	240.51	20	12
2013	0	0	0	0	0	0	1	38	17.5	41.5	0	0	98	8.2	12
2014	1	0	0	0.01	1	0	74	29.5	200	40	0	0	345.51	28.8	12
2015	15	2	1.5	0	2	35	15	30.5	34.5	39		2	176.5	16	11
2016	0	0	5	1	3	1	7	75	100	9	24	0.01	225.01	18.8	12
2017	0	0	0	0		0	5	34	150	10	0	12	211	19.2	11
2018	1	4	0	0	0	48	0.01	0.01	82	4	0.01	35	174.03	14.5	12
2019	15	0	3.5	0	0	30	98	192	19	62	130	0	549.5	45.8	12
2021			0	0	0	5	1	12	115	3	0	22	158	15.8	10
2022	0	0	0	0	0	20	25	43	48	0	0	0	136	11.3	12
2023	13	1	0	0	0	0	0	0	0	0	0	0	14	1.2	12
MÍNIMA	0	0	0	0	0	0	0	0	0	0	0	0	14	1.2	7
MÁXIMA	55	108	20	9.5	12.5	48	98	192	320	150	130	68	549.5	45.8	12
MEDIA	8.9	4.9	1.8	0.4	0.4	2.5	16.6	36	53.5	16.5	8	10.7	157.2	13.4	11.7
DESV.ST	12.9	15.3	4.3	1.4	1.8	8.3	23.2	38.2	54.4	24.3	19.9	15.5	88.9	7.4	0.8

LLUVIA TOTAL MENSUAL
AÑO	ENE	FEB	MAR	ABR	MAY	JUN	JUL	AGO	SEP	OCT	NOV	DIC	ACUM	PROM	MESES
1953		0	1.05	0	0	0.04	14	40.01	47.01	53.06	22.05	1.04	178.26	16.2	11
1954	13.03	0.03	0.13	0.06	0.02	0	20.33	54.51	105.03	27.06	0.01	0.06	220.27	18.4	12
1955	83.12	0.02	0.06	0.04	0.07	0	9.52	75.04	91.53	35.61	4.51	0.05	299.57	25	12
1956	1.05	0	0.11	2.03	0.55	4.01	84.5	125.52	104.55	79.04	4.03	2.03	407.42	34	12
1957	8.03	0.01	20.1	0.02	0.03	0.07	10.5	103.52	41.02	19.01	0.01	25.02	227.34	18.9	12
1958	10.02	4.01	17.04	2.06	0.04	5	15.02	51.02	304.52	91.09	42.54	20.05	562.41	46.9	12
1959	1.03	12.03	0.05	0.05	0.04	0.01	12.7	70.52	128.02	21.01	1.01	38.07	284.54	23.7	12
1960	63.02	0.02	0.1	0.03	0.09	0.03	10.5	46.42	4.04	0	0	8.11	132.36	11	12
1961	51.09	0.01	0.01	0.01	0.09	0.01	32	90	64.01	38.04	0.03	24.53	299.83	25	12
1962	9.52	1.01	0.05	0.03	0.03	0.03	0	45.51	161.5	5.04	0	4.01	226.73	18.9	12
1963	4.03	0.02	0	0	0.03	0.01	79.8	165.31	51.02	25.5	3	19.03	347.75	29	12
1964	0	0	0.02	0.03		0	94.5	7.2	28.01	82	0	1	212.76	19.3	11
1965	1	8.5	1	0	0	0	13	202	29.01	0	0.01	89.51	344.03	28.7	12
1966	3.72	6.02	0.02	0.02	0	0.03	4	21	96	0.02	0.01	10.03	140.87	11.7	12
1967	6.03	2	0	1.5	0	0	0	111	12.51	11.01	0.01		144.06	13.1	11
1968	25.04	154.35	23.03	1.01	0.02	0.02	6		44	31.03	12.52	7.01	304.03	27.6	11
1969		5			0		0	29		14	2	27	77	11	7
1970	15	2	0	0	0	0	51	9	57	0	0	2	136	11.3	12
1971	0	0	0	0	0	0	16	58	97	28.5	0	16	215.5	18	12
1972	18.8	0	0	0	0	0	2	102	78	65.5	3	45	314.3	26.2	12
1973	13	34	3	0	0	0	8	1	120	3	0	0	182	15.2	12
1974	0	0	4	0	0	0	13	28	104.5	11	123	30	313.5	26.1	12
1975	27	17	0	0	0	0	3	41	118	0	1	2	209	17.4	12
1976	1	0	0	0	0	4	0	33.5	194.5	73.5	5	30	341.5	28.5	12
1977	0	0	0	0	0	0	0	237	2.5	14.5	0	0	254	21.2	12
1978	1	20.5	0	0	0	0	9.5	9	38.4	37.5	0	30	145.9	12.2	12
1979	34	21	0	3	13.5	0	66	7	49.5	0	0	7	201	16.8	12
1980	0	0	1.4	0	0	10	4	29.5	54	6	0	0	104.9	8.7	12
1981	80.5	0	9.5	0	0	0	35	108.5	140.5	114.5	0	0	488.5	40.7	12
1982	0	0	0	0	7.5	0	28.3	14.5	159.3	0	18	69.5	297.1	24.8	12
1983	48	10	33	0	0	0	171	334	36.5	3	7	16.1	658.6	54.9	12
1984	13.5	0	0	0	0	3	93	30	157.5	14.5	1	58.9	371.4	31	12
1985	27	0	2	0	0	0	47	53	80	18	18	0	245	20.4	12
1986	0	0	0	9.5	0	15.5		83	1	15.2	0	0	124.2	11.3	11
1987	0	0	0	0	0	0	18.5	17.5	26.5	28	0	25	115.5	9.6	12
1988	0	0	0	0	0	0	2.5	40	12.2	0	0	0	54.7	4.6	12
1989	86.5	7	0	0	0	0	29.5	177.5	8	4	4	68.5	385	32.1	12
1990	0	0	5	0	0	0	62.1	59.4	209.7				336.2	37.4	9
1991	1	7.5	0	0	0	0	0	57.5	152.2	53.5	38.1	46.8	356.6	29.7	12
1992	69.5		9.2	0	0	0	0	43.5	66	5	1	27	221.2	20.1	11
1993	21	0	0	0	0	0	0.4	51	132.8	3.6	19.3	0	228.1	19	12
1994	0	0	0	0	0	0	0	125.5	0	2	60.2	42	229.7	19.1	12
1995	0	0	0	0	0	0.5	0	43.1	198.5	0	0	1	243.1	20.3	12
1996	0	0	0	0	0	0	0	182	194.5	0	0	0	376.5	31.4	12
1997	71	0	0	8	0	0	76	63.5	201.5	0	42	1.51	463.51	38.6	12
1998	0	24	0	0	0	0	24.5	146	248	1.5	0	0	444	37	12
1999	0	0	0	0	0	5	22.5	98.5	12.5	1.5	0	0	140	11.7	12
2000	0	0	0	0	0	0.03	50	51	10	7	14	0.01	132.04	11	12
2001	0.5	0	9	0	0	0	18.5	1.8	628.5	0	0	0	658.3	54.9	12
2002	0	9.5	0	0	0	0	12	2	65.5	2		1	92	8.4	11
2003	10.5	10	0	0.01	0	0	3.5	147	232.51	0.01	0	0	403.53	33.6	12
2004	52	3	1.5	0	0	0	7.1	16.1	107.5	32	0	0	219.2	18.3	12
2005	6.6	92.5	0	0	0	0	0	26	57	16	0	0	198.1	16.5	12
2006	12	0	0	0	0	0	115.5	35	178	0	0	0	340.5	28.4	12
2007	33.01	0	0	0	0	0	0	4	154	0	52.02	18	261.03	21.8	12
2008	0	0	0	0	0	0	2.5	173.5	66	161.5	0	0	403.5	33.6	12
2009	0	0	0	0	0	0	22	176.5	46.5	89	0	38	372	31	12
2010	3	20.5	3	0	0	0	0.01	1	105.5	0	0	0	133.01	11.1	12
2011	0	0	0	0	0	0	14.06	12	5	0.01	21	0.02	52.09	4.3	12
2012	0	1	0	0	0.01	1.01	95	95.51	151.01	69.5	0	34	447.04	37.3	12
2013	0	0	0	0	0	0	1	67	27.5	51.5	0	0	147	12.2	12
2014	1	0	0	0.01	1.01	0	106.5	84.53	284.53	40	0	0	517.58	43.1	12
2015	32.01	2.01	3.02	0	2	35	16.02	73.02	161.62	67		2	393.7	35.8	11
2016	0	0	5	1.01	4.01	1	7.02	130	131.5	9	24	0.01	312.55	26	12
2017	0	0	0	0		0	5	61.51	361.01	10.01	0	12	449.53	40.9	11
2018	1	6.5	0	0	0	56	0.01	0.02	241.01	4.01	0.01	35	343.56	28.6	12
2019	15	0	3.5	0	0	30	153	192	23	77	214	0	707.5	59	12
2021			0	0	0	6	1	30.5	117	7	0	22	183.5	18.4	10
2022	0	0	0	0	0	30	29.5	67.51	153.11	0	0	0	280.12	23.3	12
2023	13	1	0	0	0	0	0	0	0	0	0	0	14	1.2	12
MÍNIMA	0	0	0	0	0	0	0	0	0	0	0	0	14	1.2	7
MÁXIMA	86.5	154.35	33	9.5	13.5	56	171	334	628.5	161.5	214	89.51	707.5	59	12
MEDIA	14.7	7.1	2.2	0.4	0.4	3	26.8	72	109.7	24.3	11.3	14.1	281	23.9	11.7
DESV.ST	23.3	22.2	5.9	1.6	1.9	9.4	38.2	66.1	103.2	33.1	31.8	20.2	146.9	12.3	0.8

EVAPORACIÓN MENSUAL
AÑO	ENE	FEB	MAR	ABR	MAY	JUN	JUL	AGO	SEP	OCT	NOV	DIC	ACUM	PROM	MESES
1957			93.5	156.5	182.9	196	220	203.2	161.6	120.1	107.7	69.9	1511.4	151.1	10
1958	94	102.9	136.7	170.4	184.6	200.3	193.3	163.5	126.7	117.7	91.8	70	1651.9	137.7	12
1959		90.1	149.8	162.4	194.1	195.6	184.1	151.3	152	133.1	99.6	71.9	1584	144	11
1960	70.6	113.3	149.8	153.1	180.8	184.8	197.7	154.6	168.3	142.6	95	67.3	1677.9	139.8	12
1961	74.7	102.6	148.4	157.4	192	197.7	200.2	163	144.4	142.1	93.1	61.1	1676.7	139.7	12
1962	88.4	103.3	145.6	188.8	191.6	195.4	220.3	213.5	143.5	136.5	99.2	77	1803.1	150.3	12
1963	83.3	97.1	139.3	171.5	199.1	193.2	173.3	181	134.4	124.9	94.3	68.2	1659.6	138.3	12
1964	70.9	108.1	132	143.3		178.5	206.7	158.8	158.9	113.6	83.7	71	1425.5	129.6	11
1965	79.4	92.8	133	149.7	158.7	183.1	198.3	158.7	154.5	133.9	103.9	85.7	1631.7	136	12
1966	75.8	89.1	133.5	149.4	167.6	173.3	189.8	155.2	158.9	141.1	105.6	68.9	1608.2	134	12
1967	80.9	99	135.8	155.6	194.7	174.5	191.8	154.4	150.8	150.9	107.9		1596.3	145.1	11
1968	82.4	82.6	127.9	138.3	171.8	169.5	191.5		167.2	134.4	95.8	72	1433.4	130.3	11
1969		79.2			183.9		201.1	183		125.9	109.6	78.8	961.5	137.4	7
1970	88.7	105.3	143.1	165.8	217.2	188.7	202.6	174.9	192.2	161.8	118.9	95.1	1854.3	154.5	12
1971	103.5	104.3	106.5		162.9	188.5	182.7	174.4	164.9	164.5	115.1	89.5	1556.8	141.5	11
1972	136.5	105.4	142.3	168.2	199.4	197.9	206.5	167.3	170.2	169.5	127.2	131.8	1922.2	160.2	12
1973	111.2	98.8	93	104.9	142.7	126.6	189.9	196.5	174.1			33.9	1271.6	127.2	10
1974	103.4	107.8	120.6	165.1	152	177.1	193.1	194.2	179.7	152.9	96.3	99.7	1741.9	145.2	12
1975	75.7	83.6	119.5	136.6	158.6	169.7	184.5	186.4	164.4	152.7	117.9	101.4	1651	137.6	12
1976	103.3	128.5	139.2	160.1	162.6	190.7	189	185.8	148.9	135.2	107.1	84.1	1734.5	144.5	12
1977	83.9	128.9	150.4	169.9	170	190.4	217.7	156.7	158.5	123.1	125.9	108.4	1783.8	148.7	12
1978	102.4	109.8	151.5	166.4	184.9	194.7	210.2	204.2	150.8	140.3	123.7	74.3	1813.2	151.1	12
1979		96.3	139.7	133.8	152.2	175.5	201.3	172.6	156.6	144.1	123	92.9	1588	144.4	11
1980	106.3	126.6	136.7	145.8	173.2	162.4	204.1	157.1	142.2	150.3	129.7	115.2	1749.6	145.8	12
1981	84.4	98.7	121.4	176.8	181.1	180.5	196.1	180.9	139.5	112.8	96	102.5	1670.7	139.2	12
1982	99.8	117.5	154.8	174.8	163.8	181.7	212.7	194.3	181.6	139.6	125.2	95.3	1841.1	153.4	12
1983	92.4	111.7	136.9	179.4	189.8	210.2	168.8		129.3	153.5	124.7	100.8	1597.5	145.2	11
1984	98.4	119.5	170.7	167.8	192.5	191.8	154.2	150.3	142.4	120.8	107.3	104.5	1720.2	143.3	12
1985	70.6	104.9	146	148.9	79	191.4							740.8	123.5	6
1986				40.8									40.8	40.8	1
1998	10.83	12.38	16.51	17.81	18.17	20.95	19.55	16.59	10.99	13	8.39	8.06	173.23	14.4	12
1999	9.08	8.95	13.95	15.15	18.76	17.31	17.59	20.6	14.81	17.25	13.09	10.91	177.45	14.8	12
2000	11.03	12.26	16.01	17.67	18.27	20.47	20.17	19.42	14.96	15.2	11.03	10.92	187.41	15.6	12
2001	97.17	123.35	156.76	175.57	185.95	202.6	222.71	220.08	32.09	138.34	111.65	79.7	1745.97	145.5	12
2002	87.3	110.75	141.88	155.9	205.53	185.48	224.55	216.67	168.97	183.48		114.59	1795.1	163.2	11
2003	127.08	109.43	170.72	178.34	209.05	196.99	215.1	205.72	143.7	152.9	118.72	117.92	1945.67	162.1	12
2004	112.65	110.82	154.27	174.52	210.55	206.47	209.88	201.51	141.7	151.62	117.23	84.98	1876.2	156.3	12
2005	109.18	96.01	150.46	196.3	227.83	202.05	233.75	219.04	203.74	137.49	113.74	114.72	2004.31	167	12
2006	119.77	124.35											244.12	122.1	2
2007	78.18	110.74	179.5	165.5	186.69	196.06	221.74	203.91	165.75	192.15	125.93		1826.15	166	11
2008	102	122.17	183.47	196.53	191.09	185.47	217.95	115.67		45.71	122.52	98.48	1581.06	143.7	11
2009	116.07	142.76	164.88	187.52	209.81	199.97	218.36	202.57	164.17	123.18	113.47	89.51	1932.27	161	12
2010	85.42	101.64	154.29	175.03	199.15	202.62	198.4	207.68	158.29	142.33	114.3	106.81	1845.96	153.8	12
2011	112.14	121.24	167.86	170.7	188.93	207.61	210.13	190.35	193.49	205.5	118.56	115.36	2001.87	166.8	12
2012	121.31	57.14	169.55	176.4	188.04	179.89	201.88	136.41	98.18	121.5	102.25	67.16	1619.71	135	12
2013	78.75	107.74	171.11	185.57	187.9	193.09	223.17	205.91	192.17	155.52	114.5	108.44	1923.87	160.3	12
2014	130.5	138.96	178.14	183.03	217.05	226.23	156.49	175.11	130.3	113.39	115.39	96.96	1861.55	155.1	12
2015	83.1	125.01	154.62	169.94	189.78	195.82	211.58	180.05	90.59	128.67		76.73	1605.89	146	11
2016	98.53	133.69	159.32	181.94	182.46	196.65	207.35	182.22	127.54	147.89	104.98	78.96	1801.53	150.1	12
MÍNIMA	9.08	8.95	13.95	15.15	18.17	17.31	17.59	16.59	10.99	13	8.39	8.06	40.8	14.4	1
MÁXIMA	136.5	142.76	183.47	196.53	227.83	226.23	233.75	220.08	203.74	205.5	129.7	131.8	2004.31	167	12
MEDIA	89.8	101.6	137	152.7	172.1	178.2	189.4	169.4	142.5	131.6	103.5	83.4	1523.4	135.9	11
DESV.ST	27.5	28.8	38.1	44.2	47.6	45	48.6	47.4	45.6	39.8	28.1	27.7	516.9	36.3	2.3

TEMPERATURA MÁXIMA PROMEDIO
AÑO	ENE	FEB	MAR	ABR	MAY	JUN	JUL	AGO	SEP	OCT	NOV	DIC	ACUM	PROM	MESES
1953							32.9	33.4	34.1	31.8	29.8	26.6		31.4	6
1954	26.7	29.1	28.7	31	27	28.7	32	32.8	34.1	31.5	31.5	28.5		30.1	12
1955	23.6	27.6	29	28.6	29.5	31.1	31.5	33.2	32	30.7	31	29.3		29.8	12
1956	29	28.8	30.1	31	36.1	32.8	35.6	36	34.9	33.2	31.1	28.6		32.3	12
1957	30.2	30.7	26.9	28.3	28.5	30.1	34.9	35.6	34.4	31.1	29.8	30.1		30.9	12
1958	27.3	29.5	28.9	29	32	31	33.9	33.7	32.9	32.1	29.4	28.8		30.7	12
1959	28.5	27.6	28.5	27.4	28.8	32.3	33.1	32.4	34.2	31.3	30.1	26.7		30.1	12
1960	25.6	25.8	27.8	28.6	28.2	29.4	33.3	31.9	34.8	31.3	29.7	27.1		29.5	12
1961	26	27.2	26.6	28.8	32.2	30.3	32	33.1	32.6	32.8	27.9	26.5		29.7	12
1962	26.1	28.2	28.5	32.3	31.2	31.5	35.6	36.3	34.6	33.5	32.7	29.3		31.6	12
1963	27.7	27.6	28.1	29.2	32.7	30.6	34.9	35	36	34.7	32.4	30.3		31.6	12
1964	25.8	24	27.6	29.9		29.9	34.7	34.1	35.1	33.8	31.4	25.7		30.2	11
1965	27.2	25.3	28.9	30.3	29.2	28.7	33.8	33.1	32.9	32.1	32.2	26.7		30	12
1966	25.3	24.8	28.2	27	29.5	30.9	32.6	33.2	34.2	31.3	31.7	27.3		29.7	12
1967	25.6	26.2	28.2	28.4	30.9	29.2	32.3	32.8	32.7	31.8	31.9			30	11
1968	26.5	25.8	25	28.5	29.4	28.1	33.1		32	31.5	28.4	27.4		28.7	11
1969		25.4			26.9		33.6	32.3		30.8	30.1	24.6		29.1	7
1970	24.7	26.7	25.7	29.9	32.2	31.2	31.6	32.5	32.5	30.9	29.9	27.7		29.6	12
1971	26.5	24.1	28.2	28	26.6	28.4	32	32.6	31.8	31.3	29.5	27		28.8	12
1972	26.6	26.9	25.6	30.1	28.5	30.2	32.9	33.3	33.5	32.7	27.9	27.6		29.6	12
1973	26.5	26	23.7	25.6	27.3	25.9	30.4	30.4	28.7	30.9	30.2	26.6		27.7	12
1974	26.5	26.6	25.2	30.3	27.3	31.4	31.9	33.7	31.8	32.2	28.4	25.6		29.2	12
1975	24.6	23.9	25.2	26.8	25.6	26.8	31.3	32.7	33	32.6	29.4	27.5		28.3	12
1976	26.8	27.6	26.5	26.2	27.6	31.5	32.9	34.6	32.3	31	30.1	27.4		29.5	12
1977	25.8	27.9	26.4	27.5	28.2	31	32.9	32.5	33.9	32.6	31.1	30		30	12
1978	26.9	26.2	28.6	27.5	27.4	30.9	33.2	34	32	32.4	29.4	26.3		29.6	12
1979	23.6	24.2	25.5	25.7	25.3	28.3	32.2	32.4	32.3	32.5	28.4	25.8		28	12
1980	25.6	28.6	27.7	28.1	26.7	31.7	33.6	32.7	32.6	32.1	29.8	28.4		29.8	12
1981	25.5	26.9	25.1	29.7	27.7	27.5	33.8	34.1	33.2	30.9	30.1	28.1		29.4	12
1982	26.2	26	27.2	31	26.6	29.4	33.7	34.4	34.9	32.7	30.3	27.2		30	12
1983	25.8	26.6	25.8	25.6	31.1	31.6	35.9	33.8	32.9	32.2	29	28.7		29.9	12
1984	26.4	26.7	29.3	27.8	29.7	30.9	32.9	33.7	33.1	30.5	29.6	28.3		29.9	12
1985	24.2	26	28.7	26.7	28.7	31.5	32.8	34.1	33.4	31.9	30.7	26.8		29.6	12
1986	28.1	26.2	27.5	31.6	30.5	31.8		32.7	32.2	30.3	30.5	26.5		29.8	11
1987	27.8	30.4	31.2	29	34.1	29.2	33.3	35.5	35.5	33.2	30.1	25.9		31.3	12
1988	27.2	27.9	28.1	28.2	28.1	29.3	30.6	32.7	32.6	31.7	28.1	25.1		29.1	12
1989	22.3	24.4	26.2	28.8	28.8	27.9	32.4	32.6	33	32.8	29.1	26.6		28.7	12
1990	25.4	25.2	27.4	30.4	29.2	32.9	33.3	34.5	33.8					30.2	9
1991	26.1	27.6	26.1	30.2	27.2	29.8	32.8	33.4	33.1	31.9	29.2	25.4		29.4	12
1992	24.9		27.5	29.6	32.1	32.4	33.8	34.2	34.5	34.8	30.5	28		31.1	11
1993	27.6	27.6	28.9	30.5	29.5	31.4	31.5	33.8	32.8	35.4	31.8	28.6		30.8	12
1994	27.5	27.5	29	29.4	30	32.2	34.4	33.8	35.7	33.9	30.5	27.9		31	12
1995	26.7	30.6	29	29.1	28	31.9	34.8	33.5	33.9	33.3	31.8	28.2		30.9	12
1996	27	27.8	26.6	28.8	30.1	29.9	32.8	33.5	31	33	31.5	28.4		30	12
1997	25.6	25	29	25.9	31.7	30.3	34.5	34.8	33.6	32.9	30.4	26.9		30	12
1998	28	26.6	27.3	28.1	30.6	33.9	33.9	33.9	31	32.7	30.1	27.1		30.3	12
1999	27.6	27.4	26.3	28	29.2	30.2	32.4	32.7	30.8	32	30.5	27		29.5	12
2000	27.4	27.7	26.4	27.7	26.8	30.6	32.4	33.7	33.2	30.9	26	27.8		29.2	12
2001	24.9	27.8	24.6	26.9	28.3	30.5	32.4	34.8	33.1	33.1	30.6	27.4		29.5	12
2002	27.2	27.9	27	28.9	31.6	28.4	33.1	33	32.7	30.3		26		29.6	11
2003	28.2	26	26.5	28	29.5	26.6	32.1	32.9	33	32.6	31.4	28.6		29.6	12
2004	24.9	27.6	27	26.7	29.1	30.6	32.9	34.1	33.4	31	28.9	26.6		29.4	12
2005	27.4	25.4	25.4	29.7	27.4	27.4	31.5	33.6	35.1	30.3	30.4	28.2		29.3	12
2006	27.1	27.3	27.5	29.3	28.5	30.9	33.2	33.5	33.3	34.7	32.1	28.4		30.5	12
2007	24.7	25.7	28.7	27.6	26.9	29.7	31.8	32.8	32.2	32.6	29.5	25.5		29	12
2008	26.1	26.4	27.4	28.9	27.7	28.7	32.5	32.1	32	33.6	30.4	27.6		29.4	12
2009	27.8	27.1	27	26.6	29.3	30	33.6	34.9	33.6	30.6	29.3	27.5		29.8	12
2010	27	25.9	27.4	27	28.3	28.3	29.7	34.5	31.8	30.5	28.5	26		28.7	12
2011	25.5	25.2	27.5	27.1	29.4	30.1	33	33.7	34.3	32.8	28.5	25.4		29.4	12
2012	27.5	26.3	27.5	27	29	29.6	33.4	33.6	33	31.1	31.1	26.2		29.6	12
2013	25.4	25.6	29.8	26.6	28.6	29.6	31.5	33.2	31.5	32.4	29.8	27.2		29.3	12
2014	28.5	28.1	28.3	29.1	31.4	31.9	33.1	33.6	32.3	32.9	31.3	28.1		30.7	12
2015	27.3	29.4	28	29	28.7	30	33.1	33.8	32.6	32.4		27		30.1	11
2016	27	29.2	26.5	28.1	26.2	29.6	34	31.7	31.4	32.9	31.1	27.1		29.6	12
2017	25	25.7	27.6	27		26.3	32.1	33	30.3	32.5	30.5	27.3		28.8	11
2018	27.1	27.5	28	27.5	28.4	29.4	32.2	32.8	33	29.6	30.2	26.4		29.3	12
2019	25.8	26.8	31.4	34	32.9	39.6	39.6	39.7						33.7	8
2021			27.6	26.7	27.8	30.3	31.8	32.9	31.1	31.4	30.3	28.2		29.8	10
2022	26.9	26.5	27.5	25.9	26.7	28.6	32.9	33	32.7					29	9
2023	26.4	25.3	27.3	27.6	27									26.7	5
MÍNIMA	22.3	23.9	23.7	25.6	25.3	25.9	29.7	30.4	28.7	29.6	26	24.6		26.7	5
MÁXIMA	30.2	30.7	31.4	34	36.1	39.6	39.6	39.7	36	35.4	32.7	30.3		33.7	12
MEDIA	26.4	26.9	27.5	28.5	29.1	30.2	33	33.6	33	32.1	30.1	27.3		29.8	11.5
DESV.ST	1.4	1.6	1.5	1.7	2.1	2	1.4	1.3	1.3	1.2	1.3	1.2		1	1.4

TEMPERATURA MÁXIMA EXTREMA
AÑO	ENE	FEB	MAR	ABR	MAY	JUN	JUL	AGO	SEP	OCT	NOV	DIC	ACUM	PROM	MESES
1953							35	35.5	38	39.5	33	30		35.2	6
1954	32	31.5	34	35.5	31.5	32	35	35.5	38	36	36	32		34.1	12
1955	28.5	33	34.5	34	37	35.5	38	38	38	35	36	35		35.2	12
1956	38	36	35	38	41	39	41	40	39	37	35	33		37.7	12
1957	37.5	36.5	32	37	38	35	40	40	39	39	34	35.5		37	12
1958	30	33	34	34	38	35	41.5	39	39	37	36.5	34		35.9	12
1959	34	33	32	34	33	40.5	38	37	39	35	33	34.5		35.2	12
1960	29.5	31.5	31.5	34	32	33	38	36.5	39	37	33	32		33.9	12
1961	29	31	32.5	33	38	39	40	35.5	36.5	39	32	30		34.6	12
1962	29.5	32.5	34	37	36	35.5	40	39	39	36	35	32.5		35.5	12
1963	32	30	36	31.5	37.5	37.5	37	37	39	37	35.5	34.5		35.4	12
1964	29	29	30.5	36		34	38	40	38	37	35	31		34.3	11
1965	31	29.5	37	35	36	37	37.5	37	36	36	36	32		35	12
1966	29	28	33	32	33	37	39	38	38	35	35	31		34	12
1967	29	30	32	33	40	34.5	37	37.5	37	35	36			34.6	11
1968	33	33	29	34	33	33.5	38		35	34.5	34	31		33.5	11
1969		32			35		37	35		34	33	30		33.7	7
1970	29	30	30	34	36	37	36	35	39	35	35	31		33.9	12
1971	32	29	33	33	30	34	34	35	36	36	34	33		33.2	12
1972	33	34	29	35	33.5	36	37	36	37	38	32	32		34.4	12
1973	30	32	28	29	33	30	37	35	32	35	37	30		32.3	12
1974	31	32	32	35	32	36	36	36	36	35	31	30		33.5	12
1975	30	28	31	31	30	34	35	37	36	35.5	35	31.5		32.8	12
1976	32	31.5	32	30	34	37	37	37	36	35	33	31		33.8	12
1977	30	32	30	34	32	37	37	35	38	35	35	33		34	12
1978	31	30	36.5	31	33	35	40	37	36.5	36	34	30		34.2	12
1979	29	28.5	31	33	30	34	36	38	36	35.5	33	29.5		32.8	12
1980	29	34	31	32	33	35.5	38	35	37	36.5	33	32		33.8	12
1981	29	31	30	34	35.5	32.5	40	37	37	36	33.5	32.5		34	12
1982	31	30.5	32.5	35	33	31.5	36.5	36.5	38.5	35.5	33.5	31.5		33.8	12
1983	30	30	31	30.5	37	37	39	39	38	35	33	33		34.4	12
1984	32.5	31	34	32	36.5	34	39	36	36	34.5	35	32		34.4	12
1985	28	33	33	31	33	37	37	38	36	35	34	31		33.8	12
1986	33	31	35	38	37	35		39	37	32.5	34	32		34.9	11
1987	33	33	37	35	39	36	36	38	39	36	36.5	30		35.7	12
1988	33	32.5	33	36	35	33	34	37	36	37	33	30		34.1	12
1989	26	31	30.5	33.5	35	34	35	37	35	35.5	34	31.5		33.2	12
1990	31	35	35.5	34	33	37	37	39.5	38.5					35.6	9
1991	31	31	30.5	35	33	34	39.5	36.5	36.5	34.5	32	29		33.5	12
1992	28		31	35.5	36	39	36.5	37	38	36.5	34	32		34.9	11
1993	31	30.5	34	35	37	35.5	35	37	36.5	38.5	36	33		34.9	12
1994	30	30.5	33	33	35	37	36.5	36	38	36.5	34	33.5		34.4	12
1995	32	33.5	30.5	32	33	38	38	38	36.5	37	35.5	34.5		34.9	12
1996	31.5	30.5	33	32.5	36.5	33.5	37	41	35	36	35.5	31.5		34.5	12
1997	30	27.5	35	31	36	36.5	38.5	38	38	36	34.5	29.5		34.2	12
1998	30	31	33	32	36	38	38	36	33	36	33	30.5		33.9	12
1999	30	32	32.5	34.5	35	36	38	36	35	36	35	34		34.5	12
2000	31	31.5	35	32	35	35	35.5	36	38	35	30	31		33.8	12
2001	33	32	31	33	34	38	34	37	36.5	35.5	33.5	33		34.2	12
2002	29.5	33	29.5	35	36	33	35.5	37	37.5	35		30		33.7	11
2003	31	29	33.5	35	35	32	36	36	37.5	35.5	37	33		34.2	12
2004	30	35	33	38	33.5	36	36	38	36	36	33.5	31		34.7	12
2005	39	31	29	34.5	30	35	36	37.5	37	34	34	33		34.2	12
2006	32	31	33.5	33.5	32.5	37	37	37	38	39.5	35	33.5		35	12
2007	29	29.5	32.5	31	33	39.5	37	36.5	35	36.5	35.5	30		33.8	12
2008	32	36	32.5	35	31	34	37	39	35	39	37	31		34.9	12
2009	31	33	31.5	32.5	33.5	35	39	38	38	35.5	34	30.5		34.3	12
2010	28.5	29	33	30	33	34	38	39	36	34.5	35	31		33.4	12
2011	28	29	32	31.5	35.5	33.5	37	40	36.5	36	32.5	30		33.5	12
2012	32.5	31	32	31	35	33	38.5	38	38	39.5	33	31		34.4	12
2013	31.5	29.5	36	31	33	34.5	34.5	39.5	37	34	33	32		33.8	12
2014	32	33	32	33	37	36.5	36	36	34	36.5	36.5	32.5		34.6	12
2015	31.5	33	31	33	34	33.5	38	36.5	34	34		33		33.8	11
2016	30	34	32	38	29.5	33.5	38.5	35	35	35.5	39	35		34.6	12
2017	30	29.5	30	31		32	34.5	39	34	35	34	31		32.7	11
2018	29.5	33	33	33	33	34	34	35	37	33	39.5	31		33.8	12
2019	30	34	38	36	35	42	42	42						37.4	8
2021			33	31	34	35	36	35	34	36	34	33		34.1	10
2022	33	32	30.5	30	33	35	38	35	35					33.5	9
2023	30	30	31.5	32	34									31.5	5
MÍNIMA	26	27.5	28	29	29.5	30	34	35	32	32.5	30	29		31.5	5
MÁXIMA	39	36.5	38	38	41	42	42	42	39	39.5	39.5	35.5		37.7	12
MEDIA	30.9	31.5	32.5	33.4	34.4	35.4	37.2	37.2	36.8	35.9	34.4	31.8		34.3	11.5
DESV.ST	2.2	2	2.1	2.1	2.4	2.2	1.8	1.6	1.6	1.5	1.7	1.6		1	1.4

TEMPERATURA MÍNIMA PROMEDIO
AÑO	ENE	FEB	MAR	ABR	MAY	JUN	JUL	AGO	SEP	OCT	NOV	DIC	ACUM	PROM	MESES
1953							20.9	21.9	20.8	19.6	14.6	10.4		18	6
1954	10.1	10.4	10.2	12	12.6	14.6	21	21.4	22	18.5	13.3	11.1		14.8	12
1955	10	8.6	9.2	9.7	11.2	14.8	17.6	22	21.6	15.9	12.8	9.3		13.6	12
1956	9	6.8	7.3	9.7	12.7	16.8	21.1	21.8	21.3	17.8	15	11.5		14.2	12
1957	12.4	10.4	8.9	10.3	10.6	14.3	21.3	21.8	21	16.7	13.5	12.4		14.5	12
1958	10.3	10.8	10.9	11.1	15.2	18.1	21.9	22.2	21.9	18.9	15.2	14.7		15.9	12
1959	11.3	11.9	10.5	12.7	12.5	17.8	21.3	21.9	20.7	18.5	15.4	13.5		15.7	12
1960	10	6.8	9.1	9.6	10.1	15.1	20.2	21.4	21.2	18.5	14.5	11.4		14	12
1961	10.5	7.4	8.1	10.5	11.4	15.2	20.3	21.9	19.3	18.4	11.7	10.9		13.8	12
1962	8.1	6.9	5.7	9.5	9.1	12.5	18.4	20.3	20.3	16.7	13.7	11.2		12.7	12
1963	8.9	9	8.3	11	11.5	13.4	21	20.7	20.4	17.4	14.1	11.8		14	12
1964	8.3	7.2	7	8.1		12.7	19.1	18.7	19.7	17	12.4	9.6		12.7	11
1965	9.7	6.1	7.5	9.6	9.5	13.5	19.8	20.3	20.7	16.5	13.9	12.1		13.3	12
1966	9.6	7.4	8.7	11.3	13.2	15.6	19.6	21.8	21.7	16.3	13.7	10.4		14.1	12
1967	7.2	8.2	9.8	10.8	13.2	15.2	19.5	21	20.6	19.4	15.7			14.6	11
1968	11.7	12.3	9.9	11.6	12	14.1	19.6		19.6	17.4	13.6	12		14	11
1969		11.5			12.7		19.6	22		17.3	15.8	10.9		15.7	7
1970	8.3	10.6	9.8	10.2	11.6	13.6	19.9	21.1	21.1	16.5	14.3	11		14	12
1971	8.8	6.6	9	8.2	10	13.5	18.4	22.1	21.6	18.9	13.6	10.6		13.4	12
1972	9.7	9.3	9.1	10.7	12.2	15.4	21.5	22.2	21.6	19.7	14.7	13.5		15	12
1973	10.6	10.4	9.2	9.7	13.9	13.1	18.6	20	17.9	16.5	11.9	9.5		13.4	12
1974	10	7.5	8.9	11.1	10.4	16.2	19.5	21.4	22.4	18.4	14.4	10.4		14.2	12
1975	8.8	8.5	8.7	8.5	10	13.4	19.5	21.8	21.6	16.7	13.6	10.7		13.5	12
1976	8.8	9.3	8.9	10.8	11.7	17.4	19.7	22.8	21.5	18.4	14.1	12.6		14.7	12
1977	12.8	8.5	9.7	10.9	12.3	16	20.4	21.9	22	20.5	15	11.9		15.2	12
1978	11.8	10.4	11.9	11	11.8	17	21.9	22.5	21.4	19.7	16.6	13.2		15.8	12
1979	10.6	9.1	10.3	11.2	12.6	16.3	21.3	21.9	22.5	17.3	12.5	12.1		14.8	12
1980	10.4	11.2	10.8	12	11.5	18.6	21.7	22.2	22.1	19.9	14.9	12		15.6	12
1981	13	11.4	10	13.3	13.2	16.5	22.6	23.3	22.2	18.7	14.9	13.4		16	12
1982	11.2	10.3	11.2	14.1	12.6	13.9	21.3	23.1	22.9	18.6	15.2	13.1		15.6	12
1983	12.6	11.5	12	12.5	13.4	18	23	21.5	22.3	20.5	15.6	12.9		16.3	12
1984	12.1	11.1	12	12.1	13.1	18.1	21.6	22.7	21.7	16	13.3	12.5		15.5	12
1985	11	10	12.2	12.2	12.1	15.2	20.6	22	21.9	18.3	14.8	12.5		15.2	12
1986	11.5	10.8	10.7	15.5	14.2	19.3		21.3	21.1	17.7	11.9	11.7		15.1	11
1987	11.4	11.7	13.6	12.5	13.3	13.9	20.5	22.5	22.7	20	14.8	12.3		15.8	12
1988	10.4	10.8	9.7	11.9	13.5	14.3	20.1	21.3	21.8	18.2	13.2	10.2		14.6	12
1989	8.3	9.5	9.9	10.1	12.4	14.3	20.5	21.7	21.9	18.6	14.7	12.2		14.5	12
1990	10.8	10.7	10.7	12.6	13	17.7	22.4	22.7	21.8					15.8	9
1991	10.4	10.2	9.5	10.7	11	13.4	18	21.9	22	18.9	12.7	10.5		14.1	12
1992	11.9		11.1	11.9	12.9	14.8	22.9	22.9	22	19.7	15.8	12.3		16.2	11
1993	11.7	10.1	10.1	11.4	11.7	15.9	18.3	23.2	21.7	19.3	14.4	13.3		15.1	12
1994	10.8	10.8	11	11.3	11	14.7	20.3	23	22.5	19.4	16.6	14		15.4	12
1995	9.6	13.2	11.9	9.4	11.2	14.8	20.9	22.8	22.4	16.6	14.4	11.8		14.9	12
1996	9.4	9.4	10.2	10.4	12.3	16.1	20.9	22.5	20.6	17.1	14.8	11.2		14.6	12
1997	9	8.6	11	11.3	13.1	16.6	23.4	23.7	23.1	19.4	16	11.5		15.6	12
1998	11.2	9.3	11.8	11.2	12.9	18.9	22.5	22.4	21.5	19.3	13.8	9.8		15.4	12
1999	8.7	9.6	8.4	10.2	11.3	15.1	20.2	21.2	19.6	17.5	14	10.4		13.8	12
2000	9.4	9	10.5	10.2	10.6	17.8	19.9	22.3	22.1	19.5	13.1	11.2		14.6	12
2001	11	10.2	10.5	10.6	12.4	16.1	21.2	22	22.7	17.6	15.6	11.6		15.1	12
2002	10.3	10.1	10.2	13.1	13.6	15.7	20.3	21.1	23.9	17.7		10.7		15.2	11
2003	10.7	11	9.9	12.2	12.6	13.4	20.4	21.7	22.4	20.2	15.4	10.6		15	12
2004	10.9	9.5	10.7	11.9	13.2	16	21.5	22.5	22.3	17.8	14	12.5		15.2	12
2005	12.1	12.5	10.7	11.8	11.8	13.9	20.3	22	22.3	17.9	13.6	11.3		15	12
2006	11.2	10.2	9.7	10.8	10.6	16.2	21.8	21.8	20.6	18.7	15	11.8		14.9	12
2007	11.1	10.8	11.4	12	12.7	16.2	20.9	21.5	21.9	18.3	14	12		15.2	12
2008	10.5	9	8.9	10	12.2	17	21.8	22.8	22.1	20.3	16	13.8		15.4	12
2009	12.5	10.7	11.6	11.5	13.6	15.1	21.7	22.5	22.3	19.4	14.7	11.7		15.6	12
2010	11.6	11	10.7	12.8	12	16.2	18.3	22.4	22.7	16	12.3	10.6		14.7	12
2011	8.6	7.8	9.5	10.3	11.5	16.1	21.7	23.5	23.4	19	14.2	11.3		14.7	12
2012	10.6	8.9	9.9	10.3	11.9	15.1	20.6	22	22.1	18.1	15.1	12.8		14.8	12
2013	10.4	9.6	10	10.4	12.4	15.8	20.6	22.4	21.9	17.6	16	12.7		15	12
2014	11.5	10.7	11.5	12.7	15.7	20.4	22.2	22.5	20.8	18.5	14.9	13.3		16.2	12
2015	12.6	11.4	12.2	14	14.3	19.6	22.5	24	23.1	19.8		12.1		16.9	11
2016	9.9	11.6	10.9	13.1	14.2	17.7	21.9	21.7	21.1	19.9	15.6	13.1		15.9	12
2017	10.5	10.3	11.1	10.7		15.2	21.1	23.3	22	19	15.6	14.2		15.7	11
2018	11.5	13.1	12	12.4	12.4	17.5	21	22.3	22.8	17.6	14.2	11.8		15.7	12
2019	10.8	7.1	9.4	9.8	18.4	21	23.5	24.1						15.5	8
2021			9.3	11.2	13.2	16.7	20.8	23.8	22.3	19.1	14.9	13.1		16.4	10
2022	12.5	9.9	9.2	11.3	12.6	17.3	20.4	22	22.4					15.3	9
2023	9.5	9.6	10.1	11.5	12.2									10.6	5
MÍNIMA	7.2	6.1	5.7	8.1	9.1	12.5	17.6	18.7	17.9	15.9	11.7	9.3		10.6	5
MÁXIMA	13	13.2	13.6	15.5	18.4	21	23.5	24.1	23.9	20.5	16.6	14.7		18	12
MEDIA	10.5	9.8	10.1	11.2	12.4	15.8	20.7	22.1	21.7	18.3	14.4	11.8		14.9	11.5
DESV.ST	1.3	1.6	1.4	1.4	1.5	1.9	1.3	0.9	1	1.2	1.2	1.2		1.1	1.4

TEMPERATURA MÍNIMA EXTREMA
AÑO	ENE	FEB	MAR	ABR	MAY	JUN	JUL	AGO	SEP	OCT	NOV	DIC	ACUM	PROM	MESES
1953							19.5	19	15.5	15.5	9	3		13.6	6
1954	6	6	6	9	10	10.5	15	19	20	13	9.5	6.5		10.9	12
1955	2.5	4	2.5	6.5	7	12	13	19	17.5	11	10	6		9.2	12
1956	5	0.5	4	5	8.5	11	17.5	20	18	12	10	6		9.8	12
1957	10	8	4	7	7.5	9	18	20	16	12.5	7	7		10.5	12
1958	4	6.5	6.5	8	11	14	19	20	19	14	10	7		11.6	12
1959	8	8	8	9	9	15	18	20	19	14	11	7		12.2	12
1960	4	4	6	6	8	11	17	18	18	14	10	4		10	12
1961	4	4	4	4	8	11	16	20	15	13	8	8		9.6	12
1962	2	3	2	5	5	6	15	18	18	13	8	7		8.5	12
1963	4	4.5	4	5	8	9	18	18	19	14	11	6.5		10.1	12
1964	5	3.5	3	4		8	16	14	18	13	8	5		8.9	11
1965	4	0	1	5	6	9	17	17	18	12	9	9		8.9	12
1966	4	4	5	9	11	12	15	20	19	12	10	7		10.7	12
1967	4	4	6	6	9	9	16	16	18	15	13			10.5	11
1968	6	9	4	7	8	8	15		17	12	8	7		9.2	11
1969		8			10		15	16		12	10.5	5		10.9	7
1970	5	7	7	6	6	9	17	18	16	12	9	9		10.1	12
1971	5	4	3	5	7	7	14	19	17	14	8	5		9	12
1972	7	7	5	7	7	12	18	18	18	16	11	9		11.2	12
1973	5	7	5	6	9	8	15	15	15	14	7	6		9.3	12
1974	6	5	5	8	6	12	16	19	20	13	10	6		10.5	12
1975	5	5	5	5	8	10	16	20	17	14	10	2		9.8	12
1976	5	6	6	8	7	11	17	20	19	13	8	8		10.7	12
1977	10	6	7	7	8	12	17	18	20	17	10	9		11.8	12
1978	6	6.5	7	8	8	10	18	20	17	15	13	7		11.3	12
1979	6	5	7	7	10	13	14	18	19	12	9	8		10.7	12
1980	7	8	8	10	8.5	14	18	14	19	16	11	9		11.9	12
1981	8	9	7	9	11	13	20	21	20	12	11	10		12.6	12
1982	8	7.5	8.5	11.5	10	11	13	21	19	13.5	12	7		11.8	12
1983	6.5	9	9	9	11	14	17.5	13	13	17	8	10		11.4	12
1984	9	7.5	9	10	8	10	19	21	19	12	10	7		11.8	12
1985	8	6	10	8	8.5	11	10	20	19	15	11	10		11.4	12
1986	9	7	6	10	12	13.5		20	17.5	12	10	7		11.3	11
1987	9	8	8.5	9	10	11	14	17	20	14.5	11	7		11.6	12
1988	3	6	7	9	10	10	14	17	17	13.5	10	7		10.3	12
1989	5	5	6	7	8	10	14	17	18	14	11	8		10.2	12
1990	6	6	7	8.5	9.5	12	15	20	17.5					11.3	9
1991	8	6	5	8	9	9	16	17	18	12	10	7.5		10.5	12
1992	9		8.5	10	10	10	21	20	20	16	11.5	8		13.1	11
1993	8.5	7	6	9	9	10	13	21	19	15	11.5	8.5		11.5	12
1994	7	8.5	7.5	8	8	9.5	19	20	19	16	12	8		11.9	12
1995	8	9	9	7.5	8	10	17	20	20	14	12	8		11.9	12
1996	6.5	8.5	7	8	9	13	16	20	15	12	11	8		11.2	12
1997	1	5.5	7	7.5	9	11	20	22	20	14.5	12	5		11.2	12
1998	6	7	7	7	10	15	20	19	17	16.5	11	5		11.7	12
1999	6.5	7.5	6	6.5	8	10	17	17	12	13	10.5	8		10.2	12
2000	7	5	7.5	7.5	8	12.5	17	20	18	15	9	9		11.3	12
2001	4	5.5	7	8	10	12	19	20	19.5	16	12	7.5		11.7	12
2002	7	8	6	10	10	10.5	17	18.5	20	15		5.5		11.6	11
2003	8	0.5	6.5	9	9.5	9.5	18	17	17	17	11.5	7		10.9	12
2004	6	5	7	9	9	12	17.5	20	18	10	11	7		11	12
2005	7	9	7	9	7	10	18	18.5	18	14.5	11	9		11.5	12
2006	6.5	7	6	8	8	9.5	18	10	16.5	14	13	8		10.4	12
2007	6	8	9	10	9	11	18	19	20.5	15	9	8		11.9	12
2008	6	6	6	7	9	14	19	16	18	16	11	11		11.6	12
2009	8.5	8	8.5	9	11	10	18	20.5	20	13	12	9		12.3	12
2010	8.5	8	8	9	8.5	11	12	20	19	12	9	9		11.2	12
2011	6	3	6.5	8	10	10	18	21.5	20	16	11	7		11.4	12
2012	7	6	8	8	9	1.4	17	18	20	15	12	8		10.8	12
2013	5	5	6	8	10	12	17	20	17	14	10.5	9		11.1	12
2014	7	7	9	8.5	11	16	20	21	18	16	11.5	8		12.8	12
2015	8	9	9.5	11	10	17	19	22	21	15		7		13.5	11
2016	6	7.5	8	9	11	14	19	18.5	18	17	11.5	9		12.4	12
2017	6	8.5	8	8		10	18	22	14	14	13	10		12	11
2018	8	8	9	8.5	9	12	18	20	21	12.5	6.5	6.5		11.6	12
2019	8	2	4	7	17	18	20	14						11.2	8
2021			6	9	10	13	18	21	19	14	12	9		13.1	10
2022	9	7.5	7	9	9	12	16	16	20					11.7	9
2023	1	6	6	8	9									6	5
MÍNIMA	1	0	1	4	5	1.4	10	10	12	10	6.5	2		6	5
MÁXIMA	10	9	10	11.5	17	18	21	22	21	17	13	11		13.6	12
MEDIA	6.2	6.2	6.4	7.8	9	11.1	16.9	18.7	18.1	14	10.3	7.4		11	11.5
DESV.ST	2	2.1	1.9	1.6	1.7	2.5	2.2	2.3	1.8	1.6	1.6	1.7		1.3	1.4

TEMPERATURA MEDIA MENSUAL
AÑO	ENE	FEB	MAR	ABR	MAY	JUN	JUL	AGO	SEP	OCT	NOV	DIC	ACUM	PROM	MESES
1953							26.9	27.6	27.5	25.7	22.2	18.5		24.7	6
1954	18.4	19.8	19.4	21.5	19.8	21.6	26.5	27.1	28	25	22.4	19.8		22.4	12
1955	16.8	18.1	19.1	19.1	20.4	23	24.6	27.6	26.8	23.3	21.9	19.3		21.7	12
1956	19	17.8	18.7	20.4	24.4	24.8	28.4	28.9	28.1	25.5	23	20		23.2	12
1957	21.3	20.6	17.9	19.3	19.6	22.2	28.1	28.7	27.7	23.9	21.6	21.2		22.7	12
1958	18.8	20.1	19.9	20	23.6	24.6	27.9	28	27.4	25.5	22.3	21.8		23.3	12
1959	19.9	19.8	19.5	20	20.6	25	27.2	27.1	27.5	24.9	22.8	20.1		22.9	12
1960	17.8	16.3	18.4	19.1	19.1	22.2	26.8	26.6	28	24.9	22.1	19.2		21.7	12
1961	18.2	17.3	17.4	19.6	21.8	22.8	26.1	27.5	26	25.6	19.8	18.7		21.7	12
1962	17.1	17.6	17.1	20.9	20.1	22	27	28.3	27.5	25.1	23.2	20.2		22.2	12
1963	18.3	18.3	18.2	20.1	22.1	22	28	27.9	28.2	26	23.2	21		22.8	12
1964	17	15.6	17.3	19		21.3	26.9	26.4	27.4	25.4	21.9	17.6		21.4	11
1965	18.4	15.7	18.2	20	19.4	21.1	26.8	26.7	26.8	24.3	23	19.4		21.6	12
1966	17.4	16.1	18.4	19.1	21.4	23.2	26.1	27.5	28	23.8	22.7	18.9		21.9	12
1967	16.4	17.2	19	19.6	22	22.2	25.9	26.9	26.7	25.6	23.8			22.3	11
1968	19.1	19	17.4	20	20.7	21.1	26.4		25.8	24.4	21	19.7		21.3	11
1969		18.4			19.8		26.6	27.1		24	23	17.8		22.4	7
1970	16.5	18.6	17.8	20	21.9	22.4	25.8	26.8	26.8	23.7	22.1	19.4		21.8	12
1971	17.6	15.4	18.6	18.1	18.3	21	25.2	27.4	26.7	25.1	21.6	18.8		21.2	12
1972	18.1	18.1	17.4	20.4	20.4	22.8	27.2	27.8	27.6	26.2	21.3	20.6		22.3	12
1973	18.6	18.2	16.4	17.6	20.6	19.5	24.5	25.2	23.3	23.7	21	18		20.6	12
1974	18.2	17	17	20.7	18.9	23.8	25.7	27.6	27.1	25.3	21.4	18		21.7	12
1975	16.7	16.2	17	17.6	17.8	20.1	25.4	27.2	27.3	24.6	21.5	19.1		20.9	12
1976	17.8	18.5	17.7	18.5	19.6	24.4	26.3	28.7	26.9	24.7	22.1	20		22.1	12
1977	19.3	18.2	18	19.2	20.2	23.5	26.6	27.2	28	26.6	23	21		22.6	12
1978	19.4	18.3	20.2	19.2	19.6	24	27.6	28.2	26.7	26	23	19.8		22.7	12
1979	17.1	16.6	17.9	18.4	19	22.3	26.8	27.1	27.4	24.9	20.4	19		21.4	12
1980	18	19.9	19.2	20	19.1	25.1	27.6	27.5	27.4	26	22.4	20.2		22.7	12
1981	19.2	19.1	17.6	21.5	20.4	22	28.2	28.7	27.7	24.8	22.5	20.8		22.7	12
1982	18.7	18.1	19.2	22.6	19.6	21.6	27.5	28.8	28.9	25.7	22.8	20.1		22.8	12
1983	19.2	19	18.9	19	22.2	24.8	29.4	27.6	27.6	26.4	22.3	20.8		23.1	12
1984	19.2	18.9	20.6	20	21.4	24.5	27.2	28.2	27.4	23.2	21.5	20.4		22.7	12
1985	17.6	18	20.4	19.4	20.4	23.4	26.7	28	27.6	25.1	22.8	19.6		22.4	12
1986	19.8	18.5	19.1	23.6	22.4	25.6		27	26.7	24	21.2	19.1		22.5	11
1987	19.6	21	22.4	20.8	23.7	21.6	26.9	29	29.1	26.6	22.5	19.1		23.5	12
1988	18.8	19.4	18.9	20	20.8	21.8	25.4	27	27.2	25	20.6	17.6		21.9	12
1989	15.3	17	18	19.4	20.6	21.1	26.4	27.1	27.4	25.7	21.9	19.4		21.6	12
1990	18.1	18	19	21.5	21.1	25.3	27.8	28.6	27.8					23	9
1991	18.2	18.9	17.8	20.4	19.1	21.6	25.4	27.6	27.6	25.4	21	18		21.8	12
1992	18.4		19.3	20.8	22.5	23.6	28.3	28.6	28.2	27.2	23.1	20.1		23.6	11
1993	19.6	18.9	19.5	21	20.6	23.6	24.9	28.5	27.2	27.4	23.1	21		22.9	12
1994	19.1	19.1	20	20.4	20.5	23.5	27.4	28.4	29.1	26.6	23.6	21		23.2	12
1995	18.1	21.9	20.4	19.2	19.6	23.4	27.8	28.1	28.1	25	23.1	20		22.9	12
1996	18.2	18.6	18.4	19.6	21.2	23	26.8	28	25.8	25	23.1	19.8		22.3	12
1997	17.3	16.8	20	18.6	22.4	23.5	29	29.2	28.4	26.1	23.2	19.2		22.8	12
1998	19.6	18	19.6	19.6	21.8	26.4	28.2	28.1	26.2	26	22	18.5		22.8	12
1999	18.1	18.5	17.4	19.1	20.2	22.6	26.3	27	25.2	24.8	22.2	18.7		21.7	12
2000	18.4	18.4	18.4	19	18.7	24.2	26.1	28	27.7	25.2	19.6	19.5		21.9	12
2001	18	19	17.6	18.8	20.4	23.3	26.8	28.4	27.9	25.4	23.1	19.5		22.4	12
2002	18.8	19	18.6	21	22.6	22	26.7	27	28.3	24		18.4		22.4	11
2003	19.4	18.5	18.2	20.1	21	20	26.2	27.3	27.7	26.4	23.4	19.6		22.3	12
2004	17.9	18.6	18.9	19.3	21.1	23.3	27.2	28.3	27.9	24.4	21.4	19.6		22.3	12
2005	19.8	19	18	20.8	19.6	20.6	25.9	27.8	28.7	24.1	22	19.8		22.2	12
2006	19.1	18.8	18.6	20	19.6	23.5	27.5	27.6	27	26.7	23.6	20.1		22.7	12
2007	17.9	18.2	20	19.8	19.8	23	26.4	27.1	27	25.5	21.8	18.8		22.1	12
2008	18.3	17.7	18.1	19.4	20	22.9	27.1	27.5	27	27	23.2	20.7		22.4	12
2009	20.1	18.9	19.3	19	21.4	22.6	27.6	28.7	28	25	22	19.6		22.7	12
2010	19.3	18.4	19	19.9	20.1	22.2	24	28.4	27.2	23.2	20.4	18.3		21.7	12
2011	17	16.5	18.5	18.7	20.4	23.1	27.4	28.6	28.8	25.9	21.4	18.4		22.1	12
2012	19	17.6	18.7	18.6	20.4	22.4	27	27.8	27.6	24.6	23.1	19.5		22.2	12
2013	17.9	17.6	19.9	18.5	20.5	22.7	26	27.8	26.7	25	22.9	20		22.1	12
2014	20	19.4	19.9	20.9	23.5	26.1	27.6	28	26.5	25.7	23.1	20.7		23.4	12
2015	20	20.4	20.1	21.5	21.5	24.8	27.8	28.9	27.9	26.1		19.6		23.5	11
2016	18.4	20.4	18.7	20.6	20.2	23.6	28	26.7	26.2	26.4	23.4	20.1		22.7	12
2017	17.8	18	19.4	18.9		20.8	26.6	28.1	26.1	25.8	23	20.8		22.3	11
2018	19.3	20.3	20	20	20.4	23.4	26.6	27.5	27.9	23.6	22.2	19.1		22.5	12
2019	18.3	17	20.4	21.9	25.6	30.3	31.6	31.9						24.6	8
2021			18.5	19	20.5	23.5	26.3	28.4	26.7	25.2	22.6	20.6		23.1	10
2022	19.7	18.2	18.4	18.6	19.6	23	26.6	27.5	27.6					22.1	9
2023	18	17.4	18.7	19.6	19.6									18.7	5
MÍNIMA	15.3	15.4	16.4	17.6	17.8	19.5	24	25.2	23.3	23.2	19.6	17.6		18.7	5
MÁXIMA	21.3	21.9	22.4	23.6	25.6	30.3	31.6	31.9	29.1	27.4	23.8	21.8		24.7	12
MEDIA	18.4	18.3	18.8	19.8	20.7	23	26.9	27.8	27.3	25.2	22.3	19.6		22.4	11.5
DESV.ST	1.1	1.3	1.1	1.1	1.4	1.7	1.2	0.9	0.9	1	0.9	1		0.9	1.4
