COMISIÓN NACIONAL DEL AGUA
COORDINACIÓN GENERAL DEL SERVICIO METEOROLÓGICO NACIONAL
BASE DE DATOS CLIMATOLÓGICA NACIONAL 

ESTADÍSTICA MENSUAL
EMISIÓN   : 25/10/2024 

DATOS DISPONIBLES EN LA BASE DE DATOS A: OCTOBER DE 2024; 
CON LA INFORMACIÓN SUMINISTRADA POR LAS UNIDADES ADMINISTRATIVAS 

 ESTACIÓN  : 3165 
 NOMBRE    : JUNTA DE LOS ARROYOS 
 ESTADO    : BAJA CALIFORNIA SUR 
 MUNICIPIO : LA PAZ 
 SITUACIÓN : SUSPENDIDA 
 CVE-OMM   :   
 LATITUD   : 23.66527778 ° 
 LONGITUD  : -110.075 ° 
 ALTITUD   : 500 msnm 


LLUVIA MÁXIMA 24 H.
AÑO	ENE	FEB	MAR	ABR	MAY	JUN	JUL	AGO	SEP	OCT	NOV	DIC	ACUM	PROM	MESES
1982	1	0	0	0	0	0	10	19.5	20.5				51	5.7	9
1983							28			20	3	51	102	25.5	4
1984	0	0	0	0			57	28	26	17	0	45	173	17.3	10
1985	20	0	0		0	0	49.3	60	27		23	0	179.3	17.9	10
1986	0	0	0	10.5	0	0	13	45	0	30	0	27	125.5	10.5	12
1987	8	0	0	3	0	0	36	60	78	27	12	7	231	19.2	12
1988	0	0	0	0	0	0	18	70	45	10	0	0	143	11.9	12
1989	48	0	0	0	0	0	48	158	37	0	0	35	326	27.2	12
1990	0												0	0	1
MÍNIMA	0	0	0	0	0	0	10	19.5	0	0	0	0	0	0	1
MÁXIMA	48	0	0	10.5	0	0	57	158	78	30	23	51	326	27.2	12
MEDIA	9.6	0	0	2.2	0	0	32.4	62.9	33.4	17.3	5.4	23.6	147.9	15	9.1
DESV.ST	17	0	0	4.2	0	0	17.9	45.7	24.2	11.1	8.9	21.4	96.3	8.9	4

LLUVIA TOTAL MENSUAL
AÑO	ENE	FEB	MAR	ABR	MAY	JUN	JUL	AGO	SEP	OCT	NOV	DIC	ACUM	PROM	MESES
1982	2	0	0	0	0	0	30	33.5	46.5				112	12.4	9
1983							107.9			20	3	51	181.9	45.5	4
1984	0	0	0	0			155.01	159	119	17	0	69.2	519.21	51.9	10
1985	24.4	0	0		0	0	201.1	181.8	29.5		23	0	459.8	46	10
1986	0	0	0	16.7	0	0	26	178.8	0	50	0	27	298.5	24.9	12
1987	8	0	0	3	0	0	103	99	241	27	12	16	509	42.4	12
1988	0	0	0	0	0	0	18	91	65	13	0	0	187	15.6	12
1989	63.5	0	0	0	0	0	80.5	169	82	0	0	37	432	36	12
1990	0												0	0	1
MÍNIMA	0	0	0	0	0	0	18	33.5	0	0	0	0	0	0	1
MÁXIMA	63.5	0	0	16.7	0	0	201.1	181.8	241	50	23	69.2	519.21	51.9	12
MEDIA	12.2	0	0	3.3	0	0	90.2	130.3	83.3	21.2	5.4	28.6	299.9	30.5	9.1
DESV.ST	22.4	0	0	6.7	0	0	65.5	56.6	79.2	16.7	8.9	25.9	189.3	18	4

TEMPERATURA MÁXIMA PROMEDIO
AÑO	ENE	FEB	MAR	ABR	MAY	JUN	JUL	AGO	SEP	OCT	NOV	DIC	ACUM	PROM	MESES
1982	24.8	29.1	28.6	34.4	31	36.3	34.8	33.2	34.8					31.9	9
1983							33			30.2	27.2	25.5		29	4
1984	25.1	24.4	28.9	29			33.3	35.6	34.4	30	27.3	26		29.4	10
1985	26.6	26.2	29.4		28.1	32.3	31.2							29	6
1986		25.9	27	30	29.7	28.5	32.2	31.3	31.8	33.6	30.5	24.5		29.5	11
1987	25	25.5	26.1	28.8	29.8	33.7	35.4	34.4	32.9	32.2	27.7	22.1		29.5	12
1988	20.4	22.2	24.6	26.7	29.6	30.4	32.1	32.4	31.9	30.8	27.2	22.3		27.6	12
1989	21.2	22.8	27.4	31	32.5	32.4	32.3	31.6	32.4	31.6	32.7	27.3		29.6	12
1990	27.7													27.7	1
MÍNIMA	20.4	22.2	24.6	26.7	28.1	28.5	31.2	31.3	31.8	30	27.2	22.1		27.6	1
MÁXIMA	27.7	29.1	29.4	34.4	32.5	36.3	35.4	35.6	34.8	33.6	32.7	27.3		31.9	12
MEDIA	24.4	25.2	27.4	30	30.1	32.3	33	33.1	33	31.4	28.8	24.6		29.2	8.6
DESV.ST	2.7	2.3	1.7	2.6	1.5	2.7	1.4	1.7	1.3	1.4	2.3	2.1		1.3	4

TEMPERATURA MÁXIMA EXTREMA
AÑO	ENE	FEB	MAR	ABR	MAY	JUN	JUL	AGO	SEP	OCT	NOV	DIC	ACUM	PROM	MESES
1982	30	35	34	37	39	39	39	38	39.5					36.7	9
1983							36			35	31	29		32.8	4
1984	32	27	32	32			38	40	38	33	31	30		33.3	10
1985	30	29	33		31	35.5	34							32.1	6
1986		30	33	36	35	32	36	39	37	38	35	29		34.5	11
1987	29	29	30	35	38	37	38	37	38	38	33	27		34.1	12
1988	27	27	29	30	33	32	38	38	38	35	30	28		32.1	12
1989	25	26	32	35	37	35	38	35	36	34	36	33		33.5	12
1990	32													32	1
MÍNIMA	25	26	29	30	31	32	34	35	36	33	30	27		32	1
MÁXIMA	32	35	34	37	39	39	39	40	39.5	38	36	33		36.7	12
MEDIA	29.3	29	31.9	34.2	35.5	35.1	37.1	37.8	37.8	35.5	32.7	29.3		33.5	8.6
DESV.ST	2.6	3	1.8	2.6	3.1	2.8	1.6	1.7	1.2	2.1	2.4	2.1		1.5	4

TEMPERATURA MÍNIMA PROMEDIO
AÑO	ENE	FEB	MAR	ABR	MAY	JUN	JUL	AGO	SEP	OCT	NOV	DIC	ACUM	PROM	MESES
1982	7.2	8.5	9	13.6	11	16.3	20.2	18	19.3					13.7	9
1983							22.8			19.6	17.4	15.8		18.9	4
1984	15.1	16.5	11.7	15.8			19.2	19.8	20.4	18.8	17.5	15.1		17	10
1985	14	17.1	20.2		20.1	15.3	14.7							16.9	6
1986		12.6	14.9	18.3	17.8	17	17.1	16.1	16.7	16.9	14.5	9.7		15.6	11
1987	10.8	11.9	13.2	15.3	15.9	16.2	21.3	20.4	19.7	17.7	12.3	9.7		15.4	12
1988	8.7	12.4	11.5	16	20	24.2	22.8	20	23.2	18.9	17.7	13.8		17.4	12
1989	9	13.4	15.7	20.5	22.9	22.6	24.7	21.6	21.3	18.6	16.7	12.6		18.3	12
1990	12.3													12.3	1
MÍNIMA	7.2	8.5	9	13.6	11	15.3	14.7	16.1	16.7	16.9	12.3	9.7		12.3	1
MÁXIMA	15.1	17.1	20.2	20.5	22.9	24.2	24.7	21.6	23.2	19.6	17.7	15.8		18.9	12
MEDIA	11	13.2	13.7	16.6	18	18.6	20.4	19.3	20.1	18.4	16	12.8		16.2	8.6
DESV.ST	2.9	2.9	3.6	2.4	4.1	3.8	3.3	2	2.2	1	2.2	2.6		2.1	4

TEMPERATURA MÍNIMA EXTREMA
AÑO	ENE	FEB	MAR	ABR	MAY	JUN	JUL	AGO	SEP	OCT	NOV	DIC	ACUM	PROM	MESES
1982	2	5	6	9	6	12	10	12	17					8.8	9
1983							21			15	12	10.5		14.6	4
1984	10	13	10	12			14	14.5	18	13	12	11		12.8	10
1985	10	10	17		14.5	9	9							11.6	6
1986		10	9	13	10	13	13	9	11	9	7	2		9.6	11
1987	5	5	5	9	10	9	18	18	15	12	7	6		9.9	12
1988	3	7	6	10	12	22	16	16	18	12	10	5		11.4	12
1989	3	9	8	12	12	12	20	19	17	15	11	6		12	12
1990	4													4	1
MÍNIMA	2	5	5	9	6	9	9	9	11	9	7	2		4	1
MÁXIMA	10	13	17	13	14.5	22	21	19	18	15	12	11		14.6	12
MEDIA	5.3	8.4	8.7	10.8	10.8	12.8	15.1	14.8	16	12.7	9.8	6.8		10.5	8.6
DESV.ST	3.4	2.9	4.1	1.7	2.9	4.8	4.4	3.8	2.7	2.3	2.3	3.4		3	4

TEMPERATURA MEDIA MENSUAL
AÑO	ENE	FEB	MAR	ABR	MAY	JUN	JUL	AGO	SEP	OCT	NOV	DIC	ACUM	PROM	MESES
1982	16	18.8	18.8	24	21	26.3	27.5	25.6	27					22.8	9
1983							27.9			24.9	22.3	20.6		23.9	4
1984	20.1	20.4	20.3	22.4			26.2	27.7	27.4	24.4	22.4	20.6		23.2	10
1985	20.3	21.6	24.8		24.1	23.8	23							22.9	6
1986		19.2	21	24.1	23.8	22.8	24.7	23.7	24.2	25.2	22.5	17.1		22.6	11
1987	17.9	18.7	19.6	22	22.9	25	28.4	27.4	26.3	25	20	15.9		22.4	12
1988	14.5	17.3	18	21.4	24.8	27.3	27.5	26.2	27.5	24.9	22.4	18		22.5	12
1989	15.1	18.1	21.5	25.8	27.7	27.5	28.5	26.6	26.9	25.1	24.7	20		24	12
1990	20													20	1
MÍNIMA	14.5	17.3	18	21.4	21	22.8	23	23.7	24.2	24.4	20	15.9		20	1
MÁXIMA	20.3	21.6	24.8	25.8	27.7	27.5	28.5	27.7	27.5	25.2	24.7	20.6		24	12
MEDIA	17.7	19.2	20.6	23.3	24	25.4	26.7	26.2	26.6	24.9	22.4	18.7		22.7	8.6
DESV.ST	2.5	1.4	2.2	1.6	2.2	1.9	2	1.4	1.2	0.3	1.5	2		1.2	4
