COMISIÓN NACIONAL DEL AGUA
COORDINACIÓN GENERAL DEL SERVICIO METEOROLÓGICO NACIONAL
BASE DE DATOS CLIMATOLÓGICA NACIONAL 

ESTADÍSTICA MENSUAL
EMISIÓN   : 25/10/2024 

DATOS DISPONIBLES EN LA BASE DE DATOS A: OCTOBER DE 2024; 
CON LA INFORMACIÓN SUMINISTRADA POR LAS UNIDADES ADMINISTRATIVAS 

 ESTACIÓN  : 3022 
 NOMBRE    : LA ANGOSTURA 
 ESTADO    : BAJA CALIFORNIA SUR 
 MUNICIPIO : COMONDÚ 
 SITUACIÓN : OPERANDO 
 CVE-OMM   :   
 LATITUD   : 25.05333333 ° 
 LONGITUD  : -111.1222222 ° 
 ALTITUD   : 280 msnm 


LLUVIA MÁXIMA 24 H.
AÑO	ENE	FEB	MAR	ABR	MAY	JUN	JUL	AGO	SEP	OCT	NOV	DIC	ACUM	PROM	MESES
1961	12.5	0	0	0	0	0	3.5	30	22.5	0	0	5	73.5	6.1	12
1962	22	6.5	0	0	0	0.01	0	5	29	1	0	35	98.51	8.2	12
1963	0	2	0	0	0	0	78.5	21	26	6	1.5	4	139	11.6	12
1964	0	0	4	0		0	24.5	17	6	32	0	16.5	100	9.1	11
1965	3	8	0.5	0	0	0	3	39	25	0	0	36	114.5	9.5	12
1966	0.5	9	0.01	0		0	0	39	20	0	0	4	72.51	6.6	11
1967	3.5	0	0	0	0	0	6	35.5	30	53	18	31	177	14.8	12
1968	35	7	5	0	0	0	11	20.8	0	24	0	0	102.8	8.6	12
1969	1.5	1.2			0		22	0			0	2.2	26.9	3.8	7
1970	0	0	13	0	0	0	0	1.6	21	1	0	1	37.6	3.1	12
1971	0	0	0	0	0	0	0	32	0	5	0	8	45	3.8	12
1972	3	0	0	0	0	0	4	59	18	57	15	15	171	14.2	12
1973	2	30	0	0	0	0	3	7	53	0	0	0	95	7.9	12
1974	10	0	0	0	0	0	2	3	10	0	5	4	34	2.8	12
1975	9	0	0	0	0	0	9	19	51	0	0	3	91	7.6	12
1976	0	0	0	0	0	0	0	50	32	0	0	7	89	7.4	12
1977	0	0	0	0	0	0	0	3.8	0.9	0.6	9	0	14.3	1.2	12
1978	0	0	0	0	0	0	29	17	52	0.5	0	10	108.5	9	12
1979	39	6	0	0	22	0	9	18	87	0	0	7	188	15.7	12
1980	0	1.7	0	0	0	2	20	40	30	19	0	0	112.7	9.4	12
1981	25	2	13	0	2	0	69	65	37	21	0	0	234	19.5	12
1982	0	0	0	0	0	0	17	10	64	0			91	9.1	10
1983	13	5	35	0	0	0	58	56	37	0	1	41	246	20.5	12
1984	18	0	0	0	0	10.2	63	48	14	9	1.5	27	190.7	15.9	12
1985	17	0	0	0	0	0	17	8	1	0	5	0	48	4	12
1986	0.1	8	0	1.5	0	0	65		9	2	0	5	90.6	8.2	11
1987	0	0	0	0	0	0	41	20	28	14	8	1	112	9.3	12
1988	0	0	0	0	0	0	0	43	50	32	0	20	145	12.1	12
1989	13	27	1	0	0	0	2	8	27	5	10	26	119	9.9	12
1990	0	0	3	0	0	0	53	75	15				146	16.2	9
1991	10	0	16	0	0	0	0	9	32	0	26	95	188	15.7	12
1992	40	14	0	0	0	0	45	14	7	0	0	26	146	12.2	12
1993	54	2	0	0	0	0	0	35	15	15	20	1	142	11.8	12
1994	0	0	0	0	0	0	0	27	18	2	6	78	131	10.9	12
1995	0	20	0	0	0	0	5	0	21	0	9	11	66	5.5	12
1996	0	0	0	0	0	0	9	27	43	0	0	0	79	6.6	12
1997	29	0	0	0	2	1	22	51	33	0	20	1	159	13.2	12
1998	0	4	0	0	0	0	11	24	22	0	7	0	68	5.7	12
1999	0	0	0	0	0	3	32	34	3	0	0	0	72	6	12
2000	0	0	1	0	0	4	1	24	10	13		2	55	5	11
2001	0	0	0	0	0	0	3	23	56	4	0	0	86	7.2	12
2002	0	12	0	0	0	0	7	0	38	0	6	11	74	6.2	12
2003	0	18	0	1	0	0	0	63	101.1	0	0	0	183.1	15.3	12
2004	0	9	0	0	0	0	6	17	16	19	0		67	6.1	11
2005	24	16	0	0	0	0	0	14	29	0	0	0	83	6.9	12
2006	0	0	0	0	0		3	88	120	22	0	0	233	21.2	11
2007	6	5	0	0	0	0	0	10	68	15	0.6	9	113.6	9.5	12
2008	0	0	0	0	0	0	0	74	48	70	6	0	198	16.5	12
2009	0	0	0	0	0	5	0	0	114	26	0	2	147	12.2	12
2010	9	7	0	0	0	0	0	7	12	10	0	0	45	3.8	12
2011	0	0	0	0	0	0	9	23	0	0	36	0	68	5.7	12
2012	0	6	0	0	0	0	0	67	38	65	0	3	179	14.9	12
2013	0	0	0	0	0	0	0	70	63	45	19	3	200	16.7	12
2014	0	0	16	0	0	0	35	40	296	0	0	0	387	32.2	12
2015	0	0	23	0	2	2	63	23	26	37	0	0	176	14.7	12
2016	0	1	1	0	0	0	0	36	95	1	0	1	135	11.2	12
2017	0	24	0	0	0	0	24	15	158	0	0	1	222	18.5	12
2018	0	9	0	0	0	20	0	11	17	23	0	1	81	6.8	12
2019	10	2	3	0	0	0	9	44	36	36	68	5	213	17.8	12
2020	0	0	0	0	0	1	29	12	21	18	1	0	82	6.8	12
2021	11	0	0	0	0	0	0	47	14	0	0.01	0	72.01	6	12
2022	13	0	0	0	0	0	22	40	40	0	0	0	115	9.6	12
2023	0	0	0	0	0	0	0	25	14	39	3	0	81	6.8	12
MÍNIMA	0	0	0	0	0	0	0	0	0	0	0	0	14.3	1.2	7
MÁXIMA	54	30	35	1.5	22	20	78.5	88	296	70	68	95	387	32.2	12
MEDIA	6.9	4.2	2.2	0	0.5	0.8	15	28.8	39	12.2	5	9.3	121.6	10.3	11.7
DESV.ST	11.9	7.1	6.2	0.2	2.8	3	20.9	21.8	45.6	17.9	11.2	17.9	66.2	5.5	0.8

LLUVIA TOTAL MENSUAL
AÑO	ENE	FEB	MAR	ABR	MAY	JUN	JUL	AGO	SEP	OCT	NOV	DIC	ACUM	PROM	MESES
1961	28.5	0	0	0	0	0	6.5	90.5	25	0	0	5	155.5	13	12
1962	24.5	6.5	0	0	0	0.01	0	5.01	81.5	1	0	39.01	157.53	13.1	12
1963	0	2	0	0	0	0	131	52.5	27.5	9	1.5	7.5	231	19.2	12
1964	0	0	4	0		0	48.62	36.5	11.53	32.03	0	24	156.68	14.2	11
1965	6.04	11.01	0.5	0	0	0	3	87.8	28.03	0	0	74.01	210.39	17.5	12
1966	0.5	14	0.01	0		0	0	102.5	46.7	0	0	4	167.71	15.2	11
1967	3.5	0	0	0	0	0	13	94.6	30	76.2	31	40	288.3	24	12
1968	47	14	7	0	0	0	11.1	21.8	0	46	0	0	146.9	12.2	12
1969	1.5	1.2			0		31	0			0	2.2	35.9	5.1	7
1970	0	0	14	0	0	0	0	5.3	28	1	0	1	49.3	4.1	12
1971	0	0	0	0	0	0	0	76.5	0	5	0	9	90.5	7.5	12
1972	4	0	0	0	0	0	4	88.5	34	138	15	19	302.5	25.2	12
1973	3	34	0	0	0	0	3	7	53	0	0	0	100	8.3	12
1974	10	0	0	0	0	0	6.7	6.4	28	0	8.3	6	65.4	5.4	12
1975	19	0	0	0	0	0	9	25	114	0	0	3	170	14.2	12
1976	0	0	0	0	0	0	0	121	80	0	0	7	208	17.3	12
1977	0	0	0	0	0	0	0	8.2	1.1	0.9	9	0	19.2	1.6	12
1978	0	0	0	0	0	0	54	35	63	0.5	0	35	187.5	15.6	12
1979	101	8	0	0	22	0	10	32	88.1	0	0	7	268.1	22.3	12
1980	0	2.4	0	0	0	2	20	81	34	19	0	0	158.4	13.2	12
1981	78	4	23	0	3	0	80	67	42	25	0	0	322	26.8	12
1982	0	0	0	0	0	0	48	11	103	0			162	16.2	10
1983	26	5	97	0	0	0	85	187	37	0	1	41	479	39.9	12
1984	23	0	0	0	0	10.2	93	173	38	11	1.5	56	405.7	33.8	12
1985	28	0	0	0	0	0	27	25	1	0	8	0	89	7.4	12
1986	0.1	8	0	1.5	0	0	96		11	2	0	7	125.6	11.4	11
1987	0	0	0	0	0	0	54	36	68	19	8	1	186	15.5	12
1988	0	0	0	0	0	0	0	63	55	32	0	21	171	14.2	12
1989	15	29	1	0	0	0	6	23	61	5	10	30	180	15	12
1990	0	0	5	0	0	0	149	152	57				363	40.3	9
1991	10	0	16	0	0	0	0	13	62	0	26	147	274	22.8	12
1992	90	22	0	0	0	0	53	54	14	0	0	35	268	22.3	12
1993	59	3	0	0	0	0	0	58	35	16	32	1	204	17	12
1994	0	0	0	0	0	0	0	101	42	2	6	116	267	22.2	12
1995	0	20	0	0	0	0	10	0	38	0	16	11	95	7.9	12
1996	0	0	0	0	0	0	9	79	51.4	0	0	0	139.4	11.6	12
1997	40	0	0	0	2	1	32	179	80	0	32	3	369	30.8	12
1998	0	5	0	0	0	0	36	53	36	0	7	0	137	11.4	12
1999	0	0	0	0	0	3	32	52	3	0	0	0	90	7.5	12
2000	0	0	1	0	0	4	1	59	17	22		2	106	9.6	11
2001	0	0	0	0	0	0	3	23	121	4	0	0	151	12.6	12
2002	0	15	0	0	0	0	7	0	93	0	6	11	132	11	12
2003	0	31	0	1	0	0	0	173	172.1	0	0	0	377.1	31.4	12
2004	0	9	0	0	0	0	9	48	47	37	0		150	13.6	11
2005	31	22	0	0	0	0	0	35	46	0	0	0	134	11.2	12
2006	0	0	0	0	0		3	116	248	28	0	0	395	35.9	11
2007	8	5	0	0	0	0	0	17	70	18	0.6	9	127.6	10.6	12
2008	0	0	0	0	0	0	0	153	58	70	6	0	287	23.9	12
2009	0	0	0	0	0	8	0	0	140	54	0	2	204	17	12
2010	9	7	0	0	0	0	0	7	17	10	0	0	50	4.2	12
2011	0	0	0	0	0	0	24	29	0	0	43	0	96	8	12
2012	0	6	0	0	0	0	0	129	80	73	0	3	291	24.2	12
2013	0	0	0	0	0	0	0	75	142	45	19	3	284	23.7	12
2014	0	0	16	0	0	0	108	145	343	0	0	0	612	51	12
2015	0	0	33	0	2	3	97	29	47	47	0	0	258	21.5	12
2016	0	1	1	0	0	0	0	69	107	1	0	1	180	15	12
2017	0	24	0	0	0	0	26	34	158	0	0	1	243	20.2	12
2018	0	15	0	0	0	20	0	19	31	23	0	1	109	9.1	12
2019	10	2	3	0	0	0	9	66	44	53	106	5	298	24.8	12
2020	0	0	0	0	0	1	29	12	50	18	1	0	111	9.2	12
2021	22	0	0	0	0	0	0	124	32	0	0.01	0	178.01	14.8	12
2022	13	0	0	0	0	0	33	79	85	0	0	0	210	17.5	12
2023	0	0	0	0	0	0	0	47	22	39	3	0	111	9.2	12
MÍNIMA	0	0	0	0	0	0	0	0	0	0	0	0	19.2	1.6	7
MÁXIMA	101	34	97	1.5	22	20	149	187	343	138	106	147	612	51	12
MEDIA	11.3	5.2	3.6	0	0.5	0.9	24	61.1	60.9	16.1	6.6	13.2	199.8	17	11.7
DESV.ST	21.9	8.6	13.5	0.2	2.8	3.1	35.6	51.2	59	26	16.2	27.2	112	9.6	0.8

TEMPERATURA MÁXIMA PROMEDIO
AÑO	ENE	FEB	MAR	ABR	MAY	JUN	JUL	AGO	SEP	OCT	NOV	DIC	ACUM	PROM	MESES
1961	23.7	26.8	27.9	31.6	36	37	37.9	36.3	34.7	34.5	28.1	24.5		31.6	12
1962	25.5	26.4	27.1	33.5	33.4	36.3	39.1	40.1	35.6	33.2	31.7	25.7		32.3	12
1963	22.6	25.4	28.8	32.6	34	37.1	39.1	35.9	38	34.5	29.6	25.4		31.9	12
1964	23.4	24.8	25	30.7		36.1	38.6	36.5	37.4	33.9	28.6	25.9		31	11
1965	25	24.1	27.8	32.7	32.6	34.8	38.5	36.8	35.7	35.5	31.9	24.3		31.6	12
1966	22.9	23.1	29.5	32.7		38.3	38.5	36.6	36.8	32.5	33.6	26.6		31.9	11
1967	26.3	25.1	31	32.2	36.4	36	39.2	36.8	36.2	34.1	32.1	23.5		32.4	12
1968	24.4	25.3	27.8	30.6	33.4	37.3	38.5	38.1	36.3	33	28.8	26.8		31.7	12
1969	28.1	24			36.3		38.8	38.7			29.6	25.8		31.6	7
1970	26.5	26.5	28.4	31.1	35.4	34.8	39	37.5	36.7	32.3	31.6	28.3		32.3	12
1971	25.4	26.9	28.5	29.9	32.8	33.9	37.4	35.4	35.7	31	28.6	25.2		30.9	12
1972	22.1	26.3	28.7	32.1	32.1	34.4	38.7	37	37.4	32.5	26.9	26.3		31.2	12
1973	23.7	25.9	25.2	30.5	35.5	36.3	38.3	38	36.3	35.5	30.9	27.6		32	12
1974	26.3	28.6	28.2	33.6	36.7	37.8	36.9	37.7	35.3	34.2	28.1	25.1		32.4	12
1975	25.2	26	28.5	28.5	32	36.6	37.1	38.7	36.5	34.5	30.7	26.3		31.7	12
1976	26.5	27	27.7	28.9	34.4	39.2	39.2	38.7	33.8	32.2	29.3	26.3		31.9	12
1977	25.6	30	27.9	31.7	33.3	38.3	40.3	38	37.8	35.4	31.8	27.9		33.2	12
1978	26.8	26.6	30.7	32.5	34.4	38.2	39.4	38.8	35.3	33.5	29.9	24		32.5	12
1979	22.3	24.8	26.1	32.5	32.6	38.3	39.8	38.3	37.6	36.7	29.9	27.6		32.2	12
1980	27.4	29.4	29	32.3	33.4	40	40.5	38.6	38.1	34.5	30.3	28.7		33.5	12
1981	25.9	29.2	27.8	32.3	32.4	37	38.6	39.5	38.4	33.3	31.4	28.7		32.9	12
1982	26.7	29.8	30.5	35.5	33.3	38.1	39.2	40.3	38.7	35.3				34.7	10
1983	26.6	28	28.9	30.1	35.8	38.7	39.4	36.1	37.8	35	29.6	27.7		32.8	12
1984	25.9	28.2	31.3	32.3	37.1	38.5	36.7	36	36.6	31.9	30.8	27.1		32.7	12
1985	24.1	25.9	30.6	32.9	37.7	38.5	39.4	39.5	37.9	35	30	29.2		33.4	12
1986	30.1	29.4	31.4	36.1	34.5	38.7	38.9		37.6	35.2	31.3	26.6		33.6	11
1987	26	28	29.8	34	33.6	38.3	41	39.7	39.1	37.5	30.7	26.8		33.7	12
1988	27.4	30	30.4	32.7	36.9	40.9	41	40.5	39.4	33.5	30.5	27.7		34.2	12
1989	25.2	27.7	31.3	36	37.2	38.1	40.8	39	40.1	37.3	32.1	28		34.4	12
1990	26.5	27.4	31	32.2	36.2	40.6	38.9	38.6	39.1					34.5	9
1991	26.4	30.6	28.4	34.8	35.6	39	39.1	40.9	39.2	36.8	30.5	24.7		33.8	12
1992	24.9	28	28.9	35.5	36.2	39.4	41.6	38.7	41.1	39.2	31.8	26.8		34.3	12
1993	27.2	29.1	31.1	35.8	36	37.9	39	38.5	37.4	36.1	31.5	28.5		34	12
1994	30.2	29.7	32.1	33	36.7	37.5	39.5	39.1	40.6	36.5	31.1	26.2		34.4	12
1995	28.8	29.8	31.7	34.6	36	38.2	38.5	40.1	37.3	37	31	29.7		34.4	12
1996	32.1	34	32.7	34.9	37.7	41	42.3	40	37.3	37.5	33.7	30.4		36.1	12
1997	26.9	29.4	32.4	32.8	39.2	40	43.2	39.5	38.8	36.6	33	27.5		34.9	12
1998	28.3	26.2	31.1	33.3	36.5	42.3	40.6	41.2	38.7	38.5	33.6	27.5		34.8	12
1999	30.8	33.1	32.3	33.4	37	39.7	41.2	41.3	39.3	39.2	34.8	29.2		35.9	12
2000	30.8	31.7	31.9	35.1	36.5	39.5	40.9	39.8	38.5	33		29.9		35.2	11
2001	26.6	28.8	27.2	33.7	37	41.1	41.4	41.5	40.6	35.4	32.9	27.9		34.5	12
2002	29.7	29.8	30.9	33	37	39.8	41.6	42.3	39.4	36.8	32.5	26.6		35	12
2003	29.1	28.3	27.7	30.1	31.8	34.2	38.8	36.8	37.8	30.1	25.9	21.7		31	12
2004	21.9	21.8	28.4	28.6	34.8	37.2	38.5	37.8	33.2	30.9	25.6			30.8	11
2005	23.5	19.9	20.7	28.1	31.9	34.7	37	36.3	38.6	32	29.6	23.8		29.7	12
2006	19.7	28.4	26.9	32.2	33.4		37.7	36.9	34.7	32.9	30.5	24.5		30.7	11
2007	22.5	25	29.8	29.8	33.8	37.7	37.8	38	36.7	33.6	29.4	22.2		31.4	12
2008	25	28.8	29.9	33.4	33.5	37.4	38.1	35.7	34.3	35	30	25.1		32.2	12
2009	26.2	28.3	30.7	29.8	30.9	37.1	29.5	39.6	35	27.8	26.5	23.6		30.4	12
2010	24.9	22.9	28.9	25.8	26.9	33.4	35.3	40.1	36.6	31.1	29.9	29.2		30.4	12
2011	24.4	26.7	31.8	31.8	32.2	38	35.9	35.5	38.4	35.7	27.6	23.2		31.8	12
2012	26.5	25.6	28.2	30.3	33.9	36.5	37.8	35.7	36.1	31.1	26	24.2		31	12
2013	23.4	22.9	31.3	30	31.7	35.2	37.3	38.3	33.3	28.1	30.1	27.6		30.8	12
2014	31	32.8	33.8	37.2	40.3	44.2	40.4	39.7	37	32.2	32.5	29.3		35.9	12
2015	27.8	29.1	33.5	35.1	35	41.3	41.3	42.3	39.5	37.7	34.2	29.4		35.5	12
2016	29.6		35.5	36.3	37.3	42.5	44	41.4	39.3	40.6	34	29.4		37.3	11
2017	28.8	31.9	37.3	38.2	39	42	44	43.8	39.1	41.5	38.5	31.4		38	12
2018	32	30.6	35.8		40.6	42.2	44.5	43.5	41.4	41.2	33.3	28.9		37.6	11
2019	30.2	29.4	36.2	37.4	37.5	42.8	45.1	44.3	40.2	38.9	33.7	29.8		37.1	12
2020	27.9	29.9	35	38.3	40.8	44.2	44.1	43.8	42.8	40.8	36.7	30.4		37.9	12
2021	28.1	32.4	33.8	38.9	39	43	43.7	41.8	41.2	38.3	35.1	32.8		37.3	12
2022	31	29.7	35.3	37.7	39.7	41.5	43.9	41.2	38.8	36.6	31.9	31.1		36.5	12
2023	29.4	28	33.6	36.4	35.7	41.4	44.9	43.1	42.8	36.6	33.3	30.7		36.3	12
MÍNIMA	19.7	19.9	20.7	25.8	26.9	33.4	29.5	35.4	33.2	27.8	25.6	21.7		29.7	7
MÁXIMA	32.1	34	37.3	38.9	40.8	44.2	45.1	44.3	42.8	41.5	38.5	32.8		38	12
MEDIA	26.5	27.7	30.2	32.9	35.3	38.5	39.6	39	37.8	35	31	27.1		33.4	11.7
DESV.ST	2.7	2.8	3	2.8	2.6	2.6	2.6	2.3	2.1	3	2.5	2.4		2.1	0.8

TEMPERATURA MÁXIMA EXTREMA
AÑO	ENE	FEB	MAR	ABR	MAY	JUN	JUL	AGO	SEP	OCT	NOV	DIC	ACUM	PROM	MESES
1961	27	33	35	39	41	40	41	40	40	39	38	30		36.9	12
1962	30	33	35	42	37	41	41.5	42	42	37	37	35		37.7	12
1963	27.5	30.5	34	36	37.5	41	42	39	41	39	35	32		36.2	12
1964	28	31	30	37		41	42	40	40	39	34	33		35.9	11
1965	32	27	32	42	39	41	40	40	39	39	35	30		36.3	12
1966	28	30	36	37		42	42	41	40	37	37	33		36.6	11
1967	32	28	34	35	41	41	41	41	40	39	36	28		36.3	12
1968	30	30	33	36	36	42	41	41	40	36	32	32		35.8	12
1969	34	31			41		42	42			33	32		36.4	7
1970	32	29	32	34	40	38	43	41	42	35	36	33		36.2	12
1971	32	32	34	34	37	38	41	40	39	36	33	32		35.7	12
1972	28	30	33	36	36	43	42	41	41	40	31	30		35.9	12
1973	29	30	33	35	40	42	43	43	40	40	39	33		37.2	12
1974	34	36	37	38	39	41	41	41	39	38	34	29		37.2	12
1975	32	34	36	34	36	42	42	42	40	38	36	31		36.9	12
1976	30	31	33	34	38	42	42	43	37	36	34	29		35.8	12
1977	32	35	36	37	41	42	43	43	41	40	36	31		38.1	12
1978	30	32	37	39	39	42	42	41	39	38	35	30		37	12
1979	27	27	29	38	38	44	44	44	43	41	34	34		36.9	12
1980	33	36	33	37	38	43	44	41	42	41	36	33		38.1	12
1981	32	33	35	38	37	40	42	43	42	36	36	35		37.4	12
1982	33	33	34	41	38	43	44	45	43	40				39.4	10
1983	31	33	34	37	41	43	43	41	41	39	36	35		37.8	12
1984	30	33	36	37	42	42	41	40	39	35	36	32		36.9	12
1985	30	33	37	39	44	42	44	44	43	43	36	33		39	12
1986	34	37	38	42	41	44	43		43	39	36	32		39	11
1987	36	33	36	38	39	45	45	42	45	41	36	32		39	12
1988	34	34	36	36	44	44	43	43	42	39	36	33		38.7	12
1989	30	35	35	44	45	43	45	43	44	42	35	35		39.7	12
1990	32	34	38	37	42	44	43	44	44					39.8	9
1991	33	34	36	40	40	46	43	44	42	41	35	30		38.7	12
1992	29	34	34	42	41	44	48	42	46	43	37	33		39.4	12
1993	32	33	36	40	42	41	41	41	41	40	36	35		38.2	12
1994	33	33	37	37	42	41	42	41	44	41	36	31		38.2	12
1995	33	34	36	40	40	42	41	44	41	43	36	35		38.8	12
1996	37	39	39	39	42	45	45	44	40	42	39	35		40.5	12
1997	30	34	37	38	43	46	46	44	43	42	40	32		39.6	12
1998	34	33	40	40	43	46	46	45	44	43	37	33		40.3	12
1999	36	36	39	42	44	47	45	45	45	45	40	36		41.7	12
2000	37	36	39	38	42	45	44	43	44	40		34		40.2	11
2001	36	36	32	40	44	46	45	45	44	41	38	32		39.9	12
2002	34	37	36	40	44	45	44	44	44	40	37	30		39.6	12
2003	33	31	37	36	35	43	43	43	41	36	29	28		36.2	12
2004	27	26	36	34	37	40	42	40	36	33	31			34.7	11
2005	30	24	26	33	36	42	39	39	41	38	37	30		34.6	12
2006	29	32	34	39	38		41	39	39	39	34	30		35.8	11
2007	30	31	34	34	39	42	41	41	41	39	35	28		36.2	12
2008	31	36	37	38	39	42	41	39	39	38	34	31		37.1	12
2009	32	37	38	38	41	42	40	41	41	36	33	30		37.4	12
2010	28	31	35	34	36	37	42	42	41	37	36	33		36	12
2011	30	33	36	39	40	41	41	42	42	40	34	30		37.3	12
2012	31	31	34	35	41	41	41	42	39	37	35	31		36.5	12
2013	34	28	37	35	38	41	42	42	40	39	37	34		37.2	12
2014	35	40	40	43	49	48	44	44	43	37	38	35		41.3	12
2015	37	38	41	40	44	46	45	45	45	45	41	38		42.1	12
2016	35		42	42	43	47	47	46	45	44	39	40		42.7	11
2017	39	40	41	44	46	46	47	46	43	46	44	38		43.3	12
2018	36	38	44		47	47	47	47	46	44	40	38		43.1	11
2019	37	39	41	45	42	48	48	48	45	45	43	37		43.2	12
2020	34	41	40	44	45	48	47	47	47	47	44	37		43.4	12
2021	35	40	42	44	43	46	48	47	46	45	41	39		43	12
2022	39	38	42	44	45	46	46	46	43	41	36	39		42.1	12
2023	37	35	40	42	40	47	49	47	48	44	41	37		42.2	12
MÍNIMA	27	24	26	33	35	37	39	39	36	33	29	28		34.6	7
MÁXIMA	39	41	44	45	49	48	49	48	48	47	44	40		43.4	12
MEDIA	32.3	33.4	36.1	38.5	40.6	43.1	43.2	42.7	41.9	39.9	36.4	32.9		38.4	11.7
DESV.ST	3.1	3.6	3.3	3.1	3.1	2.6	2.3	2.3	2.5	3.1	3	3		2.4	0.8

TEMPERATURA MÍNIMA PROMEDIO
AÑO	ENE	FEB	MAR	ABR	MAY	JUN	JUL	AGO	SEP	OCT	NOV	DIC	ACUM	PROM	MESES
1961	12.5	9.7	10.4	11	10.1	17.1	18.4	16.8	19	17.9	10.8	10.3		13.7	12
1962	11.3	9.6	11.1	11.7	10.9	12.5	21.2	25	22.6	17.2	11.8	11.2		14.7	12
1963	9.9	8.8	12.5	11.7	14.5	16.9	19	21.6	23.6	19.3	13.5	13		15.4	12
1964	8	9	9.2	12		17.3	23.1	22.4	22.4	19.4	11.7	11		15	11
1965	8.8	7.4	9.8	12.6	12.5	15.8	22.2	23.8	22.5	16.4	13.7	11.2		14.7	12
1966	6	7.1	12.5	17.7		18.6	22.6	24.8	23.6	16.1	15.7	11.4		16	11
1967	7.4	7.3	12.2	13.3	16.4	17.7	22.8	23.2	22.9	18.6	14	11.8		15.6	12
1968	10.4	7.3	11.3	11.8	14.4	16.9	23	20.8	21	17.4	12.4	11.6		14.9	12
1969	12.4	11.7			13.1		23.1	23			15.3	11.9		15.8	7
1970	9.7	10	10.9	11.1	13.6	17.4	23.3	22.9	23	16.7	13.3	11.3		15.3	12
1971	10.1	9.2	9.8	11	12.1	15.2	19.8	20.8	21.3	16.9	11.7	9.8		14	12
1972	9.9	9.5	10.9	12.5	14.1	16.8	23.5	22.2	22.3	20.9	13.4	11.9		15.7	12
1973	8.7	9.7	10.2	10.8	15.5	16.2	21.1	22.5	20.7	16.8	10.9	8.1		14.3	12
1974	10.4	7.6	11.1	12.6	15.6	19.2	22.6	23	23.7	18.1	13.8	7.7		15.4	12
1975	8.4	9	11	10.1	13.5	17.8	22.3	23.4	22.7	15.6	11.3	9.6		14.6	12
1976	7.9	9.4	10	11.3	14.4	19.1	21.7	24.3	22.7	18.9	13.7	10.5		15.3	12
1977	11.1	9.4	10.6	12.9	15	18.9	23.2	24.5	23.5	20	14.1	12.6		16.3	12
1978	11	9.9	13.3	13.8	15.7	20.7	25.5	24.1	21.6	20.1	13.5	10.9		16.7	12
1979	10.4	9	9.8	12.7	15.3	19.3	23	23.2	24.4	16.9	11.5	9.7		15.4	12
1980	8.8	11.4	12.7	12.2	14.9	22.2	25.5	24.6	23.3	19.3	12.3	9.8		16.4	12
1981	9.7	10.3	11	14.3	16.4	19.8	24.7	24.6	23.2	18.5	13.4	10		16.3	12
1982	9.3	9.9	12	15.7	15	16.2	24.7	25	24	17.6				16.9	10
1983	9.8	10	12.6	12.7	15.4	18.3	24.5	24.8	24.8	20.6	13.4	11.3		16.5	12
1984	9.7	8.5	10.6	13.8	18.5	21.5	24.8	24.9	23.9	17.8	11.4	11.4		16.4	12
1985	9.7	9.6	12.1	13.7	15.7	19.7	24.3	24.4	22.8	17.7	13.5	9.5		16.1	12
1986	9.6	10	13.3	17.2	15.2	20.3	23.3		22.2	17.6	14.7	10.3		15.8	11
1987	8.5	9.8	10.5	13.4	15.2	18.7	23.3	24.9	24.3	23	12.2	9.1		16.1	12
1988	9.5	11.6	10.7	14.8	17.3	18.1	23.4	23.7	23.4	17.5	11.7	10		16	12
1989	6.5	10.2	11.4	12.9	14.3	17.4	23	23.1	24.4	19.7	15.3	10.7		15.7	12
1990	8	7.4	10.3	13.7	14.7	21.3	24.9	23.7	23.7					16.4	9
1991	10.5	9.6	11.6	13.6	13.5	16.8	20.6	23.8	23.5	20.3	12.1	9.2		15.4	12
1992	11	10.1	11.5	13.9	18.1	16.3	24.4	24.7	24	19.5	14.2	11.2		16.6	12
1993	11.5	9.9	11.1	13.8	15.5	18.5	22.1	23.1	22	18.6	12.4	10.3		15.7	12
1994	10.2	10.4	12.2	13.1	15.2	19	23.4	24.6	24.3	19.1	16.6	13.5		16.8	12
1995	10.7	13.4	12.9	13	14.9	17.7	23.7	24.9	21.7	17.7	14.5	11.9		16.4	12
1996	9.9	12.9	12.1	13.8	16.5	20.8	23.5	24.9	21.8	17.5	14.3	9.9		16.5	12
1997	10.3	9.4	12.2	12.5	17.6	19	23.8	25.5	25.6	18.9	14.6	10.3		16.6	12
1998	9.5	8.9	11.7	11.6	15	19.5	24.4	25	23.8	18.7	12.2	8		15.7	12
1999	8.3	10.8	9	12	13.7	17.6	22.5	23.2	22.4	17.8	12.4	8.3		14.8	12
2000	9.1	11.1	11.3	13.3	15	20.9	23.6	25.1	24.3	19.3		9.8		16.6	11
2001	9.8	10.2	10.1	13	15.4	20.1	24.5	25.4	23.6	18.8	15.2	8.8		16.2	12
2002	9.5	11.5	11.3	15.9	16.6	19	23.5	22.8	24.8	15.5	14	10.8		16.3	12
2003	9.7	10.9	12.1	12.7	15	16.6	19.5	20	19.9	16.6	10.9	6.5		14.2	12
2004	6.6	5.7	8.1	11.2	12.9	16.1	20.3	20.5	19.6	11.5	10.4			13	11
2005	8.7	8.6	8.7	11.8	18.7	16.5	20.5	20.2	21.1	15.7	11.8	6.9		14.1	12
2006	5.1	8	6.9	10.3	12.2		21.4	22.4	21.4	17.8	10.7	6.6		13	11
2007	6.3	5.9	9.1	8.7	12.5	16.8	20.2	20.3	20.1	15.5	11.4	7.6		12.9	12
2008	6.7	6	6.1	9.6	11.4	16.4	20.3	20.7	19.7	18.1	12	8.2		12.9	12
2009	7.5	6.8	9.8	9.4	12.5	16.9	14.4	20.6	20.8	15.8	10.3	5.2		12.5	12
2010	5.6	6	6.8	8.7	10.4	13.5	16.8	21.9	20	13.3	8.9	6.3		11.5	12
2011	4.1	4.1	6.7	9.9	10.4	12.8	17.7	19	19.1	15	9.7	4.6		11.1	12
2012	4.9	6.8	7.5	8.6	11.3	14.4	18.4	20.8	20.1	18.4	10.7	8		12.5	12
2013	5.9	6.4	8.2	9.2	11	14.6	18.8	18.5	17.6	11.9	12	7.1		11.8	12
2014	7.6	8.1	10	10.5	12.1	18.4	21.8	22.4	22.2	10.2	10.6	7.4		13.4	12
2015	9.3	8.8	10.8	12.3	12	18.4	21.3	22.7	22.9	17.8	13.5	7.8		14.8	12
2016	4.9		9.4	10.3	13.4	16	21.3	21.3	19.8	17.1	12	9.2		14.1	11
2017	5.9	8	10	10	10.8	16	20.7	21.7	20	16.1	11.6	11.8		13.6	12
2018	6.8	10.5	9.1		11.8	16.6	20.3	22.3	22	18.7	11.8	7.5		14.3	11
2019	7	8	8.9	10.1	11.3	14.8	20.9	22.5	20.7	15.6	14.8	8.1		13.6	12
2020	6.7	8.4	11.5	11.6	13.4	15.9	21.1	22.6	20.8	18.4	12.7	6.4		14.1	12
2021	6	8.2	6.6	10.6	11.3	14.4	19.9	22.2	20.8	15.4	11.8	8.7		13	12
2022	8.7	5.7	6.7	10.8	12.5	17.1	21	22.2	21.9	15.7	9.8	8.3		13.4	12
2023	6.2	7.1	8.8	10.1	11	14.9	22.1	23.4	20.9	18.1	14.7	7.7		13.8	12
MÍNIMA	4.1	4.1	6.1	8.6	10.1	12.5	14.4	16.8	17.6	10.2	8.9	4.6		11.1	7
MÁXIMA	12.5	13.4	13.3	17.7	18.7	22.2	25.5	25.5	25.6	23	16.6	13.5		16.9	12
MEDIA	8.6	9	10.4	12.1	14	17.5	22	22.9	22.2	17.5	12.6	9.5		14.9	11.7
DESV.ST	2	1.8	1.8	2	2.2	2.1	2.2	1.9	1.7	2.2	1.7	2		1.5	0.8

TEMPERATURA MÍNIMA EXTREMA
AÑO	ENE	FEB	MAR	ABR	MAY	JUN	JUL	AGO	SEP	OCT	NOV	DIC	ACUM	PROM	MESES
1961	7	4	5	6	6	13	14	15	14	13	7	6		9.2	12
1962	6	7	6.5	7	7	6	17	18.5	18.5	13	7	7		10	12
1963	6	6	8	7	9	14	15	17	20	12	9	6		10.8	12
1964	4	4	1.5	7		12	21	20	19	15	7	5		10.5	11
1965	0	-1	3	8	9	12	20	20	19	12	8	7		9.8	12
1966	1	4	7	13		15	18	22	20	12	12	4		11.6	11
1967	4	1	8	4	10	12	18	20	20	11	10	6		10.3	12
1968	3	3	6	7	11	11	19	18	19	13	7	7		10.3	12
1969	7	9			9		20	20			11	5		11.6	7
1970	6	6	6	7	10	12	19	18	20	12	10	7		11.1	12
1971	7	5	5	7	9	9	16	17	19	12	7	6		9.9	12
1972	6	7	9	9	12	10	20	19	17	13	9	7		11.5	12
1973	4	7	7	8	9	11	19	21	17	12	6	4		10.4	12
1974	3	4	5	8	10	14	20	21	20	10	9	5		10.8	12
1975	5	5	6	6	9	13	21	20	16	10	7	5		10.2	12
1976	5	6	6	7	9	12	17	22	18	14	10	7		11.1	12
1977	7	6	5	7	11	13	21	23	19	13	10	8		11.9	12
1978	7	4	7	9	12	11	23	22	10	15	8	7		11.2	12
1979	6	5	6	8	11	14	20	20	21	9	6	4		10.8	12
1980	5	7	7	9	10	17	22	23	21	12	6	4		11.9	12
1981	5	6	8	8	11	12	22	19	17	13	10	5		11.3	12
1982	4	3	7	11	10	11	21	23	20	15				12.5	10
1983	5	7	7	8	10	13	18	21	20	15	8	7		11.6	12
1984	6	4	6	10	11	13	21	23	21	12	6	7		11.7	12
1985	4	5	6	6	12	13	22	22	18	13	9	6		11.3	12
1986	6	5	8	13	10.4	13	20		15	13	8	6		10.7	11
1987	4	4	3	9	12	15	20	20	22	20	7	2		11.5	12
1988	4	8	7	12	10	13	20	20	20	12	5	1		11	12
1989	1	6	7	9	9	10	20	15	20	15	10	6		10.7	12
1990	2	2	5	11	9	12	19	20	20					11.1	9
1991	3	6	5	7	9	12	14	20	19	12	7	5		9.9	12
1992	7	6	8	9	12	12	21	22	21	16	10	6		12.5	12
1993	6	7	7	9	11	12	20	20	20	12	9	8		11.8	12
1994	3	7	8	9	12	16	18	20	20	15	11	8		12.2	12
1995	7	7	10	8	10	12	19	19	17	12	12	8		11.8	12
1996	3	9	8	10	11	16	19	21	16	10	7	4		11.2	12
1997	5	5	5	7	10	14	20	22	20	14	10	5		11.4	12
1998	7	7	5	7	10	13	20	20	18	13	10	4		11.2	12
1999	3	5	5	6	9	10	18	15	19	15	6	4		9.6	12
2000	3	8	6	8	12	15	21	23	20	12		6		12.2	11
2001	5	3	6	6	12	15	23	23	20	15	9	5		11.8	12
2002	3	6	5	13	14	14	20	20	23	12	10	5		12.1	12
2003	6	8	10	10	10	13	14	18	18	14	9	0		10.8	12
2004	2	1	3	3	10	10	16	16	17	10	4			8.4	11
2005	5	5	3	5	15	13	18	18	19	11	5	3		10	12
2006	1	4	3	6	9		18	20	17	11	5	1		8.6	11
2007	1	1	4	1	9	10	18	18	17	11	6	2		8.2	12
2008	0	1	2	5	7	10	18	18	15	14	8	3		8.4	12
2009	1	3	4	4	8	11	10	19	18	6	6	3		7.8	12
2010	3	3	2	5	6	9	13	20	18	9	3	2		7.8	12
2011	1	0	4	4	6	10	15	17	18	11	4	2		7.7	12
2012	2	5	3	6	9	12	10	18	18	17	6	3		9.1	12
2013	0	0	4	5	7	12	17	8	10	9	6	2		6.7	12
2014	2	3	5	6	7	11	19	20	20	4	5	1		8.6	12
2015	1	5	5	5	6	14	18	16	19	12	8	0		9.1	12
2016	1		6	6	8	11	18	18	18	13	7	3		9.9	11
2017	0	4	5	4	7	12	18	18	14	9	8	5		8.7	12
2018	1	3	3		6	12	16	19	20	13	9	1		9.4	11
2019	-1	-1	4	6	8	8	14	20	16	11	9	1		7.9	12
2020	1	2	4	7	10	10	15	16	13	11	6	2		8.1	12
2021	0	1	2	6	9	8	15	19	18	11	7	3		8.2	12
2022	4	2	0	6	8	12	19	20	20	10	2	2		8.8	12
2023	1	2	1	6	5	7	17	21	18	11	3	3		7.9	12
MÍNIMA	-1	-1	0	1	5	6	10	8	10	4	2	0		6.7	7
MÁXIMA	7	9	10	13	15	17	23	23	23	20	12	8		12.5	12
MEDIA	3.6	4.5	5.4	7.3	9.5	12	18.3	19.4	18.3	12.2	7.6	4.4		10.3	11.7
DESV.ST	2.3	2.4	2.2	2.4	2	2.2	2.8	2.6	2.5	2.5	2.2	2.2		1.5	0.8

TEMPERATURA MEDIA MENSUAL
AÑO	ENE	FEB	MAR	ABR	MAY	JUN	JUL	AGO	SEP	OCT	NOV	DIC	ACUM	PROM	MESES
1961	18.1	18.2	19.1	21.3	23	27	28.1	26.5	26.9	26.2	19.5	17.4		22.6	12
1962	18.4	18	19.1	22.6	22.1	24.4	30.1	32.5	29.1	25.2	21.8	18.4		23.5	12
1963	16.2	17.1	20.6	22.1	24.2	27	29	28.8	30.8	26.9	21.6	19.2		23.6	12
1964	15.7	16.9	17.1	21.4		26.7	30.9	29.4	29.9	26.6	20.1	18.4		23	11
1965	16.9	15.8	18.8	22.7	22.6	25.3	30.4	30.3	29.1	26	22.8	17.8		23.2	12
1966	14.4	15.1	21	25.2		28.4	30.6	30.7	30.2	24.3	24.6	19		24	11
1967	16.9	16.2	21.6	22.8	26.4	26.9	31	30	29.6	26.4	23	17.6		24	12
1968	17.4	16.3	19.6	21.2	23.9	27.1	30.8	29.5	28.6	25.2	20.6	19.2		23.3	12
1969	20.2	17.9			24.7		31	30.9			22.5	18.9		23.7	7
1970	18.1	18.2	19.6	21.1	24.5	26.1	31.1	30.2	29.9	24.5	22.5	19.8		23.8	12
1971	17.8	18	19.1	20.4	22.4	24.5	28.6	28.1	28.5	24	20.1	17.5		22.4	12
1972	16	17.9	19.8	22.3	23.1	25.6	31.1	29.6	29.9	26.7	20.1	19.1		23.4	12
1973	16.2	17.8	17.7	20.6	25.5	26.2	29.7	30.2	28.5	26.1	20.9	17.9		23.1	12
1974	18.4	18.1	19.6	23.1	26.2	28.5	29.8	30.4	29.5	26.2	21	16.4		23.9	12
1975	16.8	17.5	19.8	19.3	22.8	27.2	29.7	31	29.6	25	21	18		23.1	12
1976	17.2	18.2	18.9	20.1	24.4	29.2	30.5	31.5	28.2	25.6	21.5	18.4		23.6	12
1977	18.4	19.7	19.2	22.3	24.1	28.6	31.8	31.2	30.6	27.7	23	20.2		24.7	12
1978	18.9	18.2	22	23.1	25	29.5	32.5	31.4	28.4	26.8	21.7	17.4		24.6	12
1979	16.4	16.9	18	22.6	24	28.8	31.4	30.8	31	26.8	20.7	18.6		23.8	12
1980	18.1	20.4	20.9	22.2	24.1	31.1	33	31.6	30.7	26.9	21.3	19.2		25	12
1981	17.8	19.8	19.4	23.3	24.4	28.4	31.6	32	30.8	25.9	22.4	19.4		24.6	12
1982	18	19.9	21.2	25.6	24.1	27.1	32	32.6	31.4	26.4				25.8	10
1983	18.2	19	20.8	21.4	25.6	28.5	32	30.5	31.3	27.8	21.5	19.5		24.7	12
1984	17.8	18.4	21	23	27.8	30	30.8	30.4	30.2	24.9	21.1	19.2		24.6	12
1985	16.9	17.8	21.4	23.3	26.7	29.1	31.9	32	30.4	26.4	21.8	19.4		24.8	12
1986	19.9	19.7	22.4	26.6	24.9	29.5	31.1		29.9	26.4	23	18.5		24.7	11
1987	17.2	18.9	20.1	23.7	24.4	28.5	32.1	32.3	31.7	30.2	21.4	18		24.9	12
1988	18.4	20.8	20.5	23.8	27.1	29.5	32.2	32.1	31.4	25.5	21.1	18.9		25.1	12
1989	15.8	19	21.4	24.4	25.8	27.8	31.9	31	32.2	28.5	23.7	19.4		25.1	12
1990	17.2	17.4	20.6	23	25.5	31	31.9	31.1	31.4					25.5	9
1991	18.4	20.1	20	24.2	24.6	27.9	29.9	32.4	31.4	28.5	21.3	17		24.6	12
1992	18	19	20.2	24.7	27.2	27.9	33	31.7	32.5	29.4	23	19		25.5	12
1993	19.4	19.5	21.1	24.8	25.8	28.2	30.6	30.8	29.7	27.4	22	19.4		24.9	12
1994	20.2	20	22.1	23	26	28.2	31.4	31.9	32.5	27.8	23.9	19.9		25.6	12
1995	19.8	21.6	22.3	23.8	25.4	28	31.1	32.5	29.5	27.4	22.8	20.8		25.4	12
1996	21	23.4	22.4	24.4	27.1	30.9	32.9	32.5	29.5	27.5	24	20.1		26.3	12
1997	18.6	19.4	22.3	22.6	28.4	29.5	33.5	32.5	32.2	27.8	23.8	18.9		25.8	12
1998	18.9	17.6	21.4	22.4	25.8	30.9	32.5	33.1	31.2	28.6	22.9	17.8		25.3	12
1999	19.6	22	20.6	22.7	25.4	28.7	31.9	32.2	30.8	28.5	23.6	18.8		25.4	12
2000	20	21.4	21.6	24.2	25.8	30.2	32.2	32.5	31.4	26.1		19.9		25.9	11
2001	18.2	19.5	18.6	23.4	26.2	30.6	33	33.5	32.1	27.1	24	18.4		25.4	12
2002	19.6	20.6	21.1	24.4	26.8	29.4	32.5	32.5	32.1	26.1	23.2	18.7		25.6	12
2003	19.4	19.6	19.9	21.4	23.4	25.4	29.1	28.4	28.8	23.4	18.4	14.1		22.6	12
2004	14.2	13.8	18.2	19.9	23.8	26.7	29.4	29.1	26.4	21.2	18			21.9	11
2005	16.1	14.2	14.7	20	25.3	25.6	28.8	28.2	29.9	23.9	20.7	15.4		21.9	12
2006	12.4	18.2	16.9	21.2	22.8		29.6	29.6	28	25.4	20.6	15.6		21.8	11
2007	14.4	15.4	19.4	19.2	23.1	27.2	29	29.1	28.4	24.6	20.4	14.9		22.1	12
2008	15.8	17.4	18	21.5	22.4	26.9	29.2	28.2	27	26.6	21	16.6		22.6	12
2009	16.9	17.6	20.2	19.6	21.7	27	22	30.1	27.9	21.8	18.4	14.4		21.5	12
2010	15.2	14.4	17.8	17.2	18.6	23.4	26	31	28.3	22.2	19.4	17.8		20.9	12
2011	14.2	15.4	19.2	20.9	21.3	25.4	26.8	27.2	28.8	25.4	18.6	13.9		21.4	12
2012	15.7	16.2	17.9	19.4	22.6	25.4	28.1	28.2	28.1	24.8	18.4	16.1		21.7	12
2013	14.6	14.6	19.8	19.6	21.4	24.9	28	28.4	25.4	20	21	17.4		21.3	12
2014	19.3	20.4	21.9	23.9	26.2	31.3	31.1	31	29.6	21.2	21.6	18.4		24.7	12
2015	18.6	19	22.1	23.7	23.5	29.8	31.3	32.5	31.2	27.8	23.9	18.6		25.2	12
2016	17.2		22.4	23.3	25.3	29.2	32.6	31.4	29.5	28.9	23	19.3		25.6	11
2017	17.4	20	23.6	24.1	24.9	29	32.4	32.8	29.6	28.8	25	21.6		25.8	12
2018	19.4	20.6	22.4		26.2	29.4	32.4	32.9	31.7	30	22.5	18.2		26	11
2019	18.6	18.7	22.6	23.8	24.4	28.8	33	33.4	30.5	27.2	24.2	19		25.4	12
2020	17.3	19.1	23.2	25	27.1	30	32.6	33.2	31.8	29.6	24.7	18.4		26	12
2021	17	20.3	20.2	24.8	25.1	28.7	31.8	32	31	26.8	23.5	20.8		25.2	12
2022	19.9	17.7	21	24.2	26.1	29.3	32.5	31.7	30.3	26.1	20.9	19.7		25	12
2023	17.8	17.6	21.2	23.2	23.4	28.1	33.5	33.2	31.8	27.4	24	19.2		25	12
MÍNIMA	12.4	13.8	14.7	17.2	18.6	23.4	22	26.5	25.4	20	18	13.9		20.9	7
MÁXIMA	21	23.4	23.6	26.6	28.4	31.3	33.5	33.5	32.5	30.2	25	21.6		26.3	12
MEDIA	17.6	18.3	20.3	22.5	24.6	28	30.8	30.9	30	26.2	21.8	18.3		24.1	11.7
DESV.ST	1.8	2	1.7	1.9	1.8	1.9	2	1.7	1.6	2.1	1.7	1.6		1.4	0.8
