COMISIÓN NACIONAL DEL AGUA
COORDINACIÓN GENERAL DEL SERVICIO METEOROLÓGICO NACIONAL
BASE DE DATOS CLIMATOLÓGICA NACIONAL 

ESTADÍSTICA MENSUAL
EMISIÓN   : 25/10/2024 

DATOS DISPONIBLES EN LA BASE DE DATOS A: OCTOBER DE 2024; 
CON LA INFORMACIÓN SUMINISTRADA POR LAS UNIDADES ADMINISTRATIVAS 

 ESTACIÓN  : 3033 
 NOMBRE    : LAS CRUCES 
 ESTADO    : BAJA CALIFORNIA SUR 
 MUNICIPIO : COMONDÚ 
 SITUACIÓN : OPERANDO 
 CVE-OMM   :   
 LATITUD   : 25.39722222 ° 
 LONGITUD  : -111.755 ° 
 ALTITUD   : 40 msnm 


LLUVIA MÁXIMA 24 H.
AÑO	ENE	FEB	MAR	ABR	MAY	JUN	JUL	AGO	SEP	OCT	NOV	DIC	ACUM	PROM	MESES
1952			0	0	0	0	2	0	22	0	2.5	7.5	34	3.4	10
1953	0	0.01	0.01	0	0	0.01	5	19.5	0	6.5	0.01	13	44.04	3.7	12
1954	20.5	0.01	0.01	0	0	0	22	4	10.5	2.4	0.01	1.5	60.93	5.1	12
1955	3.5	0	0	0	0.01	0	0.01	10.5	14	18	3	0	49.02	4.1	12
1956	0	0.01	0	0	0	1.5	3	19.5	65	0	0	1.5	90.51	7.5	12
1957	5	0	14.5	0	0	0	1.5	13.5	5	36	0	7	82.5	6.9	12
1958	43	4	10	0.01	0.01	0.01	11	0	24	23	0.01	0	115.04	9.6	12
1959	0	7	0	0		0.01		42	19	0.01	3		71.02	7.9	9
1960	0		0	0	0	0	5	12	23	2	0	14	56	5.1	11
1961	26	0	0	0	0	0	0	0	48		0	0	74	6.7	11
1962	34	12	0	0	0	0	0	0	48	0	0		94	8.5	11
1963			0		0					25.5	0	4	29.5	5.9	5
1964	0	0	0	0	0	11	43	16	0	2	0		72	6.5	11
1965	18	8	0	0	0	0	0.01	26	0.01	0	0	44	96.02	8	12
1966	0	10	0	0	0	0	1	10	18	0	0	5	44	3.7	12
1967	0	0	0	0	0	0	0	21	5	26	22	5	79	6.6	12
1968	6	10	8	0	0	0	3	13	18	0	0		58	5.3	11
1969		11			0	0	0	0		0	0	32	43	5.4	8
1970	0	0	7	0	0	0	3	7	10	0	0	0	27	2.2	12
1971	0	0	0	0	0	0	0	26	6	0	0	0	32	2.7	12
1972	3	0	0	0	0	0	3	11	4	43	35	46	145	12.1	12
1973	15	28	0	0	0	0	4	0	2	0	0	0	49	4.1	12
1974	0	0	0	0	0	0	0	0	29	1	69	2	101	8.4	12
1975	6	0	2	0	0	0	0	0	11	0	0	3	22	1.8	12
1976	0	6	0	0	0	0	0	60	2.5	0	3	2	73.5	6.1	12
1977	2	0	3	0	0	0	0	40	19	17	3	0	84	7	12
1978	2	13	0	0	0	0	21.5	0	22	7	0	21	86.5	7.2	12
1979	47	0	6	0	0	0	20	0	31	0	0	0	104	8.7	12
1980	0	2	5	0	0	0	1		0	19	0	21.5	48.5	4.4	11
1981	21							28.5	3	3.5	0	0	56	9.3	6
1982	2	0	0	0	0	0	8.5	0	12.5	0	20	7	50	4.2	12
1983	12.5	7.5	27			0	98	112	13	0	4.5	52	326.5	32.6	10
1984	34.5	0	0	0	3	2	12	42	18	10	0	29.5	151	12.6	12
1985	4	0	4	0	0	0	0	17	27	0	7	0	59	4.9	12
1986	7	7	0	3.5	0	0	36	16.5	36	0	0	21	127	10.6	12
1987	0	4	0	0	0			0	16	0	3	0	23	2.3	10
1988	0	0	0	0	0	0	0	4.5	0	0	0	8	12.5	1	12
1989		42	0	0.1	0	0	0	0	0	0	0	17.1	59.2	5.4	11
1990	2.1	2.2	0	0	0	3.1	0	21.2	19.2				47.8	5.3	9
1991	9.9	10.4	4	0	0	0	0	0	5	0	27	49	105.3	8.8	12
1992		4.5	8	0	0	0	0	19	10.5	0	0	76	118	10.7	11
1993	35	20	0	0	0	0	0	40	40	0	21	0	156	13	12
1994	0	0	0	0	0								0	0	5
1995	0	17	0	0	0	0	0	18	10	0	22	0	67	5.6	12
1996		0	0	0		0	0	0	0	0	0	0	0	0	10
1997	0	0	0	0	0	0	0	48	44	0.01	26	20	138.01	11.5	12
1998	0	0.01	0	0	0	0	30	17	33	0	0	0	80.01	6.7	12
1999	0	0	0	0	0	0	0	0		0	0	0	0	0	11
2000	0	0		0	0	0	3	15	14	11.5	3	1	47.5	4.3	11
2001	0.01	0	0	0	0	0	0	0	24	0	0	0	24.01	2	12
2002	9.7	7.3	0	0	0	0	0	0	15	0	6.4	10	48.4	4	12
2003	13.8	5.7	0	6	0	0	0	140	40	0	3	0	208.5	17.4	12
2004	25	0	0	2	0	0	0.01	24.8	31.7	13	0.1	1.2	97.81	8.2	12
2005	42.5	20	0.01	0	0.01	0	0.01	0.01	0	0	0	0.01	62.55	5.2	12
2006	0.01	0	0	0	0	0.01	20	10	37	8		0	75.02	6.8	11
2007	9	0	0	0	0	0	3.5	5	15.5	0	8.4	14	55.4	4.6	12
2008	6.9	0	0	0	0.01	0	0.01	103.9	4	38	3.6	0.01	156.43	13	12
2009	0.01	0.01	0	0	0.01	0.01	0.01	2	107	93	8	0.01	210.06	17.5	12
2010	20	3	0	0	0	0	0	0.01	0	0	0	0	23.01	1.9	12
2011	0.01	0	0	0	0	0	0.01	4	0	0	10	0.01	14.03	1.2	12
2012	0.01	9	0	0	0	0	0.01	77	34.5	85	0		205.52	18.7	11
2013	0	0	0.01	0	0	0.01	0.01	59.5	34	55	0.01	5	153.54	12.8	12
2014	0.01	0	0	0	0.01	0	22	21.5	99.5	33	0	0	176.02	14.7	12
2015	16	3	17	5	0.01	31.5	43.5	0.01	14	3.5	0.01	0.01	133.54	11.1	12
2016	0.01	0	12	3	0	0	2.5	8	66.5	0	0	4	96.01	8	12
2017	3	21	0	0	0	0	21	4	45.5	0	0	0.01	94.51	7.9	12
2018	0	10	0	0	0	0.01	0.01	9.5	38	19	0	0.01	76.53	6.4	12
2019	20	6	6	0	0	0	0	72	0	12	17	16	149	12.4	12
2020	0.01	0.01	8	0.01	0	0.01	0	5	16.4	10.3	0.01	0.01	39.76	3.3	12
2021	6	0	0	0	0	0	0.01	31	26	0	3	0	66.01	5.5	12
2022	14	0.01	0	0	0	0	0	5	100	0	0	0.01	119.02	9.9	12
2023	0.01	0.01	0		0	0	0	10	20				30.02	3.8	8
MÍNIMA	0	0	0	0	0	0	0	0	0	0	0	0	0	0	5
MÁXIMA	47	42	27	6	3	31.5	98	140	107	93	69	76	326.5	32.6	12
MEDIA	8.3	4.6	2.1	0.3	0	0.7	6.7	19.4	22.4	9.2	4.9	8.8	82	7.2	11.2
DESV.ST	12.3	7.8	4.8	1.1	0.4	4	15.4	28	23.5	18.5	11.1	15.5	57.6	5.1	1.6

LLUVIA TOTAL MENSUAL
AÑO	ENE	FEB	MAR	ABR	MAY	JUN	JUL	AGO	SEP	OCT	NOV	DIC	ACUM	PROM	MESES
1952			0	0	0	0	2.01	0	26.5	0	3.51	8.53	40.55	4.1	10
1953	0	0.02	0.01	0	0	0.01	5.01	19.5	0	6.5	0.02	13	44.07	3.7	12
1954	24.01	0.01	0.01	0	0	0	24.02	8	23.5	2.4	0.01	1.5	83.46	7	12
1955	7	0	0	0	0.01	0	0.02	14.01	18.11	18	3	0	60.15	5	12
1956	0	0.01	0	0	0	1.51	4	35.5	115.5	0	0	1.52	158.04	13.2	12
1957	5	0	14.5	0	0	0	1.5	16	5	46.5	0	7	95.5	8	12
1958	60	4	15	0.01	0.01	0.03	11.02	0	36	23	0.01	0	149.08	12.4	12
1959	0	7	0	0		0.02		48	19	0.01	3		77.03	8.6	9
1960	0		0	0	0	0	5.01	17.01	53.52	2	0	14	91.54	8.3	11
1961	55	0	0	0	0	0	0	0	90		0	0	145	13.2	11
1962	54	12	0	0	0	0	0	0	65	0	0		131	11.9	11
1963			0		0					25.5	0	4	29.5	5.9	5
1964	0	0	0	0	0	11	60	20	0	2	0		93	8.5	11
1965	21	15	0	0	0	0	0.01	56	0.01	0	0	88.52	180.54	15	12
1966	0	15	0	0	0	0	1	16	50	0	0	9	91	7.6	12
1967	0	0	0	0	0	0	0	49	5	36	42	12	144	12	12
1968	13	10	10	0	0	0	3	13	18	0	0		67	6.1	11
1969		13			0	0	0	0		0	0	61	74	9.2	8
1970	0	0	12.5	0	0	0	5	7	22	0	0	0	46.5	3.9	12
1971	0	0	0	0	0	0	0	53	6	0	0	0	59	4.9	12
1972	3	0	0	0	0	0	3	31	4	76	35	73	225	18.8	12
1973	18	34.5	0	0	0	0	11	0	2	0	0	0	65.5	5.5	12
1974	0	0	0	0	0	0	0	0	35	1	69	2	107	8.9	12
1975	18	0	2	0	0	0	0	0	23	0	0	4	47	3.9	12
1976	0	12	0	0	0	0	0	72	6.5	0	6	2	98.5	8.2	12
1977	4	0	3	0	0	0	0	72	19	20	3	0	121	10.1	12
1978	2	24	0	0	0	0	21.5	0	32	7	0	30.5	117	9.8	12
1979	117	0	8	0	0	0	20	0	41	0	0	0	186	15.5	12
1980	0	5	5	0	0	0	1		0	19	0	21.5	51.5	4.7	11
1981	42.7							30	3	3.5	0	0	79.2	13.2	6
1982	2	0	0	0	0	0	8.5	0	32.5	0	41.5	15	99.5	8.3	12
1983	28	9	45			0	108.5	142	20	0	6	54	412.5	41.2	10
1984	47.5	0	0	0	3	2	35.5	96.51	50.5	10	0	75.5	320.51	26.7	12
1985	14.5	0	4	0	0	0	0	19	27	0	7	0	71.5	6	12
1986	9.5	7	0	5.5	0	0	36	19.5	70	0	0	21	168.5	14	12
1987	0	4	0	0	0			0	45	0	3	0	52	5.2	10
1988	0	0	0	0	0	0	0	4.5	0	0	0	8	12.5	1	12
1989		65	0	0.1	0	0	0	0	0	0	0	17.1	82.2	7.5	11
1990	2.1	2.2	0	0	0	3.1	0	44.5	26.3				78.2	8.7	9
1991	14.9	13.9	4	0	0	0	0	0	6	0	49	69	156.8	13.1	12
1992		10	16	0	0	0	0	25.5	27.5	0	0	98.1	177.1	16.1	11
1993	38.5	26.5	0	0	0	0	0	47	40	0	21	0	173	14.4	12
1994	0	0	0	0	0								0	0	5
1995	0	17	0	0	0	0	0	35.01	30	0	29.01	0	111.02	9.3	12
1996		0	0	0		0	0	0	0	0	0	0	0	0	10
1997	0	0	0	0	0	0	0	110.51	181.51	0.01	32	20.02	344.05	28.7	12
1998	0	0.01	0	0	0	0	38	17.01	77.01	0	0	0	132.03	11	12
1999	0	0	0	0	0	0	0	0		0	0	0	0	0	11
2000	0	0		0	0	0	3.5	22	33	11.5	3	1	74	6.7	11
2001	0.01	0	0	0	0	0	0	0	68	0	0	0	68.01	5.7	12
2002	9.7	8.6	0	0	0	0	0	0	24.5	0	12.8	14.5	70.1	5.8	12
2003	13.8	5.73	0	6	0	0	0	287.01	76.5	0	4.4	0	393.44	32.8	12
2004	40	0	0	2	0	0	0.03	24.82	109.2	13.03	0.13	3.22	192.43	16	12
2005	56.42	25	0.01	0	0.01	0	0.02	0.01	0	0	0	0.01	81.48	6.8	12
2006	0.01	0	0	0	0	0.01	20.01	30.03	57	14		0	121.06	11	11
2007	14.02	0	0	0	0	0	3.52	9.01	23.5	0	8.41	27	85.46	7.1	12
2008	9.43	0	0	0	0.01	0	0.02	115.22	9.5	38.02	3.6	0.02	175.82	14.7	12
2009	0.03	0.01	0	0	0.01	0.01	0.01	2.02	141.02	93.51	8.01	0.01	244.64	20.4	12
2010	20.02	5.02	0	0	0	0	0	0.01	0	0	0	0	25.05	2.1	12
2011	0.02	0	0	0	0	0	0.02	6	0	0	26	0.02	32.06	2.7	12
2012	0.01	9.02	0	0	0	0	0.01	155.54	83.53	143.61	0		391.72	35.6	11
2013	0	0	0.01	0	0	0.01	0.01	59.52	48	87.01	0.01	5.02	199.59	16.6	12
2014	0.02	0	0	0	0.01	0	45.53	44.54	202	39	0	0	331.1	27.6	12
2015	34.64	6.6	22.01	5.01	0.04	31.5	56.01	0.02	20.64	3.51	0.02	0.02	180.02	15	12
2016	0.01	0	12.01	3.01	0	0	2.5	8	70.5	0	0	4.06	100.09	8.3	12
2017	3	24	0	0	0	0	21.01	4	77.52	0	0	0.01	129.54	10.8	12
2018	0	20.02	0	0	0	0.01	0.03	9.51	38	19.01	0	0.02	86.6	7.2	12
2019	20	6	6	0	0	0	0	72	0	16.5	35.5	23	179	14.9	12
2020	0.01	0.04	15.31	0.01	0	0.03	0	5.02	29.4	10.31	0.02	0.01	60.16	5	12
2021	11.01	0	0	0	0	0	0.01	78.01	54.01	0	3.02	0	146.06	12.2	12
2022	14	0.01	0	0	0	0	0	5	183.02	0	0	0.04	202.07	16.8	12
2023	0.01	0.01	0		0	0	0	10.01	32				42.03	5.3	8
MÍNIMA	0	0	0	0	0	0	0	0	0	0	0	0	0	0	5
MÁXIMA	117	65	45	6	3	31.5	108.5	287.01	202	143.61	69	98.1	412.5	41.2	12
MEDIA	12.8	6.1	2.8	0.3	0	0.7	8.3	30.2	40.2	11.6	6.7	12.6	124.5	10.9	11.2
DESV.ST	21.1	10.8	7.1	1.2	0.4	4	18.5	47.1	44.7	25.6	14.2	23.5	92.5	8	1.6

EVAPORACIÓN MENSUAL
AÑO	ENE	FEB	MAR	ABR	MAY	JUN	JUL	AGO	SEP	OCT	NOV	DIC	ACUM	PROM	MESES
1982			144.7	220.5	246.3	267.4	323.2	303.1	269	210.9	141.5	110.7	2237.3	223.7	10
1983	108.7	121.2	176.9			300.5	291	222.7	207	196.9	148.9	135.9	1909.7	191	10
1984	115.5	132.8	181.8	218.2	233.4	288.1	270.2	238	199.8	174.3	124.8	97.7	2274.6	189.6	12
1985	78.6	105.6	149.6	181.7	242.4	265.5	306.3	298.5	263.3	221.7	134.4	127.4	2375	197.9	12
1986	132.9	118.1	164.9	201.6	218.3	263.9	292.8	265	234	212.5	153	114.4	2371.4	197.6	12
1987	120.7	120.9	173.4	177.8									592.8	148.2	4
1988									212.9	248	14.5		475.4	158.5	3
1997	12.21	11.2	8.76	8.44									40.61	10.2	4
2001	122.12	137.69	142.62	155.57									558	139.5	4
MÍNIMA	12.21	11.2	8.76	8.44	218.3	263.9	270.2	222.7	199.8	174.3	14.5	97.7	40.61	10.2	3
MÁXIMA	132.9	137.69	181.8	220.5	246.3	300.5	323.2	303.1	269	248	153	135.9	2375	223.7	12
MEDIA	98.7	106.8	142.8	166.3	235.1	277.1	296.7	265.5	231	210.7	119.5	117.2	1426.1	161.8	7.9
DESV.ST	41.8	43.4	56.2	73.4	12.4	16.4	19.6	35.7	29.6	24.6	52.4	14.9	979.6	63	4

TEMPERATURA MÁXIMA PROMEDIO
AÑO	ENE	FEB	MAR	ABR	MAY	JUN	JUL	AGO	SEP	OCT	NOV	DIC	ACUM	PROM	MESES
1952						33.2	36.4	38	38	37	27.9	26.2		33.8	7
1953	29	26.1	27.5	26.5	29.5	30.9	36.1	35.8	37.2	34.2	31.1	27.5		31	12
1954	24.9	28.8	27.8	28.8	26.7	30.3	35.4	35.2	36.9	32.4	31.4	28.2		30.6	12
1955	22.7	26.8	29.2	29	27.8	31.5	33.3	35.3	35.8	29.3	26.9	24.7		29.4	12
1956	26.4	19.2	26.9	24.9	30.2	30.8	34.9	36.9	37.3	33	29.3	28.3		29.8	12
1957	27	27.4	25.8	27.5	29.6	30	35.6	37.1	34.8	30.7	27.7	29.9		30.3	12
1958	26.5	27.7	26.5	29.9	33	32	35.7	35.3	36.6	33.9	29.6	28.1		31.2	12
1959	27.8	25.9	28.4	28		35.4		35.6	34.9	32.1	30.4			30.9	9
1960	24.7		27.9	28.8	27.8	30.4	35.8	34.2	38.2	32.7	28.9	27.6		30.6	11
1961	27.5	26.4	25.7	28.5	27.9	30.2	35.1	35.5	36.3		26.6	25.2		29.5	11
1962	25	24.6	24.9	29.3	28.2	29.3	34.7	36.6	34.9	31.4	29.3			29.8	11
1963			24.8		31					36	28.3	24.4		28.9	5
1964	17.2	25.7	23.6	26.3	29.2	30.7	35.4	34.2	34.4	33.9	26.1			28.8	11
1965	21.2	23.4	25.5	27.6	26.3	28.1	34	35.5	34.2	34.5	29.9	25.7		28.8	12
1966	23.3	21.1	23.4	28	29.3	31	35.4	35.5	36.1	32	30.4	26.1		29.3	12
1967	23.2	26.7	28	26.7	31.8	31.6	34.3	35.2	33.3	33.1	28.8	22		29.6	12
1968	22.5	27.9	27.9	28.3	27.5	30.1	35.2	34.2	34.8	32.5	28.8			30	11
1969		23.9			28.4	27.9	34	36		30.2	31.2	25.7		29.7	8
1970	25.6	27.8	26.4	27.9	28.6	30	35.6	34.8	34.9	30.9	30.2	26.9		30	12
1971	23.4		25.7	27	24.3	28.1	32.1	34.7	35.9	30.4	28.6	22.1		28.4	11
1972	25.8	25.4	27.5	30.8	28.1	30.5	35.9	37.2	35.7	32	27.1	28		30.3	12
1973	24.1	24.2	24.6	27.6	30.1	30.7	33.8	35	33.3	33.2	29.5	27.5		29.5	12
1974	24	28.5	26.8	29.4	27.9	31.8	35.3	35	34.7	33.5	26.4	27.9		30.1	12
1975	24.1	26	26.9	23.5	26.8	29.9	32.5	36.5	36.7	32.2	31.4	26.9		29.4	12
1976	27.2	25.8	26.7	28.2	29.7	32.8	34.1	37.5	34.2	32.9	30.6	26.4		30.5	12
1977	25.4	30.9	25.7	27.3	27.8	32.6	35.9	35.3	35.8	34	32.1	29.9		31.1	12
1978	27.4	26.2	28.9	28.2	28.2	33.4	36.8	36.6	34.8	33.6	29.2	24.4		30.6	12
1979	23.1	25.4	27.1	29.1	29.1	32.7	36.4	35.1	37.1	35	30.7	29.4		30.9	12
1980	27.1	27.8	27.6	30.6	27.5	36.2	37.1		35.4	32.9	30.3	28.1		31	11
1981	25.4							36.8	35.9	31.7	30.5	27.6		31.3	6
1982	24.3	25.9	26.5	31.1	27.7	30	35.9	36.8	35.9	34.3	28.6	24.4		30.1	12
1983	25.4	26.5	25.7			33.7	36.9	35	35.2	31.5	24.6	27.2		30.2	10
1984	24.7	27.4	28.9	28	30.1	32.9	34.8	34.6	34.9	29.6	28	24.9		29.9	12
1985	22.4	24.9	26.2	29.3				37.2	36.1	33.2	28.4	27.2		29.4	9
1986	28.4	26.6	26.7	33.1	29.4	31.8	35.5	35.3	33.8	31.2	29.3	25.3		30.5	12
1987	24.8	24.3	26.3	29.2	26			37.4	40.9	39.4	32.6	25.8		30.7	10
1988	23.9	27.3	26.2	25.8	29.4	30.9	30.2	32.6	36.4	38.3	33.9	27.2		30.2	12
1989		26.8	29.1	31	30.7	28.9	34.7	37.2	38.3	35.1	32.6	29.3		32.2	11
1990	29.8	28.5	30.9	30.9	30.9	32.8	33.1	33.2	34.7					31.6	9
1991	25.1	29.8	29.5	32.9	36.4	34.5	36.2	38.8	39	38.7	31.8	24.5		33.1	12
1992		29.2	33.5	34.5	38.5	35.2	39.9	39.7	37.9	35.8	29.5	30.1		34.9	11
1993	29.5	27.7	30.1	30.2	31.5	32.9	36.4	38.5	36.2	38.2	34.8	27.9		32.8	12
1994	24.1	25	24.7	24	23.5									24.3	5
1995	26.7	27.5	30.5	34.9	34.5	36.5								31.8	6
1996		24.3	26.4	25.3		28.6	27.9	37.8	30.5	24.2	29	25.8		28	10
1997	21.5	26.2	26.7	22.1	30.6	31.5	34.2	37.5	34.7	29	28.1	21.9		28.7	12
1998	20.4	22.1	33.5	34.5	37.6	36.1	38.7	34.8	33.7	27.7	27.7	24.6		31	12
1999	29.3	30	29.2	36.9	33.6	36.9	37.4	34.2		35.2	29.8	24.9		32.5	11
2000	26.8	27.6		26.4	29.2	34.3	36	37.9	36.4	28	25.9	27.5		30.5	11
2001	22.6	24.5	24.8	29.1	31.1	33.4	36.9	38.3	37.9	30.1	27.5	23.8		30	12
2002	27.6	28.1	28.4	27.3	29.9	31.9	34.7	36	35.1	29.5	28.5	23.9		30.1	12
2003	28.5	25.1	26.9	28.1	29.1	35.7	30.4	30.8	30.7	28.2	26.2	26.4		28.8	12
2004	20.8	21.8	28.1	27.9	30.1	30.1	31.6	31.9	31.3	29.4	27.5	24.4		27.9	12
2005	25.4	23.8	24.2	25	26.5	29.3	35.3	36	36.7	28.8	25.9	23.8		28.4	12
2006	23.3	22.8	23.6	24.7	22.1	33	38.7	38.3	37.6	35.9		22.3		29.3	11
2007	21.6	23.4	25.3	25.6	27.2	33	36.9	37.6	38.1	34.2	31.9	26.2		30.1	12
2008	25.2	26.9	26.8	29.9	31.9	33.8	35.4	34.3	34.3	33.6	30	26.3		30.7	12
2009	26.4	28.1	28	26.3	28.4	30.1	35.9	36.5	35.1	30.7	27.8	25.5		29.9	12
2010	27	26.3	28.2	27.5	27.3	28.7	31.4	35.6	34.6	29.2	27.9	25.7		29.1	12
2011	25.5	24.2	27.2	26.8	27.2	30	33.5	35.5	35.4	32.7	26.9	24.6		29.1	12
2012	28	25.2	26.5	27.1	27.5	29.6	33.5	34.4	33	30.5	28.6			29.4	11
2013	24	25	28.2	25.9	27.6	29.9	32.5	35.8	31.7	30.3	27.4	25.8		28.7	12
2014	29.5	27.9	28.3	29	31.4	33.7	34.4	36.6	33.6	30.9	29	26.9		30.9	12
2015	26.5	27.6	27.7	27.1	27	31.7	34	35.5	36.3	33.4	31.2	26.7		30.4	12
2016	27.1	30.8	27.5	27.6	25.7	31.3	35.8	33.6	33.4	33.5	30.9	25		30.2	12
2017	24.5	27.5	28.1	28.8	26	28.4	33	35.4	32	34.4	32	27.4		29.8	12
2018	28.2	26.8	28.4	28.8	27.4	30.2	34.2	34.8	35.4	29.1	27.7	25		29.7	12
2019	24.8	24	27.1	28	25.2	29.2	35.7	36.2	34.8	31.8	27.4	25.3		29.1	12
2020	23.2	25.1	24.7	23.9	27.8	31.6	34	36.4	36.1	34.7	31.1	29.2		29.8	12
2021	22.6	25.4	27.7	27.1	26.7	29.7	32.9	34.3	32.2	31.7	29.4	26.9		28.9	12
2022	28.5	29.1	29.4	29.6	30.2	33.7	36.2	36.5	32.3	32.7	27.6	27		31.1	12
2023	27.5	26.7	29.8	28.1	28.2	31.7	35.2	36.6	36.9					31.2	9
MÍNIMA	17.2	19.2	23.4	22.1	22.1	27.9	27.9	30.8	30.5	24.2	24.6	21.9		24.3	5
MÁXIMA	29.8	30.9	33.5	36.9	38.5	36.9	39.9	39.7	40.9	39.4	34.8	30.1		34.9	12
MEDIA	25.3	26.2	27.3	28.3	29	31.6	34.9	35.8	35.3	32.5	29.2	26.2		30.1	11.1
DESV.ST	2.5	2.2	2	2.7	2.9	2.2	2	1.6	2	2.8	2	1.9		1.4	1.7

TEMPERATURA MÁXIMA EXTREMA
AÑO	ENE	FEB	MAR	ABR	MAY	JUN	JUL	AGO	SEP	OCT	NOV	DIC	ACUM	PROM	MESES
1952						38	39.5	42	42.5	42.5	36	33		39.1	7
1953	35	39	35	32	35.5	39	39	40	42	41	38.5	34		37.5	12
1954	32	32	34.5	36	32	34	40	40.5	42.5	39	36.5	35		36.2	12
1955	31	33	36	38	33	35	39	40	40	36	31	30		35.2	12
1956	37.5	25	34	31	37	36.5	39	40	42	39	34	35		35.8	12
1957	34	31	31	33	35	38	40	40.5	41.5	39	31	35		35.8	12
1958	33	33	34	35	44	37	41	39	45	40	34	31.5		37.2	12
1959	31	33	31	36		40		40	39	40	35			36.1	9
1960	30		32	38	31	39	40	39	41	41	34	31		36	11
1961	35	32	33	34	31	39	40	39	41		31	30		35	11
1962	31	31	31	40	38	38	39	40	40	35	34			36.1	11
1963			31		38					40	31	30		34	5
1964	22	31	27	33	35	40	39	38	39	39	32			34.1	11
1965	25	28	32	34	32	37	40	40	39	39	33	30		34.1	12
1966	29	27	28	32	35	37	40	40	41	37	37	31		34.5	12
1967	27	31	35	33	40	37	38	39	38	37	32	27		34.5	12
1968	30	32	32	35	31	36	39	40	40	36	33			34.9	11
1969		30			34	34	37	41		33	36	30		34.4	8
1970	31	32	33	33	34	34	41	37	40	36	33	31		34.6	12
1971	31		31	33	32	33	35	39	39	34	33	28		33.5	11
1972	31	31	33	37	33	42	41	42	39	41	32	34		36.3	12
1973	30	30	32	33	35	35	38	42	40	40	38	33		35.5	12
1974	28	32	36	34	34	34	40	38	37	39	32	31		34.6	12
1975	29	32	36	30	33	37	38	41	41	36	36.5	31		35	12
1976	33	31	33	36	36	38.5	40	41	38	39	36	29		35.9	12
1977	32	37	33	36	34	38	40	40	41	39	35	33		36.5	12
1978	32	30	36	33	37	39	39	40	40	39	36	30		35.9	12
1979	30	32	33	35	36	41	40	43	41	44	34	35		37	12
1980	33	31	37	38	31	44	40		43	38	36	33		36.7	11
1981	31							41	41	36	35.5	34		36.4	6
1982	30	30	35	40	34	34	38.5	40.5	44.5	38	34.5	30.5		35.8	12
1983	30	30	33.5			38.5	41	38.5	39	39	29	31		35	10
1984	28.5	31	32	33	35	38	41	38	40	34	33	31		34.5	12
1985	28	31	34	32				43	40	43	33	34		35.3	9
1986	33	33	36	41	36	36	42	39	39	37	35	31		36.5	12
1987	35	30	35	34	30			42	43	42	38	33		36.2	10
1988	30	33	31	34	35	37	36	39	41	46	38	33		36.1	12
1989		35	32	36	38	34	37	40	40	39	36	32		36.3	11
1990	34	34	36	35	33	37	37	37	38					35.7	9
1991	30	33	35	38	40	41	40	41	42	42	35	33		37.5	12
1992		32	35	40	42	41	43	41	41	39	34	34		38.4	11
1993	32	30	35	33	33	35	40	44	40	42	40	34		36.5	12
1994	28	28	28	26	28									27.6	5
1995	30	30	34	39	39	38								35	6
1996		26	28	27		31	29	39	32	30	32	31		30.5	10
1997	26	35	34	27	33	37	40	40	40	32	31	29		33.7	12
1998	28	30	39	40	41	41	42	39	39	31	31	29		35.8	12
1999	32	32	34	40	39	41	41	39		40	39	30		37	11
2000	30	33		32	36	43	42	42	42	39	30	32		36.5	11
2001	30	34	30	33	34	39	39.5	41	40	36	33	28		34.8	12
2002	33	33	34	33	36	38	39	41	41	37	35	28		35.7	12
2003	32	34	37	37	36	40	32	34	34	33	30	34		34.4	12
2004	27	30	35	33	39	34	36	35	35	34	31	26		32.9	12
2005	27	26	26	26	30	37	38	41	39	37	29	26		31.8	12
2006	28	26	28	30	27	41	44	43	41	42		27		34.3	11
2007	25	26	28	28	30	39	40	44	43	39	35	29		33.8	12
2008	31	31	30	34	35	37	40	39	39	38	37	31		35.2	12
2009	32	37	37	34	37	37	42	42	40	38	31	30		36.4	12
2010	30	31	35	38	33	36	41	40	41	34	37	34		35.8	12
2011	31	32	34	37	37	37	39	40	40	38	32	30		35.6	12
2012	32	30	32	39	34	35	39	39	37	35	35			35.2	11
2013	33	32	36	35	35	38	38	40	37	36	33	30		35.2	12
2014	39	34	35	38	39	42	39	41	39	37	34	31		37.3	12
2015	31	33	33	31	34	40	40	41	40	40	35	35		36.1	12
2016	34	36	35	34	34	38	41	38	39	39	36	34		36.5	12
2017	31	39	37	36	32	35	36	42	36	41	37	31		36.1	12
2018	34	34	34	37	34	36	40	40	39	35	32	30		35.4	12
2019	29	29	32	35	28	36	40	40	39	38	33	30		34.1	12
2020	28	35	30	28	32	38	40	40	40	39	37	36		35.2	12
2021	32	29	34	34	36	35	39	40	40	37	36	30		35.2	12
2022	34	38	37	34	37	40	40	40	39	36	33	34		36.8	12
2023	32	31	35	32	34	37	40	40	40					35.7	9
MÍNIMA	22	25	26	26	27	31	29	34	32	30	29	26		27.6	5
MÁXIMA	39	39	39	41	44	44	44	44	45	46	40	36		39.1	12
MEDIA	30.8	31.7	33.2	34.3	34.7	37.6	39.3	40.1	39.9	38	34.1	31.4		35.4	11.1
DESV.ST	2.9	2.9	2.7	3.5	3.3	2.6	2.3	1.8	2.2	3.1	2.5	2.4		1.6	1.7

TEMPERATURA MÍNIMA PROMEDIO
AÑO	ENE	FEB	MAR	ABR	MAY	JUN	JUL	AGO	SEP	OCT	NOV	DIC	ACUM	PROM	MESES
1952						16.5	20.2	22.8	22.3	18.2	13.6	9.1		17.5	7
1953	6.5	10.5	8.6	9.9	9.8	14.3	20.5	20.1	19	16.9	11.7	6.3		12.8	12
1954	7.5	9.5	9.1	10.1	12.5	13.7	19.9	20.8	22.1	16.9	10.3	7.8		13.3	12
1955	5.4	4.8	9.1	9.8	12	14.3	17.1	21.5	21.7	15.9	8.9	6.8		12.3	12
1956	9.5	5.2	7.4	8.4	13.8	15.3	19.4	23.9	25.7	22.5	10.4	14.8		14.7	12
1957	14	11.1	12.4	14.5	16.3	18.2	23.2	24.1	23.3	22.7	13.3	17.2		17.5	12
1958	15.8	14.7	13.5	16.7	19.1	21.8	23.8	25	26.8	23.2	16.6	12.2		19.1	12
1959	11.7	12.7	13.7	14.3		19.3		23.8	22.9	18.8	17.7			17.2	9
1960	10.1		11.4	13.4	13.8	16.6	22.6	22.5	23.9	21.1	15.7	11.6		16.6	11
1961	10.2	7.3	8.3	10	14.9	14.2	19.7	21.7	21		8.9	6.6		13	11
1962	5.5	8.6	5.6	10.3	10.7	12.5	18	20.5	21.9	17.1	15.1			13.3	11
1963			7.1		12.5					18.7	10.7	7.7		11.3	5
1964	3.9	4.4	6.1	9.1	10.4	13.6	21.2	21.1	20.3	17.7	7.9			12.3	11
1965	6.5	4.7	7	9.8	11.3	11.4	19.8	21.7	22.2	14.6	10.9	9.3		12.4	12
1966	4.4	3.9	7.2	12	14	15.1	21.2	21.3	20.9	13.9	11.5	7.8		12.8	12
1967	4.1	6.1	8.8	8.6	11.4	15	19.3	20.1	20	16.6	10.9	6.1		12.2	12
1968	6.4	10.4	8.5	9.5	11.3	14.3	19.5	18	18.3	14.8	9.7			12.8	11
1969		7.7			12.4	12.6	17.5	21.9		12.3	12.6	9.2		13.3	8
1970	6.5	7.4	9.5	9.9	10.6	13.2	19.7	21	21.1	13	10.9	7.6		12.5	12
1971	5.7		6.1	6.1	9.2	13.3	16.4	22	23.7	15.8	10.8	9.3		12.6	11
1972	8.1	7.6	12	11.2	11.9	14.8	19.7	23	19.7	18.8	11.2	9.2		13.9	12
1973	8.8	17	9.6	12.3	13.6	15.6	19	20.7	16.8	12.7	9.2	5.5		13.4	12
1974	7.5	13.7	8.1	8.3	10.8	16	19.4	19.5	21	16.2	12.4	5.7		13.2	12
1975	4.7	6.6	7.3	6.7	10.5	12.1	18.1	19.9	20.2	12.1	9.5	6.5		11.2	12
1976	4.6	7.9	8.4	9.2	12.5	14.6	17.4	20	19.8	15.1	11.2	7.5		12.3	12
1977	8	6.9	7.4	10.2	11	14.4	19.1	21.7	20.8	18.6	11.9	9.5		13.3	12
1978	8.1	7.5	10.6	10.3	11.7	16.6	21.2	20.8	19.1	17.8	10.4	6.1		13.3	12
1979	6.4	6.5	7.7	9.4	11.2	15.4	18.9	18.8	21.9	14.8	7.9	6.8		12.1	12
1980	6.8	10.6	8.5	9.1	10.4	15.5	20.4		18.9	16.4	9.1	8		12.2	11
1981	10.5							20.6	20.4	15.4	11.2	7.5		14.3	6
1982	6.1	7.6	8	9.6	10.7	11.9	19.6	19.6	20.2	14.8	11.8	8.4		12.4	12
1983	8.6	7.9	9.7			15.2	21.1	22.6	23	16.6	10.1	8.7		14.3	10
1984	8.3	6.1	9.5	10.3	13.6	16.4	20.6	22	21.3	15	9.2	9.9		13.5	12
1985	7.5	6.3	8.3	10				20.2	18.9	14.4	11	7.1		11.5	9
1986	7.7	7.7	9.4	11.8	11.9	15.1	18.7	20.1	18.5	13.5	11	8.4		12.8	12
1987	5.9	6.8	7.1	10.7	10.5			20.3	20.9	18.9	13.4	6.9		12.1	10
1988	7.8	8.4	7.5	10.3	14	10.2	11.4	14.3	18.2	14.7	8.8	6.5		11	12
1989		7.8	8.5	11	11.8	12.4	13.8	16.3	18.7	15.6	12	8.5		12.4	11
1990	7.5	6.1	7.2	7.6	7.8	10.8	11.3	13.6	13.4					9.5	9
1991	7.7	8.6	8.2	9.2	10.3	12.2	15.8	18.6	19.6	17.6	9.5	7.8		12.1	12
1992		7.6	8.3	11.5	15.6	15	19.1	21.7	21.7	16.1	11.1	9.6		14.3	11
1993	9.4	7.1	8.3	9.3	12.3	14.2	18.2	19.3	18.7	16.6	12.6	9.5		13	12
1994	7	6.6	8.6	7.4	8.8									7.7	5
1995	9.9	12	12.7	11.4	11.5	16.1								12.3	6
1996		9.1	10.9	14.2		11.4	12.4	17.8	13.6	12.7	10	10		12.2	10
1997	10.2	9.7	8.8	9.3	20.8	19.3	18.8	21.2	16.6	11.5	11.5	8.3		13.8	12
1998	7.8	7.3	17.5	12.6	17	20.3	21.6	17.4	19.5	14.7	10.2	9		14.6	12
1999	14	14.3	17	21.7	16.1	18.4	19	16.7		16	16.1	7.2		16	11
2000	4.7	6.8		5.1	13.1	14.8	15.1	14	13.6	14.6	7.8	4.2		10.3	11
2001	4	4.8	5.9	10.2	13.7	18.1	21.8	25.5	21.9	16.6	10.9	6.5		13.3	12
2002	9	9.6	10.1	11.5	12.7	13.5	13.5	13.4	13.6	13.3	12	9.3		11.8	12
2003	9.5	12.1	11.5	11.7	12.1	13.9	19.3	21.5	20.4	17.4	11.9	5.3		13.9	12
2004	8.3	8.8	9.2	8.9	8.6	13.1	16.9	16.2	15.3	15.7	14.2	4.5		11.6	12
2005	4.1	6.8	10.5	11.7	12.1	13.1	12.4	14.6	15.6	12.8	10.8	7.8		11	12
2006	9.9	10	12.5	12.4	11.7	10.7	10.8	10.9	10.7	10.8		8.1		10.8	11
2007	11.2	11	11.6	11.5	11.8	11.5	11.3	11.5	14.5	17.3	14.8	10		12.3	12
2008	8.8	9.5	9.5	10.7	12.4	12.5	13.5	21.6	21.7	17.2	11.7	8.9		13.2	12
2009	6.8	6.7	9	9.3	12.5	13.1	20	20.1	20.7	15.9	10.3	6.7		12.6	12
2010	6.4	6.6	7.6	9.3	10.3	13.8	16.2	19.5	18.9	13.5	7.9	8.1		11.5	12
2011	5.2	4.6	7.7	9.3	8.9	11	18.2	21.3	19.5	14.6	10.1	5.9		11.4	12
2012	7.3	7.8	7.2	8.8	10.8	14.1	18.7	21.9	22.2	16.8	11.4			13.4	11
2013	4.5	5.2	8.6	9.1	10.7	13.4	19.2	19.4	18.7	13.2	11.6	6.6		11.7	12
2014	6.3	7.8	10.1	9.7	11.5	16.5	21.3	22.9	22.3	17.5	10.6	8.1		13.7	12
2015	8	10.2	11.2	11.9	10.9	16.9	20.3	21.8	22.5	17.9	12.7	7.8		14.3	12
2016	5.4	9	10.2	10.2	12.5	15.1	19.5	20.2	18.5	16.6	11.1	9.2		13.1	12
2017	5.7	9	10.3	10.2	11	15.2	19.1	20.9	19.3	15.8	12.7	10.2		13.3	12
2018	5.3	7.1	7.7	9.1	9.1	11.9	13.2	13.2	15.5	11.8	8.4	5.1		9.8	12
2019	5.1	6.2	7.8	7.6	7.1	8.9	12.2	11.9	11.6	10.8	10.6	8.7		9	12
2020	5.1	4.6	5.4	6.2	8.1	11	16.8	19.7	20.7	18.7	15.4	3.7		11.3	12
2021	2.6	3.7	2.8	6.7	8.2	14.2	15.6	16.4	16.8	16.1	15	10.7		10.7	12
2022	6	4.8	5.5	5.3	6.5	9.4	16	18.2	17.2	14.9	7	3.8		9.6	12
2023	2.5	3.1	3.9	0	11.1	12	19.1	20.8	21.1					10.4	9
MÍNIMA	2.5	3.1	2.8	0	6.5	8.9	10.8	10.9	10.7	10.8	7	3.7		7.7	5
MÁXIMA	15.8	17	17.5	21.7	20.8	21.8	23.8	25.5	26.8	23.2	17.7	17.2		19.1	12
MEDIA	7.3	8	9	10.1	11.8	14.3	18.1	19.7	19.6	15.9	11.3	8		12.8	11.1
DESV.ST	2.6	2.8	2.6	2.8	2.5	2.5	3.1	3.2	3.2	2.6	2.2	2.3		1.9	1.7

TEMPERATURA MÍNIMA EXTREMA
AÑO	ENE	FEB	MAR	ABR	MAY	JUN	JUL	AGO	SEP	OCT	NOV	DIC	ACUM	PROM	MESES
1952						14	17	18	18	14	10	2		13.3	7
1953	1	4	3	4.5	5	9	12	16	12	11	3	1		6.8	12
1954	2	2	4	7	7	10	16	18	18	13	4	1		8.5	12
1955	0	0	0	6	9	10	12	20	15	8	4	3		7.2	12
1956	5	0	0	4	8	12	10	21	23	20	7	11		10.1	12
1957	10	10	10	10	14	17	20	20	20	15.5	10	10		13.9	12
1958	10	10	9	10	16	16	20	23	20	20	12	4		14.2	12
1959	8	10	10	10		15		20	19	15	14			13.4	9
1960	8		9	11	10	14	19	20	22	18	13	8		13.8	11
1961	7	4	3	5	13	10	12	20	17		4	3		8.9	11
1962	2	3	1	6	6	6	15	17	20	14	13			9.4	11
1963			2		9					15	6	2		6.8	5
1964	0	0	0	5	6	10	19	18	18	11	4			8.3	11
1965	0	0	1	5	7	7	17	19	20	10	6	3		7.9	12
1966	1	1	0	9	10	12	18	20	18	9	5	0		8.6	12
1967	1	2	5	4	5	10	16	16	16	14	9	0		8.2	12
1968	0	3	4	5	7.8	8	14	13	14	12	2			7.5	11
1969		4			7	8	10	19		7	7	5		8.4	8
1970	1	3	5	5	6	10	17	19	18	9	7	4		8.7	12
1971	2		2	3	5	9	11	17	20	12	8	6		8.6	11
1972	2	4	6	8	8	11	15	21	14	11	5	2		8.9	12
1973	4	12.5	5	10	7	12	15	19	13	9	2	2		9.2	12
1974	5	11	2	5	6	15	17	17	17	9	7	1		9.3	12
1975	1	0	3	3	6	10	15	16	14	8	7	2		7.1	12
1976	1	2	3	4	8	9	14	14	14	10	4	5		7.3	12
1977	3	1	2	3	6	9	17	18	15	12	6	5		8.1	12
1978	2	3	4	5	8	10	18	19	14	13	3	-3		8	12
1979	3	2	3	5	5	11	15	15	19	5	1	1		7.1	12
1980	2	5	3	5	6	10	17		13	8	3	0		6.5	11
1981	6							16	14	10	6	4		9.3	6
1982	0	1	4	6	7	9	14	11	15	12	10	3		7.7	12
1983	3	5	4			12	13.5	16.5	20	12	4	4		9.4	10
1984	3	3	5	5	7.5	10	18	16	15	8	3.5	5		8.2	12
1985	4	3	0.5	6				18	15	8.5	5.5	0		6.7	9
1986	4	5	4	7	9	13	16	17	14	10	2	1.5		8.5	12
1987	0.5	2	3	4	3			18	17	13	7	1		6.8	10
1988	0	4	3	5	10	6	8	10	10	11	3	-4		5.5	12
1989		4	3	8	9	10	13	11	15	12	8	7		9.1	11
1990	5	3	6	7	7	7	9	10	11					7.2	9
1991	5	4	3	6	7	9	12	14	15	10	6	5		8	12
1992		5	6	8	12	10	15	20	20	13	5	5		10.8	11
1993	4	5	3.5	7	11	10	15	16	9	9	6	4		8.3	12
1994	4	4	5	5	5									4.6	5
1995	5	10	10	9	9	14								9.5	6
1996		8	8	10		9	10	16	12	10	7	6		9.6	10
1997	8	7	7	7	18	11	11	20	10	9	9	3		10	12
1998	6	6	8	9	13	18	16	13	15	10	7	3		10.3	12
1999	10	10	11	16	11	15	14	12		11	10	2		11.1	11
2000	1	3		2	10	10	11	11	11	10	1	1		6.5	11
2001	-1	-1	1	7	10	12	18	22	20	14	6	3		9.2	12
2002	2	4	5	7	11	12	12	13	13	11	9	4		8.6	12
2003	7	7	6	7	7	13	16	17	14	12	6	1		9.4	12
2004	2	4	5	4	6	10	15	12	12	13	11	0		7.8	12
2005	0	3	8	10	10	10	11	12	13	11	9	2		8.2	12
2006	6	6	10	10	10	9	9	9	9	6		6		8.2	11
2007	8	8	10	10	10	10	10	9	10	11	10	5		9.2	12
2008	4	3	3	8	10	10	11	19	17	12	8	4		9.1	12
2009	1	4	5	4	10	10	16	17	18	5	7	3		8.3	12
2010	2	2	2	6	6	9	9	17	16	9	2	2		6.8	12
2011	3	-2.5	4	4	6	8	14	19	15	10	6	0		7.2	12
2012	3	4	4	5	6	10	16	17	20	12	7			9.5	11
2013	-0.2	-0.1	3	4	7	8	17	16	11	10	5	2		6.9	12
2014	2	4	7	5	7	11	17	19	13	11	4	0		8.3	12
2015	0	7	7	7	7	14	16	19	19	12	5	1		9.5	12
2016	3	0	6	6	8	11	15	16	14	12	7	4		8.5	12
2017	1	5	4	1.6	6	10	14	18	10	10	9	4		7.7	12
2018	-3	3	3	5	7	8	10	10	12	8	4	1		5.7	12
2019	2	3	5	5	5	6	9	10	10	9	9	3		6.3	12
2020	2	1	1	3	6	6	12	16	16	14	9	1		7.2	12
2021	0	1	1	1	2	10	13	12	15	14	13	8		7.5	12
2022	2	1	3	3	4	5	10	17	13	10	2	2		6	12
2023	0	0	1	0	8	9	14	19	18					7.7	9
MÍNIMA	-3	-2.5	0	0	2	5	8	9	9	5	1	-4		4.6	5
MÁXIMA	10	12.5	11	16	18	18	20	23	23	20	14	11		14.2	12
MEDIA	3	3.8	4.4	6.1	8	10.4	14.1	16.4	15.3	11.1	6.5	2.9		8.5	11.1
DESV.ST	2.9	3.2	2.8	2.7	2.9	2.6	3.1	3.5	3.4	2.9	3.1	2.7		1.9	1.7

TEMPERATURA MEDIA MENSUAL
AÑO	ENE	FEB	MAR	ABR	MAY	JUN	JUL	AGO	SEP	OCT	NOV	DIC	ACUM	PROM	MESES
1952						24.9	28.3	30.4	30.1	27.6	20.8	17.6		25.7	7
1953	17.8	18.3	18	18.2	19.6	22.6	28.3	28	28.1	25.6	21.4	16.9		21.9	12
1954	16.2	19.1	18.4	19.4	19.6	22	27.6	28	29.5	24.6	20.9	18		21.9	12
1955	14.1	15.8	19.1	19.4	19.9	22.9	25.2	28.4	28.8	22.6	17.9	15.8		20.8	12
1956	18	12.2	17.1	16.6	22	23	27.1	30.4	31.5	27.8	19.9	21.6		22.3	12
1957	20.5	19.2	19.1	21	23	24.1	29.4	30.6	29	26.7	20.5	23.5		23.9	12
1958	21.1	21.2	20	23.3	26	26.9	29.8	30.1	31.7	28.5	23.1	20.1		25.1	12
1959	19.8	19.3	21	21.1		27.4		29.7	28.9	25.5	24			24.1	9
1960	17.4		19.6	21.1	20.8	23.5	29.2	28.4	31	26.9	22.3	19.6		23.6	11
1961	18.9	16.8	17	19.2	21.4	22.2	27.4	28.6	28.6		17.8	15.9		21.3	11
1962	15.2	16.6	15.2	19.8	19.4	20.9	26.4	28.6	28.4	24.2	22.2			21.5	11
1963			15.9		21.8					27.4	19.5	16		20.1	5
1964	10.5	15.1	14.9	17.7	19.8	22.1	28.3	27.7	27.4	25.8	17			20.6	11
1965	13.8	14	16.2	18.7	18.8	19.8	26.9	28.6	28.2	24.6	20.4	17.5		20.6	12
1966	13.9	12.5	15.3	20	21.6	23	28.3	28.4	28.5	23	21	17		21	12
1967	13.6	16.4	18.4	17.6	21.6	23.3	26.8	27.7	26.6	24.9	19.9	14.1		20.9	12
1968	14.4	19.1	18.2	18.9	19.4	22.2	27.4	26.1	26.5	23.6	19.2			21.4	11
1969		15.8			20.4	20.2	25.8	29		21.2	21.9	17.4		21.5	8
1970	16	17.6	18	18.9	19.6	21.6	27.6	27.9	28	22	20.6	17.2		21.2	12
1971	14.5		15.9	16.6	16.8	20.7	24.2	28.4	29.8	23.1	19.7	15.7		20.5	11
1972	17	16.5	19.8	21	20	22.6	27.8	30.1	27.7	25.4	19.1	18.6		22.1	12
1973	16.5	20.6	17.1	20	21.9	23.1	26.4	27.9	25	23	19.4	16.5		21.4	12
1974	15.8	21.1	17.4	18.9	19.4	23.9	27.3	27.2	27.9	24.9	19.4	16.8		21.7	12
1975	14.4	16.3	17.1	15.1	18.6	21	25.3	28.2	28.5	22.2	20.4	16.7		20.3	12
1976	15.9	16.9	17.6	18.7	21.1	23.7	25.8	28.8	27	24	20.9	17		21.4	12
1977	16.7	18.9	16.6	18.8	19.4	23.5	27.5	28.5	28.3	26.3	22	19.7		22.2	12
1978	17.8	16.9	19.8	19.2	20	25	29	28.7	27	25.7	19.8	15.2		22	12
1979	14.8	15.9	17.4	19.2	20.1	24	27.6	27	29.5	24.9	19.3	18.1		21.5	12
1980	17	19.2	18	19.9	19	25.9	28.8		27.1	24.6	19.7	18		21.6	11
1981	18							28.7	28.1	23.6	20.9	17.6		22.8	6
1982	15.2	16.8	17.2	20.4	19.2	21	27.8	28.2	28	24.5	20.2	16.4		21.2	12
1983	17	17.2	17.7			24.5	29	28.8	29.1	24	17.4	18		22.3	10
1984	16.5	16.8	19.2	19.1	21.9	24.6	27.7	28.3	28.1	22.3	18.6	17.4		21.7	12
1985	14.9	15.6	17.2	19.6				28.7	27.5	23.8	19.7	17.1		20.5	9
1986	18	17.2	18	22.5	20.6	23.4	27.1	27.7	26.1	22.4	20.1	16.9		21.7	12
1987	15.4	15.6	16.7	20	18.2			28.9	30.9	29.1	23	16.4		21.4	10
1988	15.8	17.9	16.9	18	21.7	20.5	20.8	23.5	27.3	26.5	21.4	16.9		20.6	12
1989		17.3	18.8	21	21.2	20.6	24.2	26.8	28.5	25.4	22.3	18.9		22.3	11
1990	18.6	17.3	19	19.2	19.3	21.8	22.2	23.4	24					20.5	9
1991	16.4	19.2	18.9	21	23.4	23.4	26	28.7	29.3	28.2	20.6	16.1		22.6	12
1992		18.4	20.9	23	27	25.1	29.5	30.7	29.8	26	20.3	19.9		24.6	11
1993	19.4	17.4	19.2	19.8	21.9	23.5	27.3	28.9	27.5	27.4	23.7	18.7		22.9	12
1994	15.6	15.8	16.6	15.7	16.1									16	5
1995	18.3	19.8	21.6	23.1	23	26.3								22	6
1996		16.7	18.6	19.8		20	20.1	27.8	22	18.4	19.5	17.9		20.1	10
1997	15.8	18	17.8	15.7	25.7	25.4	26.5	29.4	25.7	20.2	19.8	15.1		21.3	12
1998	14.1	14.7	25.5	23.6	27.3	28.2	30.2	26.1	26.6	21.2	19	16.8		22.8	12
1999	21.6	22.1	23.1	29.3	24.9	27.6	28.2	25.5		25.6	23	16		24.3	11
2000	15.8	17.2		15.8	21.1	24.5	25.6	26	25	21.3	16.8	15.8		20.4	11
2001	13.3	14.7	15.4	19.6	22.4	25.8	29.4	31.9	29.9	23.4	19.2	15.2		21.7	12
2002	18.3	18.9	19.2	19.4	21.3	22.7	24.1	24.7	24.4	21.4	20.2	16.6		20.9	12
2003	19	18.6	19.2	19.9	20.6	24.8	24.9	26.1	25.5	22.8	19	15.8		21.4	12
2004	14.6	15.3	18.6	18.4	19.4	21.6	24.2	24	23.3	22.5	20.9	14.4		19.8	12
2005	14.8	15.3	17.4	18.4	19.3	21.2	23.8	25.3	26.2	20.8	18.4	15.8		19.7	12
2006	16.6	16.4	18	18.6	16.9	21.9	24.8	24.6	24.1	23.4		15.2		20	11
2007	16.4	17.2	18.4	18.6	19.5	22.2	24.1	24.6	26.3	25.8	23.4	18.1		21.2	12
2008	17	18.2	18.1	20.3	22.1	23.1	24.4	28	28	25.4	20.9	17.6		21.9	12
2009	16.6	17.4	18.5	17.8	20.4	21.6	28	28.3	27.9	23.3	19	16.1		21.2	12
2010	16.7	16.4	17.9	18.4	18.8	21.2	23.8	27.6	26.8	21.4	17.9	16.9		20.3	12
2011	15.3	14.4	17.4	18	18	20.5	25.9	28.4	27.4	23.7	18.5	15.2		20.2	12
2012	17.6	16.5	16.9	18	19.1	21.9	26.1	28.1	27.6	23.6	20			21.4	11
2013	14.2	15.1	18.4	17.5	19.1	21.6	25.9	27.6	25.2	21.8	19.5	16.2		20.2	12
2014	17.9	17.8	19.2	19.4	21.4	25.1	27.9	29.8	28	24.2	19.8	17.5		22.3	12
2015	17.2	18.9	19.4	19.5	19	24.3	27.1	28.6	29.4	25.6	22	17.2		22.4	12
2016	16.2	19.9	18.9	18.9	19.1	23.2	27.6	26.9	26	25	21	17.1		21.6	12
2017	15.1	18.2	19.2	19.5	18.5	21.8	26	28.1	25.6	25.1	22.4	18.8		21.5	12
2018	16.8	17	18	19	18.2	21	23.7	24	25.4	20.5	18	15.1		19.7	12
2019	14.9	15.1	17.4	17.8	16.1	19	24	24	23.2	21.3	19	17		19.1	12
2020	14.1	14.9	15.1	15	18	21.3	25.4	28	28.4	26.7	23.2	16.4		20.5	12
2021	12.6	14.5	15.2	16.9	17.4	22	24.2	25.3	24.5	23.9	22.2	18.8		19.8	12
2022	17.2	17	17.4	17.4	18.4	21.6	26.1	27.4	24.8	23.8	17.3	15.4		20.3	12
2023	15	14.9	16.9	14.1	19.6	21.9	27.2	28.7	29					20.8	9
MÍNIMA	10.5	12.2	14.9	14.1	16.1	19	20.1	23.4	22	18.4	16.8	14.1		16	5
MÁXIMA	21.6	22.1	25.5	29.3	27.3	28.2	30.2	31.9	31.7	29.1	24	23.5		25.7	12
MEDIA	16.3	17.1	18.1	19.2	20.4	23	26.5	27.8	27.4	24.2	20.3	17.1		21.4	11.1
DESV.ST	2	2	1.8	2.3	2.3	2	2.1	1.8	2	2.2	1.7	1.7		1.4	1.7
