COMISIÓN NACIONAL DEL AGUA
COORDINACIÓN GENERAL DEL SERVICIO METEOROLÓGICO NACIONAL
BASE DE DATOS CLIMATOLÓGICA NACIONAL 

ESTADÍSTICA MENSUAL
EMISIÓN   : 25/10/2024 

DATOS DISPONIBLES EN LA BASE DE DATOS A: OCTOBER DE 2024; 
CON LA INFORMACIÓN SUMINISTRADA POR LAS UNIDADES ADMINISTRATIVAS 

 ESTACIÓN  : 3063 
 NOMBRE    : SANTO DOMINGO 
 ESTADO    : BAJA CALIFORNIA SUR 
 MUNICIPIO : COMONDÚ 
 SITUACIÓN : OPERANDO 
 CVE-OMM   :   
 LATITUD   : 25.49027778 ° 
 LONGITUD  : -111.9152778 ° 
 ALTITUD   : 18 msnm 


LLUVIA MÁXIMA 24 H.
AÑO	ENE	FEB	MAR	ABR	MAY	JUN	JUL	AGO	SEP	OCT	NOV	DIC	ACUM	PROM	MESES
1953			0	0	0	0	0	14	0	20	10.6	18	62.6	6.3	10
1954	19.5	0	0	0	0	0	26	2	37	0	0	1.2	85.7	7.1	12
1955	8.5	0	0	0	0	0	0	3	1	16	0	0	28.5	2.4	12
1956	0.3	3	0	0	0	1	0	7	14	0	0	5.5	30.8	2.6	12
1957	5	0	20	0	0	0	2	0	0	38	0	14	79	6.6	12
1958	17	9	5.5	0	0	0	5.5	1	36	11	4.5	0	89.5	7.5	12
1959	0	4	0	0		3	0		35.5	0	7.5	64	114	11.4	10
1960			0	0	0	0	0	15	4	0	0	32	51	5.1	10
1961	11	0	0	0	0	0	0	22	3	0	0	0	36	3	12
1962	24	0	0	0	0	0	0	0	20	0	0	0	44	3.7	12
1963	0			0				0.01		0		0	0.01	0	5
1964	0	0	0	0	0	0	15	4	0				19	2.1	9
1965	0	0	0	0	0	0	0	14.5	0	0	0	55	69.5	5.8	12
1966	0	11.5	0	0	0	0	0.9	6.5	6.5	14.5	0	20	59.9	5	12
1967	0	0	0	0	9	0	5	50	0	13	61	0	138	11.5	12
1968	6	9	15	0	0	0	0	0	0	0	0	0	30	2.5	12
1969	8	12			0	0	0	0			0	0	20	2.5	8
1971	0	0	0				0	15	14	0	0	0	29	3.2	9
1972	10	0	0	0	0	0	0		0	0	4.9	47	61.9	5.6	11
1973	12	7.3	1.6	0	0	0	5	0	18	0	0	0	43.9	3.7	12
1974	15	0	0	0	0	0	6	14	8	0	30	8	81	6.8	12
1975	80	0	0	0	0	0	0	0	0	0	0	0	80	6.7	12
1976	0	6	0	0	0	0	0	8	10	0	5	1.5	30.5	2.5	12
1977	5	0	2	0	0	0	0	70.5	0	15	0	0	92.5	7.7	12
1978	0	26	0	0	0	0	40	0	65	10	2	22	165	13.8	12
1979	47	0	10	0	0	0	15	0	70	0	0	0	142	11.8	12
1980	0	0	0	0	0	0	0	0	0	48	0	20	68	5.7	12
1981	25	3	27	1	0	0	0	3	0	4	0	0	63	5.2	12
1982	2	0	0	0	0	0	7	0	2	0	10	12.3	33.3	2.8	12
1983	16.5	10.5	37	0	0	0	37	125	4	0	3	65	298	24.8	12
1984	28	0	0	0	0.01	0.01	24	158	31	0.01	4	33	278.03	23.2	12
1985	27	0.01	0	0.01	0	0	0	0.01	0.01	0.01	10	0	37.05	3.1	12
1986	1	0.01	0	10	0	0	22.5	19	15	0	0	42	109.51	9.1	12
1987	0	5	0	0	0	0	0	0	4	0	4	0	13	1.1	12
1988	0	0	0			0	0	0	0	0	0	2.1	2.1	0.2	10
1989	4	12	0	0	0	0	0	0	0.01	0	0	12	28.01	2.3	12
1990	6	2	0	0	0	0	3	30	35				76	8.4	9
1991	40	8	3	0	0	0	0	0	24	0	24	25	124	10.3	12
1992	32	10	10	0	0	0	0	23	8	0	0	15	98	8.2	12
1993	36	9	0			0				3	9	0	57	8.1	7
1994	0	0	0	0	0	0	0	0.01	0	0	32	73	105.01	8.8	12
1995	0	49	0	0	0	0	0	0.01	11	0	11	0	71.01	5.9	12
1996	0	3	0	0	0	0	0	40	9	0	0	0	52	4.3	12
1997	0	0	0	0	0	0	0	36	17	0	54	26	133	11.1	12
1998	0	4	0	0	0	0	20	20	6	0	0	0	50	4.2	12
1999	0	0	0	0	0	0	0	0	0	0	0	0	0	0	12
2000	0	0	0	0	0	0	0	5		7	4	2	18	1.6	11
2001	0.5	0	0	0	0	0	0	0	40	0	0	0	40.5	3.4	12
2002	0	8	0	0	0	0	0	0	34	0	4	14	60	5	12
2003	8	5	0	0	0	0	0	255	46	0	0	0	314	26.2	12
2004	57	0	5	2	0	0	0	2	37	7	0.01	13	123.01	10.3	12
2005	45	17	0	0	0	0	0	21	0	3	0	0	86	7.2	12
2006	0	0	0	0	0	0	20	0	40	64	0	0	124	10.3	12
2007	8	0	0	0	0	0	0	7	53	0	12	10	90	7.5	12
2008	0	0	0	0	0	0	0	92	0	23	0	0	115	9.6	12
2009	0	0	0	0	0	0	0	34	360	87	0	0	481	40.1	12
2010	9.5	0	0	0	0	0	0	0	0	0	0	0	9.5	0.8	12
2011	0	0	0	0	0	0	0.01	3.5	0	0	10	0	13.51	1.1	12
2012	0	0	0	0	0	0	0	80	55	99	0		234	21.3	11
2013	0	0	0	0	0	0	0	68	2	80	3	0	153	12.8	12
2014	0	0	0	0	0	0		25	81	54	0	0	160	14.5	11
2015	12	22	22	0	0	21	6	0	4	0	0	0	87	7.2	12
2016	0	0	4	0	0	0	0	12	57	0	0	5	78	6.5	12
2017	0	15	0	0	0	0	8	0	22	0	0	0	45	3.8	12
2018	0	3	0	0	0	0	0	3	7	2	0	0	15	1.2	12
2019	12	5	0	0	0	0	0	10	3	17	25	0	72	6	12
2020	0	0	8	0	0	0	0	0	0	0	0	0	8	0.7	12
2021	21	0	0	0	0	0	0	24	0	0	0	0	45	3.8	12
2022	0	0	0	0	0	0	0	0	72	0	0	0	72	6	12
2023	0	0	0	0	0	0	0	7	0	0	0	0	7	0.6	12
2024	0	0	0										0	0	3
MÍNIMA	0	0	0	0	0	0	0	0	0	0	0	0	0	0	3
MÁXIMA	80	49	37	10	9	21	40	255	360	99	61	73	481	40.1	12
MEDIA	9.5	4.1	2.5	0.2	0.1	0.4	4	20.1	21.5	9.5	5.1	9.8	82.1	7.1	11.4
DESV.ST	15.8	7.9	6.8	1.3	1.1	2.6	8.9	41.8	47.4	21.7	11.7	17.6	81.4	6.8	1.6

LLUVIA TOTAL MENSUAL
AÑO	ENE	FEB	MAR	ABR	MAY	JUN	JUL	AGO	SEP	OCT	NOV	DIC	ACUM	PROM	MESES
1953			0	0	0	0	0	14.01	0	21.5	10.6	18	64.11	6.4	10
1954	25.5	0	0	0	0	0	34	3	51.5	0	0	1.3	115.3	9.6	12
1955	17.9	0	0	0	0	0	0	4	2	16	0	0	39.9	3.3	12
1956	0.3	3	0	0	0	1	0	10	28	0	0	6.5	48.8	4.1	12
1957	5	0	25	0	0	0	2	0	0	45	0	14	91	7.6	12
1958	19	11.5	13	0	0	0	7.5	1	51	20	5.5	0	128.5	10.7	12
1959	0	4	0	0		3	0		59.5	0	7.5	98.5	172.5	17.2	10
1960			0	0	0	0	0	20	7	0	0	34	61	6.1	10
1961	23	0	0	0	0	0	0	23	6.01	0	0	0	52.01	4.3	12
1962	42	0	0	0	0	0	0	0	44.1	0	0	0	86.1	7.2	12
1963	0			0				0.01		0		0	0.01	0	5
1964	0	0	0	0	0	0	22	4	0				26	2.9	9
1965	0	0	0	0	0	0	0	25.51	0	0	0	116	141.51	11.8	12
1966	0	21	0	0	0	0	0.9	12.5	6.5	14.5	0	20	75.4	6.3	12
1967	0	0	0	0	9	0	5	58	0	13	61	0	146	12.2	12
1968	6	16	15	0	0	0	0	0	0	0	0	0	37	3.1	12
1969	8	12			0	0	0	0			0	0	20	2.5	8
1971	0	0	0				0	42	14	0	0	0	56	6.2	9
1972	10	0	0	0	0	0	0		0	0	4.9	51.2	66.1	6	11
1973	16.4	19.1	1.6	0	0	0	10	0	18	0	0	0	65.1	5.4	12
1974	29	0	0	0	0	0	6	14	28	0	50	13	140	11.7	12
1975	105	0	0	0	0	0	0	0	0	0	0	0	105	8.8	12
1976	0	14	0	0	0	0	0	29	11	0	5	1.5	60.5	5	12
1977	7	0	2	0	0	0	0	134.6	0	17	0	0	160.6	13.4	12
1978	0	41	0	0	0	0	40	0	69	19	3	43	215	17.9	12
1979	125	0	10	0	0	0	15	0	131.5	0	0	0	281.5	23.5	12
1980	0	0	0	0	0	0	0	0	0	48	0	25	73	6.1	12
1981	41	3	29	2	0	0	0	4	0	6	0	0	85	7.1	12
1982	2	0	0	0	0	0	7	0	5	0	14	32	60	5	12
1983	24.5	10.5	48	0	0	0	41	149	9	0	3	65	350	29.2	12
1984	39	0	0	0	0.02	0.02	58.01	205	56.02	0.04	4.01	75.01	437.13	36.4	12
1985	48.01	0.03	0	0.01	0	0	0	0.02	0.01	0.01	10.02	0	58.11	4.8	12
1986	1.01	0.02	0	13	0	0	22.5	26	17	0	0	48	127.53	10.6	12
1987	0	9	0	0	0	0	0	0	5	0	4	0	18	1.5	12
1988	0	0	0			0	0	0	0	0	0	6.7	6.7	0.7	10
1989	6.5	16	0	0	0	0	0	0	0.01	0	0	23	45.51	3.8	12
1990	6	2	0	0	0	0	7	30	72				117	13	9
1991	49	15	3	0	0	0	0	0	36	0	37	55	195	16.2	12
1992	58	18	10	0	0	0	0	27	11	0	0	33	157	13.1	12
1993	62	26	0			0				3	14	0	105	15	7
1994	0	0	0	0	0	0	0	0.02	0	0	32	127	159.02	13.3	12
1995	0	61.02	0	0	0	0	0	0.01	11	0	11	0	83.03	6.9	12
1996	0	3	0	0	0	0	0	107	9	0	0	0	119	9.9	12
1997	0	0	0	0	0	0	0	103	34	0	54	43	234	19.5	12
1998	0	7	0	0	0	0	20	44	6	0	0	0	77	6.4	12
1999	0	0	0	0	0	0	0	0	0	0	0	0	0	0	12
2000	0	0	0	0	0	0	0	10		12	4	2	28	2.5	11
2001	0.5	0	0	0	0	0	0	0	70	0	0	0	70.5	5.9	12
2002	0	12	0	0	0	0	0	0	52	0	4	24	92	7.7	12
2003	8	5	0	0	0	0	0	260	59	0	0	0	332	27.7	12
2004	57	0	5	2	0	0	0	2	119	10	0.01	13	208.01	17.3	12
2005	56.02	20	0	0	0	0	0	21	0	3.01	0	0	100.03	8.3	12
2006	0	0	0	0	0	0	20	0	55	64	0	0	139	11.6	12
2007	12	0	0	0	0	0	0	7	60	0	12	10	101	8.4	12
2008	0	0	0	0	0	0	0	92	0	23	0	0	115	9.6	12
2009	0	0	0	0	0	0	0	55	360	174	0	0	589	49.1	12
2010	9.5	0	0	0	0	0	0	0	0	0	0	0	9.5	0.8	12
2011	0	0	0	0	0	0	0.01	3.5	0	0	18	0	21.51	1.8	12
2012	0	0	0	0	0	0	0	148	103	116	0		367	33.4	11
2013	0	0	0	0	0	0	0	68	2	113	3	0	186	15.5	12
2014	0	0	0	0	0	0		37	111	92	0	0	240	21.8	11
2015	22	31	22	0	0	21	6	0	12	0	0	0	114	9.5	12
2016	0	0	6	0	0	0	0	15	57	0	0	5	83	6.9	12
2017	0	15	0	0	0	0	8	0	48	0	0	0	71	5.9	12
2018	0	3	0	0	0	0	0	3	10	2	0	0	18	1.5	12
2019	12	7	0	0	0	0	0	21	3	27	52	0	122	10.2	12
2020	0	0	11	0	0	0	0	0	0	0	0	0	11	0.9	12
2021	33	0	0	0	0	0	0	46	0	0	0	0	79	6.6	12
2022	0	0	0	0	0	0	0	0	111	0	0	0	111	9.2	12
2023	0	0	0	0	0	0	0	7	0	0	0	0	7	0.6	12
2024	0	0	0										0	0	3
MÍNIMA	0	0	0	0	0	0	0	0	0	0	0	0	0	0	3
MÁXIMA	125	61.02	48	13	9	21	58.01	260	360	174	61	127	589	49.1	12
MEDIA	14.3	6	2.9	0.3	0.1	0.4	5	28.1	30.8	12.8	6.3	15	115.2	9.9	11.4
DESV.ST	24.8	11	8.1	1.6	1.1	2.6	11.4	51.4	53.6	31.6	14	28.1	106.6	9	1.6

EVAPORACIÓN MENSUAL
AÑO	ENE	FEB	MAR	ABR	MAY	JUN	JUL	AGO	SEP	OCT	NOV	DIC	ACUM	PROM	MESES
1957								211.4	216.2	147.6	124.4	109.3	808.9	161.8	5
1958	103.5	119.1	142.4	196.4	240.7	237.6	282.8	256.9	223.6	176.5	127.7	118.2	2225.4	185.4	12
1959	108.2	119.5	174.6	187.7		245	251.9		213.5	177.9	129.8	104.4	1712.5	171.2	10
1960			152	175.6	216.7	214.5	271.4	216.6	225.5	188	127.8	107.6	1895.7	189.6	10
1961	98.6	122.2	173.9	189.4	214.8	220.2	258.5	233.2	229.6	185.2	107.2	102.7	2135.5	178	12
1962	93.1	99.3	186.3	183.3	192.9	185.2	236.1	169.4	148.8	172.8	144.9	117	1929.1	160.8	12
1963				174.7				187		172.8		118.8	653.3	163.3	4
1964	126.5	106.5	110.8	161.9	181	223.7							910.4	151.7	6
1965							73.9	212.2	173.6	154.4	96.1	81.7	791.9	132	6
1966	82.9	76	135.3	148.2	164.4	209.6	159.8	180	139.2	144.7	139.8	149.4	1729.3	144.1	12
1967	146.2	122	146.6	156.8	143.7	184.5	255.1	250.9	187.1	174.8	105.6	111.4	1984.7	165.4	12
1968	95.9	128.5	82.4	164.1	173.7	185.1	210.7	198.7	192.3	142	109.7		1683.1	153	11
1969		83.1			182.5	190.7	209	235			129.2	100.1	1129.6	161.4	7
1971	89.8	109.3	120.9									110.5	430.5	107.6	4
1972	106.2	109.5	143	206	188.7	203.1	238.6		208.5	188.8	131.8	119.2	1843.4	167.6	11
1973	130.8	102.2	92.5	111.7	134.7	131.7	179.3	204.7	181	161.3	168.2	127	1725.1	143.8	12
1974	101	139.4	153.6	163	148	174.2	201.7	193.3	183.6	155	139.5	129.8	1882.1	156.8	12
1975	133.5	127.2	145.7	163.4	194.7	199.9	215.5	224.4	204	166.6	129.5	133.6	2038	169.8	12
1976	147.3	136.1	144.5	163.2	165.6	168.6	180.7	212.6	192.2	176.3	159.9	140	1987	165.6	12
1977	134.6	123.3	150	187.4	198.5	202.5	227	209.4	198	167.9	133	126.2	2057.8	171.5	12
1978	128.8	120.8	146.7	147.1	180.1	190.1	247.2	255.3	204.4	195.4	157.7	152.6	2126.2	177.2	12
1979	130.1	129.1	153.5	166.6	159.8	211.7	235.3	203.7	203.3	169.7	138.2	105.1	2006.1	167.2	12
1980	83	108.6	163.5	147.9	178	272.8	228.1	250.7	225.2	178.3	133.6	86.6	2056.3	171.4	12
1981	81.6	82.2	77.2	160.2	165.9	197.5	283.6	156.2	73.1	149.9	116.2	99.9	1643.5	137	12
1982	93.1	107	153.4	185.3	178.4	173.9	233.4	234.8	185.1	162.8	35	96.8	1839	153.2	12
1983	95.8	112.8	157.8	182.3	201.8	208.6	235.9	218	167.6	161.6	108.6	76.5	1927.3	160.6	12
1984	84.9	119.5	158.2	173.1	191.7	210.6	207.9	176.7	163.1	112.7	82.2	56.1	1736.7	144.7	12
1985	61	81.5	116.9	147.1	174.2	175.5	216.8	220.6	201.9	147.3	94.3	78.4	1715.5	143	12
1986	105.7	97.9	169.9	187.2	159.7	215.3	251.5						1187.2	169.6	7
1997	10.66	12.22	17.64	19.61	20.83	21.73	24.52	19.48	13.98	17.16	13.44	13	204.27	17	12
1998	12.73	12.91	14.61	17.7	17.99	22.11	24.93	26.47	22.5	21.46	15.29	14.02	222.72	18.6	12
1999	13.78	12.36	16.34	12.84	18.67	21.51	21.66	26.06	17.68	19.46	12.09	12.61	205.06	17.1	12
2000	122.15	112.28	125.66	201.43	202.74	220.71	236	229.9		154.11	126.24	89.41	1820.63	165.5	11
2001	116.44	122.23	151.71	157.78	195.02	223.58	265.56	258.93	177.24	230.91	116.09	107.3	2122.79	176.9	12
2002	115.77	130.13	176.77	179.15	228.95	210.76	238.13	230.61	202.55	150.42	134.76	123.38	2121.38	176.8	12
2003	89.76	128.78	165.38	130.72	173.73	193.59	217.07	230.57	173.92	143.29	108.6	88.11	1843.52	153.6	12
2004	117.75	109.02	135.96	156.43	208.53	184.69	233.99	232.26	154.89	151.78	108.71	86.42	1880.43	156.7	12
2005	104.25	76.24	153.93	167.74	160.97	207.39	193.67	44.39	174.79	163.45	138.25	137.15	1722.22	143.5	12
2006	170.8	153.17	166.8	149.42	191.55	161.25	234.17	262.21	196.01	163.79	190.16	125.24	2164.57	180.4	12
2007	136.56	118.31	175.51	155.09	185.72	198.55	266.27	228.05	183.43	172.84	127.74	97.47	2045.54	170.5	12
2008	121.27	101.5	168.79	151.33	212.16	207.08	244.26	215.68	174.23	182.12	129.88	104.11	2012.41	167.7	12
2009	114.03	132.21	139.93	145.79	180.96	217.6	248.98	213.3	186.79	141.66	105.2	125.75	1952.2	162.7	12
2010	112.88	107.05	135.52	171	192.84	198.95	256.54	225.52	180.09	190.06	133.49	126.29	2030.23	169.2	12
2011	150.57	125.67	148.17	175.56	233.59	220.59	229.23	245.46	254.27		146.09	126.95	2056.15	186.9	11
2012	139.04	123.53	147.34	175.16	201.07	184.33	226.57						1197.04	171	7
2016											139.97	88.46	228.43	114.2	2
2018	117.42	113.25	157.89	15.29		188.53	189	221.9	238.2	154.86	136.72	83.14	1616.2	146.9	11
2019						161.3	207.73						369.03	184.5	2
2022	119.13	137.41	153.1	138.74	131.75	202.62	230.78	225.94	171.4	134.22	123.01	98.69	1866.79	155.6	12
2023		99.97		98.03	152.13	139.69	191.04	233.72	205.42	188.85	150.95		1459.8	162.2	9
MÍNIMA	10.66	12.22	14.61	12.84	17.99	21.51	21.66	19.48	13.98	17.16	12.09	12.61	204.27	17	2
MÁXIMA	170.8	153.17	186.3	206	240.7	272.8	283.6	262.21	254.27	230.91	190.16	152.6	2225.4	189.6	12
MEDIA	105.9	107.1	137.3	151.1	172.4	187.1	212.7	202	177.3	155	118.8	102.4	1578.7	152.4	10.4
DESV.ST	34.2	31	41	48.1	49.6	51.4	62.2	61.6	54.5	43	37.7	31.8	612.6	38.2	2.9

TEMPERATURA MÁXIMA PROMEDIO
AÑO	ENE	FEB	MAR	ABR	MAY	JUN	JUL	AGO	SEP	OCT	NOV	DIC	ACUM	PROM	MESES
1953						30.2	35.7	35.2	38.6	36.4	33.2	29.6		34.1	7
1954	28	31.4	31.2	32.4	32.4	31.4	36.5	37.4	38	34.1	34.4	32		33.3	12
1955	28.4	28.5	28.5	31.2	30.3	32.9	34.4	39.4	39.7	31.2	31.3	29.4		32.1	12
1956	31.6	27.7	29.6	27	28.3	30.3	35.4	37.7	37.1	32.9	30.8	26.7		31.3	12
1957	23.2	30.2	24.8	25.7	24.8	27.8	33.5	37.1	34.3	29	27	29.2		28.9	12
1958	26	26.7	26.2	27.8	31.6	30.8	35.5	35.1	35.9	33	29.3	29.1		30.6	12
1959	27.1	26	29.1	27.6		31.8	34.1		34.6	32.1	30.9	25.5		29.9	10
1960			25.9	27.6	26.5	28.7	34.9	33	37.1	32.2	28.4	25.8		30	10
1961	25	26.3	25.2	27.1	28.3	28.4	34.1	35	34.9	32.5	26.8	28.4		29.3	12
1962	24.8	26.5	24.8	26.7	26.5	25.6	27.7	31.9	33.5	28.8	27.8	23.6		27.4	12
1963	24.3			28.9				36.5		24.8		30.8		29.1	5
1964	23.1	23.5	23.3	25	27.5	30.3	34.6	33.4	35					28.4	9
1965	23.8	24.3	27.6	28.4	26	28.1	35.6	36.1	33.8	34.6	31.2	28.5		29.8	12
1966	20.4	25.1	27.2	35.2	37.1	39.3	39.8	33.6	36.1	34.2	33.7	28.8		32.5	12
1967	26.9	27.2	28.5	26.7	38.6	37.4	38.5	34.3	34.3	33.8	30.4	24.5		31.8	12
1968	25.1	27.3	27	26.5	26.2	28.5	34.2	34.2	34.4	31.5	28.4	24.6		29	12
1969	25.5	24			29.7	34.8	32.9	35.2			21.9	25.1		28.6	8
1971	22.3	22	25.4				31.1	34.5	35	31.3	29	22.4		28.1	9
1972	23.5	26	24.9	30.4	27.1	30.9	32.1		33.2	30.8	27.1	25.2		28.3	11
1973	22.7	27.6	23.7	26.6	31	28.4	31.3	31.9	30.3	30.4	31.1	26.9		28.5	12
1974	21.8	27.9	27.6	29.8	26.7	28.9	32.6	33.5	32.4	30.8	27.1	25.9		28.8	12
1975	24.5	25.5	24.1	25	24.1	26.6	30.2	32.9	33.6	30.5	28.4	25.8		27.6	12
1976	25.1	25.9	24.9	25.1	24.6	29.8	31.3	35.5	32.6	31	29.4	25.5		28.4	12
1977	24.8	28.3	23.7	25.5	25	29.4	32.9	33.1	33.6	32.3	29.4	28.5		28.9	12
1978	26	25.8	27.7	26.3	25.7	29.9	34.3	34.1	31.8	31.6	27.5	23		28.6	12
1979	22.1	23.8	24.2	26.2	29.3	29.5	33.6	32.4	34.6	31.3	27.9	26.5		28.4	12
1980	25.3	23.8	26	29.5	27.6	34.1	35.4	37.4	36	34.9	30.3	30		30.9	12
1981	26.4	28.1	26.6	30.3	30.3		36.5	38.6	35.6	31	31.4			31.5	10
1982		23.2	25	26.5	24.4	26.3	31.9	33.7	33.4	30.8	26.7	22.3		27.7	11
1983	22.3	24.1	23.2	22.7	24.8	31.4	34.5	35.3	33.5	29.9	24.2	21.2		27.3	12
1984	20	22.2	23.9	23.6			37.2	32.8	33.6	30	27.7	24.5		27.6	10
1985	22.8	25	27.3	29.4	30		36.7	36	35.1	32.5	28.4	28		30.1	11
1986	28.7	28.3	29.2	33.2	30	33.2	38.5	37.6	37.1	34.6	32.9	28.4		32.6	12
1987	28.5	27.8	28.2	30.9	28.2	32.1	37	38.4	36.8	36.8	32.9	25.9		32	12
1988	29.3	29.7	29.8			31.9	36.8	39.3	39.5	28.7	32.5	24.8		32.2	10
1989	21.5	22.7	27.9	29	28.8	29.4	34.4	33.9	32.8	32.6	30.1	25.5		29	12
1990	24	22.6	24.6	25	26.4	30.3	33.2	32.3	33.9					28	9
1991	24	26.5	24.6	27.3	24.6	26.3	28.1	32.8	33.3	30	25.1	23.7		27.2	12
1992	23.9	24	24.1	25.6	30	30.8	34.2	35.5	33.2	32	29.2	27.4		29.2	12
1993	25.5	24.6	27.8			27.5				32.5	26.5	26.5		27.3	7
1994	28.1			26.2	26	29.1	31.5	33.4	34.1	30	26.8	26.5		29.2	10
1995	26.2	27.7	28.1	29.5	29.6	30.1	33.7	34.1	35.1	30	28.9	27		30	12
1996	24.5	25	25.2	29.4	30.2	29.9	34.5	34.8	32.3	29.5	27.6	27.4		29.2	12
1997	24.8	22.9	27.7	25.1	29.5	28.1	33.9	35	34.6	32.2	30.6	23.7		29	12
1998	24.7	24	26.3	26.4	26.9	32.8	34.1	36.4	34	31.3	29	23.9		29.1	12
1999	26.5	27.1	27.9	27.5	26.5	28.5	33.1				26.4	22.4		27.3	9
2000	21.9		29	27.1	25.8	31	33.2	35.7		28.9	26.8	28.6		28.8	10
2001	24.6	25.2	24.5	25.3	26.4	29.5	33.7	33.6	32.7	30.3	28.1	25.5		28.3	12
2002	26.3	26.4	25.1	26	27.1	29.4	33.5	33.8	33.7	28.5	28.2	24.5		28.5	12
2003	23.6	23	25.4	25.3	24.2	25.2	29.8	32.7	30.8	29.1	28.3	25.4		26.9	12
2004	23.2	23.8	29	25.7	26.9	27.6	32.6	33.2	32.7	29.2	26.3	24.3		27.9	12
2005	24.9	23.5	24	26.6	27.2	28.2	30.6	33	33.6	30.4	30.3	28.2		28.4	12
2006	27.7	29.2	28.6	30.4	27.5	30.1	33.9	35.1	33.7	30.2	28.8	27.6		30.2	12
2007	26.1	26.7	28.8	28.8	27.3	30.7	31.8	35.3	34.4	31	27.8	24.8		29.5	12
2008	24.4	24.8	24.8	26.9	26.8	28.7	34.3	33.3	33.8	32.6	29.7	27.5		29	12
2009	27.7	30.2	29.6	30.4	30.5	31.8	34.4	36	33.8	31.3	27.3	25.5		30.7	12
2010	27	27.7	28.9	29.4	29.4	29.1	31.3	36.4	33.4	29.5	27.2	25.3		29.6	12
2011	23.5	24.3	29.5	28.8	28.3	30.1	35.3	40.6	38.6	31.6	27.6	22.3		30	12
2012	20.7	20	23.7	25.6	26.3	28.6	32.3	34.8	35.1	30.2	28.8			27.8	11
2013	21.3	22	23.1	23.9	26.9	27.3	30.7	36.1	31.1	28.1	25.9	23.3		26.6	12
2014	27.4	26.5	27.7	28.8	30.4	32.4		35.4	33.3	29.7	27.8	26		29.6	11
2015	25.3	28.9	27.1	28	28.5	29.3	33.4	37	36.4	31.9	29.4	26.1		30.1	12
2016	22	28.4	29.3	29.1	28.2	28.5	34.5	32.2	32.3	30.5	29.8	24.4		29.1	12
2017	22	24.3	27.1	23.7	24.5	28.4	34.3	35	31.1	33.1	32.3	27.8		28.6	12
2018	27.1	25.3	27.5	28.8	25.9	28.8	34.1	34.5	34.8	29.5	28.5	26.1		29.2	12
2019	24	24	31.1	25.4	27	27.2	33.8	34.5	36	34.4	30.2	24.1		29.3	12
2020	24.5	24.8	25.3	26.7	28.4	30.1	33.7	35.1	36.2	30.7	28.7	25.8		29.2	12
2021	25.8	29.2	24.7	28.4	29.2	29.9	31.4	34.5	30.5	30.5	28.9	26.7		29.1	12
2022	27.5	25.2	25.6	27.4	28.8	32.1	34.4	34.9	32.7	29.3	27.6	28.7		29.5	12
2023	23.1	21.9	23.4	24.5	25.7	25.9	32.3	36.6	35.2	33	29.2	21.9		27.7	12
2024	21.3	22.5	24.8											22.9	3
MÍNIMA	20	20	23.1	22.7	24.1	25.2	27.7	31.9	30.3	24.8	21.9	21.2		22.9	3
MÁXIMA	31.6	31.4	31.2	35.2	38.6	39.3	39.8	40.6	39.7	36.8	34.4	32		34.1	12
MEDIA	24.8	25.7	26.5	27.5	27.9	29.9	33.8	35	34.4	31.3	28.9	26.1		29.2	11.1
DESV.ST	2.4	2.4	2.1	2.4	2.7	2.5	2.2	1.9	2	2.1	2.3	2.3		1.7	1.7

TEMPERATURA MÁXIMA EXTREMA
AÑO	ENE	FEB	MAR	ABR	MAY	JUN	JUL	AGO	SEP	OCT	NOV	DIC	ACUM	PROM	MESES
1953						35	39	42	45	43	40	35		39.9	7
1954	35	34	35.5	37	35.5	37.5	42	45	43	42	38	38		38.5	12
1955	35	35	31	38.5	35	35	39.5	44.5	45	40	35	34		37.3	12
1956	36.5	31	32.5	33	36	38	38	40.5	42	38	36	31		36	12
1957	27	36.5	30	30.5	30	35	39	41	41	39	31	34		34.5	12
1958	33	33	32	33.5	42	35.5	40.5	38	41	41	33	33.5		36.3	12
1959	32	32.5	35	34		38.5	39		39	38	35	32.5		35.5	10
1960			30	38	29.5	35	39.5	38.5	40	39.5	33.5	30.5		35.4	10
1961	29.5	32	32	33	34	36	40.5	38.5	41	38.5	31	32		34.8	12
1962	29	30	28	31	29	30	33	37	37	33	35	28.5		31.7	12
1963	27			34				40		36		37		34.8	5
1964	30	28	29	31	31	38	42	39	40					34.2	9
1965	30	30	34	34	30	31.5	43	39	39	40	35	35		35	12
1966	27	29	32	39	41	42	44	39	41	39	40	32		37.1	12
1967	29	30	32	31	42	44	41	40	42	38	36	27		36	12
1968	29	32	34	33	30	37	39	41	40	35	34	30		34.5	12
1969	30	30			33	38	36	42			30	29		33.5	8
1971	30	27	29				35	39	37	35	33	29		32.7	9
1972	26	32	30	35	35	41	35.5		37	37	31	31		33.7	11
1973	29	33	29	31	37	34	37	37	38	34	39	35		34.4	12
1974	24	32	32	34	33	34	37	40	36	38	32	30		33.5	12
1975	30	31	31	29	29	32	34	36	36	33	34	30		32.1	12
1976	30	30	33	31	29	35	36	38	36	37	36	29		33.3	12
1977	30	32	29	33	30	35	41	38	38	37	33	32		34	12
1978	30	31	35	30	33	34	37	37	37	37	33	27		33.4	12
1979	28	30	31	34	37	36	39	37	39	40	32	33		34.7	12
1980	30	30	33	34	30	43	39	41	44	39	35	33		35.9	12
1981	31	34	33	37	37		41	43	43	39	37			37.5	10
1982		28	34	35	30	30	36	37	40	34	33	29		33.3	11
1983	27	30	30	32	28	39	41	39	38	33	28	26		32.6	12
1984	23	26	29	27			40	37	40	33	35	32		32.2	10
1985	28	31	35	35	33		40	40	40	43	33	32		35.5	11
1986	33	33	34	40	35	44	46	42	42	40	38	33		38.3	12
1987	39	34	34	35	31	41	42	42	41	42	38	32		37.6	12
1988	34	34	34			35	44	45	44	37	36	33		37.6	10
1989	26	32	37	35	33	31	38	37	37	37	32	32		33.9	12
1990	33	33	32	30	32	36	38	39	40					34.8	9
1991	29	30	31	33	33	30	32	36	40	37	28	28		32.2	12
1992	26	26	27	33	34	38	40	41	40	39	32	32		34	12
1993	30	29	33			34				37	34	31		32.6	7
1994	32			35	32	35	35	38	40	36	32	29		34.4	10
1995	28	29	30	31	32	36	38	39	39	34	34	30		33.3	12
1996	29	28	29	32	32	32	40	39	36	34	31	32		32.8	12
1997	30	30	36	30	38	32	42	38	37	39	37	28		34.8	12
1998	30	28	34	32	32	38	39	41	39	34	32	29		34	12
1999	33	31	31	34	30	33	36				29	28		31.7	9
2000	28		30	34	30	36	37	40		36	31	35		33.7	10
2001	34	35	30	32	30	36	36	37	40	34	33	30		33.9	12
2002	33	33	32	32	34	34	38	39	40	32	31	29		33.9	12
2003	28	27	31	33	26	31	34	37	37	34	32	31		31.8	12
2004	26	26	35	29	37	32	39	40	38	33	32	28		32.9	12
2005	29	28	28	31	31	33	36	36	37	34	33	31		32.2	12
2006	33	34	32	36	30	36	39	39	39	36	32	30		34.7	12
2007	30	30	31	31	29	38	36	39	39	36	30	29		33.2	12
2008	28	28	28	32	38	36	40	37	40	36	32	32		33.9	12
2009	32	32	32	35	35	39	40	41	37	35	31	30		34.9	12
2010	30	32	31	32	31	34	38	39	40	33	31	32		33.6	12
2011	28	31	31	33	37	36	38	45	43	35	30	36		35.2	12
2012	23.9	28	26	29	31	35	36	39	39	35	31			32.1	11
2013	24	26	36	29	34	38	35	41	39	34	29	28		32.8	12
2014	30	29	30	40	38	39		39	40	32	30	29		34.2	11
2015	30	32	30	30	32	31	38	39	39	39	31	31		33.5	12
2016	27	32	38	31	32	31	38	38	38	36	36	29		33.8	12
2017	27	30	30	31	29	31	38	38	36	39	39	30		33.2	12
2018	30	28	32	31	29	36	39	40	37	35	31	30		33.2	12
2019	30	29	42	33	36	30	37	39	38	36	32	28		34.2	12
2020	29	31	30	29	30	37	37	37	41	35	31	30		33.1	12
2021	35	50	29	31	31	32	36	39	37	37	31	31		34.9	12
2022	34	34	30	31	31	38	38	38	36	31	30	30		33.4	12
2023	26	28	29.5	35	30	31	35	40	38	41	33	25		32.6	12
2024	25	29	28											27.3	3
MÍNIMA	23	26	26	27	26	30	32	36	36	31	28	25		27.3	3
MÁXIMA	39	50	42	40	42	44	46	45	45	43	40	38		39.9	12
MEDIA	29.7	30.9	31.7	32.9	32.8	35.4	38.4	39.3	39.4	36.7	33.2	30.9		34.2	11.1
DESV.ST	3.1	3.4	2.8	2.8	3.5	3.4	2.7	2.1	2.3	2.8	2.9	2.6		1.9	1.7

TEMPERATURA MÍNIMA PROMEDIO
AÑO	ENE	FEB	MAR	ABR	MAY	JUN	JUL	AGO	SEP	OCT	NOV	DIC	ACUM	PROM	MESES
1953						19.9	25.7	23.6	22.3	19.9	15	6.7		19	7
1954	9.8	12.4	11.2	13	15.5	15.5	22.8	23	24.9	19.5	13.1	10.7		15.9	12
1955	7.2	6	11.4	12.3	14.6	14.3	16.8	22.6	22.2	16.5	11.7	6.7		13.5	12
1956	8.1	3.9	8.4	8.7	10.4	15	19.8	21	22.3	14.9	9.6	4.5		12.2	12
1957	7.1	8.2	7.7	8.9	9.3	15.1	21	22.9	19	16.4	9.2	9.7		12.9	12
1958	6.8	8.6	9	11.1	14.7	15.8	21.5	22.6	22.6	18.7	12.1	8.9		14.4	12
1959	6.9	7.4	9.2	13.1		17.3	21		21.1	16.1	11.3	9.1		13.2	10
1960			8.8	9.3	11.1	16.4	21.1	21.7	22.1	19.6	11	5.6		14.7	10
1961	5	6.4	6.9	8.6	9.5	12	19.9	22.4	20.2	19.7	8.9	6.5		12.2	12
1962	5	8.6	6.5	9.8	8	11.8	15.4	19.6	21.1	16.3	11.3	6.8		11.7	12
1963	6.7			9.8				19.4		16.8		6.5		11.8	5
1964	3.4	1.9	3	7.2	8.3	9.7	18.5	19.9	18.6					10.1	9
1965	7	5.2	6.3	8	9	10.8	15.6	20.8	19.4	16.5	11.7	10.4		11.7	12
1966	5.3	7.1	10.9	15.7	16.7	16.8	18.2	18.7	18.8	15.6	16.7	7.9		14	12
1967	10.2	8.8	11.3	11.4	17.5	14.2	23.4	20.6	20.4	15.2	12.8	8.5		14.5	12
1968	5.6	9.6	9.2	8.7	11.3	13.8	19.2	17.6	17.5	15	10	5.2		11.9	12
1969	8	7.5			11.9	11.8	18.7	21.5			11.1	9		12.4	8
1971	5.1	5.1	6.1				16.1	21	22.2	16.3	12	8		12.4	9
1972	7	9.1	10.9	9.6	10.5	13.8	16.8		19.5	17.8	10.6	8.6		12.2	11
1973	8.4	8.1	8	8.3	11.9	13.4	17.3	19.2	14.9	14.6	10.9	7.6		11.9	12
1974	9.6	9.2	11.4	9.6	10.9	13.9	19.6	19.5	20.1	16	12.3	4.8		13.1	12
1975	4.9	7.1	8.2	7.8	11.3	12.5	17.9	18.3	18.8	11.3	8.6	5.4		11	12
1976	4.8	7.7	6.7	8.8	10.7	13.4	16.7	19.2	19.6	15.2	10.8	6.5		11.7	12
1977	7.5	6.3	7.3	10.5	10	12.6	18.2	20.7	19.8	17.2	10.8	8.2		12.4	12
1978	7.3	7.4	10.7	9.9	10.6	15.9	19.7	20.1	17.8	17.5	9.7	6.4		12.8	12
1979	7.5	6.5	7.2	11	13.7	14.6	17.7	18.5	20.4	14.7	8.6	5.8		12.2	12
1980	6.7	9.3	10.5	9.1	13	14.9	19	20.7	18.3	17.8	10.9	10.3		13.4	12
1981	8.9	8.5	9	10.2	13.2		21.2	20.2	20.2	16.3	11.6			13.9	10
1982		9.6	11.3	11.9	13.1	12.2	18.5	20.3	20.2	12.2	12	8.5		13.6	11
1983	7.8	8.6	10.8	11.1	12.8	18.2	24.6	25.6	26.1	20	12.6	9.4		15.6	12
1984	9.3	9.4	12	13.3			23.5	23.8	22.1	15.3	8.7	8.7		14.6	10
1985	6.9	6.2	8.6	12.3	12.4		21	21	19	15.4	10.7	6.5		12.7	11
1986	7.8	8.4	10	10.7	10.2	10.2	10	10.4	10.7	10.5	11	11.9		10.2	12
1987	11	7.5	5.9	6	5.9	13.5	14.5	15.7	15	14.6	6.9	5.1		10.1	12
1988	4.5	4.9	6.2			7.6	13.7	17.5	18.8	8.6	7.9	7.5		9.7	10
1989	6.1	7.1	9.4	9.3	9.6	9.4	15.2	13.9	9.9	8.6	9	7		9.5	12
1990	4.7	4.2	7.7	9.6	10.2	14.3	19.5	19.8	20.5					12.3	9
1991	6.1	7.7	7.3	9.2	9.9	11.4	16	18.3	18.7	16.4	8.3	6.3		11.3	12
1992	6.4	6.6	6.9	9.1	13.1	14.7	19.9	21.1	21.3	16.3	7.9	8.6		12.7	12
1993	8.5	6.9	12			10.7				14.9	11.3	8.6		10.4	7
1994	5.4			8.8	9.4	12.7	15.4	19.4	18.9	12.2	9	8.8		12	10
1995	3.3	7.8	8.9	9.1	9.4	10.3	16.7	21.4	21.7	14.5	10.5	7.1		11.7	12
1996	4.9	5.1	6.4	10.4	10.6	11.3	19	20.8	19.1	17.5	11.8	6.2		11.9	12
1997	6.7	6.5	9.7	9.3	13.2	13.9	18.7	23.7	23.9	14.9	12	7.8		13.4	12
1998	5.9	5.9	8.1	7.6	8.9	13.6	20.7	22.2	19.4	12.7	9.2	5.5		11.6	12
1999	5.2	7.5	8.3	8.6	9.5	10.9	17.9				7.8	3.5		8.8	9
2000	4.2		9.4	10.4	11.5	15.7	17.5	20.8		15	7	6		11.8	10
2001	5.9	5.9	8.1	10	13.4	15.6	18.1	18.6	19.1	16.5	11.5	4.1		12.2	12
2002	5.5	6.8	6.9	8.9	8.9	11.8	15.4	16.4	20.4	12.6	6.9	5.4		10.5	12
2003	5.5	5.8	6.4	7.4	10.2	10.7	16.9	19	19.4	15.8	8	3.3		10.7	12
2004	4.6	4	7.1	7.9	9.5	10.4	15.9	16.5	18.7	12.1	6.5	7		10	12
2005	7	6.6	5.7	6.4	9.3	11.5	14.9	17.9	17.1	13.3	9.5	5.8		10.4	12
2006	6.4	7.2	5.8	8.1	8.5	11.3	18.2	20.9	19.8	16.2	10.9	4.8		11.5	12
2007	3.4	5.4	8.2	9.2	10.6	11.9	14.9	19.8	18.8	16.4	10.4	5		11.2	12
2008	4.8	4.4	5	7.3	9.6	13.6	18.5	19.1	19.6	16.6	9.7	6.8		11.2	12
2009	4.2	8.6	8.1	7.9	10.1	11.3	19.5	19.5	20.3	15.1	8	4.3		11.4	12
2010	5.1	5.5	5.6	8.3	9.4	12.2	16.1	19.9	18.2	11.1	7.4	7.2		10.5	12
2011	4.1	3.4	7.1	7.1	8.7	11	12.1	11.7	10.4	9.6	9.2	4.6		8.2	12
2012	4.3	5.4	5.5	7.8	9.3	11.8	16.3	18.7	19.9	14.1	8.9			11.1	11
2013	3.2	5.4	5.6	5.2	8.6	9.9	14.7	16.4	14	12	7.8	3.8		8.9	12
2014	3.6	6.2	7.4	6.9	9.3	12.4		21	17.9	16.7	9.5	5.7		10.6	11
2015	5.8	8.8	7.5	9.7	9.2	10.2	15.8	19.6	19.6	15.9	8.9	4.4		11.3	12
2016	2.5	7	7.6	7.1	9	10.3	16.3	20.5	18.8	17.3	11.7	7.6		11.3	12
2017	6.3	7.7	7.6	10	9.7	11.9	18.3	20.1	20.1	18.8	16.5	8.2		12.9	12
2018	6.7	8.1	7.6	12.7	10.5	12.4	16.7	21.2	21.3	16.4	10.6	7.5		12.6	12
2019	7.5	8.4	10.8	10	10.9	9.7	16.2	22.2	19.6	15.8	15.9	7		12.8	12
2020	5.3	8	10.9	8.4	9.7	11.7	17.6	22.9	22.6	17.4	10	4.1		12.4	12
2021	2.5	4.9	6.6	10	10.6	10.9	17.7	21.3	18.9	18.4	17.4	10.4		12.5	12
2022	7.3	5.2	6.8	9.8	9.8	15.6	20.5	22.3	19.6	17.4	7.9	9.6		12.7	12
2023	6.6	3.8	6.7	8.3	10.8	11.3	14.1	23.9	17	18.8	13.8	7.8		11.9	12
2024	6.1	6	9.4											7.2	3
MÍNIMA	2.5	1.9	3	5.2	5.9	7.6	10	10.4	9.9	8.6	6.5	3.3		7.2	3
MÁXIMA	11	12.4	12	15.7	17.5	19.9	25.7	25.6	26.1	20	17.4	11.9		19	12
MEDIA	6.2	6.9	8.2	9.4	10.8	12.8	18	20	19.4	15.5	10.5	7		12	11.1
DESV.ST	1.8	1.8	2	1.9	2.1	2.4	2.8	2.7	2.9	2.6	2.4	1.9		1.8	1.7

TEMPERATURA MÍNIMA EXTREMA
AÑO	ENE	FEB	MAR	ABR	MAY	JUN	JUL	AGO	SEP	OCT	NOV	DIC	ACUM	PROM	MESES
1953						13.5	21	18.5	15	11	6.5	0		12.2	7
1954	6	6	6	9	9	9	15	17	19	14	6	1		9.8	12
1955	2	0	5	8	10.5	12	13	16	18	13	7.5	3		9	12
1956	6	-0.5	3	5	6	10	17	19	20	11	1	-4		7.8	12
1957	1	5	4	5	5	9	14	20	11	10	2	3.5		7.5	12
1958	3	4.5	6	6.5	8.5	10.5	17	20	19	12	2.5	-1.5		9	12
1959	-2	1.5	2	6.5		11	18		16	12	1.5	3.5		7	10
1960			2.5	3.5	4	11	17	19	18	11	4	1.5		9.2	10
1961	1	1.5	2	4	5	7	12.5	19.5	15	11.5	4	2		7.1	12
1962	0	6	2	6	6	6	8	17	19	13	6	2		7.6	12
1963	3			4				10.5		10		3		6.1	5
1964	1	0	0	3	5	5	13	14	15					6.2	9
1965	0	0	0	3	5	5	12	17	14	11	6	6		6.6	12
1966	1	4	5	11	10	12	12	16	15	11	13	4		9.5	12
1967	7	6	8	8	14	8	20	19	16	10	9	4		10.8	12
1968	2	5	4	4	7	9	14	14	10	11	3	-2		6.8	12
1969	3	4			9	8	12	20			5	5		8.2	8
1971	-4	2	2				12	15	18	14	8	4		7.9	9
1972	1	6	9	6	7	10	11		13	11	6	5		7.7	11
1973	5	4	4	4	6	9	11	17	10	12	6	4		7.7	12
1974	5	6	9	7	8	10	15	17	17	9	9	2		9.5	12
1975	2	4	4	5	6	10	16	15	14	7	7	2		7.7	12
1976	1	3	3	4	8	8	13	15	16	10	9	4		7.8	12
1977	4	3	3	5	7	9	16	18	15	11	7	4		8.5	12
1978	2	3	5	6	7	10	17	19	13	13	2	1		8.2	12
1979	4	2	3	6	10	10	9	14	18	9	3	1		7.4	12
1980	3	5	8	6	10	9	16	18	11	11	5	4		8.8	12
1981	6	1	6	5	8		15	14	14	9	7			8.5	10
1982		5	8	10	9	10	10	17	13	8	9	2		9.2	11
1983	3	6	5	6	9	12	18	20	22	17	8	4		10.8	12
1984	6	6	7	10			20	20	18	9	3	3		10.2	10
1985	1	2	0	6	7		19	18	14	12	3	0		7.5	11
1986	3	4	6	9	7	9	8	9	9	9	10	9		7.7	12
1987	4	4	4	4	4	10	11	14	13	13	5	2		7.3	12
1988	3	3	3			6	10	13	17	6	6	6		7.3	10
1989	1	2	7	8	8	9	10	10	7	5	5	1		6.1	12
1990	-2	-1	2	6	5	5	13	12	15					6.1	9
1991	1	2	3	4	5	8	13	14	15	10	4	2		6.8	12
1992	3	3	4	7	9	9	15	19	20	11	1	1		8.5	12
1993	3	3	10			9				9	6	5		6.4	7
1994	1			5	6	10	12	18	16	10	4	3		8.5	10
1995	1	2	5	7	8	8	11	18	20	10	8	2		8.3	12
1996	1	2	3	4	8	9	12	12	12	10	4	1		6.5	12
1997	0	0	4	5	10	10	12	21	22	8	8	0		8.3	12
1998	3	2	3	5	5	8	14	20	10	10	5	0		7.1	12
1999	2	2	3	4	5	8	14				2	1		4.6	9
2000	-3		8	5	8	9	14	20		10	2	0		7.3	10
2001	0	0	3	3	8	12	16	16	15	13	4	0		7.5	12
2002	2	0	1	5	6	9	10	10	19	8	4	0		6.2	12
2003	3	3	3	4	4	8	14	12	14	10	2	0		6.4	12
2004	1	0	2	5	6	7	10	12	13	8	1	1		5.5	12
2005	2	4	2	3	6	9	10	15	13	8	4	3		6.6	12
2006	1	5	3	6	4	7	14	19	15	10	5	2		7.6	12
2007	1	1	5	7	9	10	10	16	16	9	6	1		7.6	12
2008	0	0	0	4	6	10	15	17	15	10	5	4		7.2	12
2009	0	1	5	3	8	9	18	15	18	4	5	2		7.3	12
2010	0	1	4	5	8	7	10	17	14	8	1	0		6.2	12
2011	0	0	1	3	6	6	10	10	8	8	5	0		4.8	12
2012	2	2	1	5	6	8	12	15	18	7	4			7.3	11
2013	-2	0	2	3	5	6	10	14	10	10	3	1		5.2	12
2014	1	3	5	4	6	9		20	10	12	2	1		6.6	11
2015	-2	6	4	8	7	7	11	18	15	10	5	1		7.5	12
2016	1	0	4	4	5	9	10	18	11	13	5	3		6.9	12
2017	0	4	5	7	6	9	12	18	15	14	10	4		8.7	12
2018	0	2	3	5	6	9	10	19	20	12	5	4		7.9	12
2019	0	0	2	0	4	7	10	19	18	10	11	2		6.9	12
2020	1	1	4	6	7	7	15	19	20	8	5	0		7.8	12
2021	0	2	2	8	9	9	12	16	15	15	14	4		8.8	12
2022	4	2	2	8	7	10	16	20	16	15	1	7		9	12
2023	-2	0	4	5	6	10	10	19	12	15	10	5		7.8	12
2024	4	0	6											3.3	3
MÍNIMA	-4	-1	0	0	4	5	8	9	7	4	1	-4		3.3	3
MÁXIMA	7	6	10	11	14	13.5	21	21	22	17	14	9		12.2	12
MEDIA	1.6	2.5	3.9	5.5	7	8.8	13.2	16.5	15.1	10.5	5.3	2.3		7.6	11.1
DESV.ST	2.2	2.1	2.3	2	2	1.8	3.1	3	3.4	2.4	2.9	2.2		1.5	1.7

TEMPERATURA MEDIA MENSUAL
AÑO	ENE	FEB	MAR	ABR	MAY	JUN	JUL	AGO	SEP	OCT	NOV	DIC	ACUM	PROM	MESES
1953						25	30.7	29.4	30.5	28.1	24.1	18.2		26.6	7
1954	18.9	21.9	21.2	22.7	24	23.4	29.6	30.2	31.4	26.8	23.8	21.4		24.6	12
1955	17.8	17.2	20	21.8	22.4	23.6	25.6	31	31	23.9	21.5	18		22.8	12
1956	19.9	15.8	19	17.9	19.4	22.6	27.6	29.4	29.7	23.9	20.2	15.6		21.8	12
1957	15.1	19.2	16.2	17.3	17	21.4	27.2	30	26.6	22.7	18.1	19.4		20.9	12
1958	16.4	17.6	17.6	19.4	23.1	23.3	28.5	28.9	29.2	25.9	20.7	19		22.5	12
1959	17	16.7	19.1	20.4		24.6	27.6		27.9	24.1	21.1	17.3		21.6	10
1960			17.4	18.5	18.8	22.5	28	27.4	29.6	25.9	19.7	15.7		22.4	10
1961	15	16.4	16	17.9	18.9	20.2	27	28.7	27.5	26.1	17.9	17.4		20.8	12
1962	14.9	17.6	15.7	18.2	17.2	18.7	21.6	25.8	27.3	22.6	19.6	15.2		19.5	12
1963	15.5			19.4				28		20.8		18.6		20.5	5
1964	13.2	12.7	13.2	16.1	17.9	20	26.6	26.6	26.8					19.2	9
1965	15.4	14.8	17	18.2	17.5	19.5	25.6	28.5	26.6	25.6	21.4	19.4		20.8	12
1966	12.8	16.1	19	25.5	26.9	28	29	26.1	27.5	24.9	25.2	18.4		23.3	12
1967	18.5	18	19.9	19	28	25.8	31	27.4	27.3	24.5	21.6	16.5		23.1	12
1968	15.4	18.4	18.1	17.6	18.8	21.1	26.7	25.9	26	23.2	19.2	14.9		20.4	12
1969	16.8	15.8			20.8	23.3	25.8	28.4			16.5	17		20.6	8
1971	13.7	13.6	15.8				23.6	27.8	28.6	23.8	20.5	15.2		20.3	9
1972	15.2	17.6	17.9	20	18.8	22.4	24.5		26.4	24.3	18.9	16.9		20.3	11
1973	15.6	17.9	15.8	17.5	21.4	20.9	24.3	25.5	22.6	22.5	21	17.2		20.2	12
1974	15.7	18.5	19.5	19.7	18.8	21.4	26.1	26.5	26.2	23.4	19.7	15.3		20.9	12
1975	14.7	16.3	16.1	16.4	17.7	19.6	24	25.6	26.2	20.9	18.5	15.6		19.3	12
1976	15	16.8	15.8	17	17.6	21.6	24	27.4	26.1	23.1	20.1	16		20	12
1977	16.1	17.3	15.5	18	17.5	21	25.5	26.9	26.7	24.8	20.1	18.4		20.6	12
1978	16.6	16.6	19.2	18.1	18.1	22.9	27	27.1	24.8	24.6	18.6	14.7		20.7	12
1979	14.8	15.2	15.7	18.6	21.5	22	25.6	25.4	27.5	23	18.2	16.1		20.3	12
1980	16	16.6	18.2	19.3	20.3	24.5	27.2	29	27.1	26.4	20.6	20.1		22.1	12
1981	17.6	18.3	17.8	20.2	21.8		28.9	29.4	27.9	23.6	21.5			22.7	10
1982		16.4	18.1	19.2	18.8	19.2	25.2	27	26.8	21.5	19.4	15.4		20.6	11
1983	15.1	16.4	17	16.9	18.8	24.8	29.6	30.4	29.8	25	18.4	15.3		21.5	12
1984	14.7	15.8	18	18.5			30.4	28.3	27.9	22.6	18.2	16.6		21.1	10
1985	14.9	15.6	18	20.9	21.2		28.9	28.5	27	24	19.5	17.2		21.4	11
1986	18.2	18.4	19.6	22	20.1	21.7	24.2	24	23.9	22.6	22	20.1		21.4	12
1987	19.8	17.6	17	18.4	17	22.8	25.8	27	25.9	25.7	19.9	15.5		21	12
1988	16.9	17.3	18			19.8	25.2	28.4	29.1	18.6	20.2	16.1		21	10
1989	13.8	14.9	18.6	19.1	19.2	19.4	24.8	23.9	21.3	20.6	19.6	16.2		19.3	12
1990	14.3	13.4	16.2	17.3	18.3	22.3	26.4	26	27.2					20.2	9
1991	15.1	17.1	16	18.2	17.2	18.9	22	25.5	26	23.2	16.7	15		19.2	12
1992	15.1	15.3	15.5	17.4	21.6	22.8	27	28.3	27.2	24.1	18.6	18		20.9	12
1993	17	15.8	19.9			19.1				23.7	18.9	17.6		18.9	7
1994	16.8			17.5	17.7	20.9	23.4	26.4	26.5	21.1	17.9	17.6		20.6	10
1995	14.8	17.8	18.5	19.3	19.5	20.2	25.2	27.8	28.4	22.2	19.7	17		20.9	12
1996	14.7	15.1	15.8	19.9	20.4	20.6	26.8	27.8	25.7	23.5	19.7	16.8		20.6	12
1997	15.8	14.7	18.7	17.2	21.4	21	26.3	29.4	29.2	23.6	21.3	15.8		21.2	12
1998	15.3	14.9	17.2	17	17.9	23.2	27.4	29.3	26.7	22	19.1	14.7		20.4	12
1999	15.8	17.3	18.1	18	18	19.7	25.5				17.1	12.9		18	9
2000	13		19.2	18.8	18.6	23.4	25.4	28.2		22	16.9	17.3		20.3	10
2001	15.2	15.6	16.3	17.6	19.9	22.6	25.9	26.1	25.9	23.4	19.8	14.8		20.3	12
2002	15.9	16.6	16	17.4	18	20.6	24.4	25.1	27	20.6	17.6	14.9		19.5	12
2003	14.6	14.4	15.9	16.4	17.2	18	23.4	25.9	25.1	22.5	18.1	14.3		18.8	12
2004	13.9	13.9	18	16.8	18.2	19	24.2	24.9	25.7	20.6	16.4	15.7		18.9	12
2005	15.9	15.1	14.8	16.5	18.2	19.9	22.8	25.4	25.4	21.9	19.9	17		19.4	12
2006	17	18.2	17.2	19.2	18	20.7	26	28	26.8	23.2	19.9	16.2		20.9	12
2007	14.8	16	18.5	19	19	21.3	23.4	27.5	26.6	23.7	19.1	14.9		20.3	12
2008	14.6	14.6	14.9	17.1	18.2	21.1	26.4	26.2	26.7	24.6	19.7	17.1		20.1	12
2009	15.9	19.4	18.9	19.1	20.3	21.6	27	27.8	27	23.2	17.6	14.9		21.1	12
2010	16	16.6	17.2	18.9	19.4	20.6	23.7	28.1	25.8	20.3	17.3	16.2		20	12
2011	13.8	13.8	18.3	18	18.5	20.6	23.7	26.1	24.5	20.6	18.4	13.4		19.1	12
2012	12.5	12.7	14.6	16.7	17.8	20.2	24.3	26.8	27.5	22.1	18.9			19.5	11
2013	12.2	13.7	14.4	14.5	17.8	18.6	22.7	26.2	22.6	20	16.8	13.6		17.8	12
2014	15.5	16.4	17.6	17.9	19.9	22.4		28.2	25.6	23.2	18.6	15.8		20.1	11
2015	15.6	18.9	17.3	18.9	18.9	19.8	24.6	28.3	28	23.9	19.1	15.2		20.7	12
2016	12.2	17.7	18.4	18.1	18.6	19.4	25.4	26.4	25.5	23.9	20.8	16		20.2	12
2017	14.2	16	17.4	16.9	17.1	20.1	26.3	27.6	25.6	26	24.4	18		20.8	12
2018	16.9	16.7	17.6	20.8	18.2	20.6	25.4	27.9	28	23	19.6	16.8		21	12
2019	15.8	16.2	21	17.7	19	18.4	25	28.4	27.8	25.1	23	15.6		21.1	12
2020	14.9	16.4	18.1	17.6	19	20.9	25.7	29	29.4	24	19.4	14.9		20.8	12
2021	14.2	17	15.6	19.2	19.9	20.4	24.5	27.9	24.7	24.4	23.1	18.6		20.8	12
2022	17.4	15.2	16.2	18.6	19.3	23.9	27.4	28.6	26.2	23.4	17.8	19.1		21.1	12
2023	14.9	12.8	15	16.4	18.2	18.6	23.2	30.2	26.1	25.9	21.5	14.8		19.8	12
2024	13.7	14.2	17.1											15	3
MÍNIMA	12.2	12.7	13.2	14.5	17	18	21.6	23.9	21.3	18.6	16.4	12.9		15	3
MÁXIMA	19.9	21.9	21.2	25.5	28	28	31	31	31.4	28.1	25.2	21.4		26.6	12
MEDIA	15.5	16.3	17.3	18.5	19.3	21.4	25.9	27.5	26.9	23.4	19.7	16.5		20.6	11.1
DESV.ST	1.6	1.8	1.7	1.7	2.1	2	2.1	1.6	1.9	1.8	1.9	1.7		1.5	1.7
