COMISIÓN NACIONAL DEL AGUA
COORDINACIÓN GENERAL DEL SERVICIO METEOROLÓGICO NACIONAL
BASE DE DATOS CLIMATOLÓGICA NACIONAL 

ESTADÍSTICA MENSUAL
EMISIÓN   : 25/10/2024 

DATOS DISPONIBLES EN LA BASE DE DATOS A: OCTOBER DE 2024; 
CON LA INFORMACIÓN SUMINISTRADA POR LAS UNIDADES ADMINISTRATIVAS 

 ESTACIÓN  : 3126 
 NOMBRE    : SAN ANTONIO DE LA SIERRA 
 ESTADO    : BAJA CALIFORNIA SUR 
 MUNICIPIO : COMONDÚ 
 SITUACIÓN : OPERANDO 
 CVE-OMM   :   
 LATITUD   : 26.52083333 ° 
 LONGITUD  : -112.5041667 ° 
 ALTITUD   : 160 msnm 


LLUVIA MÁXIMA 24 H.
AÑO	ENE	FEB	MAR	ABR	MAY	JUN	JUL	AGO	SEP	OCT	NOV	DIC	ACUM	PROM	MESES
1980							5				0	20	25	8.3	3
1981	67.5	2.5	24.5	0	0	0	2.5	52	0	6	0	0	155	12.9	12
1982	4	0	0	0			2	2	0	0	9	14	31	3.1	10
1983	5.5	28	47	0	0	0	32	28	27	0	0	16	183.5	15.3	12
1984	23	0	0	3.5		0.01	65	25	12	0	0	43.5	172.01	15.6	11
1985	22	0	0	0	0	0	10	0	0	1	22.5	0	55.5	4.6	12
1986	4.5	2	0.01	11	0.01	0	4	2	24	0	9	20	76.52	6.4	12
1987	0	7	0	0.01	0	0	0.01	0	3.5	8.5	0.01	11.5	30.53	2.5	12
1988	1	3	1	0.01	0	0	0	0	0	0	0	38	43.01	3.6	12
1989	26	6.7	0.01	0.01	0	0.01	9.5	2.5	15	8.5	0	12.5	80.73	6.7	12
1990	6.4	5	0	0	0.01	0	0.01	15.5	25	30	5	83	169.92	14.2	12
1991	20	20	1.5	0.01	0	0	0.01	10	8	0	34	9.3	102.82	8.6	12
1992	10.3	15.5	5.2	0	0	0	1.5	184.5	11	0			228	22.8	10
1993	74.5	14	0	0	0	0	0	24	44	2	14	14	186.5	15.5	12
1994	0	0.01	0.01	0	0	0.01	0.01	5	0	7	78	38.5	128.54	10.7	12
1995	3	15.5	1	0	0.01	0	0	9.5	31	3	10.2	0	73.21	6.1	12
1996	0	12.5	0	0	0	0	0.01	21	31	0.01	7.5	0	72.02	6	12
1997	4.5	4.5	0	0.01	0	0.01	0.01	6	27	0.01	5	22	69.04	5.8	12
1998	0	16	2	0	0	0	23	41	0.01	0	0.01	0.01	82.03	6.8	12
1999	0	0.01	0	0.01	0	1.5	1	0.01	20	0.5	0	0	23.03	1.9	12
2000	0	0.01		0	0	0.01	0.01	25	11.5	10	0.01	0.01	46.55	4.2	11
2001	1	6.5	1	1	0	0.01	1.5	0	14	1	0	0	26.01	2.2	12
2002	0.01	3.5	0	0	0	0	1	1	13	0	4	18.5	41.01	3.4	12
2003	2	4	2.5	4	0	0	0	76.5	47.5	0.5	2	0.01	139.01	11.6	12
2004	11	6.5	8	0.01	0	0	0.01	0.01	27	1	2.5	5	61.03	5.1	12
2005	28.5	19	7	0.01	2.5	0	3.5	19	4	18	0	0.01	101.52	8.5	12
2006	0	0.01	0.01	0	0	0.01	1	6	10	32	0	0	49.03	4.1	12
2007	11	0	0	0	0	0	0.01	1	7	0	26	3	48.01	4	12
2008	1.5		0	0	0	0	1.5	88	11	0	25	6.5	133.5	12.1	11
2009	1.5	0	0	0	0	0	1	4	50	29	2	1.5	89	7.4	12
2010	14.5	4	3	0	0	0	0	4	0	0	0	1.5	27	2.2	12
2011	7.5	0.01	0	1.5	0	0	0.01	6	0	0	23	0	38.02	3.2	12
2012	0	7	1.5	0	0	0	0						8.5	1.2	7
2013	0.01	0.01	0	0	0	1.5	0.01	17	19	39.5	6	0.01	83.04	6.9	12
2014	0.01	0	0	0	0.01	0	9.5	1	74	90	0	0.01	174.53	14.5	12
2015	37	26	16.5	17	0	24.5	0.01	0.01	74.5	2.5	0.01	0	198.03	16.5	12
2016	2	0	5	0.01	0	0	0	3	64.5	0	0	61	135.51	11.3	12
2017	5.5	25	0	0.01	0	0	0.4	0	60	0	0.01	0	90.92	7.6	12
2018	0	1	0	0		0	0	3	48.5	39	0	6	97.5	8.9	11
2019	15	4	16	0	0	0	0	28	4	2.5	78	13	160.5	13.4	12
2020	0	0.01	30	0	0	0	0	11	0	0	0	13	54.01	4.5	12
2021	39.5	0	0	0	0	0	0	0	0	0	0	0	39.5	3.3	12
2022	0	5	0	0	0	0	5	10	65	5	6	1	97	8.1	12
2023	0	9.5	0	0	0	0	0	30	0	0	0	0	39.5	3.3	12
2024	3	6	2										11	3.7	3
MÍNIMA	0	0	0	0	0	0	0	0	0	0	0	0	8.5	1.2	3
MÁXIMA	74.5	28	47	17	2.5	24.5	65	184.5	74.5	90	78	83	228	22.8	12
MEDIA	10.3	6.5	4.1	0.9	0.1	0.7	4.1	18.1	21	8	8.8	11.2	88.4	7.7	11.3
DESV.ST	16.9	7.9	9.4	3.1	0.4	3.8	11.2	32.9	22.6	17.1	17.9	18	57.5	4.9	2

LLUVIA TOTAL MENSUAL
AÑO	ENE	FEB	MAR	ABR	MAY	JUN	JUL	AGO	SEP	OCT	NOV	DIC	ACUM	PROM	MESES
1980							5				0	26	31	10.3	3
1981	74.5	2.5	32	0	0	0	2.5	52	0	6	0	0	169.5	14.1	12
1982	5	0	0	0			2	2	0	0	16	23	48	4.8	10
1983	14.5	42	49	0	0	0	66.2	54	98.5	0	0	16	340.2	28.4	12
1984	41	0	0	3.5		0.02	70	59.8	28.53	0	0	86.53	289.38	26.3	11
1985	26	0	0	0	0	0	12.03	0	0	1.02	25	0	64.05	5.3	12
1986	4.52	3	0.02	11.03	0.01	0	4	3	25	0	16.01	21	87.59	7.3	12
1987	0	13.52	0	0.01	0	0	0.01	0	7.02	8.51	0.01	11.51	40.59	3.4	12
1988	1	3	1	0.01	0	0	0	0	0	0	0	39.51	44.52	3.7	12
1989	32.01	6.7	0.01	0.01	0	0.01	9.92	2.53	15.01	8.51	0	37.8	112.51	9.4	12
1990	6.41	5	0	0	0.01	0	0.01	19.5	53	32	9.01	116.01	240.95	20.1	12
1991	23	62	1.5	0.01	0	0	0.01	16	9.03	0	38.5	23.3	173.35	14.4	12
1992	15.31	42.51	5.22	0	0	0	2.5	185.01	18.5	0			269.05	26.9	10
1993	100.55	29.52	0	0	0	0	0	44	44	2	17	22	259.07	21.6	12
1994	0	0.01	0.01	0	0	0.02	0.02	11.01	0	7	78	104.5	200.57	16.7	12
1995	6.5	40.02	1	0	0.01	0	0	9.51	44.01	3	19.91	0	123.96	10.3	12
1996	0	12.51	0	0	0	0	0.02	58.53	46.5	0.01	10.5	0	128.07	10.7	12
1997	6.03	4.51	0	0.03	0	0.01	0.01	18.02	99.52	0.01	9	49.5	186.64	15.6	12
1998	0	31.11	4	0	0	0	31.7	53.53	0.03	0	0.01	0.02	120.4	10	12
1999	0	0.01	0	0.01	0	1.51	1.01	0.05	20.02	0.51	0	0	23.12	1.9	12
2000	0	0.01		0	0	0.02	0.03	36.03	18.54	14.5	0.02	0.01	69.16	6.3	11
2001	1.01	8.5	2	1	0	0.01	1.51	0	27.01	1	0	0	42.04	3.5	12
2002	0.01	8.01	0	0	0	0	1.03	1	19	0	9	36.5	74.55	6.2	12
2003	2	14.02	2.51	4.02	0	0	0	92.51	50.52	0.53	2	0.01	168.12	14	12
2004	11.02	6.5	13	0.02	0	0	0.01	0.02	59.12	1.01	2.51	15.02	108.23	9	12
2005	47.51	23.02	7	0.02	3.5	0	6.52	29	4	18.02	0	0.01	138.6	11.5	12
2006	0	0.01	0.01	0	0	0.03	1.52	6.03	22	32.02	0	0	61.62	5.1	12
2007	11.02	0	0	0	0	0	0.01	1.02	11.51	0	45	4.51	73.07	6.1	12
2008	3.52		0	0	0	0	1.51	106.01	12	0	25	6.51	154.55	14.1	11
2009	1.51	0	0	0	0	0	1	4	73.51	36	2.01	1.52	119.55	10	12
2010	20.51	6.53	3	0	0	0	0	4.01	0	0	0	1.51	35.56	3	12
2011	7.51	0.01	0	1.5	0	0	0.01	9.03	0	0	23.02	0	41.08	3.4	12
2012	0	12	1.51	0	0	0	0						13.51	1.9	7
2013	0.01	0.01	0	0	0	1.51	0.01	21.02	23.02	48.5	9.01	0.02	103.11	8.6	12
2014	0.01	0	0	0	0.01	0	10	1.01	146.5	126	0	0.01	283.54	23.6	12
2015	77.03	41.01	18.51	17.01	0	49.01	0.01	0.01	87.04	4.52	0.02	0	294.17	24.5	12
2016	2.01	0	5	0.01	0	0	0	3.5	71.01	0	0	70.52	152.05	12.7	12
2017	9.01	45.5	0	0.01	0	0	0.41	0	62.01	0	0.01	0	116.95	9.7	12
2018	0	1	0	0		0	0	4	88.5	52	0	7	152.5	13.9	11
2019	19.53	5.01	17	0	0	0	0	33.5	11.53	2.5	93.03	18	200.1	16.7	12
2020	0	0.03	84.52	0	0	0	0	15.02	0	0	0	13	112.57	9.4	12
2021	41	0	0	0	0	0	0	0	0	0	0	0	41	3.4	12
2022	0	5	0	0	0	0	5	16	106	5	6	1	144	12	12
2023	0	9.5	0	0	0	0	0	49	0	0	0	0	58.5	4.9	12
2024	3.1	7	2.1										12.2	4.1	3
MÍNIMA	0	0	0	0	0	0	0	0	0	0	0	0	12.2	1.9	3
MÁXIMA	100.55	62	84.52	17.01	3.5	49.01	70	185.01	146.5	126	93.03	116.01	340.2	28.4	12
MEDIA	13.9	11.4	5.8	0.9	0.1	1.2	5.4	24.3	33.4	9.8	10.8	17.9	127.2	11.1	11.3
DESV.ST	23	16	15.5	3.1	0.6	7.6	14.9	36.5	36.8	22.7	20.2	28.8	85.2	7.2	2

EVAPORACIÓN MENSUAL
AÑO	ENE	FEB	MAR	ABR	MAY	JUN	JUL	AGO	SEP	OCT	NOV	DIC	ACUM	PROM	MESES
2009						0.02							0.02	0	1
MÍNIMA						0.02							0.02	0	1
MÁXIMA						0.02							0.02	0	1
MEDIA						0							0	0	1
DESV.ST															

TEMPERATURA MÁXIMA PROMEDIO
AÑO	ENE	FEB	MAR	ABR	MAY	JUN	JUL	AGO	SEP	OCT	NOV	DIC	ACUM	PROM	MESES
1980							38.7				29.5	27.7		32	3
1981	25.6	28.6	26.8	33.7	29.7	33.1	37.7	39.3	36.4	33.4	30.9	29.3		32	12
1982	25.2	28.2	28.7	34.2			40.2	40.2	39.4	33	32.8			33.5	9
1983					34.5	37.1	40.9	39.1	40.2	36.5	31.7	28.7		36.1	8
1984	26	27.2	30.5	31.2				34.1		31.3	29.3	25.6		29.4	8
1985	23.1	24	34.3	31.6	33.8	34.7	37	38.6	36.9	33.2	27.8	28.5		32	12
1986	30.3	28.5	28.9	34	31.3	35.4	37.2	38.4	37.7	33.3	30.1	25.9		32.6	12
1987	25.5	26.8	28.5	31.3	30.1	35.9	39.3	40.2	38.5	37.6	29.8	23.4		32.2	12
1988	28.4	29.3	29.8	30.5	32.9	35.3	36.4	37.9	37.5	33.3	29.2	25.4		32.2	12
1989	23.6	28	29.1	31.5	33.4	33.8	37.5	37.2	38.8	34.3	30.3	27.1		32	12
1990	26.1	25.3	28	30.2	33.3	36.2	36.8	37.5	37.5	35.6	29.3	25.2		31.8	12
1991	24.4	27.7	25.8	31.2	31.2	34.1	34.7	37.1	37	35.7	29.6	24.4		31.1	12
1992	22.8	25.3	24.7	30.8	31.1	36.2	37.2	36.1	37.6	34.6				31.6	10
1993	24.2	24.1	29.6	31	30.2	35.7	35.4	35.2	34.9	34.3	29.3	25.3		30.8	12
1994	27.5	26.7	27.6	30.4	31.5	34.9	36.4	36.6	37.1	33	28.5	24.9		31.3	12
1995	26.4	27.3	27.8	30.5	31.5	34.2	36.9	36	36.7	34.5	32.7	28.7		31.9	12
1996	29.7	27.6	29	32	34.5	35.8	36.6	36	34.1	33.3	30.2	28.1		32.2	12
1997	26.1	27.2	31.6	29.2	34.4	36.9	38.6	37.9	37.1	33.5	30.5	23.6		32.2	12
1998	26.9	25.3	27.5	28.7	32.2	39.1	37.9	38	36	34.6	29.9	25.8		31.8	12
1999	28	28.8	27.8	28.8	31.3	35.3	35.1	37.5	35.6	35.7	31.6	27.1		31.9	12
2000	29.7	28.9		32	31	34.3	37.4	37.1	36.7	30.6	26.9	28.4		32.1	11
2001	24.1	26.2	25.5	28.1	31.1	35.1	37.6	37.2	37.4	33.8	30.2	25.6		31	12
2002	26.3	28.3	28.6	29.3	34.2	33.8	35.9	36.2	37.5	30.7	30.1	25.1		31.3	12
2003	29.4	25	28.4	29.5	32.7	31.6	35	35.3	34.2	33.5	30.4	26		30.9	12
2004	24.4	25	29.4	28.6	32.7	33.7	37.3	37.9	35.3	31.9	27.7	26.3		30.9	12
2005	25.5	23.6	27.3	30.8	30.2	33.2	35.1	36.2	38.4	33.4	32.5	28.9		31.3	12
2006	29.5	28.8	28.7	33.1	32	35.9	37.7	39	35.9	33.4	33.7	28.5		33	12
2007	23.9	27	31.2	29.5	31.7	35.2	36.5	37.1	36.7	36.3	29.7	25.5		31.7	12
2008	26.5		32.5	34.2	33.6	35	37	36.1	36.7	36.4	31.4	26.3		33.2	11
2009	27.9	28.4	28.5	29.9	33.9	35.2	39.7	37.8	36.9	33.7	30	25.9		32.3	12
2010	25.9	25.6	29.3	29.3	32.2	33.8	35.4	38.3	37.1	32	29.1	26.7		31.2	12
2011	25.9	27.4	32	32	34.4	36.7	36.7	36.7	37.5	34.7	27.5	25.2		32.2	12
2012	29.4	25.4	28.9	29.2	33.4	36.6	37.1							31.4	7
2013	24.8	25.9	30.2	31	31.9	35.7	35.6	38.3	35.5	32.1	29.3	27.1		31.4	12
2014	28.5	28.9	29.9	31	35.8	37	38.7	38.8	34.5	33.6	30.2	28.3		32.9	12
2015	27.1	29.4	30.4	30.3	30.2	35.3	38.1	38.9	37.4	35.2	32.6	28.6		32.8	12
2016	28.5	32.5	31.1	30.6	30.5	35.2	37.6	35.9	35.3	36.1	30.9	25.5		32.5	12
2017	26.1	27.6	29.8	32.2	30.7	32.2	35.5	38.3	34.4	37.4	32.8	26		31.9	12
2018	28.3	25.6	31.4	31.7	32.5	34.4	37.7	37.7		30	28.2	25.8		31.2	11
2019	25.9	23.5	28.4	31.7	29.7	33.9	36.7	37.4	35.6	34.7	28.2	26.9		31	12
2020	24.3	25.5	25.8	30.2	32.6	37	37.2	38.3	38.8	35.6	32.4	27.2		32.1	12
2021	25.7	27.8	29.4	32.4	32.6	33.7								30.3	6
2022	21.3	21	22	23.6	30.1	32.6	37.5	37.6	40.1	36	32.6	26.2		30	12
2023	26	25	29.4	30.9	30.2	36.8	37.8	39.7	39.7	34.2	32	26.7		32.4	12
2024	29.8	25.9	27.7											27.8	3
MÍNIMA	21.3	21	22	23.6	29.7	31.6	34.7	34.1	34.1	30	26.9	23.4		27.8	3
MÁXIMA	30.3	32.5	34.3	34.2	35.8	39.1	40.9	40.2	40.2	37.6	33.7	29.3		36.1	12
MEDIA	26.4	26.8	28.9	30.8	32.1	35.1	37.2	37.5	36.9	34	30.3	26.5		31.8	11
DESV.ST	2.1	2.1	2.2	1.9	1.6	1.5	1.4	1.4	1.6	1.8	1.7	1.5		1.2	2.3

TEMPERATURA MÁXIMA EXTREMA
AÑO	ENE	FEB	MAR	ABR	MAY	JUN	JUL	AGO	SEP	OCT	NOV	DIC	ACUM	PROM	MESES
1980							43.5				35	32		36.8	3
1981	32	35	32.5	38	34.5	39.5	41	42	41.5	38	35	33		36.8	12
1982	31	33.5	33	40			43	43	43.5	36.5	35			37.6	9
1983					39	42	44	44	44	40	37	33		40.4	8
1984	30	31	34	36.5				39		36	33	31		33.8	8
1985	28	30	38.5	36	40	40	40	43	40	43	34	37		37.5	12
1986	35	38	37	41	38	43	45.5	44	42	38	33	33		39	12
1987	34	33	34	37	39	44.5	44	43.5	44	43.5	36	32		38.7	12
1988	34	34	36.5	35	43	43	42	41.5	42.5	42	35	34		38.5	12
1989	31	36.5	36	40.5	43.5	41	43	40	48.5	39.5	34	32		38.8	12
1990	33	34	35	38	38	41	40	42	41	39	36.5	34.5		37.7	12
1991	31.5	31	31	36	36	43	40.5	40	41	41	35	28		36.2	12
1992	28	31	29	39	37	44	43	40	42.5	40				37.4	10
1993	30	28	36	37	35	42.5	41.5	41	41	40	34	31.5		36.5	12
1994	33	30.5	33	40	42	42	41.5	40.5	40.5	39	36.5	30.5		37.4	12
1995	33	35	33.5	36	38	42	40	41	40.5	42	40	35		38	12
1996	35	36.5	35	36.5	40	39.5	41	40.5	40	41.5	37	33		38	12
1997	33	36	37.5	34	40.5	43.5	44	43.5	41.5	42	38	29		38.5	12
1998	33	34	37	34	38	44	44	41.5	40.5	40	34	33		37.8	12
1999	35	33	33	36.5	40	43	39	41	43.5	41.5	36	32		37.8	12
2000	38	33		36	38	37.5	42	41	41.5	38	32	35		37.5	11
2001	32.5	36	33	34	38.5	42	41.5	42	44	41.5	35	32		37.7	12
2002	33	35	33	39.5	39	42.5	40.5	41.5	42.5	37	35	30		37.4	12
2003	34	31.5	36.5	36	39	38	41	39	42	38.5	36	34		37.1	12
2004	29	34	38	36.5	37	40.5	43	42.5	41	39	34	34.5		37.4	12
2005	32	27	32	35	34.5	43.5	40	42	41.5	40	37	33		36.5	12
2006	35.5	37	37	41	35.5	41	42	43	41	39	37	32.5		38.5	12
2007	30	34	36	35.5	38.5	43	42	42	40.5	41	37.5	30		37.5	12
2008	32		36	42	42.5	45	40.5	41	41	41	40	31		39.3	11
2009	33	39	40	37	41	39	45	42	45	40.5	35	31.5		39	12
2010	32	32.5	35	35	37	44	41	44.5	41	37	38	35		37.7	12
2011	32	36	37.5	39	39	43	41	41.5	44	41.5	34	32		38.4	12
2012	37	32	36	35	40	42	40							37.4	7
2013	32	32.5	38	35.5	39	41	40	43	42	36	35.5	33		37.3	12
2014	33.5	37	35	40	44	42	44.5	43.5	41	39.5	35	33		39	12
2015	33	34.5	36	38	41.5	45	44	44	40	41.5	38	37		39.4	12
2016	36	39	37	36.5	34	45	45	41	41	41.5	36	36		39	12
2017	33	37	35	38.5	37.5	37	41	42	41	42	38	31		37.8	12
2018	35.5	34	37	40	42	44	43.5	41		37	33	33		38.2	11
2019	31	31	34	37.5	34.5	43	44	42	40.5	40.5	35	33		37.2	12
2020	30	32	32	38	37	43.5	44	43	43	41	41	31		38	12
2021	33	35.5	37	43	39	41								38.1	6
2022	26	27	29.5	32	33	38	41	41	46	38	36	33		35	12
2023	31	32	35	38	34	45	42.5	43	44	44	38	33		38.3	12
2024	37	34	39											36.7	3
MÍNIMA	26	27	29	32	33	37	39	39	40	36	32	28		33.8	3
MÁXIMA	38	39	40	43	44	45	45.5	44.5	48.5	44	41	37		40.4	12
MEDIA	32.6	33.6	35.1	37.4	38.5	42	42.1	41.9	42.1	39.9	35.9	32.7		37.7	11
DESV.ST	2.5	2.9	2.5	2.4	2.8	2.1	1.7	1.4	1.8	2	2	1.9		1.1	2.3

TEMPERATURA MÍNIMA PROMEDIO
AÑO	ENE	FEB	MAR	ABR	MAY	JUN	JUL	AGO	SEP	OCT	NOV	DIC	ACUM	PROM	MESES
1980							20.9				12.4	9.8		14.4	3
1981	10.3	10.4	9.8	13.2	11.1	14.6	21.1	21	20.2	15.6	12.4	9.7		14.1	12
1982	7.5	8.7	10	12.8			21.2	21.4	20.9	14.8	15.8			14.8	9
1983					12.5	13.9	21.5	20.3	23	16.6	11.1	9.5		16	8
1984	7.9	8.8	9.1	8.6				21.8		14.5	7.2	8.6		10.8	8
1985	9.6	10.4	12.7	14.3	16	19.4	20.5	20.8	20.3	15.5	10.7	9.5		15	12
1986	10.7	10.4	9.6	15.7	11.7	15.2	20.2	21.8	18.3	14.4	14.1	10		14.3	12
1987	6.7	7.3	9.8	10.6	11.3	14.2	18.3	20.9	20.1	19	10.5	8		13.1	12
1988	9.4	10.7	8	11.5	11.8	13.2	19	19.3	18.6	15.1	10.4	8.5		13	12
1989	6	9.3	8.1	10	11.5	13.5	18.3	20.8	20.9	16.5	12.6	8.8		13	12
1990	7.2	7.3	9.1	10.7	12.5	17.1	21.6	20.5	21.1	17.1	12	10.3		13.9	12
1991	9	10.5	9.3	10.5	9.2	11.7	16.4	19.6	20.4	18.5	11.9	8.9		13	12
1992	9.5	10.3	9.7	12.1	14.1	15.7	20.9	21.4	22.8	18				15.4	10
1993	12	9.8	11.2	11.5	12.6	15.6	18.8	20.9	19.8	18.6	15.3	11.9		14.8	12
1994	9.9	9.3	10.8	11.4	10.9	15.7	18.9	21.5	21.1	16	12	9.8		13.9	12
1995	8.5	11.8	10.3	9.8	11.4	12.8	19.9	21.1	21.4	15	14.6	9.2		13.8	12
1996	8.5	9.9	9.1	10.5	12.2	16.4	20.1	22	19.1	14.8	12	9.4		13.7	12
1997	7.7	7.2	10.9	9	13.1	15.2	20.4	22.8	23.2	16.4	13.1	8.3		13.9	12
1998	8	8.9	9.6	9.9	11.4	14.1	22.1	22.2	19.8	14.3	10.3	6.8		13.1	12
1999	6.4	8.6	6.7	8.6	9.7	14.1	18.6	20	19.3	15.7	10.4	7.6		12.1	12
2000	8.8	8.2		10	10.7	15.6	19	21.1	20.6	15.5	9.5	9.6		13.5	11
2001	6.5	8.5	7.2	9	11.4	16.1	19.4	19.9	19.6	14.8	11.3	6.9		12.6	12
2002	6.7	9.4	7.4	11.2	11.1	14.1	17.3	18.1	20.7	12	11.2	7.4		12.2	12
2003	10.4	10	8.9	9.5	12	10.9	18.2	21.1	20.2	16.2	11.6	7		13	12
2004	5.7	6.4	9.1	9.1	10.3	11.7	19.5	18.5	19.4	13.5	9.7	7.4		11.7	12
2005	7.5	8.2	7.8	9.6	10.8	12.8	17.9	19.6	18.7	16.3	14.1	10.2		12.8	12
2006	9.8	9.9	10.9	12.7	12.3	17	22.4	23.1	21.9	17.6	14.1	10.2		15.2	12
2007	9	10.4	11	10.7	12.4	16.2	20.2	22.3	21.3	17.4	13.8	9.6		14.5	12
2008	10.6		10.8	11.1	12.9	16.6	20	23.2	22.2	19.4	14.9	11		15.7	11
2009	10.7	11.6	11.8	11.9	13.5	14.9	22.5	21.5	22.9	20.6	14.3	10.5		15.6	12
2010	11.8	10.9	12.1	12.1	12.3	14.4	18.1	22	21	15.5	12.2	11.2		14.5	12
2011	10.1	8.8	10.4	12.2	12.8	16.1	19.9	22.8	21.6	16.4	12.7	9.4		14.4	12
2012	11.6	9.5	10.8	11.9	13.5	15.3	20.1							13.2	7
2013	10	9.4	11.3	11.3	13.9	17.1	20.7	22.4	21	16.3	14.2	11.3		14.9	12
2014	12.2	11.2	11.8	11.6	15.2	18.6	23.6	24	24	19.4	13.3	13.6		16.5	12
2015	13.1	13.6	14	14.7	13.7	19.1	21.3	23.5	24.7	19.2	16.1	11.4		17	12
2016	10.1	13.1	11.6	12.7	12.4	16.6	21.7	21.3	20.6	20.1	17	12.1		15.8	12
2017	10.6	12.4	13.2	14.2	14.1	17.2	22.5	24.6	21.1	20	17	14.2		16.8	12
2018	13.9	13.9	13.9	13.9	15.3	17.9	22	24.5		18.3	15	12.1		16.4	11
2019	12.4	12.2	12.7	14.8	14.3	16.5	22.7	23.7	23.7	18.3	17.9	13.6		16.9	12
2020	12.1	12.3	13.3	13.6	15.3	18.9	23.3	25.8	24.4	20.4	15.8	10.9		17.2	12
2021	10.8	11.5	11.7	13.9	14.7	18.4								13.5	6
2022	5.3	6.8	7	8.9	9.7	14.6	18.7	19.6	21.4	15.9	13.3	12.3		12.8	12
2023	9.7	10.7	12.6	13	12.9	18.7	22.8	25.4	23.9	19.1	17.7	11.5		16.5	12
2024	14.1	12.1	13.1											13.1	3
MÍNIMA	5.3	6.4	6.7	8.6	9.2	10.9	16.4	18.1	18.3	12	7.2	6.8		10.8	3
MÁXIMA	14.1	13.9	14	15.7	16	19.4	23.6	25.8	24.7	20.6	17.9	14.2		17.2	12
MEDIA	9.5	10	10.4	11.5	12.5	15.6	20.3	21.7	21.2	16.8	13.1	9.9		14.3	11
DESV.ST	2.2	1.8	1.9	1.9	1.6	2.1	1.7	1.8	1.6	2.1	2.4	1.9		1.5	2.3

TEMPERATURA MÍNIMA EXTREMA
AÑO	ENE	FEB	MAR	ABR	MAY	JUN	JUL	AGO	SEP	OCT	NOV	DIC	ACUM	PROM	MESES
1980							17				7	5		9.7	3
1981	5.5	5	6.5	9.5	7.5	10	20	19	13	10	6.5	4		9.7	12
1982	5	5.5	6	8			13	18.5	13	11	14			10.4	9
1983					7	10	12	14	19	10	4	5		10.1	8
1984	4	4	7	3				18		7	2	4		6.1	8
1985	5	5	10	10	5	9	18	18	10	10	6	2		9	12
1986	7	5	3	6	8	10	14	19.5	10.5	10	9	6		9	12
1987	1	2	5	7	9	10	13	18	15	13	7	0		8.3	12
1988	3	5	3.5	7	9	9	15	16	12.5	9	7	2		8.2	12
1989	3	4	3	7	6.5	8	9	17	18	9	6	4		7.9	12
1990	2	2.5	3	6.5	8	10	15	17	16	11	8	5		8.7	12
1991	4	4.5	5.5	5	6	7	11.5	15	14	9.5	6.5	5		7.8	12
1992	4.5	6.5	5	7.5	11	10	16	17	20	13				11.1	10
1993	8.5	5	6	8	9	12	15	17	13	12	10	6		10.1	12
1994	6	5.5	6	7	7.5	11	16	20	20	10	7	5		10.1	12
1995	5.5	9	7	5.5	8	8	13	18	12.5	10	10.5	4.5		9.3	12
1996	3.5	4.5	5	8	9	13	16	19.5	13	7	5	4.5		9	12
1997	1	2.5	4.5	3.5	10.5	10.5	15	20	19.5	12	8	1.5		9	12
1998	4	5	6	6	9	9	19	19.5	12	9	6	1		8.8	12
1999	2	4.5	4	3.5	5.5	7.5	15	13.5	15	10	3	2		7.1	12
2000	5	3		7.5	7.5	10	16	17	16	8	4.5	4.5		9	11
2001	-1	4	3	4	8	11	17	15	11.5	12	4	1.5		7.5	12
2002	1.5	4	1.5	5	7	10	13	14	18	7	7	3		7.6	12
2003	5	3.5	2	5	8	8	15	18	14	9	4	1		7.7	12
2004	1.5	2.5	2.5	5.5	7	9	15.5	14.5	11.5	8.5	6	0		7	12
2005	3	3.5	4.5	5	7	9	14.5	14	12.5	10.5	10	6		8.3	12
2006	4.5	6	6	9	8	13	18.5	21	18	12.5	7	5		10.7	12
2007	5	6	6.5	9	9	11	17	19	16.5	11.5	9	5.5		10.4	12
2008	5		7	9	3.5	12	12	19.5	16	12	10	7		10.3	11
2009	7	7	7	9	9.5	9	18	18	20	13	9	8		11.2	12
2010	9	7	7.5	10	9.5	11	12.5	19	16.5	11	5	7.5		10.5	12
2011	5.5	2	7	8	10.5	10	10	19	16	10	9.5	5		9.4	12
2012	7	5	5	8	11	11	15							8.9	7
2013	4	5	7	9	11	12	18	20	15	12	9.5	6		10.7	12
2014	8	7	9	9.5	10	15	20	19	21	15	11	9		12.8	12
2015	7.5	10.5	11	12	9	10	18	16	22	10	11	6		11.9	12
2016	6	6.5	7	9	10	12	18	17	14	14	12.5	8.5		11.2	12
2017	7	9	11	11	11.5	12	19	21	12	14	11	8.5		12.2	12
2018	10	7	6	10.5	13	13.5	13	21		11	11	3		10.8	11
2019	7.5	8	9	11	12.5	11	18	15	18.5	15.5	11	7		12	12
2020	9	7	8	10	12	15.5	14.5	21	22	13	10.5	7		12.5	12
2021	7	8	6.5	11	11.5	13.5								9.6	6
2022	0	4	4	4	5	9	15	17	20	13	12	8		9.2	12
2023	4	6	8	9	9	12	15	14	17	12	12	6		10.3	12
2024	11	9	10											10	3
MÍNIMA	-1	2	1.5	3	3.5	7	9	13.5	10	7	2	0		6.1	3
MÁXIMA	11	10.5	11	12	13	15.5	20	21	22	15.5	14	9		12.8	12
MEDIA	5	5.4	6	7.6	8.7	10.6	15.4	17.6	15.7	10.9	8	4.7		9.6	11
DESV.ST	2.7	2	2.3	2.3	2.1	1.9	2.6	2.2	3.3	2.1	2.9	2.4		1.5	2.3

TEMPERATURA MEDIA MENSUAL
AÑO	ENE	FEB	MAR	ABR	MAY	JUN	JUL	AGO	SEP	OCT	NOV	DIC	ACUM	PROM	MESES
1980							29.8				21	18.8		23.2	3
1981	18	19.5	18.3	23.5	20.4	23.9	29.4	30.1	28.3	24.5	21.6	19.5		23.1	12
1982	16.4	18.4	19.4	23.5			30.7	30.8	30.1	23.9	24.3			24.2	9
1983					23.5	25.5	31.2	29.7	31.6	26.6	21.4	19.1		26.1	8
1984	17	18	19.8	19.9				28		22.9	18.2	17.1		20.1	8
1985	16.4	17.2	23.5	23	24.9	27	28.8	29.7	28.6	24.4	19.2	19		23.5	12
1986	20.5	19.4	19.2	24.9	21.5	25.3	28.7	30.1	28	23.8	22.1	18		23.5	12
1987	16.1	17	19.1	21	20.7	25	28.8	30.6	29.3	28.3	20.1	15.7		22.6	12
1988	18.9	20	18.9	21	22.4	24.2	27.7	28.6	28	24.2	19.8	17		22.6	12
1989	14.8	18.6	18.6	20.8	22.4	23.6	27.9	29	29.8	25.4	21.4	18		22.5	12
1990	16.7	16.3	18.6	20.4	22.9	26.7	29.2	29	29.3	26.4	20.6	17.8		22.8	12
1991	16.7	19.1	17.6	20.9	20.2	22.9	25.6	28.4	28.7	27.1	20.8	16.6		22	12
1992	16.1	17.8	17.2	21.4	22.6	26	29	28.8	30.2	26.3				23.5	10
1993	18.1	17	20.4	21.2	21.4	25.7	27.1	28	27.4	26.4	22.3	18.6		22.8	12
1994	18.7	18	19.2	20.9	21.2	25.3	27.6	29	29.1	24.5	20.2	17.4		22.6	12
1995	17.4	19.6	19	20.1	21.4	23.5	28.4	28.6	29	24.8	23.7	19		22.9	12
1996	19.1	18.8	19	21.2	23.4	26.1	28.4	29	26.6	24	21.1	18.8		23	12
1997	16.9	17.2	21.2	19.1	23.8	26	29.5	30.4	30.1	25	21.8	16		23.1	12
1998	17.4	17.1	18.6	19.3	21.8	26.6	30	30.1	27.9	24.5	20.1	16.3		22.5	12
1999	17.2	18.7	17.2	18.7	20.5	24.7	26.9	28.8	27.5	25.7	21	17.4		22	12
2000	19.2	18.5		21	20.9	25	28.2	29.1	28.7	23	18.2	19		22.8	11
2001	15.3	17.4	16.4	18.6	21.2	25.6	28.5	28.6	28.5	24.3	20.8	16.2		21.8	12
2002	16.5	18.9	18	20.2	22.7	24	26.6	27.2	29.1	21.4	20.6	16.2		21.8	12
2003	19.9	17.5	18.6	19.5	22.4	21.2	26.6	28.2	27.2	24.9	21	16.5		22	12
2004	15	15.7	19.2	18.9	21.5	22.7	28.4	28.2	27.3	22.7	18.7	16.9		21.3	12
2005	16.5	15.9	17.6	20.2	20.5	23	26.5	27.9	28.5	24.9	23.3	19.5		22	12
2006	19.6	19.4	19.8	22.9	22.1	26.4	30	31	28.9	25.5	23.9	19.4		24.1	12
2007	16.4	18.7	21.1	20.1	22	25.7	28.4	29.7	29	26.8	21.8	17.6		23.1	12
2008	18.6		21.6	22.7	23.2	25.8	28.5	29.6	29.5	27.9	23.1	18.6		24.5	11
2009	19.3	20	20.1	20.9	23.7	25	31.1	29.6	29.9	27.2	22.1	18.2		23.9	12
2010	18.9	18.2	20.7	20.7	22.2	24.1	26.8	30.1	29	23.8	20.6	19		22.8	12
2011	18	18.1	21.2	22.1	23.6	26.4	28.3	29.8	29.6	25.6	20.1	17.3		23.3	12
2012	20.5	17.4	19.9	20.6	23.4	26	28.6							22.3	7
2013	17.4	17.6	20.8	21.1	22.9	26.4	28.1	30.3	28.2	24.2	21.8	19.2		23.2	12
2014	20.4	20	20.9	21.3	25.5	27.8	31.2	31.4	29.2	26.5	21.8	21		24.8	12
2015	20.1	21.5	22.2	22.5	22	27.2	29.7	31.2	31	27.2	24.4	20		24.9	12
2016	19.3	22.8	21.4	21.6	21.4	25.9	29.6	28.6	28	28.1	24	18.8		24.1	12
2017	18.4	20	21.5	23.2	22.4	24.7	29	31.4	27.8	28.7	24.9	20.1		24.3	12
2018	21.1	19.8	22.6	22.8	23.9	26.1	29.9	31.1		24.1	21.6	19		23.8	11
2019	19.1	17.9	20.5	23.2	22	25.2	29.7	30.5	29.6	26.5	23	20.2		24	12
2020	18.2	18.9	19.6	21.9	24	28	30.2	32	31.6	28	24.1	19		24.6	12
2021	18.2	19.6	20.5	23.1	23.6	26								21.8	6
2022	13.3	13.9	14.5	16.2	19.9	23.6	28.1	28.6	30.8	26	23	19.2		21.4	12
2023	17.9	17.9	21	22	21.6	27.8	30.3	32.5	31.8	26.7	24.9	19.1		24.5	12
2024	22	19	20.4											20.5	3
MÍNIMA	13.3	13.9	14.5	16.2	19.9	21.2	25.6	27.2	26.6	21.4	18.2	15.7		20.1	3
MÁXIMA	22	22.8	23.5	24.9	25.5	28	31.2	32.5	31.8	28.7	24.9	21		26.1	12
MEDIA	17.9	18.4	19.6	21.1	22.3	25.3	28.7	29.6	29	25.4	21.7	18.3		23	11
DESV.ST	1.8	1.6	1.7	1.7	1.3	1.5	1.3	1.2	1.3	1.7	1.8	1.3		1.2	2.3
