COMISIÓN NACIONAL DEL AGUA
COORDINACIÓN GENERAL DEL SERVICIO METEOROLÓGICO NACIONAL
BASE DE DATOS CLIMATOLÓGICA NACIONAL 

ESTADÍSTICA MENSUAL
EMISIÓN   : 25/10/2024 

DATOS DISPONIBLES EN LA BASE DE DATOS A: OCTOBER DE 2024; 
CON LA INFORMACIÓN SUMINISTRADA POR LAS UNIDADES ADMINISTRATIVAS 

 ESTACIÓN  : 3175 
 NOMBRE    : LA MUELA 
 ESTADO    : BAJA CALIFORNIA SUR 
 MUNICIPIO : LA PAZ 
 SITUACIÓN : OPERANDO 
 CVE-OMM   :   
 LATITUD   : 23.58194444 ° 
 LONGITUD  : -110.2208333 ° 
 ALTITUD   : 140 msnm 


LLUVIA MÁXIMA 24 H.
AÑO	ENE	FEB	MAR	ABR	MAY	JUN	JUL	AGO	SEP	OCT	NOV	DIC	ACUM	PROM	MESES
1991	0	5	0	0	0	0	0	9.4	36	23	21	50	144.4	12	12
1992	40	13	6	0	0	0	24	30	12	0	2	102	229	19.1	12
1993	35	0	0	0	0	0	6	18	44	0	0	0	103	8.6	12
1994					0	0	0	15	0	0	89	30	134	16.8	8
1995		0	0	0	0	0	0	8	43	0	0	10	61	5.5	11
1996	0	0	0	0	0	0	0	124	280	0	0	0	404	33.7	12
1997	24	0	0	0	0	0	23	42	25	0	24.5	7	145.5	12.1	12
1998	0	7.5	0	0	0	0	5	34	225	0	0	0	271.5	22.6	12
1999	0	0	0	0	0	0	6.5	20	25	0	0	0	51.5	4.3	12
2000	0	0	2.5	0	0	0	0	15.5	60	50	7	0	135	11.2	12
2001	0	0	3	0	0	0	7.5	10.5	200	4	0	0	225	18.8	12
2002	0	12.5	0	0	0	0	40	0	13	0	5.5	2.5	73.5	6.1	12
2003	6.5	22	0	0	0	0	3.5	140	115	12	0	0	299	24.9	12
2004	30	0	4	0	0	0	25	24	33	4.5	0	5	125.5	10.5	12
2005	15	60.5	0	0	0	0	0	27	12	3	0	0	117.5	9.8	12
2006	14.5	0	0	0	0	0	49	8	90	100	0	0	261.5	21.8	12
2007	10	0	0	0	0	0	0	0	173	0	20	9	212	17.7	12
2008	0	0	0	0	0	0	0	34.5	22	50	0	0	106.5	8.9	12
2009	0	0	8.5	0	0	0	3	26	33	23		20	113.5	10.3	11
2010	4	18	4	0	0	0	0	0	37	0	0	0	63	5.2	12
2011	0	0	0	0	0	0	0	6.5	7.5	0	22	0	36	3	12
2012	0	3.5	0	0	0	0	0	38	30	70	0	12	153.5	12.8	12
2013	0	0	0	0	0	0	0	9	27.5	33.5	0	0	70	5.8	12
2014	0	0	0	0	0	0	59	62	185	5	0	0	311	25.9	12
2015	9	3	15	0	0	19	34	27	30	60	0	4	201	16.8	12
2016	0	0	2.5	0	0	0	5	20	150	0	16	0	193.5	16.1	12
2017	0	12.5	2	0	0	0	3	145	203	3	0	0	368.5	30.7	12
2018	2	5	0	0	0	23	0	6.5	50	11	0	40	137.5	11.5	12
2019	14.5	0	3	0	0	0	0	58	18	64	82	0	239.5	20	12
2020	0	0	0	0	0	0	0	40	60	7	0	0	107	8.9	12
2021	5	0	0	0	0	0	0	17	172	56	4	13	267	22.2	12
2022	0	0	0	0	0	0	0	28	0	0	0	0	28	2.3	12
2023	21	0	0	0	0	0	24	38	22	0	0	0	105	8.8	12
2024	0	0	0	0	0								0	0	5
MÍNIMA	0	0	0	0	0	0	0	0	0	0	0	0	0	0	5
MÁXIMA	40	60.5	15	0	0	23	59	145	280	100	89	102	404	33.7	12
MEDIA	7.2	4.9	1.5	0	0	1.3	9.6	32.8	73.7	17.5	9.2	9.2	161.6	13.7	11.6
DESV.ST	11.4	11.6	3.2	0	0	5.1	15.9	36.7	77.5	26.9	21.4	20.6	99.2	8.3	1.4

LLUVIA TOTAL MENSUAL
AÑO	ENE	FEB	MAR	ABR	MAY	JUN	JUL	AGO	SEP	OCT	NOV	DIC	ACUM	PROM	MESES
1991	0	5	0	0	0	0	0	11.4	51.5	41	34.7	62	205.6	17.1	12
1992	96	16	6	0	0	0	40	58.5	14.5	0	2	102	335	27.9	12
1993	50	0	0	0	0	0	6	40.5	88	0	0	0	184.5	15.4	12
1994					0	0	0	32	0	0	114.5	44	190.5	23.8	8
1995		0	0	0	0	0	0	17.5	83	0	0	10	110.5	10	11
1996	0	0	0	0	0	0	0	184	374	0	0	0	558	46.5	12
1997	46	0	0	0	0	0	73.5	80	129	0	46	9	383.5	32	12
1998	0	7.5	0	0	0	0	18.5	62.5	335	0	0	0	423.5	35.3	12
1999	0	0	0	0	0	0	6.5	31.5	35	0	0	0	73	6.1	12
2000	0	0	2.5	0	0	0	0	18	105.5	68	10.5	0	204.5	17	12
2001	0	0	6	0	0	0	10.5	10.6	501	4	0	0	532.1	44.3	12
2002	0	12.5	0	0	0	0	45.5	0	13	0	5.5	2.5	79	6.6	12
2003	6.5	22	0	0	0	0	3.5	212	202	12	0	0	458	38.2	12
2004	75	0	4	0	0	0	25	60.3	113	10	0	5	292.3	24.4	12
2005	18	84	0	0	0	0	0	53	27	3	0	0	185	15.4	12
2006	20.5	0	0	0	0	0	75.5	22	323	157	0	0	598	49.8	12
2007	30	0	0	0	0	0	0	0	218	0	24	14	286	23.8	12
2008	0	0	0	0	0	0	0	110.5	62.5	137	0	0	310	25.8	12
2009	0	0	8.5	0	0	0	6	45	65	73		20	217.5	19.8	11
2010	4	29	4	0	0	0	0	0	58	0	0	0	95	7.9	12
2011	0	0	0	0	0	0	0	9.5	11	0	23	0	43.5	3.6	12
2012	0	5.5	0	0	0	0	0	74	95	102	0	21	297.5	24.8	12
2013	0	0	0	0	0	0	0	19.8	64.1	33.5	0	0	117.4	9.8	12
2014	0	0	0	0	0	0	115	105	228	5	0	0	453	37.8	12
2015	18	3	27	0	0	19	46.5	89.5	77.5	116.5	0	4	401	33.4	12
2016	0	0	4.5	0	0	0	7.5	47	173	0	16	0	248	20.7	12
2017	0	12.5	2	0	0	0	3	145	251	3	0	0	416.5	34.7	12
2018	2	8	0	0	0	31	0	12	158	24	0	40	275	22.9	12
2019	14.5	0	5	0	0	0	0	58	21	88	149.5	0	336	28	12
2020	0	0	0	0	0	0	0	50	97	9	0	0	156	13	12
2021	7	0	0	0	0	0	0	29	176	66.5	4	13	295.5	24.6	12
2022	0	0	0	0	0	0	0	36.5	0	0	0	0	36.5	3	12
2023	21	0	0	0	0	0	32	101.5	28	0	0	0	182.5	15.2	12
2024	0	0	0	0	0								0	0	5
MÍNIMA	0	0	0	0	0	0	0	0	0	0	0	0	0	0	5
MÁXIMA	96	84	27	0	0	31	115	212	501	157	149.5	102	598	49.8	12
MEDIA	12.8	6.2	2.1	0	0	1.5	15.6	55.3	126.6	28.9	13.4	10.5	264.1	22.3	11.6
DESV.ST	23.4	15.7	5	0	0	6.2	27.6	51.2	121.1	45.3	33.4	22.1	155.8	12.9	1.4

EVAPORACIÓN MENSUAL
AÑO	ENE	FEB	MAR	ABR	MAY	JUN	JUL	AGO	SEP	OCT	NOV	DIC	ACUM	PROM	MESES
1991	124.2	136.4	174.5	220.7	250.3	282.5	285.3	283.2	233.5	182.6	146	100.8	2420	201.7	12
1992	88.4	96	181.7	261.6	294.6	247.6	241.2	183.3	245.6	242.4	190.1	123.6	2396.1	199.7	12
1993	112.5	120	202.3	231.9	238.3	261.9	267.8	221.5	201.4	241.5	177.6	140.8	2417.5	201.5	12
1994					238.9	266.6	311.9	194.6	284.4	305.5	186.5	126.8	1915.2	239.4	8
1995		13.1	12.69	15.44	18.76	23.52	30.97	26.81	23.38	25.34	18.64	14.07	222.72	20.2	11
1996	13.68	15.37	18.21	18.45	19.91	23.48		23.06	4.44	14.63	12.58	14.9	178.71	16.2	11
1997	11.31	11.21	15.07	13	17.62	16.95	22.71	21.24	13.96	15.38	9.8	11.33	179.58	15	12
1998	10.46	14.01	17.21	17.8	19.74	25.3	23.96	27.9	10.52	23.68	16.41	13.68	220.67	18.4	12
1999	14.41	14.67	16.46	18.97	19.47	23.14	26.6	24.61	21.21	25.62	23.07	16.21	244.44	20.4	12
2000	138.98	142.85	155.25	155.5	159.5	216.65	271.58	294.8	229.9	228.1	182.45	186.24	2361.8	196.8	12
2001	164.95	168.25	18			232.05	299.3	291.5	238.5	156	180.75	172.25	1921.55	192.2	10
2002	135.02	125	142.11	182.25	186.75	165.3	226.75	271.61	254.5	249.94	181.53	153.36	2274.12	189.5	12
2003	141.69	119.5	142.5	168.3	163.75	145.04	212.86	200.74	168.56	237.14	225.83	146.44	2072.35	172.7	12
2007											172.25	109.78	282.03	141	2
2009	116.4	122.79											239.19	119.6	2
2010		123.25									172.95	113.68	409.88	136.6	3
2013	147.67	139	205.9	188.5	216.18								897.25	179.4	5
2014	161.4	164.15	202.05	203.75	258.98	260.99							1251.32	208.6	6
2015	127.15	158.4	190	198.75	230.5	244.14	258.06	184.99	168.78	202.61			1963.38	196.3	10
2016	103.6	182.41	163.24	186.7	177.85	204.75	268.35	213.7	180.05	277.35	238.77	181.15	2377.92	198.2	12
2017	122.3	80.79	75.38	118.19	108.45	148.58	201.07	191.64	151.75	183.01	187.92	149.97	1719.05	143.3	12
2019	174.01	147.25	183.29	174	152.75	199.75		276.21				158.51	1465.77	183.2	8
2023											3.5		3.5	3.5	1
2024	126.99	159	166.75	213.75	238.75								905.24	181	5
MÍNIMA	10.46	11.21	12.69	13	17.62	16.95	22.71	21.24	4.44	14.63	3.5	11.33	3.5	3.5	1
MÁXIMA	174.01	182.41	205.9	261.6	294.6	282.5	311.9	294.8	284.4	305.5	238.77	186.24	2420	239.4	12
MEDIA	107.1	107.3	120.1	143.8	158.5	166	196.6	172.4	151.9	163.2	129.3	107.4	1264.1	140.6	8.9
DESV.ST	54.3	58.5	78	86.6	96	99.4	110.5	105.2	101.7	105.4	86.2	63.9	928.4	78.1	3.9

TEMPERATURA MÁXIMA PROMEDIO
AÑO	ENE	FEB	MAR	ABR	MAY	JUN	JUL	AGO	SEP	OCT	NOV	DIC	ACUM	PROM	MESES
1991	26.6	28.3	27.3	31.8	28.5	30.9	32.6	35.1	34.6	32.3	28.8	24.9		30.1	12
1992	23.8	25.6	27.2	30.3	31.5	30.8	34.7	34.2	36.1	35.2	30.6	26.7		30.6	12
1993	26.5	26.3	28.6	30.6	28.2	31.4	32.4	34.1	32.7	34.8	30.1	28.4		30.3	12
1994					30.8	32.4	34.7	33.9	37.4	35.4	30	25.9		32.6	8
1995		29.3	28.3	29.2	28.8	31.7	35.7	33.8	33.3	32.9	31.4	27.2		31.1	11
1996	27.6	27.8	27.3	28.6	30.4	30.5	33.1	33	30.5	32.6	31.6	28.3		30.1	12
1997	25.4	24.8	29	26	31.4	29.7	35.2	34.6	33.3	33.1	30.4	26.1		29.9	12
1998	27.7	25.8	27.6	29	31.3	34.9	34.7	35.2	31.4	33.8	29.8	26.4		30.6	12
1999	27.2	29.5	29.3	31.1	32.3	34.1	36.5	36.8	34.4	35.9	32.9	27.9		32.3	12
2000	28.3	30.5	28.4	31.4	32.5	33.9	36.5	37.5	35.6	31.8	28.4	29.7		32	12
2001	26.2	29.7	26.8	30.3	31.4	33.5	36	37.1	34	32.1	30.3	25.1		31	12
2002	25.5	27.1	28.5	30.8	32.9	29.7	34.6	35.6	34	32.9	30.8	26		30.7	12
2003	29.2	26.5	28.3	30.9	31.7	29.8	34.7	34.8	32.1	32	30.6	26		30.6	12
2004	23.5	24.6	28	28	30.5	32.4	35.7	38.2	37.7	38.2	31.9	29.1		31.5	12
2005	28.5	27.6	29.9	33.2	35.5	37.2	35.8	35.1	36.6	31.7	31.9	29.6		32.7	12
2006	28.7	29.4	30.6	33.2	31.3	33.6	36	34.9	32.8	32.8	31.6	27.3		31.9	12
2007	24.2	27.1	30.8	30.3	31.3	32.8	34.2	35.8	33.5	34.5	30.5	25.4		30.9	12
2008	27	28.7	30.2	33	30.6	32	34.2	33.7	33.1	34	30.1	27.4		31.2	12
2009	28.1	30.1	29.4	29.8	32.9	33.1	36.3	36.8	36.5	33.4		28.6		32.3	11
2010	29.2	28.1	31.2	31.1	34.9	33.2	34.6	37.7	36.6	33.4	31.5	28.1		32.5	12
2011	28.2	28.1	33.1	32.4	34.3	35.2	37.4	37.1	36.1	35.8	29.9	25.8		32.8	12
2012	29.4	27.3	29.2	30.3	32.6	32.5	35.2	35.2	33.8	32.9	32.1	27.5		31.5	12
2013	26.6	27.2	31.8	29.9	31.2	32.5	34.1	35.6	33	33.5	30.5	28		31.2	12
2014	29.5	30.4	30.5	32	34.4	34.8	35.1	34.9	32.8	33.5	31	28.3		32.3	12
2015	27.7	29.6	29.9	30.8	30.9	33.1	35	35.5	34.3	32.8	29.4	25.1		31.2	12
2016	28.3	32	30.1	31.2	30.5	32.6	35	33.1	33.2	35.6	32.8	28.5		31.9	12
2017	27.1	28.5	30.7	30.4	28.4	29.5	36.1	36.5	32.6	35.4	33.4	27.7		31.4	12
2018	30	28.6	32.5	32.2	33.2	33.5	36.1	35.4	34.3	31.9	30.9	26.5		32.1	12
2019	28.2	28.9	31.4	31.1	29.6	32.4	36.1	36.9	36.5	34.2	30.2	28		32	12
2020					31.2	33.7	35.4	35.8	36.4	35.4	34.2	29.3		33.9	8
2021	28.7	29.6	31.8	32.1	33.2	34.5	36.1	35.6	34	34.3	32.9	31.3		32.8	12
2022	31	30.2	32.2	30.5	31.1	32.7	36.9	36.4	34.6	35.5	31.1	31.8		32.8	12
2023	29	28.4	31.9		30.5	33.8	37.3	37.3	37.6	33.2	33.6	31.8		33.1	11
2024	29.1	29.6	31	32.5	33.6									31.2	5
MÍNIMA	23.5	24.6	26.8	26	28.2	29.5	32.4	33	30.5	31.7	28.4	24.9		29.9	5
MÁXIMA	31	32	33.1	33.2	35.5	37.2	37.4	38.2	37.7	38.2	34.2	31.8		33.9	12
MEDIA	27.6	28.3	29.8	30.8	31.6	32.7	35.3	35.6	34.4	33.8	31.1	27.7		31.6	11.5
DESV.ST	1.8	1.7	1.7	1.6	1.8	1.8	1.2	1.4	1.9	1.5	1.4	1.8		1	1.5

TEMPERATURA MÁXIMA EXTREMA
AÑO	ENE	FEB	MAR	ABR	MAY	JUN	JUL	AGO	SEP	OCT	NOV	DIC	ACUM	PROM	MESES
1991	32	33	32.5	39	33.5	35	38	38	38	36	32.5	28.5		34.7	12
1992	27	30.5	31.5	36	40.5	40.5	38.5	37	38.5	38	33.5	32		35.3	12
1993	31	29.5	34	36.5	37	37.5	37	37.5	35	38.5	33.5	34		35.1	12
1994					35.5	39.5	38.5	39	39.5	36.5	36.5	30.5		36.9	8
1995		34.5	31	34	37.5	36.5	39.5	37.5	38	39	36	34		36.1	11
1996	31	32.5	33.5	34	36	36.5	37	38.5	34	36	35	32.5		34.7	12
1997	30.5	28.5	34.5	34	38.5	37.5	38	38.5	35	36.5	35.5	37		35.3	12
1998	31.5	30	34.5	34.5	35	40	37.5	37.5	33.5	38	33.5	31.5		34.8	12
1999	30.5	34	35.5	41.5	36.5	40.5	40.5	40	39	39.5	39.5	31.5		37.4	12
2000	33.5	34	35	36.5	39.5	39.5	41	40	41.5	36	34	37.5		37.3	12
2001	33.5	35.5	35	37	38.5	41	39	40.5	39.5	35.5	39.5	30		37	12
2002	28.5	33.5	33	38	39.5	35	38.5	38.5	39.5	37.5	35	29.5		35.5	12
2003	32	32	33.5	35.5	35.5	34.5	38.5	39	35.5	35.5	33.5	29		34.5	12
2004	29.5	30	32	33	33.5	35	38.5	40.5	40.5	42	38.5	33		35.5	12
2005	31	30	32.5	39.5	40.5	41	41	38.5	39.5	35.5	36	37.5		36.9	12
2006	32	33.5	35.5	38.5	36.5	40	39.5	38.5	35.5	36	35	33		36.1	12
2007	31.5	33	35	34.5	40.5	39	37.5	38.5	36.5	40	37.5	29.5		36.1	12
2008	33.5	37	35	36.5	35	41	38	37	37.5	37.5	37	30.5		36.3	12
2009	31.5	39.5	34.5	36.5	37.5	38.5	40	39.5	41.5	38		33		37.3	11
2010	32	32.5	37.5	38.5	40	38.5	39.5	40.5	40.5	39	38.5	34.5		37.6	12
2011	31.5	34.5	36	37.5	40.5	39.5	41	41.5	39.5	40	35	33		37.5	12
2012	34.5	32	33.5	37.5	38.5	37.5	38	38.5	36.5	37.5	34	33.5		36	12
2013	34	33.5	38.5	37.5	36	36.5	37	38.5	37.5	36	39.5	38		36.9	12
2014	32.5	36	34.5	36	39.5	38	40	38	37.5	35.5	34.5	32.5		36.2	12
2015	34.5	34	34.5	37	36.5	39	38.5	38.5	38.5	36	32	32		35.9	12
2016	33	37.5	38	36	34	37.5	39.5	37.5	37	40	38.5	34.5		36.9	12
2017	34.5	38.5	33	37	33	34	39	38.5	35	39	37	33.5		36	12
2018	33	33.5	36.5	36	41.5	43	39	39	38	36	35	31		36.8	12
2019	31.5	33.5	36.5	35	35	41	40	39.5	39	40	38	32		36.8	12
2020					36	39	38	40	38.5	40	41.5	32.5		38.2	8
2021	32	36.5	38	40	40.5	41.5	53.5	40	39	41	37.5	37		39.7	12
2022	37.5	35.5	35	38	39	38	40	40	39	40	34	37.5		37.8	12
2023	34	35	38.5		37.5	40	40.5	41	40	39	40	35.5		38.3	11
2024	33.5	35	36.5	39	39									36.6	5
MÍNIMA	27	28.5	31	33	33	34	37	37	33.5	35.5	32	28.5		34.5	5
MÁXIMA	37.5	39.5	38.5	41.5	41.5	43	53.5	41.5	41.5	42	41.5	38		39.7	12
MEDIA	32.2	33.7	34.8	36.8	37.4	38.5	39.4	38.9	38	37.9	36.1	33.1		36.5	11.5
DESV.ST	2	2.6	2	2	2.4	2.3	2.8	1.2	2.1	1.9	2.4	2.7		1.2	1.5

TEMPERATURA MÍNIMA PROMEDIO
AÑO	ENE	FEB	MAR	ABR	MAY	JUN	JUL	AGO	SEP	OCT	NOV	DIC	ACUM	PROM	MESES
1991	10.2	9.1	9.2	10.4	9.8	12.6	17.5	21.4	22.1	18.1	11.3	10.7		13.5	12
1992	10.8	9.1	9.1	10.7	14.3	13.2	22.2	22.7	21.7	17.4	14.9	13.5		15	12
1993	11.1	8.9	8.8	9	10.9	15.2	18.8	21	20.4	18.2	13	12.2		14	12
1994					11	15.2	19.4	21.5	20.2	17.8	15.6	12.7		16.7	8
1995		12.8	9.6	7.5	10.1	12.1	20.4	22.2	23.1	15.1	13.5	10.4		14.3	11
1996	8	8.4	8.3	8.4	10.8	14.7	20.1	22.3	20	16.5	12.3	9.1		13.2	12
1997	6.9	7.6	8.9	8.8	12.3	15.7	22.6	23.5	22.3	17.7	13.4	10.5		14.2	12
1998	9.2	8.5	9.6	8.8	10.5	17.1	21.5	22.8	20.4	17.4	11.1	8		13.7	12
1999	5.9	6.4	4.7	7.4	8.3	14.2	18.2	19.7	20	15	11.8	6.5		11.5	12
2000	7.3	6.1	5	14.3	14.8	17.1	17.2	19.9	19.1	16.8	9.2	6.5		12.8	12
2001	6	6.9	4.4	5	7.4	12.8	17.6	18.9	18.9	13.4	9.8	6.9		10.7	12
2002	4.5	5.8	3.8	7.2	7	10.5	15.1	15.5	19	10.3	7.6	5.2		9.3	12
2003	5	5.5	3.1	5.8	5.5	14.8	15	16.7	18	14.4	9.8	4.1		9.8	12
2004	3.5	4.1	9	13.2	13.5	15.1	21	24.1	23.8	22	20.3	13.1		15.2	12
2005	10.6	10.6	15.5	15.2	18.7	18.4	19.6	21.4	21.2	16.9	10.9	7.3		15.5	12
2006	8.2	8.3	7.9	9.6	10.5	15.7	21	22.2	20.8	18	11.4	10.2		13.7	12
2007	7.2	7.5	7.9	9.7	10.2	15.8	19.5	21.4	21	15.8	11.5	8.2		13	12
2008	7.2	5.1	5.9	6.9	10.6	16	21.1	22.6	21.5	18	13.1	10.9		13.2	12
2009	8.8	6.9	9.1	9.4	12.3	14.3	21.4	22.2	21.3	18.4		7.7		13.8	11
2010	7.7	7.9	7.5	10.6	9.8	14.7	18.1	22	22.2	14.3	8.2	6		12.4	12
2011	4.6	4	6.4	8.8	9.7	14.8	20.6	22.3	21.4	16.9	12.5	8.8		12.6	12
2012	7.5	6.5	6.6	8	11.3	15.3	20.3	22.9	22.1	16.7	12.8	10.2		13.3	12
2013	8.3	6.8	8.3	7.7	11.4	15.7	19.8	21.8	21	15.5	13.9	9.8		13.3	12
2014	8.8	8.3	9.7	10.2	13.8	20.2	22.7	22.8	22.6	17.1	13.4	10.6		15	12
2015	12.5	9.3	10.5	12.4	12.8	18.5	21.7	23.1	22.3	19.1	9.5	7.2		14.9	12
2016	7.6	9.6	9.3	11.5	13.6	17.4	20.8	21.5	21	18.4	14.3	11.5		14.7	12
2017	8.6	8	10.6	10.5	12.1	14.3	21.1	23.1	21.7	18.6	13.2	13.9		14.6	12
2018	8.3	12.3	9.9	11.6	12.3	17.4	20.9	22.6	22.8	17.5	13.3	10.9		15	12
2019	10.2	10.1	9.4	11.1	11.3	15.1	21.4	21.8	21.2	17.4	16.5	10.8		14.7	12
2020					12.3	16.3	22	23.2	23.2	19	14.8	8.9		17.5	8
2021	7.8	8.1	8.6	10.9	13.1	17.2	21.2	23	22.4	19.6	13.6	11.6		14.8	12
2022	10.7	7.7	7.5	10.3	13.4	18.4	21.2	23.5	22.9	16.7	13.3	10.3		14.7	12
2023	8	8.5	10.1		12.6	14.9	23.9	25.1	22.7	20.3	16.8	10.5		15.8	11
2024	8.5	9	9.5	10.6	12.7									10.1	5
MÍNIMA	3.5	4	3.1	5	5.5	10.5	15	15.5	18	10.3	7.6	4.1		9.3	5
MÁXIMA	12.5	12.8	15.5	15.2	18.7	20.2	23.9	25.1	23.8	22	20.3	13.9		17.5	12
MEDIA	8	7.9	8.2	9.7	11.5	15.5	20.1	21.8	21.3	17.1	12.7	9.5		13.7	11.5
DESV.ST	2.1	2	2.4	2.3	2.4	2	2	1.9	1.4	2.1	2.6	2.4		1.8	1.5

TEMPERATURA MÍNIMA EXTREMA
AÑO	ENE	FEB	MAR	ABR	MAY	JUN	JUL	AGO	SEP	OCT	NOV	DIC	ACUM	PROM	MESES
1991	4	3.5	5	5.5	6	8	13	17.5	17	8	7.5	5		8.3	12
1992	6.5	5.5	5.5	7.5	10	8	19.5	20	20	12	9.5	6		10.8	12
1993	5	5	4.5	5	7.5	9	13.5	17	16.5	13	7.5	6.5		9.2	12
1994					5.5	7.5	15	17	18	16	12	7		12.2	8
1995		5.5	6.5	5	5.5	7.5	16	19	18.5	10.5	11	6		10.1	11
1996	4.5	1	4	5	7	10	16	19.5	15	11	9	4.5		8.9	12
1997	1.5	1	2.5	2	7.5	8	19	21	19	13.5	9.5	5		9.1	12
1998	5.5	4	5	5	6.5	10	19.5	20.5	15.5	13	6.5	3		9.5	12
1999	1	2	1	3.5	4.5	8	14	15.5	11.5	11	8	2		6.8	12
2000	2	3	2	10	10	11	11.5	15	14	12.5	4	3		8.2	12
2001	1	0	0	0	4.5	6	14	16	13	10	6	0		5.9	12
2002	1	1	0	1.5	4.5	6.5	12	12	14	6	3.5	0		5.2	12
2003	1.5	1	0	1	1	10.5	12.5	15	13	10.5	7	0		6.1	12
2004	0	1	6	10	10	13	13	21	16	18.5	16	10		11.2	12
2005	8	5	11	11.5	14.5	13	17	17	18	11.5	6.5	3.5		11.4	12
2006	2.5	4.5	2.5	4.5	8.5	8	16	21	16	11	8.5	2.5		8.8	12
2007	1.5	2.5	4	4.5	7	8	15.5	18	18	9.5	8	2		8.2	12
2008	2	1	1	3.5	6.5	12	18	20.5	16	13	8	5.5		8.9	12
2009	2.5	2.5	2	5	6.5	6	17	19	17	11.5		4		8.5	11
2010	4	3.5	2	5.5	5	8.5	12.5	19	19.5	7.5	2.5	3.5		7.8	12
2011	1	0	3	4.5	7	10.5	16.5	20	18.5	10	6.5	2		8.3	12
2012	2	1	2	5	6.5	10.5	13.5	19	19.5	13	8	5		8.8	12
2013	4	1.5	4	2.5	7.5	10	18	18.5	15.5	8	9	4		8.5	12
2014	3	2.5	4.5	6	8.5	16.5	20	21	20.5	12	6	3.5		10.3	12
2015	5	5	5	7.5	7	15	18.5	21	20	13.5	6	3		10.5	12
2016	1.5	5	4	5.5	8	13.5	17	19	18	15	7.5	4		9.8	12
2017	5	4.5	5	4.5	9.5	8	18	20	17	12.5	9.5	10.5		10.3	12
2018	2.5	4	3.5	5.5	7	4.5	19	21	21	13	9	5		9.6	12
2019	2.5	4	6	7.5	6	10	18	13	19	11.5	10	0		9	12
2020					9	12	19.5	20	21.5	13.5	7.5	2.5		13.2	8
2021	2.5	3.5	3.5	6	9.5	12	18	2.5	17.5	15.5	9.5	5		8.8	12
2022	3	4	2.5	7	9	13.5	18	20	20.5	10	1	3		9.3	12
2023	4	4.5	4		8.5	1.5	20	23.5	18.5	13.5	12	5		10.5	11
2024	2.5	5.5	6	5	9									5.6	5
MÍNIMA	0	0	0	0	1	1.5	11.5	2.5	11.5	6	1	0		5.2	5
MÁXIMA	8	5.5	11	11.5	14.5	16.5	20	23.5	21.5	18.5	16	10.5		13.2	12
MEDIA	3	3	3.7	5.2	7.4	9.6	16.3	18.2	17.3	11.8	7.9	4		9	11.5
DESV.ST	1.8	1.8	2.3	2.5	2.3	3.1	2.6	3.8	2.5	2.5	2.9	2.5		1.8	1.5

TEMPERATURA MEDIA MENSUAL
AÑO	ENE	FEB	MAR	ABR	MAY	JUN	JUL	AGO	SEP	OCT	NOV	DIC	ACUM	PROM	MESES
1991	18.4	18.7	18.2	21.1	19.1	21.8	25	28.2	28.4	25.2	20	17.8		21.8	12
1992	17.3	17.4	18.1	20.5	22.9	22	28.5	28.5	28.9	26.3	22.8	20.1		22.8	12
1993	18.8	17.6	18.7	19.8	19.6	23.3	25.6	27.6	26.6	26.5	21.6	20.3		22.2	12
1994					20.9	23.8	27	27.7	28.8	26.6	22.8	19.3		24.6	8
1995		21	19	18.4	19.4	21.9	28	28	28.2	24	22.4	18.8		22.6	11
1996	17.8	18.1	17.8	18.5	20.6	22.6	26.6	27.6	25.2	24.6	22	18.7		21.7	12
1997	16.1	16.2	19	17.4	21.9	22.7	28.9	29	27.8	25.4	21.9	18.3		22	12
1998	18.4	17.1	18.6	18.9	20.9	26	28.1	29	25.9	25.6	20.4	17.2		22.2	12
1999	16.6	18	17	19.2	20.3	24.1	27.4	28.2	27.2	25.4	22.4	17.2		21.9	12
2000	17.8	18.3	16.7	22.9	23.6	25.5	26.9	28.7	27.4	24.3	18.8	18.1		22.4	12
2001	16.1	18.3	15.6	17.6	19.4	23.1	26.8	28	26.4	22.8	20	16		20.8	12
2002	15	16.4	16.1	19	20	20.1	24.9	25.6	26.5	21.6	19.2	15.6		20	12
2003	17.1	16	15.7	18.3	18.6	22.3	24.9	25.8	25	23.2	20.2	15.1		20.2	12
2004	13.5	14.4	18.5	20.6	22	23.8	28.4	31.2	30.8	30.1	26.1	21.1		23.4	12
2005	19.6	19.1	22.7	24.2	27.1	27.8	27.7	28.2	28.9	24.3	21.4	18.4		24.1	12
2006	18.4	18.9	19.2	21.4	20.9	24.6	28.5	28.5	26.8	25.4	21.5	18.8		22.7	12
2007	15.7	17.3	19.4	20	20.8	24.3	26.9	28.6	27.2	25.1	21	16.8		21.9	12
2008	17.1	16.9	18	20	20.6	24	27.7	28.2	27.3	26	21.6	19.1		22.2	12
2009	18.5	18.5	19.2	19.6	22.6	23.7	28.8	29.5	28.9	25.9		18.2		23	11
2010	18.4	18	19.4	20.9	22.4	24	26.4	29.9	29.4	23.9	19.9	17		22.5	12
2011	16.4	16	19.8	20.6	22	25	29	29.7	28.8	26.3	21.2	17.3		22.7	12
2012	18.4	16.9	17.9	19.1	22	23.9	27.8	29	28	24.8	22.5	18.9		22.4	12
2013	17.5	17	20	18.8	21.3	24.1	27	28.7	27	24.5	22.2	18.9		22.2	12
2014	19.1	19.4	20.1	21.1	24.1	27.5	28.9	28.9	27.7	25.3	22.2	19.4		23.6	12
2015	20.1	19.5	20.2	21.6	21.9	25.8	28.4	29.3	28.3	26	19.4	16.2		23.1	12
2016	18	20.8	19.7	21.4	22	25	27.9	27.3	27.1	27	23.5	20		23.3	12
2017	17.9	18.2	20.6	20.4	20.2	21.9	28.6	29.8	27.1	27	23.3	20.8		23	12
2018	19.1	20.5	21.2	21.9	22.8	25.4	28.5	29	28.5	24.7	22.1	18.7		23.5	12
2019	19.2	19.5	20.4	21.1	20.5	23.8	28.8	29.4	28.9	25.8	23.4	19.4		23.4	12
2020					21.8	25	28.7	29.5	29.8	27.2	24.5	19.1		25.7	8
2021	18.2	18.9	20.2	21.5	23.2	25.9	28.6	29.3	28.2	27	23.2	21.4		23.8	12
2022	20.9	19	19.9	20.4	22.2	25.6	29	30	28.8	26.1	22.2	21		23.8	12
2023	18.5	18.4	21		21.6	24.3	30.6	31.2	30.1	26.8	25.2	21.1		24.4	11
2024	18.8	19.3	20.2	21.6	23.1									20.6	5
MÍNIMA	13.5	14.4	15.6	17.4	18.6	20.1	24.9	25.6	25	21.6	18.8	15.1		20	5
MÁXIMA	20.9	21	22.7	24.2	27.1	27.8	30.6	31.2	30.8	30.1	26.1	21.4		25.7	12
MEDIA	17.8	18.1	19	20.3	21.5	24.1	27.7	28.7	27.9	25.5	21.9	18.6		22.7	11.5
DESV.ST	1.5	1.5	1.6	1.5	1.7	1.7	1.3	1.2	1.3	1.5	1.7	1.6		1.2	1.5
