COMISIÓN NACIONAL DEL AGUA
COORDINACIÓN GENERAL DEL SERVICIO METEOROLÓGICO NACIONAL
BASE DE DATOS CLIMATOLÓGICA NACIONAL 

ESTADÍSTICA MENSUAL
EMISIÓN   : 25/10/2024 

DATOS DISPONIBLES EN LA BASE DE DATOS A: OCTOBER DE 2024; 
CON LA INFORMACIÓN SUMINISTRADA POR LAS UNIDADES ADMINISTRATIVAS 

 ESTACIÓN  : 3148 
 NOMBRE    : EL MEZQUITAL 
 ESTADO    : BAJA CALIFORNIA SUR 
 MUNICIPIO : MULEGÉ 
 SITUACIÓN : OPERANDO 
 CVE-OMM   :   
 LATITUD   : 27.41111111 ° 
 LONGITUD  : -112.5777778 ° 
 ALTITUD   : 450 msnm 


LLUVIA MÁXIMA 24 H.
AÑO	ENE	FEB	MAR	ABR	MAY	JUN	JUL	AGO	SEP	OCT	NOV	DIC	ACUM	PROM	MESES
1978												6.5	6.5	6.5	1
1979	63.2	1	1	0	26.3	0	0	0	0	0	0		91.5	8.3	11
1980	5	6	0	0	0	0	9	0	0	0	0	0	20	1.7	12
1981	23	9	0	0	0	0	0	0	0	0	0	0	32	2.7	12
1982	0	0	0	0	0	0	13.4	0	0	0	0	0	13.4	1.1	12
1983	0	0	16.5	0	0		30.5	34	35	0	0	13.5	129.5	11.8	11
1984	8	0	0	0	0	0	24	27.5	23.5	0	0	9.5	92.5	7.7	12
1985	0	0	0	0	0	0	6.5	17	0	18.5	0	0	42	3.5	12
1986	0	4.5	0	4.5	2.5	0			0		9.5	12	33	3.7	9
1987	3.5	16.5	0	0	0	0	0	0	20.5	0	0	0	40.5	3.4	12
1988	0	0	0	0	0	0	0	38.5	10	4.5	0	16.5	69.5	5.8	12
1989	12.5	0	0		0	0	0	7.5	8	6.5	0	9.5	44	4	11
1990	7.5	0	0	0	0	0	32	29.5	43	15	0	44.5	171.5	14.3	12
1991	0	27		0	0	0	0	0	10.5	0	27	18	82.5	7.5	11
1992	40	49	0	0		0	2	180	0	0	0	19.5	290.5	26.4	11
1993	40	24.5	0	0	0	0	0	40.5	9	0	0	22.5	136.5	11.4	12
1994	0	3	0	0	0	0	0	26	13	0	29	55	126	10.5	12
1995	18	18	0	0	0	0	22	23	0	5	4	0	90	7.5	12
1996	0	11	6	0	0	0	21.5	15	0	0	0	0	53.5	4.5	12
1997	0	0	0	5	0	0	0	0	44	0	7	37.5	93.5	7.8	12
1998	0	14	0	0	0	0	28.5	80	0	0	0	0	122.5	10.2	12
1999	0	0	0	0	0	0	0	28	0	0	0	0	28	2.3	12
2000	0	0	10.5	0	0	0	0	14	19	39.5	0	0	83	6.9	12
2001	0	0	0	0	0	0	0	20.5	118	0	0	0	138.5	11.5	12
2002	0	12	0	0	0	0	0	0	2	0	0	29	43	3.6	12
2003	0	13	0	0	0	0	31	51	60	16	7	0	178	14.8	12
2004	7	25	5	0	0	0	8	15	45	0	0	19	124	10.3	12
2005	25	14	0	0	0	0	18	18	0	17	0	0	92	7.7	12
2006	0	0	0	0	0	20	16	17	21	132	0	0	206	17.2	12
2007	0	0	0	0	0	0	0	0	0	46	0	0	46	3.8	12
2008	0	0	0	0	0	0	0	120	0	0	25	0	145	12.1	12
2009	5	0	0	0	0	0	7	0	200	0	0	0	212	17.7	12
2010	20	20	0	0	0	0	0	0	0	0	0	0	40	3.3	12
2011	0	0	0	0	0	0	0	0	0	0	0	0	0	0	12
2012	0	0	0	0	0	0	0	97	0	0	0	0	97	8.1	12
2013	20	0	0	0	0	0	7	18	0	0	12	4	61	5.1	12
2014	0	0	0	0	0	0	45	247	200	14	0	0	506	42.2	12
2015	0	24	7	17	0	80	40	27	27	0	0	0	222	18.5	12
2016	0	0	3	0	0	0	0	0	95	18	0	30	146	12.2	12
2017	6	0	0	0	0	0	0	0	222	0	0	0	228	19	12
2018	0	0	0	0	0	0	0	0	20	36	0	0	56	4.7	12
2019	13	4	0	0	0	0	7	17	7	30			78	7.8	10
2020	0	0	24	0	0	0	0	0		0	7	0	31	2.8	11
2021	21	0	0	0	0	0	45	15	0	0	0	27	108	9	12
2022	0	0	0	0	0	0	0	20	40	0	0	4	64	5.3	12
2023	0.5	7	0	0	0	5.2	5.2	118	12	2		0	149.9	13.6	11
2024	0	0	0	0									0	0	4
MÍNIMA	0	0	0	0	0	0	0	0	0	0	0	0	0	0	1
MÁXIMA	63.2	49	24	17	26.3	80	45	247	222	132	29	55	506	42.2	12
MEDIA	7.4	6.6	1.6	0.6	0.7	2.4	9.5	30.9	29.6	9.1	3	8.6	103.5	8.9	11.3
DESV.ST	13.3	10.5	4.7	2.7	4	12.4	13.7	50.6	54.9	22.3	7.3	13.7	89.7	7.5	2

LLUVIA TOTAL MENSUAL
AÑO	ENE	FEB	MAR	ABR	MAY	JUN	JUL	AGO	SEP	OCT	NOV	DIC	ACUM	PROM	MESES
1978												13	13	13	1
1979	119.6	1	1	0	26.3	0	0	0	0	0	0		147.9	13.4	11
1980	5	10	0	0	0	0	9	0	0	0	0	0	24	2	12
1981	23	14.5	0	0	0	0	0	0	0	0	0	0	37.5	3.1	12
1982	0	0	0	0	0	0	15.1	0	0	0	0	0	15.1	1.3	12
1983	0	0	16.5	0	0		45.5	101	72	0	0	13.5	248.5	22.6	11
1984	8	0	0	0	0	0	60	34.5	23.51	0	0	18	144.01	12	12
1985	0	0	0	0	0	0	6.5	17	0	18.5	0	0	42	3.5	12
1986	0	4.5	0	4.5	2.5	0			0		9.5	12	33	3.7	9
1987	3.5	27.5	0	0	0	0	0	0	34	0	0	0	65	5.4	12
1988	0	0	0	0	0	0	0	59	12	4.5	0	23	98.5	8.2	12
1989	12.5	0	0		0	0	0	7.5	9	6.5	0	16	51.5	4.7	11
1990	7.5	0	0	0	0	0	32	68	118.5	29	0	65	320	26.7	12
1991	0	45.5		0	0	0	0	0	10.5	0	51	29.5	136.5	12.4	11
1992	40	87	0	0		0	2	226	0	0	0	19.5	374.5	34	11
1993	76.5	45	0	0	0	0	0	40.5	15	0	0	22.5	199.5	16.6	12
1994	0	3	0	0	0	0	0	68	13	0	31	82	197	16.4	12
1995	23	18	0	0	0	0	29	31	0	5	4	0	110	9.2	12
1996	0	14.5	6	0	0	0	21.5	15	0	0	0	0	57	4.8	12
1997	0	0	0	5	0	0	0	0	67	0	14	44.5	130.5	10.9	12
1998	0	14	0	0	0	0	28.5	94	0	0	0	0	136.5	11.4	12
1999	0	0	0	0	0	0	0	66	0	0	0	0	66	5.5	12
2000	0	0	10.5	0	0	0	0	26.5	19	47.5	0	0	103.5	8.6	12
2001	0	0	0	0	0	0	0	25	168	0	0	0	193	16.1	12
2002	0	12	0	0	0	0	0	0	2	0	0	35	49	4.1	12
2003	0	16	0	0	0	0	31	119	60	16	7	0	249	20.8	12
2004	12	34	5	0	0	0	8	20	99	0	0	19	197	16.4	12
2005	31	14	0	0	0	0	18	42	0	17	0	0	122	10.2	12
2006	0	0	0	0	0	20	16	17	23	147	0	0	223	18.6	12
2007	0	0	0	0	0	0	0	0	0	46	0	0	46	3.8	12
2008	0	0	0	0	0	0	0	135	0	0	25	0	160	13.3	12
2009	5	0	0	0	0	0	7	0	271.5	0	0	0	283.5	23.6	12
2010	20	20	0	0	0	0	0	0	0	0	0	0	40	3.3	12
2011	0	0	0	0	0	0	0	0	0	0	0	0	0	0	12
2012	0	0	0	0	0	0	0	192	0	0	0	0	192	16	12
2013	20	0	0	0	0	0	7	65	0	0	12	8	112	9.3	12
2014	0	0	0	0	0	0	45	437	240	14	0	0	736	61.3	12
2015	0	37	7	17	0	80	76	27	47	0	0	0	291	24.2	12
2016	0	0	3	0	0	0	0	0	99	18	0	30	150	12.5	12
2017	6	0	0	0	0	0	0	0	222	0	0	0	228	19	12
2018	0	0	0	0	0	0	0	0	20	36	0	0	56	4.7	12
2019	13	4	0	0	0	0	7	18	16	48			106	10.6	10
2020	0	0	30	0	0	0	0	0		0	11	0	41	3.7	11
2021	21	0	0	0	0	0	45	15	0	0	0	27	108	9	12
2022	0	0	0	0	0	0	0	21.2	115	0	0	4	140.2	11.7	12
2023	0.5	12	0	0	0	5.2	5.2	124	14	2		0	162.9	14.8	11
2024	0	0	0	0									0	0	4
MÍNIMA	0	0	0	0	0	0	0	0	0	0	0	0	0	0	1
MÁXIMA	119.6	87	30	17	26.3	80	76	437	271.5	147	51	82	736	61.3	12
MEDIA	9.7	9.4	1.8	0.6	0.7	2.4	11.7	48	40.7	10.3	3.8	10.9	141.2	12.3	11.3
DESV.ST	21.8	17.1	5.4	2.7	4	12.4	18.5	80.1	68.6	25.2	10	18.2	126.3	10.5	2

EVAPORACIÓN MENSUAL
AÑO	ENE	FEB	MAR	ABR	MAY	JUN	JUL	AGO	SEP	OCT	NOV	DIC	ACUM	PROM	MESES
2019								0.02					0.02	0	1
MÍNIMA								0.02					0.02	0	1
MÁXIMA								0.02					0.02	0	1
MEDIA								0					0	0	1
DESV.ST															

TEMPERATURA MÁXIMA PROMEDIO
AÑO	ENE	FEB	MAR	ABR	MAY	JUN	JUL	AGO	SEP	OCT	NOV	DIC	ACUM	PROM	MESES
1979	20.2		24.8	25.8	31.7	34.3	35.6	33.5	31.9	29	25			29.2	10
1980	18.5	20	20.5	28.8	29.5	35.6	36.7	34	31.7	28.5	23.5	22.4		27.5	12
1981	22	23.6	17	24.4	26.5	30.9	34.4	35.6	33.5	30.5	27.1	23.6		27.4	12
1982	19.9	22.1	24.6	29.9	29.5	32.8	33.1	34.9	34.8	30.4	21.3	17.7		27.6	12
1983	19.8	23.4	22.1	24.8	32.9		36.1	32.3	34	30.5	23	23.8		27.5	11
1984	23.4	23.6	27.5	27.7	32.8	35.4	33.5	33.8	34.3	30.1	23.7	23.2		29.1	12
1985	19.5	22.9	24.6	29.9	31.3	35.3	36.4	36.6	34.5	25.6	30	22		29	12
1986	25.7	24	25.8	27.2	30.5	35.5			31		27.1	23		27.8	9
1987	21.4	21.6	23.3	27.2	27.9	35.6	35.8	35.1	33.9	32.7	25.5	22.7		28.6	12
1988	24.4	24.3	26.9	25.6	29.6	32.7	34.3	37	32.7	29.8	24.5	20.1		28.5	12
1989	19.5	23.9	29.2		30.8	33	36.2	34	34	31.5	27	21.4		29.1	11
1990	21.3	20.2	25.3	29.1	28.3	37	35.2	33.4	32.8	31.5	24.9	21.8		28.4	12
1991	21.4	24.8		27.2	31.5	32.7	34	37.5	37.3	30.7	25.8	19.7		29.3	11
1992	19.9	21.7	27.2	30.6		32.7	37.6	36.3	35.4	31.9	25.2	20.5		29	11
1993	20.5	20.5	28.2	32	31.4	36.9	37.1	38	35.3	33.3	27.9	24.3		30.4	12
1994	23.4	23	27	29.6	30.7	37.1	38.3	36.9	38.5	33.8	26.3	20.6		30.4	12
1995	21.8	24.6	25.8	29.4	30.8	35.5	39.7	38.9	38.8	32.4	27.9	24.4		30.8	12
1996	24.8	27.6	28.5	31.7	35.8	38.3	38.9	37.6	35.8	30.9	26	23.5		31.6	12
1997	19.9	19.6	29.9	28.7	32.1	32.9	39.6	37.9	35.6	31.5	27.6	20.8		29.7	12
1998	22.8	20.2	26	26.5	30.2	37.9	39.6	38.6	37.5	31.1	27.8	21.5		30	12
1999	23.5	25.3	24.5	26.3	30.9	34.5	36.6	37.5	35	34.6	29.7	22.7		30.1	12
2000	25.4	25.2	26.3	30.3	31.8	36.4	38.1	37.2	36.1	27.9	22.3	23.1		30	12
2001	21.3	25	33.9	29.2	28.7	37.1	38.7	38.4	37	32.5	27.3	18.5		30.6	12
2002	22	23.5	25.1	31.2	35	35.5	37.4	37.5	37.6	27.5	28.1	26.2		30.6	12
2003												19.4		19.4	1
2004	20.5	20.1	27	30.2	31	35.9	34.1	38.3	34.2	28.5	23.4	20.7		28.7	12
2005	21.4	21	26.4	29.5	33.1	37	37.2	36.3	37.7	30.8	26.6	24.5		30.1	12
2006	23.7	25.3	26.9	30.5	33.9	35.4	38	37.1	32.1	31.6	28.7	23.2		30.5	12
2007	17.7	22.5	29.1	30	29.6	34.8	35.5	36.6	34.2	31.9	29.2	26.8		29.8	12
2008	30.7	33	32.2	31.8	31.5	34.4	35	34.3	32.9	33.1	30.3	28.4		32.3	12
2009	24.8	22.4	30	30.4	33.2	33.9	37.6	41.2	35.9	29.8	26.7	24.6		30.9	12
2010	25.5	20.9	27.4	32	33.4	38.3	34.6	39.1	37.9	34.5	31	26.6		31.8	12
2011	29.5	29.4	31.6	33.4	34.3	36	33.2	35.3	36	33	28.3	26.1		32.2	12
2012	20.9	22.9	25.7	27	30.8	33	36	34.7	35.3	31.2	28.9	24.6		29.2	12
2013	17.4	20.8	26.6	30.1	31.6	32.9	35.8	36.1	35.8	31.2	28.4	24.1		29.2	12
2014	27.4	27.8	27.3	28.5	31	34	34.8	34.7	35.7	30.1	28.1	29		30.7	12
2015	25	23.4	27.5	27.7	28.2	32	36.6	39.9	37.8	35.1	30.2	27		30.9	12
2016	26.9	27.6	29.5	28.8	28.9	35.3	41	35.8	33.8	30.3	24	23.5		30.4	12
2017	20.6	19.2	24.7	27.5	29.8	33.5	37.9	40.3	34.1	38	30.9	24.3		30.1	12
2018	22.4	21.4	25	28.6	30.5	34.8	39	37.4	39.1	27.6	26.5	22.8		29.6	12
2019	20.5	22.2	24.3	25.6	29.8	35.5	40.2	42.5	36.3	35.8				31.3	10
2020	15	19.8	19.6	28.5	31	22.8	45.1			30.8	25.8	7.5		24.6	10
2021	7.3	14.6	19.9	14.6			32.4	36.5	41.4	16.1	13.5	17.5		21.4	10
2022	14.2	14.6	22.6	26.6	26.5	34.1	36.4	34.5	31.8	24.5		15.5		25.6	11
2023	22.2	25.2	25.6	27.6	31.2	35.1	37.5	38.1	36.7	35.2				31.4	10
2024	14.6	20.5	19.6	22.7										19.4	4
MÍNIMA	7.3	14.6	17	14.6	26.5	22.8	32.4	32.3	31	16.1	13.5	7.5		19.4	1
MÁXIMA	30.7	33	33.9	33.4	35.8	38.3	45.1	42.5	41.4	38	31	29		32.3	12
MEDIA	21.6	22.8	26	28.3	30.9	34.6	36.8	36.7	35.3	30.9	26.5	22.5		29	11.2
DESV.ST	4.1	3.4	3.4	3.1	2	2.6	2.4	2.2	2.3	3.5	3.2	3.7		2.8	2.1

TEMPERATURA MÁXIMA EXTREMA
AÑO	ENE	FEB	MAR	ABR	MAY	JUN	JUL	AGO	SEP	OCT	NOV	DIC	ACUM	PROM	MESES
1979	27		30	31	41	44	42	41	39	35	29			35.9	10
1980	24	28	28	36	36	42	41	40	36	33	29	28		33.4	12
1981	27	30	27	30	34	35	40	40	40	34	32	30		33.2	12
1982	24	30	34	39	35	40	40	40	41	36	30	25		34.5	12
1983	25	28	26	35	42		42	40	42	35	30	27		33.8	11
1984	29	27	35	33	42	40	40	39	37	36	32	29		34.9	12
1985	24	30	35	35	40	41	42	42	42	33	33	30		35.6	12
1986	32	35	34	33	36	40			36		32	30		34.2	9
1987	34	30	30	31	31	40	41	39	43	40	30	28		34.8	12
1988	30	30	34	34	34	40	40	42	39	40	32	27		35.2	12
1989	25	35	33		38	40	43	40	39	38	33	25		35.4	11
1990	29	30	34	35	35	42	40	40	38	35	35	30		35.2	12
1991	25	30		33	35	39	40	41	40	37	34	24		34.4	11
1992	25	25	31	35		37	43	40	40	39	32	27		34	11
1993	24	23	33	40	38	43	40	44	40	40	33	30		35.7	12
1994	29	27	32	36	34	42	40	42	40	38	33	26		34.9	12
1995	28	28	32	33	35	41	42	42	40	40	31	30		35.2	12
1996	30	33	32	35	40	42	43	40	44	38	35	30		36.8	12
1997	25	24	35	30	35	40	42	42	40	35	35	27		34.2	12
1998	30	27	30	35	35	42	44	41	41	33	30	30		34.8	12
1999	30	30	35	39	35	40	40	42	40	40	38	28		36.4	12
2000	33	30	30	35	35	44	42	40	42	35	30	30		35.5	12
2001	30	30	40	38	35	40	40	43	42	35	35	28		36.3	12
2002	25	35	30	35	40	40	42	44	42	40	34	29		36.3	12
2003												23		23	1
2004	25	25	31	35	35	40	41	41	40	35	28	28		33.7	12
2005	28	26	30	35	40	42	40	40	41	38	30	30		35	12
2006	30	30	31	38	38	40	42	40	40	38	35	30		36	12
2007	25	30	35	35	30	40	42	42	40	35	35	31		35	12
2008	38	38	36	36	41	41	41	40	40	38	35	30		37.8	12
2009	30	31	35	35	40	40	40	45	42	35	32	35		36.7	12
2010	30	26	30	38	38	45	40	45	45	40	36	35		37.3	12
2011	36	38	38	40	41	42	40	40	40	40	35	29		38.2	12
2012	28	28	29	32	35	38	44	40	42	40	30	28		34.5	12
2013	24	27	30	36	38	36	39	40	39	39	30	29		33.9	12
2014	30	30	30	33	38	42	40	40	41	35	30	38		35.6	12
2015	28	28	30	30	31	35	41	48	45	42	40	36		36.2	12
2016	30	30	35	33	35	45	45	40	38	35	30	28		35.3	12
2017	30	28	30	33	40	40	45	45	45	48	38	30		37.7	12
2018	30	26	30	33	33	40	43	45	45	30	30	28		34.4	12
2019	28	28	28	30	35	38	45	48	45	40				36.5	10
2020	21	25	28	40	40	30	52			40	30	12		31.8	10
2021	12	25	28	20			45	42	49	25	25	30		30.1	10
2022	25	20	30	31	30	40	40	40	40	30		25		31.9	11
2023	28	29	30	32	34	43	42	43	40	40				36.1	10
2024	18	21	22	27										22	4
MÍNIMA	12	20	22	20	30	30	39	39	36	25	25	12		22	1
MÁXIMA	38	38	40	40	42	45	52	48	49	48	40	38		38.2	12
MEDIA	27.5	28.7	31.5	34	36.5	40.3	41.8	41.6	40.9	36.9	32.3	28.6		34.5	11.2
DESV.ST	4.4	3.8	3.3	3.7	3.2	2.8	2.3	2.2	2.6	3.8	3	4		3	2.1

TEMPERATURA MÍNIMA PROMEDIO
AÑO	ENE	FEB	MAR	ABR	MAY	JUN	JUL	AGO	SEP	OCT	NOV	DIC	ACUM	PROM	MESES
1979	8		10.1	10.5	15.1	16.1	19.3	19.1	19.8	14.8	12.8			14.6	10
1980	8.9	10.7	9.1	10.3	10.3	17.6	22.5	20.9	16	14.1	9.8	8.9		13.3	12
1981	10.3	6.9	7.5	6.3	6.1	8.7	16.1	9.4	6.7	13.6	12.5	9.5		9.5	12
1982	7.8	9.1	9.2	11.5	10.9	11.7	19.6	20.9	19.1	13.8	10.8	7.9		12.7	12
1983	7.9	8.3	9.2	8.8	13.6		20.5	20.6	21.6	15.4	11.5	11.5		13.5	11
1984	11.2	11.4	12.2	11.7	16.7	20	20.2	21.8	21	14.5	9.8	8.2		14.9	12
1985	6.7	7.6	8.1	12	11.6	15.3	20.6	19.9	16.7	9.6	11.9	9.1		12.4	12
1986	10.2	9	10.7	11.9	11.9	15.7			12.8		10.9	10.1		11.5	9
1987	6.3	7.2	7.5	10.2	11.2	20.5	18.2	20.9	18.6	18.1	10.3	8.9		13.2	12
1988	9.1	9.3	9.2	10.6	11.7	12.9	17.8	19.4	16.2	14.8	9.2	6.6		12.2	12
1989	6.3	8.9	8.8		11.4	14.2	19.9	19.2	20	15	11.3	9.1		13.1	11
1990	7.6	6.8	9.2	10.7	10.5	16.8	19.7	18.1	18	16.4	10.2	7.9		12.7	12
1991	7.5	10.4		8.3	9	12.1	15.3	20.2	18.8	16.2	9.8	6.5		12.2	11
1992	6.8	8.9	11	12.7		13.6	19.3	23.1	20.9	15	9.2	8.7		13.6	11
1993	9.6	7.3	9.2	10.2	12.7	14.3	17.8	18.5	16.9	16.2	11.9	9.3		12.8	12
1994	8.3	7.5	9.7	9.6	10.5	16.4	19.4	20.8	19.9	18.5	9.3	7.5		13.1	12
1995	6	10	9.2	9.2	10.2	14.4	19.2	20.3	20.5	13.5	12.4	7.8		12.7	12
1996	7.4	9	9	11.1	12.5	17.3	20.6	20.8	19.1	13.1	10	8		13.2	12
1997	7	6.3	10.8	9.4	13.9	14.1	19.8	21.7	20.9	16	11.8	7		13.2	12
1998	7	6.2	7.7	8.2	10.4	14.5	19.8	22.2	18.4	12	9.3	5.3		11.8	12
1999	5.6	6.7	6.2	8	9.5	12.9	18.3	19	17.4	13.9	9.8	6.2		11.1	12
2000	8.6	7.8	7	9.2	10	16	17.6	18	17.1	11.9	6.9	7.5		11.5	12
2001	5.3	6.3	11	8.8	7	15	18.5	18.1	18.1	13.3	10	6.9		11.5	12
2002	6.5	7.5	7.4	10.9	11.1	11.5	12.8	15.4	14.5	8.2	9	8.2		10.2	12
2003												6.8		6.8	1
2004	7.1	5.7	10.3	12.7	14.2	19	19.1	19.1	20	14.5	9	7.1		13.2	12
2005	6.9	7.7	7.9	10.4	11.3	14	19.6	19.4	19.9	13.5	11.7	8.2		12.5	12
2006	7.3	8.9	7.3	10.2	11.8	16.7	20.5	21.6	18	14.4	10.6	6		12.8	12
2007	3.2	6.6	7.6	7.2	9.2	13.3	16.4	19.7	18.3	13.5	9.1	5.7		10.8	12
2008	7	7.1	8.2	11.6	13.1	14.9	17.8	20.8	18.4	17	11.1	7.8		12.9	12
2009	7.8	7	9.4	8.2	11.7	12.9	20.5	24.7	17.6	11.7	8.4	6.9		12.2	12
2010	7.7	6	7.1	7.3	15.4	14.3	16.1	18.6	17.5	14.8	12.4	9		12.2	12
2011	8.1	9.2	11	13.6	12.7	15.4	16.8	17.5	21.9	14.5	12	6.9		13.3	12
2012	8.2	7.2	9.6	10.7	10.8	12.9	15.7	13.5	16.6	12.5	10.9	7.4		11.3	12
2013	6	5.2	9	15.7	13.7	14.4	17.5	17.2	15.3	12.9	11.5	8.1		12.2	12
2014	12	10.6	11.5	12.7	13.2	15.4	15.7	18.6	17	15.5	12.2	9.3		13.6	12
2015	8.9	11.1	11.6	11.8	10	13.1	14.1	17.4	17.2	15.1	12.3	8		12.6	12
2016	8.3	10.8	11.8	9.1	10.5	15	16.9	20.3	16.8	14.3	9	7.6		12.5	12
2017	8.7	9.2	13.6	16.4	16.2	17.6	18.2	18.8	17.3	19.1	16.1	12.2		15.3	12
2018	10.3	7.2	12.5	15.3	16.3	17.6	19.5	21.2	21.1	14.5	13.9	10.7		15	12
2019	8.4	9.2	13.5	14.4	12.5	14.4	20.3	20	18.5	12.7				14.4	10
2020	5.1	9.9	10.9	15.8	14.3	9.3	23.8			16.4	13.8	3.6		12.3	10
2021	3.6	7.2	9.9	6.7			16.9	21.9	21.5	9.3	7	9.4		11.3	10
2022	8.6	7.8	12.7	14.5	16.7	16.2	17.2	17.7	16.3	15.1		9.1		13.8	11
2023	7.6	7.4	10.3	11.7	14.5	17.1	16.2	19.6	19.9	16.5				14.1	10
2024	10.1	8.9	11.1	12.8										10.7	4
MÍNIMA	3.2	5.2	6.2	6.3	6.1	8.7	12.8	9.4	6.7	8.2	6.9	3.6		6.8	1
MÁXIMA	12	11.4	13.6	16.4	16.7	20.5	23.8	24.7	21.9	19.1	16.1	12.2		15.3	12
MEDIA	7.7	8.2	9.7	10.9	12	14.9	18.4	19.4	18.1	14.3	10.8	8		12.5	11.2
DESV.ST	1.8	1.6	1.8	2.5	2.4	2.5	2.2	2.5	2.7	2.2	1.8	1.6		1.5	2.1

TEMPERATURA MÍNIMA EXTREMA
AÑO	ENE	FEB	MAR	ABR	MAY	JUN	JUL	AGO	SEP	OCT	NOV	DIC	ACUM	PROM	MESES
1979	5		6	8	10	11	11	15	13	8	10			9.7	10
1980	5	6	5	6	8	9	20	12	12	10	7	4		8.7	12
1981	7	3	3	3	3	6	10	5	2	10	5	4		5.1	12
1982	4	6	5	7	9	10	15	17	13	10	7	2		8.8	12
1983	3	5	6	4	10		12	16	13	10	8	7		8.5	11
1984	7	8	8	8	10	15	13	18	16	5	5	2		9.6	12
1985	4	2	5	7	7	9	17	15	10	5	8	2		7.6	12
1986	7	5	6	8	8	10			9		5	7		7.2	9
1987	1	2	4	6	9	13	10	13	14	11	6	3		7.7	12
1988	3	3	6	7	5	6	8	12	10	9	4	0		6.1	12
1989	0	4	5		6	10	14	10	14	11	5	5		7.6	11
1990	2	1	4	8	9	10	14	11	12	10	6	3		7.5	12
1991	2	8		5	5	8	11	17	15	7	5	3		7.8	11
1992	3	7	5	10		10	12	18	13	11	5	3		8.8	11
1993	6	3	5	4	10	9	12	14	12	9	7	3		7.8	12
1994	3	4	4	7	8	10	14	18	17	12	5	3		8.8	12
1995	3	7	5	5	7	9	15	18	19	10	9	4		9.2	12
1996	2	3	7	5	9	13	15	15	14	7	5	4		8.2	12
1997	4	4	8	5	10	10	15	18	15	10	8	0.5		9	12
1998	5	4	4	4	10	10	13	19	12	7	5	-2		7.6	12
1999	2	2	4	2	5	8	15	10	10	10	5	4		6.4	12
2000	2	5	5	5	8	11	12	15	12	10	3	5		7.8	12
2001	2	2	10	3	3	10	15	13	10	10	5	4		7.2	12
2002	4	4	4	8	8	9	10	11	7	4	4	5		6.5	12
2003												2		2	1
2004	4	3	3	8	10	12	14	14	15	10	4	4		8.4	12
2005	3	5	5	8	8	10	15	15	10	8	6	5		8.2	12
2006	5	5	3	5	10	12	18	18	14	10	5	2		8.9	12
2007	0	4	4	4	5	8	12	10	15	10	5	0		6.4	12
2008	4	4	5	5	8	10	15	15	15	10	10	4		8.8	12
2009	5	4	5	5	7	9	15	20	12	10	5	4		8.4	12
2010	5	3	3	5	5	9	11	15	15	10	5	4		7.5	12
2011	5	2	5	10	8	12	12	15	17	10	8	4		9	12
2012	2	3	7	7	5	8	14	10	10	10	8	4		7.3	12
2013	1	0	2	10	10	10	15	14	12	10	5	3		7.7	12
2014	8	5	8	8	9	10	10	14	12	10	8	0.5		8.5	12
2015	4	8	7	8	8	10	10	12	10	10	5	4		8	12
2016	4	5	7	5	7	10	10	18	15	7	5	5		8.2	12
2017	2	4	8	10	8	15	18	15	15	12	10	4		10.1	12
2018	3	2	3	12	12	15	15	15	18	10	10	5		10	12
2019	4	2	9	10	10	10	15	15	15	8				9.8	10
2020	2	6	5	8	8	5	19			10	8	2		7.3	10
2021	1	2	3	4			8	10	12	5	4	5		5.4	10
2022	3	2	8	0	12	0	10	10	0	7		3		5	11
2023	4	3	7	8	11	14	11	17	15	15				10.5	10
2024	10	6	10	10										9	4
MÍNIMA	0	0	2	0	3	0	8	5	0	4	3	-2		2	1
MÁXIMA	10	8	10	12	12	15	20	20	19	15	10	7		10.5	12
MEDIA	3.7	4	5.5	6.5	8	9.9	13.3	14.3	12.6	9.3	6.2	3.3		7.9	11.2
DESV.ST	2.1	1.9	2	2.5	2.2	2.7	2.8	3.2	3.6	2.1	1.9	1.8		1.5	2.1

TEMPERATURA MEDIA MENSUAL
AÑO	ENE	FEB	MAR	ABR	MAY	JUN	JUL	AGO	SEP	OCT	NOV	DIC	ACUM	PROM	MESES
1979	14.1		17.4	18.1	23.4	25.2	27.5	26.3	25.9	21.9	18.9			21.9	10
1980	13.7	15.3	14.8	19.6	19.9	26.6	29.6	27.4	23.9	21.3	16.6	15.6		20.4	12
1981	16.1	15.2	12.2	15.3	16.3	19.8	25.2	22.5	20.1	22	19.8	16.6		18.4	12
1982	13.8	15.6	16.9	20.7	20.2	22.2	26.4	27.9	27	22.1	16	12.8		20.1	12
1983	13.9	15.8	15.7	16.8	23.2		28.3	26.4	27.8	23	17.2	17.6		20.5	11
1984	17.3	17.5	19.9	19.7	24.8	27.7	26.9	27.8	27.6	22.3	16.8	15.7		22	12
1985	13.1	15.2	16.4	21	21.4	25.3	28.5	28.2	25.6	17.6	21	15.6		20.7	12
1986	18	16.5	18.2	19.6	21.2	25.6			21.9		19	16.6		19.6	9
1987	13.8	14.4	15.4	18.7	19.5	28	27	28	26.2	25.4	17.9	15.8		20.8	12
1988	16.8	16.8	18	18.1	20.6	22.8	26	28.2	24.5	22.3	16.9	13.4		20.4	12
1989	12.9	16.4	19		21.1	23.6	28	26.6	27	23.2	19.1	15.2		21.1	11
1990	14.4	13.5	17.2	19.9	19.4	26.9	27.5	25.8	25.4	24	17.5	14.9		20.5	12
1991	14.4	17.6		17.8	20.2	22.4	24.6	28.9	28	23.4	17.8	13.1		20.7	11
1992	13.3	15.3	19.1	21.6		23.2	28.5	29.7	28.1	23.4	17.2	14.6		21.3	11
1993	15.1	13.9	18.7	21.1	22	25.6	27.5	28.2	26.1	24.8	19.9	16.8		21.6	12
1994	15.8	15.2	18.4	19.6	20.6	26.8	28.8	28.9	29.2	26.1	17.8	14.1		21.8	12
1995	13.9	17.3	17.5	19.3	20.5	25	29.5	29.6	29.6	23	20.1	16.1		21.8	12
1996	16.1	18.3	18.8	21.4	24.1	27.8	29.8	29.2	27.4	22	18	15.8		22.4	12
1997	13.4	13	20.4	19	23	23.5	29.7	29.8	28.2	23.8	19.7	13.9		21.4	12
1998	14.9	13.2	16.9	17.4	20.3	26.2	29.7	30.4	28	21.6	18.6	13.4		20.9	12
1999	14.6	16	15.3	17.1	20.2	23.7	27.5	28.2	26.2	24.2	19.8	14.4		20.6	12
2000	17	16.5	16.6	19.8	20.9	26.2	27.9	27.6	26.6	19.9	14.6	15.3		20.7	12
2001	13.3	15.7	22.4	19	17.9	26	28.6	28.2	27.6	22.9	18.6	12.7		21.1	12
2002	14.2	15.5	16.2	21	23	23.5	25.1	26.4	26	17.9	18.6	17.2		20.4	12
2003												13.1		13.1	1
2004	13.8	12.9	18.6	21.4	22.6	27.4	26.6	28.7	27.1	21.5	16.2	13.9		20.9	12
2005	14.1	14.3	17.1	20	22.2	25.5	28.4	27.8	28.8	22.1	19.1	16.4		21.3	12
2006	15.5	17.1	17.1	20.4	22.9	26	29.2	29.4	25	23	19.6	14.6		21.6	12
2007	10.4	14.6	18.4	18.6	19.4	24	26	28.1	26.2	22.7	19.1	16.2		20.3	12
2008	18.9	20	20.2	21.7	22.3	24.6	26.4	27.5	25.6	25	20.7	18.1		22.6	12
2009	16.3	14.7	19.7	19.3	22.5	23.4	29	33	26.8	20.8	17.6	15.8		21.6	12
2010	16.6	13.4	17.2	19.6	24.4	26.3	25.4	28.9	27.7	24.6	21.7	17.8		22	12
2011	18.8	19.3	21.3	23.5	23.5	25.7	25	26.4	29	23.8	20.1	16.5		22.7	12
2012	14.5	15	17.6	18.9	20.8	23	25.9	24.1	26	21.9	19.9	16		20.3	12
2013	11.7	13	17.8	22.9	22.6	23.6	26.6	26.6	25.5	22	20	16.1		20.7	12
2014	19.7	19.2	19.4	20.6	22.1	24.7	25.2	26.7	26.4	22.8	20.1	19.1		22.2	12
2015	17	17.2	19.6	19.8	19.1	22.6	25.4	28.6	27.5	25.1	21.2	17.5		21.7	12
2016	17.6	19.2	20.6	19	19.7	25.1	29	28	25.3	22.3	16.5	15.6		21.5	12
2017	14.7	14.2	19.1	22	23	25.6	28	29.5	25.7	28.6	23.5	18.2		22.7	12
2018	16.4	14.3	18.8	22	23.4	26.2	29.2	29.3	30.1	21	20.2	16.8		22.3	12
2019	14.4	15.7	18.9	20	21.1	25	30.2	31.2	27.4	24.2				22.8	10
2020	10.1	14.9	15.2	22.1	22.6	16	34.5			23.6	19.8	5.6		18.4	10
2021	5.4	10.9	14.9	10.7			24.6	29.2	31.4	12.7	10.2	13.4		16.3	10
2022	11.4	11.2	17.6	20.6	21.6	25.1	26.8	26.1	24	19.8		12.3		19.7	11
2023	14.9	16.3	18	19.6	22.9	26.1	26.9	28.9	28.3	25.9				22.8	10
2024	12.3	14.7	15.4	17.8										15.1	4
MÍNIMA	5.4	10.9	12.2	10.7	16.3	16	24.6	22.5	20.1	12.7	10.2	5.6		13.1	1
MÁXIMA	19.7	20	22.4	23.5	24.8	28	34.5	33	31.4	28.6	23.5	19.1		22.8	12
MEDIA	14.6	15.5	17.8	19.6	21.5	24.8	27.6	28.1	26.7	22.6	18.6	15.2		20.7	11.2
DESV.ST	2.5	2	2	2.2	1.8	2.2	1.9	1.8	2	2.6	2.2	2.3		1.9	2.1
