COMISIÓN NACIONAL DEL AGUA
COORDINACIÓN GENERAL DEL SERVICIO METEOROLÓGICO NACIONAL
BASE DE DATOS CLIMATOLÓGICA NACIONAL 

ESTADÍSTICA MENSUAL
EMISIÓN   : 25/10/2024 

DATOS DISPONIBLES EN LA BASE DE DATOS A: OCTOBER DE 2024; 
CON LA INFORMACIÓN SUMINISTRADA POR LAS UNIDADES ADMINISTRATIVAS 

 ESTACIÓN  : 3133 
 NOMBRE    : SAN ANTONIO NORTE 
 ESTADO    : BAJA CALIFORNIA SUR 
 MUNICIPIO : LORETO 
 SITUACIÓN : OPERANDO 
 CVE-OMM   :   
 LATITUD   : 26.14166667 ° 
 LONGITUD  : -111.4555556 ° 
 ALTITUD   : 100 msnm 


LLUVIA MÁXIMA 24 H.
AÑO	ENE	FEB	MAR	ABR	MAY	JUN	JUL	AGO	SEP	OCT	NOV	DIC	ACUM	PROM	MESES
1978												10	10	10	1
1979	46			0	0	0	8	0	25	0	0	8	87	8.7	10
1980	0	10	0	0	0	0	10	0	30	42	0	24	116	9.7	12
1981	40	2.6	4	1.5	0	0	0	0	0	40.5	0	0	88.6	7.4	12
1982	0	15	0	0	0		44	4	10.5	0	15.2	4.1	92.8	8.4	11
1983	9.6	0	45.5	0	0	0	13.5	65.6	13.4	18.5	10.5	30	206.6	17.2	12
1984	24.5	0	0	0	0	0	55.6	28.5	68.5	20.3	0	21.5	218.9	18.2	12
1985	32.5	0	0	0	0	0	0	17.5	0	4.5	2.5	0	57	4.8	12
1986	0	0	0	0.01		0.01	0.01	3	48.5		5.5	50	107.03	10.7	10
1987		0	0	0	0	0	15	0	27	20	0	0	62	5.6	11
1988	0	0.01	0	0	0	0	0			0	0	0.01	0.02	0	10
1989	19	20	0		0	0	6	8	0	0	0.01	8	61.01	5.5	11
1990	0.01	5	0	0	0	0	34	25	55	0	32	93.5	244.51	20.4	12
1991	6.5	14.6	8	0	0	0	0	0					29.1	3.6	8
1992						0	33	8	63	0		0	104	17.3	6
1993					0	0	0	32	46	0	12	10	100	12.5	8
1994		0	0	0	0	0	0	30	40	0	26	75	171	15.5	11
1995	10	7	0	0	0	0	0	15	10	0	0.01	0	42.01	3.5	12
1996	0	1	0	0	0	0	5	38	16	0	0.01	0	60.01	5	12
1997	12	0	0	0	0								12	2.4	5
1998	0	0	0	0	0	11.2	0	55	18	0		0	84.2	7.7	11
2001	0	0.5	0	0	0	0	0	19	72	6.5	0	0	98	8.2	12
2002	0	4	0	0	0	0	0	0	14.3	0	8	7.5	33.8	2.8	12
2003	4	0	0	0	0	0	12.5	90	124	0	0		230.5	21	11
2004	43.5	0	0	0	0	0	7	65	10	6	5	0.01	136.51	11.4	12
2005	15	22	0	0	0.01	6.5	0	34	0	3.5	0.01	0	81.02	6.8	12
2006	0	0	0	0	0	3	3	17	290	0	0	0.01	313.01	26.1	12
2007	0.01	0	0.1	0	0	0	0	20	39	29	20	20	128.11	10.7	12
2008	3	0	0	0	0	0	0	27.5	0	120	3	0.01	153.51	12.8	12
2009	0	0	0	0			1.5	20	135.5	36	0.01	2	195.01	19.5	10
2010	1	20	0	0	0	0	0.01	4	105	0.01	0	0	130.02	10.8	12
2011	0.01	0	0	0	0	32	0.01	0	0	0			32.02	3.2	10
2012	0.01	0.01	0	0	0	0	0	89	82	175	0	0.01	346.03	28.8	12
2013	0	0	0	0	0	0.01	2	150	25	230	0	3	410.01	34.2	12
2014	0	0	0	0	0	0	0	41	266	8	0	0	315	26.2	12
2015	0	22	0	0	0	133	20	48	85	0	0	0.01	308.01	25.7	12
2016	0.01	0	0	0	0	0.01	0	3	240	0	0	12.3	255.32	21.3	12
2017	0	10	0	0	0	0	5	0					15	1.9	8
2018	5	5.4	0	0	0	0	3.4	10	17.2	0	0	6.5	47.5	4	12
2019	0	0	0	0									0	0	4
2020	12	0	3	0	0	0	0	27	12.5	15.5	0	12	82	6.8	12
2021	11.4	0	0	0	0	0	0	30.5	16.5	0	0	12	70.4	5.9	12
2022	0	0	0	0	0	0	12.2	18.7	114	0	0	0	144.9	12.1	12
2023	0	5	0	0	18	0	10	62.5	0	0	0	0	95.5	8	12
2024	0	0	0										0	0	3
MÍNIMA	0	0	0	0	0	0	0	0	0	0	0	0	0	0	1
MÁXIMA	46	22	45.5	1.5	18	133	55.6	150	290	230	32	93.5	410.01	34.2	12
MEDIA	7.4	4	1.5	0	0.5	4.8	7.3	27.6	55.8	20.4	3.9	10.8	123.9	11.2	10.5
DESV.ST	12.8	6.9	7.2	0.2	2.9	21.8	12.8	31.4	72.7	49.1	7.9	20.6	102	8.4	2.7

LLUVIA TOTAL MENSUAL
AÑO	ENE	FEB	MAR	ABR	MAY	JUN	JUL	AGO	SEP	OCT	NOV	DIC	ACUM	PROM	MESES
1978												14.5	14.5	14.5	1
1979	92.5			0	0	0	8	0	52.5	0	0	8	161	16.1	10
1980	0	15	0	0	0	0	15	0	30	42	0	27	129	10.8	12
1981	69	2.6	4	1.5	0	0	0	0	0	67	0	0	144.1	12	12
1982	0	15	0	0	0		44	4	28.5	0	28.7	8.6	128.8	11.7	11
1983	13.9	0	54	0	0	0	13.5	254.2	24.6	18.5	12.5	30	421.2	35.1	12
1984	61.3	0	0	0	0	0	103.2	73.8	94.9	20.3	0	46.5	400	33.3	12
1985	81.2	0	0	0	0	0	0	17.5	0	4.5	4.7	0	107.9	9	12
1986	0	0	0	0.01		0.01	0.01	3.03	53		5.54	51	112.6	11.3	10
1987		0	0	0	0	0	15	0	27	20	0	0	62	5.6	11
1988	0	0.01	0	0	0	0	0			0	0	0.01	0.02	0	10
1989	37.01	35	0		0	0	8	10	0	0	0.01	15	105.02	9.5	11
1990	0.01	5.01	0	0	0	0	84	45	150	0	52.02	137.62	473.66	39.5	12
1991	6.5	14.61	8	0	0	0	0	0					29.11	3.6	8
1992						0	33	11	67	0		0	111	18.5	6
1993					0	0	0	65	78.5	0	17	13	173.5	21.7	8
1994		0	0	0	0	0	0	60	40.01	0	26	125	251.01	22.8	11
1995	10	11	0	0	0	0	0	15.01	17	0	0.02	0	53.03	4.4	12
1996	0	1	0	0	0	0	5	107.01	16.01	0	0.01	0	129.03	10.8	12
1997	12.01	0	0	0	0								12.01	2.4	5
1998	0	0	0	0	0	11.2	0	55	38.01	0		0	104.21	9.5	11
2001	0	0.5	0	0	0	0	0	19	118	6.5	0	0	144	12	12
2002	0	6	0	0	0	0	0	0	20.8	0	15	13.5	55.3	4.6	12
2003	4	0	0	0	0	0	22.5	93.8	174	0	0		294.3	26.8	11
2004	43.5	0	0	0	0	0	15	132	25	8	5	0.01	228.51	19	12
2005	15.01	24	0	0	0.01	6.5	0	60.01	0	3.51	0.01	0	109.05	9.1	12
2006	0	0	0	0	0	3.01	5.03	21.01	290	0	0	0.01	319.06	26.6	12
2007	0.02	0	0.1	0	0	0	0	20	39	29	22	20	130.12	10.8	12
2008	3.03	0	0	0	0	0	0	27.5	0	120	3	0.01	153.54	12.8	12
2009	0	0	0	0			1.51	21.5	178.5	39.02	0.01	2	242.54	24.3	10
2010	2	20	0	0	0	0	0.01	4.01	129	0.01	0	0	155.03	12.9	12
2011	0.01	0	0	0	0	32.01	0.01	0	0	0			32.03	3.2	10
2012	0.01	0.03	0	0	0	0	0	163.01	299	175.01	0	0.01	637.07	53.1	12
2013	0	0	0	0	0	0.01	2	235	25	230	0	5	497.01	41.4	12
2014	0	0	0	0	0	0	0	77	349	8.01	0	0	434.01	36.2	12
2015	0	22.01	0	0	0	133	20.01	66.02	217.04	0	0	0.03	458.11	38.2	12
2016	0.02	0	0	0	0	0.01	0	3.03	261.03	0	0	29.32	293.41	24.5	12
2017	0	10	0	0	0	0	5	0					15	1.9	8
2018	5	10.5	0	0	0	0	3.4	18	25.2	0	0	6.5	68.6	5.7	12
2019	0	0	0	0									0	0	4
2020	12	0	5	0	0	0	0	41	12.5	15.5	0	12	98	8.2	12
2021	15.9	0	0	0	0	0	0	42.3	16.5	0	0	12	86.7	7.2	12
2022	0	0	0	0	0	0	12.2	36.1	292.5	0	0	0	340.8	28.4	12
2023	0	5	0	0	18	0	10	62.5	0	0	0	0	95.5	8	12
2024	0	0	0										0	0	3
MÍNIMA	0	0	0	0	0	0	0	0	0	0	0	0	0	0	1
MÁXIMA	92.5	35	54	1.5	18	133	103.2	254.2	349	230	52.02	137.62	637.07	53.1	12
MEDIA	12.1	4.8	1.7	0	0.5	4.8	10.4	46.6	83.9	21.2	5.3	15.2	178	15.9	10.5
DESV.ST	23.9	8.4	8.5	0.2	2.9	21.8	21.5	60.3	101.3	49.6	11.2	30.6	156.5	12.8	2.7

EVAPORACIÓN MENSUAL
AÑO	ENE	FEB	MAR	ABR	MAY	JUN	JUL	AGO	SEP	OCT	NOV	DIC	ACUM	PROM	MESES
1978												51.2	51.2	51.2	1
1979	113.8			209.6	242.6	264.3	216.9						1047.2	209.4	5
1980											59.2		59.2	59.2	1
MÍNIMA	113.8			209.6	242.6	264.3	216.9				59.2	51.2	51.2	51.2	1
MÁXIMA	113.8			209.6	242.6	264.3	216.9				59.2	51.2	1047.2	209.4	5
MEDIA	113.8			209.6	242.6	264.3	216.9				59.2	51.2	385.9	106.6	2.3
DESV.ST													572.7	89.1	2.3

TEMPERATURA MÁXIMA PROMEDIO
AÑO	ENE	FEB	MAR	ABR	MAY	JUN	JUL	AGO	SEP	OCT	NOV	DIC	ACUM	PROM	MESES
1978												23.2		23.2	1
1979	20.2			30.8	32.9	38.4	40.1	39.8	36.3	33.7	25.6	25.9		32.4	10
1980	21.5	26.8	26.5	31.2	31.2	37.4	38.4	38	37.7	32.8	28	27.1		31.4	12
1981	24.8	26.9	27.4	32.7	33.2	36.8	38.9	38.6	37.8	36.3				33.3	10
1982		27.2	27.7	37.4	36.6		38.4	37.7	36.4	33.9	30.7	29.4		33.5	10
1983	24.9	28.4	29.5	28	36.6	38	38.9	37.1	38.5	37	32.5	33.4		33.6	12
1984	27.9	26.7	28.9	28.6	39.6	36	36.7	37.2	35.9	31.5	27.9	23.1		31.7	12
1985	21.7	23.3	27.5	31.3	35.6	38	37.6	38.5	36.6	33.2	28.3	25.5		31.4	12
1986	27.7	26.2	29.6	32.9		37.5	38.1	38.3	36.8		33	25.5		32.6	10
1987		24.6	28.1	32.2	32	38.5	40.3	39.2	37.2	35.5	28.7	24.1		32.8	11
1988	24.2	27.2	29.2	30.7	33.8	36.8	37.6			34.1	28.9	23.6		30.6	10
1989	21	25.5	29.5		35	37.6	38.8	37.7	37.7	33.7	29.3	23.6		31.8	11
1990	22.7	23	27.1	31.1	36.7	38.9	37	37.3	37	34.8	29.1	22.7		31.4	12
1991	24.8	29.6	30.2	32.3	33.8	37.3	36.8	38.4						32.9	8
1992						35.4	37.7	35.7	36.2	36		24.1		34.2	6
1993					34.4	37.1	37.8	37	34.7	34.8	28.4	25.3		33.7	8
1994		25.9	27.6	32.9	34.4	38.3	38	36.4	36.4	32.2	25.8	21		31.7	11
1995	23.1	27.5	27.7	25.7	32.5	37.4	40.3	39.8	39.2	35.8	31.3	27.3		32.3	12
1996	27.6	29	31	33.7	36.7	38.6	39	38.4	34.6	31.4	29.4	26.7		33	12
1997	24.4	26.3	31.2	31.8	37.4									30.2	5
1998	19.9	24.8	25.5	31.5	32.1	36.7	37.7	40.3	39.5	36.3		17.5		31.1	11
2001	22.5	25.8	33.8	36.3	36.6	38.5	35.7	37	36	31	29.1	22.6		32.1	12
2002	22.9	24.5	26.3	31.2	32	35	39	39.2	38.2	33.6	30.6	22.8		31.3	12
2003	29.4	27.5	28.6	29	35.3	37.1	35.6	34.1	32.9	31.9	26.9			31.7	11
2004	21.5	22.5	28.4	31.3	35.9	38.2	37.4	37.3	34	30.6	24.6	30.9		31	12
2005	31.7	31.6	31.1	31.6	38.5	41.2	37.5	42.4	41.4	37.5	31.4	33.3		35.8	12
2006	28.2	25	29	34.2	41.4	40.9	39.5	38.3	32.7	35.5	30.9	24.2		33.3	12
2007	21.9	24.7	26.6	20.2	19	32.6	32.8	32.8	33	33.7	29	24.2		27.5	12
2008	23.2	23.2	27.2	31.2	32.9	33.8	37.3	37.3	37	36.4	34.5	24.2		31.5	12
2009	29.3	33	25.3	24.5			37.8	38	34.7	32.3	28.6	23.3		30.7	10
2010	24.1	23.8	25.7	27.7	32.3	36.2	38.4	38.9	36.9	30.4	26.4	26.1		30.6	12
2011	23.6	25.2	27.5	31.2	31.8	38.1	38.5	38	37.5	34.9				32.6	10
2012	25.6	23.7	27.3	29.6	34.4	37.1	36.8	36.2	35.2	29.6	28	23.3		30.6	12
2013	19.2	22.8	29.7	30.7	35.9	37.4	38.1	39.3	37.5	31.5	27.7	24.3		31.2	12
2014	20.8	22.8	30.1	30.5	32.2	37.8	38.4	36.6	33.5	31.5	18.9	17.8		29.2	12
2015	14.2	23.6	22.9	30.5			38.7	34	33.2	28.6	22.7	19.4		26.8	10
2016	18.6	17.7	19.5	22.7	29.8	34.1	35.8	35.5	36.1	34.9	29.1	23.8		28.1	12
2017	24.6	27.3	24.7	25.3	23.1	38.3	38.1	37.5						29.9	8
2018					35.2	36.2	37.8	38.3	36.6	26.6	30	27.2		33.5	8
2019	28.9	23.3	28.4	25.2										26.4	4
2020	20.5	22.8	23.6	29.2	35.8	37.7	38.8	38.9	38.3	34.8	31.5	23.8		31.3	12
2021	23	24.6	26.6	28.3	31.6	34.9	36.4	37.1	35.6	32.5	29.7	25.3		30.5	12
2022	25	23.4	27	29.6	31.8	35	35.2	35.4	32.9	31.1	26.7	24.5		29.8	12
2023	23.1	23.3	26.4	28.4	30.6	33.8	36	36.8	36.5	32.9	28.6	24.8		30.1	12
2024	22.4	23.9	26											24.1	3
MÍNIMA	14.2	17.7	19.5	20.2	19	32.6	32.8	32.8	32.7	26.6	18.9	17.5		23.2	1
MÁXIMA	31.7	33	33.8	37.4	41.4	41.2	40.3	42.4	41.4	37.5	34.5	33.4		35.8	12
MEDIA	23.7	25.4	27.6	30.1	33.7	37.1	37.7	37.6	36.3	33.3	28.6	24.7		31.1	10.3
DESV.ST	3.5	2.7	2.5	3.4	4	1.8	1.5	1.8	2	2.4	2.9	3.4		2.5	2.7

TEMPERATURA MÁXIMA EXTREMA
AÑO	ENE	FEB	MAR	ABR	MAY	JUN	JUL	AGO	SEP	OCT	NOV	DIC	ACUM	PROM	MESES
1978												29		29	1
1979	27			34	37	43	44	43	42	39	30.5	31		37	10
1980	23	32	31	36	35	42	42	41	42	39	34	32		35.8	12
1981	30	32	35	36	37	42	41	40	40	40				37.3	10
1982		31	32	40.5	40		41	40	40	39.5	34	35		37.3	10
1983	32	32	34	29.5	40	40	42	41	41	39.5	38	39.5		37.4	12
1984	31	32	37	31	41	40	40	41	39	38	34	29		36.1	12
1985	27	30	34	36	40	41	43	42	41	41	34	32		36.8	12
1986	32	35	35	40		42	44	42	40		35	34		37.9	10
1987		29	32	36	36	42	42	41	44	40	33	30		36.8	11
1988	29	33	38	35	40	40	41			39	36	29		36	10
1989	27	35	35		41	41	41	40	40	38	32	30		36.4	11
1990	29	30	35	37	41	42	40	42	40	38	35	34		36.9	12
1991	30	36	35	39	40	41	40	41						37.8	8
1992						41	45	40	42	41		28		39.5	6
1993					39	41	42	41	40	39	32	30		38	8
1994		29	33	36	39	41	41	39	39	37	33	26		35.7	11
1995	28	32	34	36	37	41	42	41	41	39	34	31		36.3	12
1996	32	35	33	37	40	41	40	40	38	35	35	29.5		36.3	12
1997	32	30	34	36	40									34.4	5
1998	26	28	26	35	35	40	39	42	41	40		18		33.6	11
2001	29.5	31	42.5	43	41	44.5	41	40.5	40	34	34	26		37.2	12
2002	25.5	35	33.5	38.5	36	43	41.5	41.5	40.5	38	34	31		36.5	12
2003	35	34.5	35	34	39.5	41	40	40	37	36	33			36.8	11
2004	25	30	35	36	39	41	39	39	38	35	28	39		35.3	12
2005	39	36	33	36	43	46	43	48	46	43	35	39		40.6	12
2006	33	30	31	39	46	47	41	41	40	41	39	31		38.2	12
2007	28	30	39	26	22	38	38	38	38	37	33	28		32.9	12
2008	30	28	35	39	38	38	41	41	41	40	39	29		36.6	12
2009	36	36	31	29			39	40	41	39	35	27		35.3	10
2010	29	29	34	34	38	41	42	43	41	35	33	30		35.8	12
2011	29	32	33	39	39	41	40	40	40	39				37.2	10
2012	30	30	38	37	41	41	40	41	39	36	33	29		36.2	12
2013	24	28	35	36	40	42	41	43	41	36	31	30		35.6	12
2014	28	28	36	36	36	42	42	40	40	38	21	22		34.1	12
2015	25	32	30	40			42	40	40	39	29	24		34.1	10
2016	26	25	23	28	38	40	40	40	41	38	36	33		34	12
2017	31	33	33	31	35	42	41	40						35.8	8
2018					39	42	42	41	42	38	38	38		40	8
2019	39	31	39	39										37	4
2020	22	26	28	41	42	40	44	44	46	39	39	27		36.5	12
2021	26	28	29	33	35	38	40	41	38	37	33	29		33.9	12
2022	30	30	33	35	36	38	37	38	37	34	29	31		34	12
2023	28	28	31	32	34.5	38	38	40	40	37	32	28		33.9	12
2024	26	29	30											28.3	3
MÍNIMA	22	25	23	26	22	38	37	38	37	34	21	18		28.3	1
MÁXIMA	39	36	42.5	43	46	47	45	48	46	43	39	39.5		40.6	12
MEDIA	29.2	31	33.5	35.7	38.3	41.2	41	40.9	40.4	38.2	33.5	30.2		36	10.3
DESV.ST	3.9	2.8	3.6	3.7	3.7	1.9	1.7	1.7	2	2	3.5	4.4		2.3	2.7

TEMPERATURA MÍNIMA PROMEDIO
AÑO	ENE	FEB	MAR	ABR	MAY	JUN	JUL	AGO	SEP	OCT	NOV	DIC	ACUM	PROM	MESES
1978												11.3		11.3	1
1979	9.7			13.7	15	21.2	25.5	24.6	18.6	17.9	11.4	8.5		16.6	10
1980	9.1	11.5	11.1	13.1	14.6	22.6	25.7	25	24.6	19.8	13.8	11.9		16.9	12
1981	10.7	11.4	12.2	18	18.1	22	24.8	24.4	25.6	18.2				18.5	10
1982		10.9	9.5	15.6	15.5		21.4	20.7	19.8	17.5	15	12.7		15.9	10
1983	11.5	14	16.9	12.9	19.1	21.8	22.2	18.2	22.4	22.2	13.5	17.6		17.7	12
1984	14.2	10.9	14.1	16.2	26.6	22.4	22.9	23.9	22.6	16.2	12.1	10.1		17.7	12
1985	8.8	8.3	11.2	15	17.6	22.2	24.7	23.6	22.7	17.9	13.3	10.4		16.3	12
1986	11.8	9.3	12.2	17.1		22.5	24.2	26.1	24.2		10.8	10.3		16.9	10
1987		9.1	10.3	14.3	14.8	20.4	23.4	24.8	23.5	21.4	12.8	9.5		16.8	11
1988	9.6	12.3	12	14.6	16.6	20.6	24			18.7	12.5	9.7		15.1	10
1989	7.6	10	12.1		17.8	21.1	25.3	24.8	24.1	20.3	14.3	11		17.1	11
1990	9	7.5	10.3	14	18.5	22.6	24.7	25.6	25.9	20	16	11.1		17.1	12
1991	11.1	13	13.6	14.8	17	20	23.8	25.7						17.4	8
1992						16.7	22.3	24.3	23.9	20.2		11		19.7	6
1993					17.1	21.5	23.2	24.5	21.5	20	14.5	9.5		19	8
1994		9.3	10.6	12.9	14.8	22.1	25.3	24.5	23.9	16.4	11.3	9.5		16.4	11
1995	9.1	12.9	12.1	10.7	14.9	19.8	25.6	26.3	24.7	18.9	14.7	10.6		16.7	12
1996	9.3	11.4	9.7	14.4	18.5	23.2	24.8	25.3	20.8	16.6	12.7	9		16.3	12
1997	8.8	9.6	12.4	12.5	18.7									12.4	5
1998	9.2	9.4	10.5	19	19.7	24.1	24.5	25.2	25.2	24.6		6.7		18	11
2001	8.1	9.2	10.2	12.4	16.5	22.5	25.9	25.4	24.2	18.6	16	9.9		16.6	12
2002	7.9	9.7	10.4	12.9	13	19	24.5	25	24.8	14.3	10.7	8.5		15.1	12
2003	8.9	10.1	13.5	13.3	16	18.3	25.4	23.8	22.1	18.6	14.1			16.7	11
2004	8.4	7.7	11.8	11.5	16.1	18.8	20.2	23.5	21.7	18.1	11.9	9.1		14.9	12
2005	10.8	11.8	11.1	13.5	16.8	19.2	26.2	24	24.2	18.2	15.4	11.2		16.9	12
2006	10.8	11.6	11.1	14.7	16.9	23.3	27	26	24.5	21.5	12.8	10.6		17.6	12
2007	9.5	10	12.5	11.6	10.8	14.8	16.9	16.8	18.8	17.4	14.1	10		13.6	12
2008	10	8.9	11	12.8	16.9	21.7	25.2	19	16.7	17	14	10.9		15.3	12
2009	9.7	16	10.4	11.5			19.5	20.5	15.7	15.5	13.9	9.5		14.2	10
2010	10.2	9.2	10.6	13.4	15.1	20	24.7	25.3	23.9	15.6	10.6	9.7		15.7	12
2011	8.9	7.6	10.5	13.3	14.8	24.6	24.1	22	16.9	16.7				15.9	10
2012	9.9	9.3	12.1	12.5	15.5	19	21.9	23.5	20.2	14.1	12.4	8.6		14.9	12
2013	5.1	9.3	10	10.3	14.1	17.6	25.8	24.6	21	13.4	11	10.6		14.4	12
2014	7	9.3	10.3	11.9	13.1	18.4	19.5	18.2	15.6	15.8	8.2	7.8		12.9	12
2015	5.9	10.1	12.9	12.7			16.1	14.2	14.6	14.7	9.8	8.6		12	10
2016	9.3	8.1	8.8	12.2	13.9	18.4	16.6	15.4	16.8	15.6	11.2	8.2		12.9	12
2017	7.2	7.4	10.7	12.4	11.7	16.4	16.5	16.1						12.3	8
2018					12.2	18.4	20	19.9	16.2	12	9.7	10.6		14.9	8
2019	11.6	10.1	12.7	12.4										11.7	4
2020	12.3	14.4	16	18.6	18.4	22.4	21.8	22.4	22	21.7	20.3	13		18.6	12
2021	12.1	13.2	13.8	18.2	20.7	24.6	26.7	27.2	26.6	22	18.5	15.7		19.9	12
2022	14.1	12.3	13.7	15.9	19.1	23.7	26.1	27.6	25.6	20.6	15.6	13.7		19	12
2023	11.9	12.1	13.5	14.6	17.9	22.1	24.5	28.1	27.9	23.4	19.6	14.1		19.1	12
2024	11.8	13.4	14.6											13.3	3
MÍNIMA	5.1	7.4	8.8	10.3	10.8	14.8	16.1	14.2	14.6	12	8.2	6.7		11.3	1
MÁXIMA	14.2	16	16.9	19	26.6	24.6	27	28.1	27.9	24.6	20.3	17.6		19.9	12
MEDIA	9.8	10.5	11.8	13.9	16.4	20.8	23.3	23.1	21.9	18.2	13.4	10.6		16	10.3
DESV.ST	2	2.1	1.8	2.1	2.8	2.4	2.9	3.5	3.5	2.9	2.7	2.2		2.2	2.7

TEMPERATURA MÍNIMA EXTREMA
AÑO	ENE	FEB	MAR	ABR	MAY	JUN	JUL	AGO	SEP	OCT	NOV	DIC	ACUM	PROM	MESES
1978												7		7	1
1979	6			9	12	14	21	22	13	13	7	5		12.2	10
1980	6	8	8.5	8	11	15	23	22	22	15	10	8		13	12
1981	8.5	6.5	9	13	14	16	22	17	24	15				14.5	10
1982		9	5	12	12		14	15	15	15	12	9		11.8	10
1983	5	9	10	10	10	18	15	7	18	18	8	12		11.7	12
1984	10	8	10	11	20	20	17	20	20	12	8	6		13.5	12
1985	6	2	5	10	12	16	22	20	17	14	10	5		11.6	12
1986	7	5	8	11		18	20	23	22		7	7		12.8	10
1987		5	5	10	9	12	21	21	20	17	10	4		12.2	11
1988	6	8	9	10	12	12	21			13	9	3		10.3	10
1989	4	6	9		12	15	23	21	20	15	11	7		13	11
1990	5	3	7	8	13	16	20	20	22	16	11	2		11.9	12
1991	7	6	8	10	10	13	20	24						12.2	8
1992						13	18	20	19	18		6		15.7	6
1993					14	14	18	21	18	16	10	4		14.4	8
1994		7	8	10	10	17	23	22	22	13	9	5		13.3	11
1995	7	9	8	8	10	15	20	23	21	16	12	9		13.2	12
1996	6	9	8	10	14	20	21	24	15	11	9	7		12.8	12
1997	4	5	8	9	14									8	5
1998	8	9	10	16	15	18	23	22	23	24		5		15.7	11
2001	3.5	4	6	5	11	18	23	23	19	16	8	6		11.9	12
2002	5	6	8	9	10	15	21	22	22	9	8	5		11.7	12
2003	1	7	10	10	10.5	14	21	20	17	13	9			12	11
2004	5	4	5	8	12	15.5	18	20	20	15	10	5		11.5	12
2005	9	9	9	9	9	15	23	20	20	15	10	8		13	12
2006	5	9	8	10	12	19	24	20	20	16	10	7		13.3	12
2007	5	5	9	8	8	11	15	14	13	14	10	2		9.5	12
2008	5	5	6	10	11	17	20	15	12	15	10	8		11.2	12
2009	6	10	8	8			11	15	10	10	10	6		9.4	10
2010	7	7	7	10	10	16	17	16	22	12	6	6		11.3	12
2011	4	3	5	9	11	16	20	19	11	10				10.8	10
2012	6	6	8	8	11	12	19	20	17	10	9	5		10.9	12
2013	2	5	7	7	10	14	24	20	16	9	7	6		10.6	12
2014	2	6	7	10	10	13	14	12	10	11	5	4		8.7	12
2015	2	6	10	9			10	10	11	10	7	4		7.9	10
2016	6	5	6	9	10	14	12	12	13	13	7	4		9.2	12
2017	5	5	6	9	8	12	10	14						8.6	8
2018					8	12	15	14	10	8	5	5		9.6	8
2019	6	6	6	9										6.8	4
2020	10	10	12	14	15	19	19	19	20	19	16	11		15.3	12
2021	9	11	11	17	16	21	23	22	22	19	16	12		16.6	12
2022	11	8	10	12	15	20	23	26	24	16	13	11		15.8	12
2023	8	8	9	10	15	18	15	20	23	18	14	11		14.1	12
2024	7	9	12											9.3	3
MÍNIMA	1	2	5	5	8	11	10	7	10	8	5	2		6.8	1
MÁXIMA	11	11	12	17	20	21	24	26	24	24	16	12		16.6	12
MEDIA	5.9	6.7	8	9.9	11.8	15.6	19	18.9	18	14.2	9.5	6.4		11.8	10.3
DESV.ST	2.3	2.2	1.9	2.2	2.5	2.7	4	4.2	4.3	3.4	2.6	2.6		2.4	2.7

TEMPERATURA MEDIA MENSUAL
AÑO	ENE	FEB	MAR	ABR	MAY	JUN	JUL	AGO	SEP	OCT	NOV	DIC	ACUM	PROM	MESES
1978												17.2		17.2	1
1979	14.9			22.2	24	29.8	32.8	32.2	27.4	25.8	18.5	17.2		24.5	10
1980	15.3	19.1	18.8	22.1	22.9	30	32	31.5	31.2	26.3	20.9	19.5		24.1	12
1981	17.8	19.1	19.8	25.4	25.7	29.4	31.9	31.5	31.7	27.2				26	10
1982		19	18.6	26.5	26		29.9	29.2	28.1	25.7	22.9	21		24.7	10
1983	18.2	21.2	23.2	20.4	27.9	29.9	30.5	27.6	30.4	29.6	23	25.5		25.6	12
1984	21	18.8	21.5	22.4	33.1	29.2	29.8	30.6	29.2	23.9	20	16.6		24.7	12
1985	15.2	15.8	19.4	23.1	26.6	30.1	31.1	31	29.6	25.6	20.8	18		23.9	12
1986	19.8	17.8	20.9	25		30	31.1	32.2	30.5		21.9	17.9		24.7	10
1987		16.9	19.2	23.2	23.4	29.4	31.8	32	30.4	28.4	20.8	16.8		24.8	11
1988	16.9	19.8	20.6	22.6	25.2	28.7	30.8			26.4	20.7	16.6		22.8	10
1989	14.3	17.8	20.8		26.4	29.4	32	31.2	30.9	27	21.8	17.3		24.4	11
1990	15.8	15.2	18.7	22.6	27.6	30.8	30.9	31.4	31.4	27.4	22.6	16.9		24.3	12
1991	18	21.3	21.9	23.5	25.4	28.6	30.3	32						25.1	8
1992						26	30	30	30	28.1		17.6		27	6
1993					25.8	29.3	30.5	30.8	28.1	27.4	21.4	17.4		26.3	8
1994		17.6	19.1	22.9	24.6	30.2	31.6	30.4	30.1	24.3	18.6	15.2		24.1	11
1995	16.1	20.2	19.9	18.2	23.7	28.6	33	33	32	27.3	23	19		24.5	12
1996	18.5	20.2	20.4	24	27.6	30.9	31.9	31.9	27.7	24	21	17.9		24.7	12
1997	16.6	18	21.8	22.1	28									21.3	5
1998	14.5	17.1	18	25.2	25.9	30.4	31.1	32.8	32.4	30.4		12.1		24.5	11
2001	15.3	17.5	22	24.3	26.6	30.5	30.8	31.2	30.1	24.8	22.6	16.2		24.3	12
2002	15.4	17.1	18.4	22	22.5	27	31.8	32.1	31.5	24	20.6	15.7		23.2	12
2003	19.1	18.8	21	21.1	25.6	27.7	30.5	29	27.5	25.2	20.5			24.2	11
2004	14.9	15.1	20.1	21.4	26	28.5	28.8	30.4	27.9	24.4	18.2	20		23	12
2005	21.2	21.7	21.1	22.6	27.6	30.2	31.9	33.2	32.8	27.9	23.4	22.2		26.3	12
2006	19.5	18.3	20	24.5	29.1	32.1	33.2	32.1	28.6	28.5	21.9	17.4		25.4	12
2007	15.7	17.4	19.6	15.9	14.9	23.7	24.8	24.8	25.9	25.6	21.6	17.1		20.6	12
2008	16.6	16	19.1	22	24.9	27.8	31.2	28.1	26.9	26.7	24.2	17.6		23.4	12
2009	19.5	24.5	17.9	18			28.6	29.2	25.2	23.9	21.2	16.4		22.4	10
2010	17.1	16.5	18.1	20.6	23.7	28.1	31.5	32.1	30.4	23	18.5	17.9		23.1	12
2011	16.2	16.4	19	22.2	23.3	31.4	31.3	30	27.2	25.8				24.3	10
2012	17.8	16.5	19.7	21	25	28	29.3	29.9	27.7	21.9	20.2	15.9		22.7	12
2013	12.1	16	19.9	20.5	25	27.5	32	32	29.2	22.4	19.4	17.4		22.8	12
2014	13.9	16	20.2	21.2	22.7	28.1	29	27.4	24.6	23.6	13.5	12.8		21.1	12
2015	10.1	16.9	17.9	21.6			27.4	24.1	23.9	21.6	16.2	14		19.4	10
2016	14	12.9	14.2	17.4	21.9	26.2	26.2	25.4	26.5	25.2	20.1	16		20.5	12
2017	15.9	17.4	17.7	18.9	17.4	27.3	27.3	26.8						21.1	8
2018					23.7	27.3	28.9	29.1	26.4	19.3	19.9	18.9		24.2	8
2019	20.2	16.7	20.5	18.8										19	4
2020	16.4	18.6	19.8	23.9	27.1	30	30.3	30.6	30.1	28.2	25.9	18.4		24.9	12
2021	17.6	18.9	20.2	23.2	26.1	29.8	31.5	32.1	31.1	27.2	24.1	20.5		25.2	12
2022	19.6	17.9	20.4	22.8	25.5	29.4	30.7	31.5	29.2	25.9	21.1	19.1		24.4	12
2023	17.5	17.7	20	21.5	24.2	28	30.2	32.5	32.2	28.1	24.1	19.4		24.6	12
2024	17.1	18.6	20.3											18.7	3
MÍNIMA	10.1	12.9	14.2	15.9	14.9	23.7	24.8	24.1	23.9	19.3	13.5	12.1		17.2	1
MÁXIMA	21.2	24.5	23.2	26.5	33.1	32.1	33.2	33.2	32.8	30.4	25.9	25.5		27	12
MEDIA	16.7	18	19.7	22	25.1	28.9	30.5	30.4	29.1	25.7	21	17.6		23.5	10.3
DESV.ST	2.4	2.1	1.5	2.3	3	1.6	1.8	2.3	2.3	2.3	2.4	2.4		2.2	2.7
