COMISIÓN NACIONAL DEL AGUA
COORDINACIÓN GENERAL DEL SERVICIO METEOROLÓGICO NACIONAL
BASE DE DATOS CLIMATOLÓGICA NACIONAL 

ESTADÍSTICA MENSUAL
EMISIÓN   : 25/10/2024 

DATOS DISPONIBLES EN LA BASE DE DATOS A: OCTOBER DE 2024; 
CON LA INFORMACIÓN SUMINISTRADA POR LAS UNIDADES ADMINISTRATIVAS 

 ESTACIÓN  : 3020 
 NOMBRE    : IRAKY 
 ESTADO    : BAJA CALIFORNIA SUR 
 MUNICIPIO : LA PAZ 
 SITUACIÓN : OPERANDO 
 CVE-OMM   :   
 LATITUD   : 24.82861111 ° 
 LONGITUD  : -111.2188889 ° 
 ALTITUD   : 140 msnm 


LLUVIA MÁXIMA 24 H.
AÑO	ENE	FEB	MAR	ABR	MAY	JUN	JUL	AGO	SEP	OCT	NOV	DIC	ACUM	PROM	MESES
1961	12.5	0	0	0.01	0	0.01	0.5		2.5	3.5	0	1	20.02	1.8	11
1962	20.6	1.1	0	0	0	0	5.7	7.9	96.3	10	0.01	25.9	167.51	14	12
1963	0.01	0.2	0	0.01	0	0	40.5	16.3	3	27.9	23	0.4	111.32	9.3	12
1964	0.01	0	0.3	0	0	0.01	10.2	6.4	2.7	14.7	0	22.2	56.52	4.7	12
1965	2.5	8.1	0	0	0	0	5.8	34.3	20.3	1	0	70.9	142.9	11.9	12
1966	0.01	5.4	0.01	0.01	0.01	0	0.3	73	28.8	0	0	19.5	127.04	10.6	12
1967	0.01	0	0	0	0	0.01	18	24	23	10	21	25	121.02	10.1	12
1968	12	8	6	0.01	0	0	25	4.7	0	32	2.5	1	91.21	7.6	12
1969		10	0	0		0	0	23	0		1	3	37	4.1	9
1970	1	0	13	1	0	0	3.5	64	44	1.5	0	2.5	130.5	10.9	12
1971	0	0	0	0	0	0	0	89	3	0	0	8.5	100.5	8.4	12
1972	7	0	0	0	0	0	12	19	20	70	0	10	138	11.5	12
1973	22	15.5	0	0	0	0	27.5	4	30	0	0	0	99	8.2	12
1974	16	0	0	0	0	0	33	9	10	6	30.9	0	104.9	8.7	12
1975	7.5	0	0	0	0	0	3	36	54	0	0	6	106.5	8.9	12
1976	0	5	0	0	0	0	0	10	30	7	14	7	73	6.1	12
1977	3	0	0	0	0	0	5	34	42	20.7	3	0	107.7	9	12
1978	0	6	0	0	0	0	30	25	32	9	0	53	155	12.9	12
1979	41	7	0	0	27	0	7	8	77	0	0	2	169	14.1	12
1980	0	16	0	0	0	0	4	27.5	4.5	22	0	7	81	6.8	12
1981	13	2.5	10	4.5	3	0	13	21.5	26.5	0	0	0	94	7.8	12
1982	2	0	0	0	0	0	11	5	18	0		38.5	74.5	6.8	11
1983	8	5	19	0	0	0	51	108	38	0	0	39	268	22.3	12
1991	6	8	0	0	0	0	0	3	51	0	7	76	151	12.6	12
1992	29	16	12	6	0	0	17	93	0	0	1	5	179	14.9	12
1993	72	25	0	0	0	0	0	33	25	20	15.5	4.5	195	16.2	12
1994	1	0	0.01	0	0	0.01	0	35	8	17	22	52	135.02	11.3	12
1995	0.01	17	0	0	0	0	5	2	12	0	6	8.5	50.51	4.2	12
1996		0	0	1	0	0	0	21	33	0	0	0	55	5	11
1997	23	0	0	0	8.5	1	1	37.5	17	2.3	4	6.5	100.8	8.4	12
1998	0.01	0.01	0	0	0	0.01	39.5	45	23	0.01	9.5	0	117.04	9.8	12
1999	0		0	0	0	2.2	4.5	22.8	3	0	0	0	32.5	3	11
2000	0	0	2.9	0	0	0.01	4	47	45.6	52	1	0	152.51	12.7	12
2001	0.01	0.01	0	0	0	0.01	13	11	37	0	0	0	61.03	5.1	12
2002	2	16.5	0	0	0	0	3.5	6.5	6	0	5.5	9.5	49.5	4.1	12
2003	0.01	23.5	0.01	2.5	0	0	1	35	40.5	13	0	0.01	115.53	9.6	12
2004	13.2	5	1.3	0	0	0	10	49	32	11	0.01	1	122.51	10.2	12
2005	29	14.5	20.5	0	0	0	7.5	18		9	0	2	100.5	9.1	11
2006	0	0	0	0	0	5	15.8	24	82	33	0	0	159.8	13.3	12
2007	9.5	0	0	0	0	0	0	5	42	0	7	8	71.5	6	12
2008	0.5	0	0	0	0.01	0.01	0.5	31	61	57.5	0.01	0.01	150.54	12.5	12
2009	0.01	0.01	0	0	0.01	0.01	24	21	79.5	83.5		0	208.04	18.9	11
2010	3	4.8	0	0	0	0	19.7	18	23	0	0	0	68.5	5.7	12
2011	0.01	0	0	0	0	0.01	0	2.3	7.5	0	36.5	0.01	46.33	3.9	12
2012	0.01	0.01	0	0	0	0	0.01	28	85	36	0	7	156.03	13	12
2013	0	0	0	0	0	0.5	6.2	10	37	42.5	3	2.5	101.7	8.5	12
2014	0.01	0	12.5	0	0.01	0	64.8	38.5	84	19.5	0	0	219.32	18.3	12
2015	14	21.5	15	0.01	0.01	3	9	9.5	44.7	28	0.01	0.01	144.74	12.1	12
2016	0.01	0	1	6	0		4.2	20.5	140	45	0	0.01	216.72	19.7	11
2017	0	15	0	0	0	0	2	8.5	54	4	0	0.5	84	7	12
2018	1.6	7.5	0	0	0	19	0	12	23.5	39	0	7	109.6	9.1	12
2019	2	0.1	3.5	0		0	0.1	10	24	45	51	1	136.7	12.4	11
2020	2	0	0.01	1	0	0.01	0	28	22	43	4	2	102.02	8.5	12
2021	12	0.01	0	0	0	0.01	15	44	46	0	1	27.5	145.52	12.1	12
2022	0	0	0	0	0	0	3.5	24	61	0	0	0.01	88.51	7.4	12
2023	0	0	0	0	0	0	20	23	2.5	0	0	0.1	45.6	3.8	12
2024	0.01	0.01	0	0									0.02	0	4
MÍNIMA	0	0	0	0	0	0	0	2	0	0	0	0	0.02	0	4
MÁXIMA	72	25	20.5	6	27	19	64.8	108	140	83.5	51	76	268	22.3	12
MEDIA	7.1	4.7	2.1	0.4	0.7	0.6	10.7	26.6	33.8	15.2	5	10.1	113.1	9.6	11.7
DESV.ST	12.8	7	5	1.3	3.8	2.7	14	23	28.8	20.3	10.4	17.8	53.3	4.5	1.2

LLUVIA TOTAL MENSUAL
AÑO	ENE	FEB	MAR	ABR	MAY	JUN	JUL	AGO	SEP	OCT	NOV	DIC	ACUM	PROM	MESES
1961	15.33	0	0	0.01	0	0.01	0.92		3.92	3.52	0	1.61	25.32	2.3	11
1962	22.5	1.3	0	0	0	0	5.9	12.31	146.5	10.01	0.01	28.62	227.15	18.9	12
1963	0.05	0.4	0	0.01	0	0	80.83	33.71	6.51	39.11	23.31	0.6	184.53	15.4	12
1964	0.01	0	0.5	0	0	0.01	16.94	16.71	2.71	25.32	0	25.41	87.61	7.3	12
1965	3.12	11.51	0	0	0	0	5.82	109.3	43.81	1.01	0	141.86	316.43	26.4	12
1966	0.06	7.82	0.01	0.01	0.02	0	0.32	134.82	69.1	0	0	23.33	235.49	19.6	12
1967	0.02	0	0	0	0	0.02	34.02	93.02	64.01	14.52	23.04	34.64	263.29	21.9	12
1968	23.22	21.05	16.5	0.01	0	0	25.01	6.41	0	32	2.5	1	127.7	10.6	12
1969		11.5	0	0		0	0	35	0		1	3	50.5	5.6	9
1970	1	0	17	1	0	0	5.5	91.5	83.5	2.5	0	4	206	17.2	12
1971	0	0	0	0	0	0	0	122.5	3	0	0	8.5	134	11.2	12
1972	10.5	0	0	0	0	0	12	24	29	85	0	10	170.5	14.2	12
1973	33	23	0	0	0	0	31	4	30	0	0	0	121	10.1	12
1974	16	0	0	0	0	0	47	9	15.5	6	64.9	0	158.4	13.2	12
1975	11.5	0	0	0	0	0	3	63.5	158.5	0	0	6	242.5	20.2	12
1976	0	5	0	0	0	0	0	24	64	7	19	7	126	10.5	12
1977	3	0	0	0	0	0	5	70.5	43	40.7	3	0	165.2	13.8	12
1978	0	12	0	0	0	0	43	33	100	9	0	71.5	268.5	22.4	12
1979	96	8	0	0	27	0	8	15	98	0	0	2	254	21.2	12
1980	0	17	0	0	0	0	4	62.5	5.5	23.5	0	7	119.5	10	12
1981	44	2.5	10	4.5	3	0	27.5	49.5	52.5	0	0	0	193.5	16.1	12
1982	2	0	0	0	0	0	22	5	51.5	0		38.5	119	10.8	11
1983	16	5	33	0	0	0	138	154	49	0	0	39	434	36.2	12
1991	6.5	19	0	0	0	0	0	5.01	116.02	0	7	93	246.53	20.5	12
1992	48.01	25.5	21	6	0	0	33.01	124.02	0	0	1	16.01	274.55	22.9	12
1993	80.03	41.01	0	0	0	0	0	47.01	48.02	21.02	16.5	4.52	258.11	21.5	12
1994	1	0	0.02	0	0	0.03	0	78.03	19.01	17.02	22	97	234.11	19.5	12
1995	0.02	24.51	0	0	0	0	5	3	45	0	13	8.5	99.03	8.3	12
1996		0	0	1	0	0	0	54.51	51.01	0	0	0	106.52	9.7	11
1997	35	0	0	0	14.8	1	1.01	133.53	62.74	2.3	7	8.52	265.9	22.2	12
1998	0.01	0.03	0	0	0	0.01	85.72	61.51	50.3	0.01	9.5	0	207.09	17.3	12
1999	0		0	0	0	2.2	4.5	41.01	4.24	0	0	0	51.95	4.7	11
2000	0	0	2.9	0	0	0.01	4.61	88.2	69.62	56.83	1.01	0	223.18	18.6	12
2001	0.01	0.03	0	0	0	0.02	21.51	11.01	75.02	0	0	0	107.6	9	12
2002	2	16.52	0	0	0	0	5.5	6.5	18.5	0	10	9.5	68.52	5.7	12
2003	0.03	25.52	0.01	4	0	0	1.02	92.26	90.24	13.01	0	0.01	226.1	18.8	12
2004	13.2	5	2.3	0	0	0	10	84.21	65.91	25.5	0.01	2.02	208.15	17.3	12
2005	51	24.5	20.5	0	0	0	7.51	42.5		9.01	0	2	157.02	14.3	11
2006	0	0	0	0	0	5	36.02	45.01	114.5	63.5	0	0	264.03	22	12
2007	16.03	0	0	0	0	0	0	8.04	59.5	0	10.5	9	103.07	8.6	12
2008	0.53	0	0	0	0.01	0.01	0.51	37.06	136.33	73.5	0.01	0.01	247.97	20.7	12
2009	0.02	0.01	0	0	0.01	0.01	40.01	22.64	79.5	127.01		0	269.21	24.5	11
2010	3.01	4.8	0	0	0	0	19.7	29	35.03	0	0	0	91.54	7.6	12
2011	0.01	0	0	0	0	0.01	0	4.44	13.53	0	39.81	0.01	57.81	4.8	12
2012	0.01	0.03	0	0	0	0	0.01	143.01	224.23	63	0	8	438.29	36.5	12
2013	0	0	0	0	0	0.5	7.73	25.24	114.5	76.51	3	4.81	232.29	19.4	12
2014	0.02	0	12.5	0	0.01	0	152.8	148.83	191.62	33.51	0	0	539.29	44.9	12
2015	15.51	21.5	32.63	0.01	0.01	3.01	18.04	28.98	121.92	31.2	0.01	0.02	272.84	22.7	12
2016	0.01	0	1	7	0		5.2	59.2	179	57	0	0.04	308.45	28	11
2017	0	15.02	0	0	0	0	2.01	21.32	90	4	0	0.5	132.85	11.1	12
2018	1.6	9.51	0	0	0	19.01	0	24.53	63.5	43.3	0	7.02	168.47	14	12
2019	4.5	0.2	3.5	0		0	0.1	10.2	48.3	51.5	100	1	219.3	19.9	11
2020	2	0	0.02	1.01	0	0.03	0	41.52	58.03	44.01	4.01	3	153.63	12.8	12
2021	24.5	0.01	0	0	0	0.01	16.5	101.02	72	0	1	27.52	242.56	20.2	12
2022	0	0	0	0	0	0	3.5	38.52	171.01	0	0	0.03	213.06	17.8	12
2023	0	0	0	0	0	0	20	73.22	2.5	0	0	0.1	95.82	8	12
2024	0.01	0.02	0	0									0.03	0	4
MÍNIMA	0	0	0	0	0	0	0	3	0	0	0	0	0.03	0	4
MÁXIMA	96	41.01	33	7	27	19.01	152.8	154	224.23	127.01	100	141.86	539.29	44.9	12
MEDIA	10.9	6.4	3	0.4	0.8	0.6	18.2	52.8	65.6	20.2	7.1	13.5	193.2	16.3	11.7
DESV.ST	20	9.7	7.7	1.4	4.2	2.7	30.9	43.3	53.7	28.1	17.3	27.4	101.3	8.5	1.2

EVAPORACIÓN MENSUAL
AÑO	ENE	FEB	MAR	ABR	MAY	JUN	JUL	AGO	SEP	OCT	NOV	DIC	ACUM	PROM	MESES
1963							48.3						48.3	48.3	1
1974									106	230.5	135.2	108.9	580.6	145.2	4
1975	127.4	124	204.7	224.3	260.5	302.6	318.9	304.7	234.2	212.7	160.5	130.9	2605.4	217.1	12
1976	149.4	170.8	214.9	227.5	254.2	316.3	335.1	281.2	195.1	188.2	138.5	113.8	2585	215.4	12
1977	113.9	183.1	213.7	194.7	278.3	299.6	321.9	284.5	254.2	190.1	156	111.4	2601.4	216.8	12
1978	128.3	147.4	227.1	261.1	277.5	318.8	323.5	294.2	232.8	176.7	146.3	101.6	2635.3	219.6	12
1979	98.2	122	181.7	232.2	253.2	306.3	308.4	284.8	210.8	220.6	149.4	68.4	2436	203	12
1980	125.9	138.1	178	250.8	261.3	301.6	325.1	267.9	259.2	207.7	171.8	83.6	2571	214.2	12
1981	127.4	133.1	201.3	254.5	256.4	263.2	312.3	282	231.3	195.8	155.6	112.1	2525	210.4	12
1982	118.5	155	126.3	287.1	281.5	325.1	318.1	316.6	267.4	221.3		114.1	2531	230.1	11
1983	107.1	133	195.7	226.6	297.6	312	283.2	210.7	195.2	126.5	132	101.9	2321.5	193.5	12
1991	99.3	133.3	174.9	237.7	279.5	279.6	294.9	278	218.2	197.9	150.9	85.6	2429.8	202.5	12
1992	96.9	112.1	159	242	300.4	302.8	304	233	68	127	146	108	2199.2	183.3	12
1993	94	113	201	265	270.6	275.1	266.3	261.1	196.5	194	112.5	108.2	2357.3	196.4	12
1994	134	144	213	239	264	300	321	226	235	175	131	90	2472	206	12
1995	97	123.5	175	239	263	273	305	263	190	197.1	132	87.5	2345.1	195.4	12
1996		14.1	19.5	19.8	28.48	23.23	25.6	21.15					151.86	21.7	7
1997	10.9	12.4	20.7	8.7	25.69	26.68	30.05	21.06	15.26	18.23	11.58	9.52	210.77	17.6	12
1998	11.44	12.1	18.01	10.08							8.22	12.39	72.24	12	6
1999	10.44		10.3	20.36	24.58	29.68	28.28	22.15	17.21	22.5	14.88	9.15	209.53	19	11
2000	14.32	15.62	17.93	21.91	24.32	27.47	28.87	18.01	21.86	14.86	11.38	10.32	226.87	18.9	12
MÍNIMA	10.44	12.1	10.3	8.7	24.32	23.23	25.6	18.01	15.26	14.86	8.22	9.15	48.3	12	1
MÁXIMA	149.4	183.1	227.1	287.1	300.4	325.1	335.1	316.6	267.4	230.5	171.8	130.9	2635.3	230.1	12
MEDIA	92.5	110.4	144.9	182.2	216.7	237.9	236.8	215	174.9	162	114.7	82.5	1719.8	151.7	10.5
DESV.ST	46.9	56.2	81.6	103.7	105.9	117.3	126.6	110.1	87.5	71.6	58.3	40.8	1100.1	85.4	3.2

TEMPERATURA MÁXIMA PROMEDIO
AÑO	ENE	FEB	MAR	ABR	MAY	JUN	JUL	AGO	SEP	OCT	NOV	DIC	ACUM	PROM	MESES
1961	25.8	28.4	27.7	32.6	35.8	36.2	37.9		34.6	34.9	27.8	23.2		31.4	11
1962	25.4	26.3	27.2	33.5	32.6	34.6	37.8	38.6	35.5	32.6	29.7	25.7		31.6	12
1963	24.4	24.3	30.4	32.3	35.2	34.6	37.5	36.7	37.5	34.7	29.2	26.4		31.9	12
1964	23.8	26.6	25.5	30.1	33.6	34.6	37.1	35.3	36.2	33	28.1	25.6		30.8	12
1965	25.5	23.2	27.3	30.6	30.9	33.3	37.3	36	34.5	35.5	31.2	25.6		30.9	12
1966	24.4	24.9	28	30.4	33.4	35.8	36.5	35.5	35.3	32.6	31.9	26.4		31.3	12
1967	24.1	25.8	28.7	30	37	34.2	36.8	35.2	33.5	32.4	30.8	23.6		31	12
1968	25.5	25.8	26.7	29.6	32.5	34	36	35.6	35.6	33.9	28.5	26		30.8	12
1969		24.4	25.6	31.4		32.3	36.8	37.3	36.8		30.4	25		31.1	9
1970	26	27	26.8	30.8	33.1	34	36.8	35.9	34.2	31.5	29.7	27.9		31.1	12
1971	24.7	25.4	29.8	28.7	31.5	32.6	36.1	33.8	34.2	31.9	27.8	23.2		30	12
1972	24.7	25.6	29.5	31.8	33.2	32.2	37.1	35.1	35.3	32.1	25.8	24.8		30.6	12
1973	23.4	26	24.5	28.9	33.2	34.7	35.5	36	34.6	33.4	29.4	26.7		30.5	12
1974	26.1	27.3	27.3	31.8	31.2	35.1	37.1	38.4	37	33.2	27.5	23.6		31.3	12
1975	23.9	25.3	26.7	26.3	30	33.3	34.1	36.1	34.1	32	27.7	26.5		29.7	12
1976	26.8	26	27.7	27.9	31.6	36	35.6	36.8	33.2	31.3	28.3	25.4		30.6	12
1977	24.3	28.2	26.3	29	31	35.2	37.1	35.4	36	33	30.4	28.5		31.2	12
1978	26	26.1	29.2	30.4	31.2	35.8	36.7	36.1	33.5	33.5	28	22.9		30.8	12
1979	21.4	24.2	26.7	30.5	30.3	35.6	37.2	36.1	34.5	37	29.1	27.4		30.8	12
1980	25.2	27.1	27.3	30.8	30	37.2	37.9	35.6	36	32.7	29.2	26.4		31.3	12
1981	25.1	28.4	26.6	30.8	30.8	34.2	35.9	37.5	36	32.5	30.8	28		31.4	12
1982	24.7	27.2	28.9	33.5	30.4	34.3	36.7	37.4	36	34		24.1		31.6	11
1983	24.7	26.7	27.2	27.9	33.2	35.9	36.9	34	33.7	33.7	28.4	26.6		30.7	12
1991	24.1	27.8	28.2	32.4	33	34.5	35.4	37.2	35.6	34.6	29.9	23.3		31.3	12
1992	22.6	25.5	26.1	32.4	33.3	37.2	37.7	36.3	39.4	35.1	31	27		32	12
1993	27.3	27.7	30.9	33.8	34.2	37.7	37.7	37.3	35.5	35.1	29.8	27.7		32.9	12
1994	28.7	28.6	30.4	33.3	35.6	37.7	37.9	37.3	38.2	34.6	30.2	25		33.1	12
1995	26.3	29.6	30.8	32.5	33.9	36.8	39.6	38.9	37.4	35.6	29.8	26.3		33.1	12
1996		31.6	33	35.2	39	40.3	41.9	39	37	37.7	33.5	30.4		36.2	11
1997	27.1	28.7	33.8	30.3	38.2	39.7	42.7	40.1	38.4	36.6	34	26.9		34.7	12
1998	29.2	27.5	31	27.6	36.3	41.4	40.9	41	37.8	38.4	32.5	28.1		34.3	12
1999	30.9													30.9	1
2000			31	34.8	35.5	38.8	40.7	38.9	37.4	31.8	28.9	31		34.9	10
2001	25.7	28.9	28.8	31.8	35.5	39.9	40.2	40.6	39	34.1	32.6	28		33.8	12
2002	27.9	29.7	29.9	33.6	37.8	39.9	40.2	40.9	38	32	32.4	26.7		34.1	12
2003	31.8	27.3	31	32.6	37.2	36.5	39.3	39.4	35.6	35	31.8	27.9		33.8	12
2004	25.3	26.2	30.5	32.7	36	39	40.3	41	35.8	34.5	30.4	28.2		33.3	12
2005	28.1	27.5	30.3	35.2	35.5	42.1	40.2	41.2		33.6	33.8	30.2		34.3	11
2006	29.9	31.1	31	34.8	36	38.3	38.8	38.5	35.7	34.9	33.2	28.1		34.2	12
2007	23.7	27.6	31.9	31.8	33.7	37.5	37.8	38.7	36.5	36.6	30.2	25.6		32.6	12
2008	26.6	28.9	30.4	34.5	33.7	38	38.6	37.3	36	34.9	31.4	27.6		33.2	12
2009	28.3	31.7	31.4	31.4	36.5	37	40	40.2	36.6	31.2		26.6		33.7	11
2010	28	26.9	30.8	32.4	35	36.6	37.9	39.1	37.8	33.1	30.9	28.3		33.1	12
2011	28.4	27.7	32.7	33.6	34.9	38.8	38.5	39.4	39.9	37	28.8	25.9		33.8	12
2012	30.4	28.2	30.9	32.1	36.2	38.1	38.9	38	36.3	33	31.9	27.6		33.5	12
2013	26.2	28.1	32.6	33	34.6	38.1	38.5	39	35	33.6	30	28		33.1	12
2014	30.4	31	31.9	34	37	39.6	37.1	37.1	33.7	33.7	31.7	28.7		33.8	12
2015	27.6	30.7	31.4	32.2	32.3	37.7	38.8	39.2	37	34.4	32.9	28.1		33.5	12
2016	28.6	33.4	32	32.9	33.7		39.3	38.8	36.9	38.5	34	27.7		34.2	11
2017	28.3	30.7	33.6	35.5	34.6	37	39.9	39.8	35	38.2	36.1	28.9		34.8	12
2018	31.1	29.3	32.6	34.9	34.9	37.1	40.4	39.1	37.7	33	30.6	27.2		34	12
2019	28.1	27.2	31.5	33.1		37.8	39.7	39.2	36.6	35.4	29.8	26.8		33.2	11
2020	28	28.2	29.6	33.3	35.3	38.3	39.6	38.8	38.9	37.1	34.2	28.7		34.2	12
2021	27.1	28.8	31.4	34.7	36	38.2	39.2	38.2	36.7	35.6	33.3	29.9		34.1	12
2022	29.9	29	32.6	33.8	35.6	37.6	39.9	38.2	34.8	34.4	29.6	29.9		33.8	12
2023	28.2	27.3	31.3	33.4	31.4	39.4	40	40.4	40.6	34	33.1	31.3		34.2	12
2024	28.5	27.8	29.5	31.9										29.4	4
MÍNIMA	21.4	23.2	24.5	26.3	30	32.2	34.1	33.8	33.2	31.2	25.8	22.9		29.4	1
MÁXIMA	31.8	33.4	33.8	35.5	39	42.1	42.7	41.2	40.6	38.5	36.1	31.3		36.2	12
MEDIA	26.6	27.6	29.6	32	34	36.7	38.2	37.8	36.2	34.2	30.6	26.9		32.5	11.5
DESV.ST	2.3	2.1	2.3	2.1	2.3	2.3	1.8	1.9	1.7	1.9	2.1	2		1.6	1.8

TEMPERATURA MÁXIMA EXTREMA
AÑO	ENE	FEB	MAR	ABR	MAY	JUN	JUL	AGO	SEP	OCT	NOV	DIC	ACUM	PROM	MESES
1961	37	34	33.5	38.5	41.5	41	42		39.5	40.5	36	28.5		37.5	11
1962	34.5	32	32	41	36	39	41.5	41.5	38.5	36.5	35	30.5		36.5	12
1963	33.5	27.5	38	35.5	40.5	42	40	39.5	40.5	39	35	30.5		36.8	12
1964	29	32	29.5	36.5	39	40.5	39.5	37.5	40.5	38.5	33	30.5		35.5	12
1965	32	26.5	32.5	39	37.5	38.5	40.5	39	37.5	39.5	34	31		35.6	12
1966	30	30.5	33.5	34.5	39	41.5	40.5	40	40	37	39	30.5		36.3	12
1967	28	30.5	32.5	32.5	41	42	40	39	36.5	37	36	28		35.2	12
1968	29.5	29.5	33	34.5	37.5	42	39	38.5	40	41	36	31		36	12
1969		30	31	35.5		37	40.5	40.5	40		33	29.5		35.2	9
1970	32	31	33	34.5	36.5	39	40	41	41	34.5	33.5	33.5		35.8	12
1971	30	31	34	35	39.5	36	38.5	40	36.5	34.5	36	30		35.1	12
1972	28	30.5	35	35.5	38	41.5	39.5	39	38.5	38.5	33	29		35.5	12
1973	27	30	29.5	33	36.5	39	39	41	37	37	35.5	31.5		34.7	12
1974	34.5	34	36.5	36.5	39	40	43	41.5	41.5	38	32	27		37	12
1975	29	31	34	31	33.5	40	38	40	37	35	32.5	31		34.3	12
1976	33	31	32.5	32.5	36	41	40	40	35.5	37	34	29		35.1	12
1977	29	31.5	33	33	38	40	41	41	40	37	34	31.5		35.8	12
1978	30	31	34	35	37	39	40	39	40	40	34	30.5		35.8	12
1979	26.5	32	31.5	36	39	40	41.5	41.5	39.5	42	33	32		36.2	12
1980	30	31	31	37	34	42	43	39	41.5	38	35	30		36	12
1981	30	32.5	33.5	37	39	38	39	41	39.5	39	35	34		36.5	12
1982	30.5	31	32.5	39.5	35	38	40.5	40	41	37		31.5		36	11
1983	29	31	34	36	37	39.5	40	38	37	37.5	32	31		35.2	12
1991	29.5	32.5	34.5	36	37	41	38.5	39	39.5	39	34	28		35.7	12
1992	27	30	31	39	40	42	41.5	38	41	40	36.5	31		36.4	12
1993	37	32	38	40.5	40	41.5	41.5	42	38.5	39.5	35	34		38.3	12
1994	33.5	33.5	36	40	42.5	42	41.5	40	41	39.5	34	31		37.9	12
1995	30	35	34.5	36	40	43	42.5	42.5	41	41	37	29		37.6	12
1996		37.5	38	40	43	43	45	43	44	44	40	35		41.1	11
1997	33	32	37.5	34.5	44	44.5	45.5	45	42	43	41	35		39.8	12
1998	34.5	31	40.5	33	44	46.5	46	45.5	41.5	42	35	35		39.5	12
1999	34.5													34.5	1
2000			38.5	38.5	40.5	44	46	43	44	39.5	33	34.5		40.1	10
2001	36	37.5	37	38.5	38	43.5	44	44.5	45.5	39	39.5	32.5		39.6	12
2002	32.5	36.5	36	40.5	43	44.5	43	44	43	39	38	32		39.3	12
2003	36.5	32.5	38	37	45	42	42.5	45	40	40	40	34		39.4	12
2004	30	37	39	38	40	44	45	44	40	42	36.5	36		39.3	12
2005	36	38.5	34.5	42	38.5	44.5	43	44.5		37	38.5	35.5		39.3	11
2006	37	38.5	39	42.5	38.5	42	42	42	39	40	37	39		39.7	12
2007	30.5	34	37.5	36	40.5	42	41	43	42.5	41	36	30		37.8	12
2008	34	38	37.5	39	42.5	44	42	41	42.5	38.5	38.5	32		39.1	12
2009	35.5	40	40.5	39	42	41	44	43	42.5	37		31		39.6	11
2010	32.5	33	37.5	39	40	42.5	41	44	44.5	38	37	37		38.8	12
2011	39	34	37	40.5	41	43	41.5	44	44	41	34	32.5		39.3	12
2012	35	35	35	39	42	42	43	43.5	39.5	37.5	39	36		38.9	12
2013	36.5	35	39	38	39	41.5	41.5	43	39	38.5	35	36		38.5	12
2014	34.5	38	36.5	39	42.5	45	43.5	41	40	36	36	35		38.9	12
2015	34	36	38	36	41	44	43	42.5	41	39.5	38.5	37		39.2	12
2016	35	39	39	38	39		43	43	41	42	38	36		39.4	11
2017	36	37	39	41	41	41	42	42	38	44	40	34		39.6	12
2018	36	39	38	40	41	44	42.5	42	41	38.5	39	34		39.6	12
2019	34.5	34	39	38.5		44	43	44	41	40	38.5	32.5		39	11
2020	32	36	34	41.5	39	42.5	43	43	43	42	41	35.5		39.4	12
2021	34	33	39.5	41.85	41	42	42.5	42	40.5	42	37.5	35		39.2	12
2022	35.5	37	37	40	41	41	42	42	39.5	38	36	38		38.9	12
2023	36	36	36.5	39	36	45.5	45	45	48	40	40	36		40.2	12
2024	39.5	36	37	36										37.1	4
MÍNIMA	26.5	26.5	29.5	31	33.5	36	38	37.5	35.5	34.5	32	27		34.3	1
MÁXIMA	39.5	40	40.5	42.5	45	46.5	46	45.5	48	44	41	39		41.1	12
MEDIA	32.8	33.5	35.5	37.4	39.5	41.7	41.8	41.6	40.5	39.1	36.1	32.6		37.6	11.5
DESV.ST	3.3	3.2	2.9	2.7	2.5	2.2	2	2.1	2.4	2.2	2.5	2.8		1.9	1.8

TEMPERATURA MÍNIMA PROMEDIO
AÑO	ENE	FEB	MAR	ABR	MAY	JUN	JUL	AGO	SEP	OCT	NOV	DIC	ACUM	PROM	MESES
1961	11.1	7.9	10	12.7	12.2	17.1	21.4		20.8	17.9	11.7	9.6		13.9	11
1962	7.7	9.2	8.4	11.7	11.9	14.4	19.8	22.5	22.4	17.5	13.2	11.8		14.2	12
1963	8.9	9.5	10.2	11.2	14	15.4	22.1	22.6	22.9	19.5	13.2	10.9		15	12
1964	6.7	8	8.6	11	13.1	15.6	21.6	21.3	21.1	18.1	11	10.1		13.8	12
1965	9.8	7.4	9.4	11.1	12.4	13.8	20.2	22.8	21.2	16.1	16	11.2		14.3	12
1966	8	6.9	9.6	12.8	14.5	16.4	20.6	22.4	21.7	14.7	12.4	10.5		14.2	12
1967	4.6	7.8	9.2	12.7	13.2	16.3	21	21	20.6	17.2	14	10.2		14	12
1968	8.8	10.4	9.2	10.4	12.9	15.7	20.7	18.8	19.4	14.8	10.2	8.5		13.3	12
1969		8.5	6.7	10.6		13.1	20.5	22.4	21		12.4	9.4		13.8	9
1970	7.4	7.9	9.3	10.2	12.4	15.3	20.9	21.7	21.2	15.2	11.5	9.5		13.5	12
1971	6.3	5.8	8.2	8.7	11.2	14.6	19.7	21.5	22.6	17.3	11.9	11		13.2	12
1972	7.6	7.6	10.5	10.3	12.5	15.6	20.3	22.5	21	19.2	12.1	10.5		14.1	12
1973	8.2	9.9	8.2	8.7	14	14.8	19.3	21	17.7	14	9.5	6.8		12.7	12
1974	8.3	5.6	8.5	9.7	11.9	16	19.8	21.1	21.3	16.1	11.8	8		13.2	12
1975	5.4	6.7	8.2	8.4	11	13.6	19.2	20.3	20	13.8	10	7.9		12	12
1976	5.8	7.2	8.7	9.8	12.2	15.4	18	21.5	20.3	16.4	12.4	9.5		13.1	12
1977	9.9	7.6	8.2	9.9	11.4	15.8	20	21.4	21.3	19	12.3	10		13.9	12
1978	9	8.2	11	10.9	12.6	17	21.6	21.1	20.1	18.6	12.5	8.8		14.3	12
1979	8.4	7.4	8.3	10.1	12	16	19.6	19.6	20.8	15	9.5	9.8		13	12
1980	7.6	10.8	10	10.2	12.4	16.4	19.2	21.4	19.9	17.4	12.4	8.5		13.8	12
1981	10.9	9.9	9.1	12.3	13.3	16.9	22	21.8	20.8	17.1	12.4	9.9		14.7	12
1982	8.6	8.1	10.9	11.2	11.7	13.1	21.1	21.4	21.2	15.3		9.6		13.8	11
1983	8.5	9.3	10.5	10.1	12.1	16.2	20.4	21.3	22.3	18.3	11.8	9.7		14.2	12
1991	10	8	8.8	11	11.4	13.4	17.3	20.5	21	18.5	11.8	8.9		13.4	12
1992	10.1	9.2	10.5	11.7	15.2	16.8	21.4	21.4	20.9	17.4	13.1	11		14.9	12
1993	9.7	8.4	9.1	10.9	12.4	15.3	18.5	20.1	20.1	17	12.9	10.6		13.8	12
1994	8.2	7.2	9.5	10.2	11.7	15.8	19.5	19.1	20.9	15.9	12.3	10.6		13.4	12
1995	6.6	11.2	9.6	8.7	11.3	13.9	20	21.3	21.4	15.3	15	16.5		14.2	12
1996		9.8	9.5	11	13.7	18.7	21.3	23.2	19.7	15.9	12.6	9.5		15	11
1997	9.1	8.1	10.2	9.7	15.3	17	22.1	24.4	24.1	18.9	13.7	8.8		15.1	12
1998	8.6	8.5	9.5	9.2	13.4	18.3	22.1	23.1	21.2	16.9	11.1	7.7		14.1	12
1999	6.6													6.6	1
2000			11.1	10.3	12.1	17.8	20.4	21.8	21.5	17	9.3	7.7		14.9	10
2001	8.2	8.8	8.7	9.1	12.5	16.6	20	21	20.5	16.5	12.8	7		13.5	12
2002	7.3	8.7	7.8	11.4	12.5	15.1	18.7	20	22.3	14.3	11.6	8		13.1	12
2003	9.3	10.7	8.9	10.6	12	14.3	19.9	21.4	21.7	18.3	12.7	7.5		13.9	12
2004	7.7	6.4	9	10.7	12.6	13.9	18.7	19.9	20.3	14.6	10.1	8.2		12.7	12
2005	8.2	9	8.4	8.9	10.8	12	19.6	20.5		14.7	10.2	6.9		11.7	11
2006	6.2	7	6.7	8.8	10.4	14.8	19	19.8	19.3	15.6	10.3	5.9		12	12
2007	5.5	6.2	7	8.4	11	14.3	17.5	19.4	19	13.6	11.4	5.8		11.6	12
2008	6.3	4.6	5.9	7.7	10.2	14.7	19.1	20	19.7	15.9	10.5	8		11.9	12
2009	7.1	6.2	8.6	8.1	11.1	13.1	19.6	19.5	18.7	15.5		6		12.1	11
2010	5.9	6.1	6.8	9.1	9.3	13.6	16.2	19.9	18.6	12.7	7.4	5.9		11	12
2011	4.5	3.9	6.4	8.4	8.9	12.4	17.4	20.3	18.6	13	9.8	5		10.7	12
2012	5.8	5.2	6.1	7.4	10.1	13.6	17.9	20.5	20.3	14.4	9.8	7		11.5	12
2013	5.2	5.3	7.3	8.1	9.9	13.5	15.5	19.4	17.7	13.5	10.2	6.5		11	12
2014	6.7	6.2	8.5	8.8	10.4	16	19.2	20.7	20.3	16	10.1	7.7		12.6	12
2015	8.2	7.6	9.6	10.7	10.4	15.9	19.3	18.8	17	15.6	12	7		12.7	12
2016	4.5	7	8	8.6	11.8		18.3	19.2	15.8	14.7	11.3	8.3		11.6	11
2017	5.4	6.6	7.9	8.6	8.9	13.4	18.4	19.8	17.7	14.5	11	9.9		11.8	12
2018	6.1	9.2	7.4	8.9	10.4	13.2	18.8	20	20.2	14.2	9.5	6.7		12.1	12
2019	6.9	6.8	6.7	8.2		12.7	18.2	19.7	18.8	13.9	13.4	6.7		12	11
2020	6	6.1	8.2	8.3	11.1	14.1	18.4	20	19.4	15.6	10.7	4.4		11.9	12
2021	3.5	5	5.6	8.1	10.4	13.3	17.7	19.9	17.9	13.7	10.2	7.5		11.1	12
2022	6.6	4.4	5	8.3	10	14.5	17.9	19.4	19	13.3	7.2	5.9		11	12
2023	4.1	3.8	6.6	7.3	9.8	12.9	18.1	20.2	24.5	15.5	12.3	6.4		11.8	12
2024	5.2	5.3	6.1	8.2										6.2	4
MÍNIMA	3.5	3.8	5	7.3	8.9	12	15.5	18.8	15.8	12.7	7.2	4.4		6.2	1
MÁXIMA	11.1	11.2	11.1	12.8	15.3	18.7	22.1	24.4	24.5	19.5	16	16.5		15.1	12
MEDIA	7.3	7.5	8.5	9.8	11.8	15	19.5	20.8	20.4	15.9	11.5	8.6		12.9	11.5
DESV.ST	1.8	1.8	1.5	1.4	1.5	1.6	1.5	1.2	1.7	1.8	1.7	2.1		1.7	1.8

TEMPERATURA MÍNIMA EXTREMA
AÑO	ENE	FEB	MAR	ABR	MAY	JUN	JUL	AGO	SEP	OCT	NOV	DIC	ACUM	PROM	MESES
1961	5.5	4	6	7.5	8	12.5	17		14	12	6	3.5		8.7	11
1962	1	4.5	3.5	7.5	8	11	8	20.5	19.5	13	7.5	5		9.1	12
1963	3	3	7	7	9	10.5	17	21	21	15	10	5.5		10.8	12
1964	2	2.5	2.5	7	9	11	19	18.5	17.5	13.5	7	5		9.5	12
1965	1	-1	2.5	6.5	8.5	10	18	19.5	17.5	12	12.5	5		9.3	12
1966	3.5	2	6	9.5	11.5	14	17	20	16.5	11	7	4		10.2	12
1967	1	5	6.5	8.5	8	10	18	18	18	11	11	5		10	12
1968	3	7	4	6.5	9	9	16	11.5	15	8	4.5	4		8.1	12
1969		4	2	7		10	14	20	15		7.5	3		9.2	9
1970	4.5	4	5.5	6	5	12.5	16.5	19	18.5	8.5	7	5		9.3	12
1971	1.5	2	3	5	8	10	17	19	18	14	6	5		9	12
1972	3.5	4.5	5	4	9	12	18	19	18	12	8	6.5		10	12
1973	2	6.5	4.5	5	10	12	16	19	15	12	5	2		9.1	12
1974	1.5	2.5	2.5	6	8	11	13	19	19	10	7	3		8.5	12
1975	2	1	4	4.5	8	10.5	15	18	17	8.5	7	4		8.3	12
1976	2	3	5	6	7	11	15	19	16	11	9	6		9.2	12
1977	6	4	4	5.5	4	10	16	19.5	16	13	8	6		9.3	12
1978	3	5	5.5	5.5	10	10	19	19	17	12	6	3.5		9.6	12
1979	5	3	3.5	5	8	11	14	10.5	16	10	4	4		7.8	12
1980	4	7	7	6	9	11.5	12	17	17	11	4	3		9	12
1981	5	4	6	7	10	13	20	19	16	11.5	9	4		10.4	12
1982	2.5	4	6	6	8	10	16	20	17.5	12		3		9.5	11
1983	5	7	6	5	8	13	15	19.5	20	14.5	6	5		10.3	12
1991	2	3	6	5.5	7	10.5	14	17	18	12	8	5		9	12
1992	5.5	3.5	6	8	11.5	14	19	18	18.5	15	10	4		11.1	12
1993	4	6	5	7	9.5	10.5	14	14	14.5	11	7.5	4		8.9	12
1994	4	4	5	5	8.5	12	17	12	18.5	12	7	5		9.2	12
1995	3	5.5	6	5	7	9	15	19	20	11	11	14		10.5	12
1996		5.5	6	8	8	16	15	14	7	8	7.5	3.5		9	11
1997	2	3.5	4	7.5	12	11.5	19.5	23	20	13.5	9	4		10.8	12
1998	5	4.5	5	6	9	12	16	20	16	12.5	8.5	0.5		9.6	12
1999	4													4	1
2000			7.5	7	8.5	13.5	18	18.5	18	11	5.5	5		11.2	10
2001	2	2.5	3	5	7	13	15	19	13	13	7	4		8.6	12
2002	1	4.5	4	7.5	8	12	11	17	19	9.5	8	3		8.7	12
2003	4.5	6.5	4	6	8	11.5	17	16	17	12	8	1		9.3	12
2004	5	2.5	4.5	6	5	10	11	11	14	10	5	3		7.2	12
2005	5	6	5	5.5	7	7	15	16		10	5	3.5		7.7	11
2006	0.5	3	2.5	5.5	6.5	8	15	12	14	10.5	6	0		7	12
2007	0	1.5	4	1	7	10	11.5	16	15	9	6	1.5		6.9	12
2008	0.5	0.5	1	5	6.5	10	16.5	18	14	10.5	6.5	3		7.7	12
2009	1.5	2.5	3	3.5	7.5	8.5	16.5	16	15	5.5		2.5		7.5	11
2010	2.5	2.5	2	6	5	10	12	17	15	7	3	2		7	12
2011	1.5	0	2.5	3.5	6.5	7.5	14	18	16.5	9	4.5	0		7	12
2012	2.5	2	2	3.5	8	10	14	18	18	10	6	3		8.1	12
2013	0	0	2	3.5	6.5	10	8	17.5	10	8.5	4.5	2		6	12
2014	2	2	5	4	7	11.5	11.5	17	17.5	10	3.5	2		7.8	12
2015	1.5	5	5	5.5	4	13.5	15	11.5	10	10.5	6.5	0		7.3	12
2016	0	0	3.5	3.5	7.5		10.5	17	6.5	11	5	3.5		6.2	11
2017	2	2	4	5	2	10	15.5	18	10.5	8	6	4		7.2	12
2018	1	1	1.5	4	6	2	15	13	18	10	8	2		6.8	12
2019	1	0	3	5		7	15.5	11	12	9.5	7.5	0		6.5	11
2020	1	1	2.5	5	8.5	10.5	11	17	16	8.5	4.5	0		7.1	12
2021	0	0	1.5	4	7	9.5	14	17	12	8	5.5	2.5		6.8	12
2022	2	0	1	5	5.5	11	13.5	17	17.5	7.5	1	1		6.8	12
2023	0	1	1	1	7	6.5	13	13	19	9	5	2		6.5	12
2024	0	0.1	3.5	3										1.6	4
MÍNIMA	0	-1	1	1	2	2	8	10.5	6.5	5.5	1	0		1.6	1
MÁXIMA	6	7	7.5	9.5	12	16	20	23	21	15	12.5	14		11.2	12
MEDIA	2.5	3.1	4.1	5.5	7.7	10.6	15	17.1	16	10.7	6.7	3.5		8.4	11.5
DESV.ST	1.7	2.1	1.7	1.7	1.9	2.2	2.7	2.9	3.1	2.1	2.1	2.2		1.7	1.8

TEMPERATURA MEDIA MENSUAL
AÑO	ENE	FEB	MAR	ABR	MAY	JUN	JUL	AGO	SEP	OCT	NOV	DIC	ACUM	PROM	MESES
1961	18.4	18.1	18.9	22.6	24	26.7	29.6		27.7	26.4	19.8	16.4		22.6	11
1962	16.6	17.8	17.8	22.6	22.2	24.5	28.8	30.6	29	25	21.4	18.8		22.9	12
1963	16.6	16.9	20.3	21.8	24.6	25	29.8	29.7	30.2	27.1	21.2	18.6		23.5	12
1964	15.2	17.3	17	20.6	23.4	25.1	29.4	28.3	28.7	25.6	19.6	17.9		22.3	12
1965	17.6	15.3	18.4	20.9	21.6	23.5	28.8	29.4	27.9	25.8	23.6	18.4		22.6	12
1966	16.2	15.9	18.8	21.6	24	26.1	28.6	29	28.5	23.6	22.1	18.4		22.7	12
1967	14.4	16.8	19	21.4	25.1	25.2	28.9	28.1	27	24.8	22.4	16.9		22.5	12
1968	17.1	18.1	18	20	22.7	24.9	28.4	27.2	27.5	24.4	19.4	17.2		22.1	12
1969		16.4	16.2	21		22.7	28.6	29.8	28.9		21.4	17.2		22.5	9
1970	16.7	17.4	18	20.5	22.8	24.6	28.8	28.8	27.7	23.4	20.6	18.7		22.3	12
1971	15.5	15.6	19	18.7	21.4	23.6	27.9	27.6	28.4	24.6	19.9	17.1		21.6	12
1972	16.1	16.6	20	21	22.9	23.9	28.7	28.8	28.1	25.6	19	17.6		22.4	12
1973	15.8	18	16.4	18.8	23.6	24.8	27.4	28.5	26.1	23.7	19.4	16.8		21.6	12
1974	17.2	16.4	17.9	20.8	21.6	25.6	28.5	29.8	29.1	24.7	19.6	15.8		22.2	12
1975	14.6	16	17.4	17.4	20.5	23.4	26.6	28.2	27	22.9	18.9	17.2		20.8	12
1976	16.3	16.6	18.2	18.9	21.9	25.7	26.8	29.1	26.8	23.9	20.4	17.4		21.8	12
1977	17.1	17.9	17.2	19.4	21.2	25.5	28.6	28.4	28.6	26	21.4	19.2		22.5	12
1978	17.5	17.1	20.1	20.6	21.9	26.4	29.2	28.6	26.8	26	20.2	15.8		22.5	12
1979	14.9	15.8	17.5	20.3	21.1	25.8	28.4	27.9	27.6	26	19.3	18.6		21.9	12
1980	16.4	19	18.6	20.5	21.2	26.8	28.5	28.5	28	25	20.8	17.4		22.6	12
1981	18	19.1	17.9	21.6	22	25.6	29	29.6	28.4	24.8	21.6	19		23	12
1982	16.6	17.6	19.9	22.4	21	23.7	28.9	29.4	28.6	24.6		16.9		22.7	11
1983	16.6	18	18.9	19	22.7	26	28.6	27.6	28	26	20.1	18.1		22.5	12
1991	17	17.9	18.5	21.7	22.2	24	26.4	28.9	28.3	26.6	20.9	16.1		22.4	12
1992	16.4	17.4	18.3	22	24.2	27	29.6	28.8	30.1	26.2	22	19		23.4	12
1993	18.5	18	20	22.3	23.3	26.5	28.1	28.7	27.8	26	21.4	19.1		23.3	12
1994	18.4	17.9	20	21.8	23.6	26.8	28.7	28.2	29.6	25.2	21.2	17.8		23.3	12
1995	16.4	20.4	20.2	20.6	22.6	25.3	29.8	30.1	29.4	25.5	22.4	21.4		23.7	12
1996		20.7	21.2	23.1	26.4	29.5	31.6	31.1	28.4	26.8	23	20		25.6	11
1997	18.1	18.4	22	20	26.8	28.4	32.4	32.2	31.2	27.8	23.9	17.9		24.9	12
1998	18.9	18	20.2	18.4	24.8	29.9	31.5	32	29.5	27.6	21.8	17.9		24.2	12
1999	18.8													18.8	1
2000			21	22.5	23.8	28.3	30.6	30.4	29.4	24.4	19.1	19.4		24.9	10
2001	17	18.9	18.8	20.4	24	28.2	30.1	30.8	29.8	25.3	22.7	17.5		23.6	12
2002	17.6	19.2	18.8	22.5	25.1	27.5	29.5	30.4	30.1	23.1	22	17.4		23.6	12
2003	20.6	19	20	21.6	24.6	25.4	29.6	30.4	28.6	26.6	22.2	17.7		23.9	12
2004	16.5	16.3	19.8	21.7	24.3	26.4	29.5	30.4	28	24.6	20.2	18.2		23	12
2005	18.1	18.2	19.4	22	23.1	27	29.9	30.9		24.1	22	18.6		23	11
2006	18	19	18.9	21.8	23.2	26.5	28.9	29.1	27.5	25.2	21.8	17		23.1	12
2007	14.6	16.9	19.4	20.1	22.4	25.9	27.6	29	27.8	25.1	20.8	15.7		22.1	12
2008	16.4	16.8	18.1	21.1	22	26.4	28.9	28.6	27.9	25.4	21	17.8		22.5	12
2009	17.7	19	20	19.8	23.8	25	29.8	29.9	27.6	23.4		16.3		22.9	11
2010	17	16.5	18.8	20.8	22.1	25.1	27	29.5	28.2	22.9	19.1	17.1		22	12
2011	16.4	15.8	19.6	21	21.9	25.6	28	29.9	29.2	25	19.3	15.4		22.3	12
2012	18.1	16.7	18.5	19.8	23.2	25.9	28.4	29.2	28.3	23.7	20.9	17.3		22.5	12
2013	15.7	16.7	20	20.6	22.2	25.8	27	29.2	26.4	23.6	20.1	17.2		22	12
2014	18.6	18.6	20.2	21.4	23.7	27.8	28.1	28.9	27	24.9	20.9	18.2		23.2	12
2015	17.9	19.1	20.5	21.5	21.3	26.8	29	29	27	25	22.4	17.6		23.1	12
2016	16.6	20.2	20	20.8	22.8		28.8	29	26.4	26.6	22.6	18		22.9	11
2017	16.9	18.6	20.8	22	21.8	25.2	29.1	29.8	26.4	26.4	23.6	19.4		23.3	12
2018	18.6	19.2	20	21.9	22.6	25.1	29.6	29.6	29	23.6	20	17		23	12
2019	17.5	17	19.1	20.6		25.2	29	29.5	27.7	24.6	21.6	16.8		22.6	11
2020	17	17.1	18.9	20.8	23.2	26.2	29	29.4	29.1	26.4	22.5	16.6		23	12
2021	15.3	16.9	18.5	21.4	23.2	25.8	28.5	29	27.3	24.6	21.8	18.7		22.6	12
2022	18.2	16.7	18.8	21	22.8	26	28.9	28.8	26.9	23.9	18.4	17.9		22.4	12
2023	16.1	15.6	19	20.3	20.6	26.1	29	30.3	32.5	24.8	22.7	18.9		23	12
2024	16.9	16.6	17.8	20										17.8	4
MÍNIMA	14.4	15.3	16.2	17.4	20.5	22.7	26.4	27.2	26.1	22.9	18.4	15.4		17.8	1
MÁXIMA	20.6	20.7	22	23.1	26.8	29.9	32.4	32.2	32.5	27.8	23.9	21.4		25.6	12
MEDIA	17	17.6	19	20.9	22.9	25.8	28.9	29.3	28.3	25.1	21.1	17.8		22.7	11.5
DESV.ST	1.2	1.3	1.2	1.2	1.4	1.4	1.1	1	1.2	1.2	1.4	1.1		1.2	1.8
