COMISIÓN NACIONAL DEL AGUA
COORDINACIÓN GENERAL DEL SERVICIO METEOROLÓGICO NACIONAL
BASE DE DATOS CLIMATOLÓGICA NACIONAL 

ESTADÍSTICA MENSUAL
EMISIÓN   : 25/10/2024 

DATOS DISPONIBLES EN LA BASE DE DATOS A: OCTOBER DE 2024; 
CON LA INFORMACIÓN SUMINISTRADA POR LAS UNIDADES ADMINISTRATIVAS 

 ESTACIÓN  : 3144 
 NOMBRE    : MANGLE 
 ESTADO    : BAJA CALIFORNIA SUR 
 MUNICIPIO : LOS CABOS 
 SITUACIÓN : OPERANDO 
 CVE-OMM   :   
 LATITUD   : 23.34583333 ° 
 LONGITUD  : -109.6458333 ° 
 ALTITUD   : 285 msnm 


LLUVIA MÁXIMA 24 H.
AÑO	ENE	FEB	MAR	ABR	MAY	JUN	JUL	AGO	SEP	OCT	NOV	DIC	ACUM	PROM	MESES
1978				0	0	0	29	35	40	20	2	8	134	14.9	9
1979	10			0	3	0	8.5	37	105	0	0	6	169.5	17	10
1980	0	0	3		0	0	22.5	8					33.5	4.8	7
1981								43.5	122.5	100.5	0	0	266.5	53.3	5
1982	0	0	0	0	0	0	20	4	174.5	0	45.5	77.5	321.5	26.8	12
1983	26.5	0	25.5	0	0	0	28.5	27.5	25	38	18.2	0	189.2	15.8	12
1984	28	8	0	0	0	10.5	45.7	25.5	43.5		0	47.5	208.7	19	11
1985	0	0	0	0	0	0	40	58	59.7	75.4	0	0	233.1	19.4	12
1986		20	0	5.2	0	0	50.6	38.4	58.4	47.5	0	0.1	220.2	20	11
1987	3.4	0	0.2	0	0	0	40	35	18.4	72.8	27.2	3.1	200.1	16.7	12
1988	0	0	0	0	0	0	2.9	13.8	0	16.3	0	0	33	2.8	12
1989	45.2	0	0	0	0	0	38.2	59.1	40.1	13.3	23.3	7	226.2	18.9	12
1990	9.2	0	0	0	0	0	84.5	79.5	87.2	124	13.4	40.4	438.2	36.5	12
1991	1	2.5	0			0	22.5	42.7	148.8	15	74.7	45.3	352.5	35.2	10
1992	25	21	0	0	0	0	23.5	20	40.2	38	20.5	41.5	229.7	19.1	12
1993	4	0	0	0	0			46.5	73.3	42.5	211.2	0	377.5	37.8	10
1994	0	0	0	0	0	0	17.3	21.5	62	12.2	75.3	21	209.3	17.4	12
1995	0	2	0	0	0	0	0	38.5	209		0	0	249.5	22.7	11
1996	0	0	0	2	0	0	3	46.5	142.5	3	56.5	0	253.5	21.1	12
1997		35.5	0	4	0	3.5	86.3	118.5	123	23.5	8.3	0	402.6	36.6	11
1998	2	0	0	0	0	0	29	120	360.3		10	0	521.3	47.4	11
1999	0	0		0	0	2	9.2	65	35	22.5	0	0	133.7	12.2	11
2000	0	0	0	0	0	7.5	41.8	24.5	82.2	21	20.3	0	197.3	16.4	12
2001	0	0	6	0	2	0	41	64.6	445.5	45	1		605.1	55	11
2002	0	10.5	0	0	0	0	20	16.4	34	20	18.5	0	119.4	9.9	12
2003	0	6.5	0	0	0	0	27	135	221	11.5	0	0	401	33.4	12
2004	20	0	0	0	0	0	40	55	64.5	18.5	0	0	198	16.5	12
2005	5	38.2	2	0	0	0	57	115	30.7	19.4	0	3	270.3	22.5	12
2006	1.8	0	0	0	0	0	131.5	95.3	161.3	15.3	0	0	405.2	33.8	12
2007	5	0	0	0	0	0	2	10.7	152	0	10.3	5.2	185.2	15.4	12
2008	0	0	0	0	0	0			48.7	9.5	0	3	61.2	6.1	10
2009	0	0	0	0	5.5	13	0	38		40	0	25	121.5	11	11
2010	0	0	4	20		0			65.5	12	0	0	101.5	11.3	9
2011	0	0	0	0	0	0	23	37	38.3	58.3	2	0	158.6	13.2	12
2012		0.01	0	0	0	0.01	23	63	63.3	67.4	11		227.72	22.8	10
2013	0	0	0	0	0	0	31	56.3	63.3	106.5	17.5	0	274.6	22.9	12
2014	0	0	0	0	0	0	38.5	13.5	290	7.5	10.8	0	360.3	30	12
2015	4	20.3	13.5	0	3	25.3	20.5	25.3	40.2	24.5	33.4	0	210	17.5	12
2016	0	0	0	0	0	0	2	68.5	95.7	24	0	0.01	190.21	15.9	12
2017	0	3	0	0	0	0	62.3	306	48	27.3	0	0	446.6	37.2	12
2018	0.5	13.5	0	0	0	73.3	9.3	54.4	40.3	24.4	10.3	23	249	20.8	12
2019	4.2	0	0	0	0	0	0	115	78.5	105	143	0	445.7	37.1	12
2020	0	24.3	0	0	0	0	20	138.4	14	15.3	0	0	212	17.7	12
2021	4	0	0	0	0	15.2	23	67.5	305.4	29	5.3	0	449.4	37.4	12
2022	8.3	0	0	0	0	20.3	25.3	41	81	0.01	0	0	175.91	14.7	12
2023	0	0	0	0	0		20	64	20.5	23.5	31	0	159	14.5	11
2024	0	0	0	0	0								0	0	5
MÍNIMA	0	0	0	0	0	0	0	4	0	0	0	0	0	0	5
MÁXIMA	45.2	38.2	25.5	20	5.5	73.3	131.5	306	445.5	124	211.2	77.5	605.1	55	12
MEDIA	4.9	4.7	1.3	0.7	0.3	4	30	58.8	101.2	33.1	20	8.3	247.4	22.3	11.1
DESV.ST	9.8	9.7	4.4	3.1	1.1	12.3	26	51.6	96.5	31.2	39.8	17.3	131.8	12.4	1.7

LLUVIA TOTAL MENSUAL
AÑO	ENE	FEB	MAR	ABR	MAY	JUN	JUL	AGO	SEP	OCT	NOV	DIC	ACUM	PROM	MESES
1978				0	0	0	80.5	71	194.3	57	2	10	414.8	46.1	9
1979	19			0	3	0	8.5	84.5	176	0	0	8	299	29.9	10
1980	0	0	3		0	0	29.5	28					60.5	8.6	7
1981								106.5	199.5	154.5	0	0	460.5	92.1	5
1982	0	0	0	0	0	0	24	12	354.5	0	46.5	86	523	43.6	12
1983	81	0	29.5	0	0	0	87.5	72	107.5	81	30	0	488.5	40.7	12
1984	73.9	8	0	0	0	10.5	262.1	110.3	94.5		0	56.3	615.6	56	11
1985	0	0	0	0	0	0	60.5	114	124.6	75.4	0	0	374.5	31.2	12
1986		20	0	5.2	0	0	81.8	105.2	103.3	140.7	0	0.1	456.3	41.5	11
1987	3.4	0	0.2	0	0	0	90.1	93.1	48.4	99.7	37.5	3.1	375.5	31.3	12
1988	0	0	0	0	0	0	5.4	13.8	0	23.1	0	0	42.3	3.5	12
1989	53.4	0	0	0	0	0	56.5	270.2	69.8	20.8	29.9	7.02	507.62	42.3	12
1990	9.2	0	0	0	0	0	238.9	329	233.7	143.2	15.7	61.4	1031.1	85.9	12
1991	1	2.5	0			0	22.5	55.4	210.6	33.8	147	52.6	525.4	52.5	10
1992	63.8	21	0	0	0	0	26.5	81.8	94.9	48.3	23	43.5	402.8	33.6	12
1993	4	0	0	0	0			114.4	276.6	91.9	275.8	0	762.7	76.3	10
1994	0	0	0	0	0	0	17.3	107.5	99.5	26.7	92.9	23	366.9	30.6	12
1995	0	2	0	0	0	0	0	236.9	440.3		0	0	679.2	61.7	11
1996	0	0	0	2	0	0	3	141.3	186.7	4.5	56.5	0	394	32.8	12
1997		35.5	0	4	0	3.5	140	159.8	256.5	37.8	11.3	0	648.4	58.9	11
1998	2	0	0	0	0	0	52	341.7	475.1		10	0	880.8	80.1	11
1999	0	0		0	0	2	9.2	149.8	71	28.2	0	0	260.2	23.7	11
2000	0	0	0	0	0	7.5	58.7	45	172.7	86.5	27.6	0	398	33.2	12
2001	0	0	10	0	2	0	41	85.3	747.5	45	1		931.8	84.7	11
2002	0	13	0	0	0	0	20	49.4	89.1	48.5	21.5	0	241.5	20.1	12
2003	0	6.5	0	0	0	0	28.5	241	387.5	11.5	0	0	675	56.2	12
2004	59.3	0	0	0	0	0	63	104.7	192.3	34	0	0	453.3	37.8	12
2005	5	39.2	2	0	0	0	57	184.9	63.2	24.1	0	3	378.4	31.5	12
2006	1.8	0	0	0	0	0	550.6	215.8	318.9	35.6	0	0	1122.7	93.6	12
2007	13	0	0	0	0	0	2	29	290.5	0	10.3	5.2	350	29.2	12
2008	0	0	0	0	0	0			169	20.8	0	3	192.8	19.3	10
2009	0	0	0	0	5.5	13	0	122.8		90	0	30	261.3	23.8	11
2010	0	0	4	27		0			166.5	12	0	0	209.5	23.3	9
2011	0	0	0	0	0	0	23	69.5	77.8	64.6	3	0	237.9	19.8	12
2012		0.01	0	0	0	0.01	28.01	236.1	141.5	130.9	11		547.53	54.8	10
2013	0	0	0	0	0	0	31	93.6	145	111.9	32.2	0	413.7	34.5	12
2014	0	0	0	0	0	0	161.7	64.9	683.9	13.2	13.4	0	937.1	78.1	12
2015	8.3	26.8	18.8	0	3	43.5	70.5	160.2	198.9	68.5	33.4	0	631.9	52.7	12
2016	0	0	0	0	0	0	2	203.4	102.9	45.51	0	0.01	353.82	29.5	12
2017	0	3	0	0	0	0	71.6	411.3	84.4	33.6	0	0	603.9	50.3	12
2018	0.5	20.7	0	0	0	90.7	28.3	200.7	190.7	24.4	10.3	23	589.3	49.1	12
2019	4.2	0	0	0	0	0	0	230.5	181.9	156	276	0	848.6	70.7	12
2020	0	24.3	0	0	0	0	38.8	178.2	31.3	42.1	0	0	314.7	26.2	12
2021	4	0	0	0	0	15.2	23	174.92	481.21	94.1	5.3	0	797.73	66.5	12
2022	8.3	0	0	0	0	20.31	69.81	183.65	361.81	0.02	0	0	643.9	53.7	12
2023	0	0	0	0	0		45	166	41	113.5	31	0	396.5	36	11
2024	0	0	0	0	0								0	0	5
MÍNIMA	0	0	0	0	0	0	0	12	0	0	0	0	0	0	5
MÁXIMA	81	39.2	29.5	27	5.5	90.7	550.6	411.3	747.5	156	276	86	1122.7	93.6	12
MEDIA	9.9	5.1	1.6	0.9	0.3	4.8	64.5	142	207.7	56.5	27.9	9.7	491.5	44.2	11.1
DESV.ST	21.6	10.3	5.4	4.2	1.1	15.5	95.9	90	163.3	45.6	60.7	20.2	253.4	22.9	1.7

TEMPERATURA MÁXIMA PROMEDIO
AÑO	ENE	FEB	MAR	ABR	MAY	JUN	JUL	AGO	SEP	OCT	NOV	DIC	ACUM	PROM	MESES
1978							33.8	36.3	33.4	31.1	29.5	25		31.5	6
1979	22.9			30.4	33.1	37.5	37.4	36.4	34.9	35.4	30.1	27.1		32.5	10
1980	26	29.8	29.7		35.4	39.4	39.1	37.3						33.8	7
1981								36	33.6	31.7	29.7	27.7		31.7	5
1982	23.5	26	29.9	33.3	33.4	38.6	36.6	37.7	35.7	32.7	28.6	23.9		31.7	12
1983	22.4	23.5	27.5	30.6	35.4	37.8	38.1	36.5	35.1	34.6	33	30.6		32.1	12
1984	24	27.7	29.2	31	35.6	35.1	35.5	35.1	34.3		29.1	27.9		31.3	11
1985	21.7	26.5	29.4	31.1	34.9	36.2	36.4	35.2	35	32.8	28.2	24.9		31	12
1986		25.6	30.5	34	34.6	36.3	35.9	36.3	36.1	32.7	30.2	24.8		32.5	11
1987	22	25.1	26.9	33.3	30.7	39.3	41.1	36.7	38.3	36.5	31.1	26.9		32.3	12
1988	24.7	27.7	30.1	32.7	36.7	37.8	39.6	40.8	40.1	34.2	30.6	26.9		33.5	12
1989	21.1	24.1	32.2	35	35.1	37.7	38.2	36.3	35.6	34.4	28.4	22.9		31.8	12
1990	23	23	27	31.9	35.1	39.1	38	36.8	35.9	33.6	30.3	26		31.6	12
1991	21.5	22.5	26.8			38.4	37	37.8	36.4	32.7	26.6	23.5		30.3	10
1992	22.9	25.9	28.5	32.2	36.1	38.6	37.5	36.6	36.8	35.2	30.9	25.5		32.2	12
1993	25.1	26.3	29.8	34.1	36			36.7	35.9	35.9	30	26.6		31.6	10
1994	25.9	29.1	31.1	33.3	37.9	39.4	40.1	36.6	37.9	35.7	34.3	27.9		34.1	12
1995	27.2	30.3	33	33.8	36.6	40.5	42.1	36.7	34.6		30.8	26.9		33.9	11
1996	28	31.1	32.7	35.3	39.8	39.5	39.4	37.6	34.8	36.6	33.6	28		34.7	12
1997		27.5	32.3	32.4	39.9	39.9	39.6	37.8	37.7	35.3	31.5	29.5		34.9	11
1998	29.2	29.9	30.5	33.6	38.2	39.4	39.1	37.4	36.1		31.2	26.7		33.8	11
1999	29.5	28.7		34.8	37.9	39.7	39.8	40.2	35.2	38.5	32.8	27.1		34.9	11
2000	30	32.3	33.1	36.7	38.8	38.8	39.3	37.6	38.5	35.8	29.1	29.3		34.9	12
2001	25.3	29.9	30.1	34.8	38.9	39.7	38.4	37.8	35.1	34.5	32.8			34.3	11
2002	27.4	29.2	31.1	35.4	39.5	40.3	39.7	39.1	38	34.5	33.1	28.4		34.6	12
2003	29.6	29.1	28.7	31.8	36.6	39.9	39.1	36	34.1	33.3	31	29		33.2	12
2004	23.7	24	30.1	33.7	36.7	39.3	37.7	36.2	33.3	35.5	29.4	26.7		32.2	12
2005	27.6	28	28.2	28.9	36.2	37.9	38.6	38.1	38.8	34.9	32.3	29.9		33.3	12
2006	28.8	29.4	31.4	32.3	39.1	40.2	37.9	36.3	34.1	33.3	30.7	27.8		33.4	12
2007	23.2	25	29.5	29.5	37	39.4	39.9	38.1	36.5	32.8	31.3	26.8		32.4	12
2008	25.9	26.6	29.8	33.4	39.8	39.7			35.5	36.3	33.6	29		33	10
2009	28.9	28.5	30.4	30.7	38.2	37.3	40.7	38.1		34.1	32	29.5		33.5	11
2010	28.8	29.9	29.7	29.5		40.6			34.8	34.6	29.6	28.4		31.8	9
2011	24.1	27.2	27.4	29.4	36.7	40.2	38.9	37.9	37.1	36	29.2	25.3		32.5	12
2012		27.1	29.7	33.9	36.4	39.1	36.2	36.3	33.3	32.7	32.6			33.7	10
2013	25.5	28.2	29.2	31.8	35.6	40.6	39	40.4	35.6	32.6	29.4	27.1		32.9	12
2014	28	28.6	30.1	31.1	37.8	43.3	37.9	36.2	33.4	32.7	29.1	26.8		32.9	12
2015	26.2	28.8	30	31.2	35	40.5	38.3	37.3	34.6	33.4	30.6	25.8		32.6	12
2016	24.5	26.2	28.8	28.9	34.4	38.5	39.2	37	34.7	33.4	31.1	27.5		32	12
2017	25.5	26.7	27.9	32.4	30.4	35.7	36.1	38.2	34.3	32.1	30.1	27.1		31.4	12
2018	27.2	28.3	30.2	31.2	37.2	38.4	39.3	37	33.3	30.3	30	26.8		32.4	12
2019	27.5	31.2	31.3	32.9	37.5	39.5	40.4	41.2	37	33.8	31.2	28.9		34.4	12
2020	28.6	30.3	34.3	37.2	41	46.4	46.5	44.5	40.8	37.2	34.8	32.6		37.9	12
2021	33.2	33.7	36.2	44.9	46.3	45.7	45.8	44.8	41.7	38	36.8	35.6		40.2	12
2022	33.9	34.8	35.1	39.2	47.2	45.3	46.2	44.6	42.2	42.5	36.7			40.7	11
2023	34	36.3	44				39.5	40.2	40	32.7	30	28.8		36.2	9
2024	20.6	24.5	25.8	26.5	35.8									26.6	5
MÍNIMA	20.6	22.5	25.8	26.5	30.4	35.1	33.8	35.1	33.3	30.3	26.6	22.9		26.6	5
MÁXIMA	34	36.3	44	44.9	47.2	46.4	46.5	44.8	42.2	42.5	36.8	35.6		40.7	12
MEDIA	26.2	28	30.4	32.9	37	39.4	39	37.9	36.1	34.4	31	27.5		33.2	10.9
DESV.ST	3.3	3	3	3.1	3.2	2.3	2.6	2.3	2.3	2.2	2.1	2.3		2.3	1.8

TEMPERATURA MÁXIMA EXTREMA
AÑO	ENE	FEB	MAR	ABR	MAY	JUN	JUL	AGO	SEP	OCT	NOV	DIC	ACUM	PROM	MESES
1978							38	39	38	34.5	35	29		35.6	6
1979	25			38	36	42	41	39	39.5	37	33.5	31		36.2	10
1980	28	35.5	33.5		41	43	41	40						37.4	7
1981								40	39	37	34	33		36.6	5
1982	32	33	35	38	39	41	41	40	40	37	33	31		36.7	12
1983	29	30	35	36	41	43	41	41	41	38	38	36		37.4	12
1984	31	35	35	36	40	39	40	41	38		35	35		36.8	11
1985	27	33	37	36	41	44	40	40	39	36	32	31		36.3	12
1986		33	36	39	39	41	40	40	39	35	38	32		37.5	11
1987	26	31	34	38	37	44	46	44	45	41	35	32		37.8	12
1988	31	35	36	39	42	45	42	45	44	39	36	33		38.9	12
1989	29	33	35	41	40	41	43	40	39	39	35	28		36.9	12
1990	30	30	36	38	40	45	44	40	40	39	35	30		37.2	12
1991	25	26	33			41	39	41	40	36	31	27		33.9	10
1992	29	30	33	38	40	42	41	40	42	38	38	30		36.8	12
1993	29	31	36	38	41			42	40	41	34	33		36.5	10
1994	33	33	36	39	42	45	42	40	42	40	39	34		38.8	12
1995	34	35	38	41	41	44	46	42	40		35	33		39	11
1996	33	39	37	42	44	42	41	41	40	40	40	35		39.5	12
1997		33	37	38	42	42	44	41	41	39	34	36		38.8	11
1998	33	35	39	40	42	44	42	42	40		39	32		38.9	11
1999	35	33		41	44	44	44	44	40	45	37	30		39.7	11
2000	35	38	37	41	41	42	44	41	42	41	31	33		38.8	12
2001	34	37	38	40	44	42	42	42	42	38	39			39.8	11
2002	31	34	38	40	45	44	42	44	42	39	39	33		39.2	12
2003	35	33	32	37	44	44	42	41	40	36	35	32		37.6	12
2004	28	30	35	40	41	42	44	41	40	40	32	31		37	12
2005	31	35	34	39	41	41	41	41	42	40	35	32		37.7	12
2006	34	33	36	39	45	44	45	41	40	39	34	36		38.8	12
2007	29	31	35	33	47	42	42	41	40	37	37	35		37.4	12
2008	30	31	35	39	44	44			40	41	38	35		37.7	10
2009	39	36	40	36	44	41	47	43		39	39	37		40.1	11
2010	34	35	35	39		44			40	38	32	34		36.8	9
2011	30	30	31	35	40	44	42	42	40	39	35	34		36.8	12
2012		29	33	39	41	45	40	45	37	36	36			38.1	10
2013	32	33	35	36	40	45	42	44	42	38	34	33		37.8	12
2014	30	35	33	38	42	49	41	42	40	36	32	30		37.3	12
2015	29	38	38	36	41	44	42	42	38	38	34	30		37.5	12
2016	30	32	31	31	41	45	41	43	39	36	36	31		36.3	12
2017	30	33	35	36	39	40	40	41	38	36	34	32		36.2	12
2018	30	34	35	36	40	40	42	44	36	35	38	32		36.8	12
2019	33	38	35	37	40	45	45	48	45	39	38	34		39.8	12
2020	35	38	40	40	48	49	49	48	48	39	39	38		42.6	12
2021	36	38	40	49	49	48	49	48	45	41	40	39		43.5	12
2022	37	37	39	45	50	48	49	48	46	46	43			44.4	11
2023	38	39	47				44	45	46	39	33	32		40.3	9
2024	29	30	30	32	40									32.2	5
MÍNIMA	25	26	30	31	36	39	38	39	36	34.5	31	27		32.2	5
MÁXIMA	39	39	47	49	50	49	49	48	48	46	43	39		44.4	12
MEDIA	31.4	33.6	35.8	38.3	41.9	43.4	42.6	42.2	40.8	38.5	35.8	32.7		38	10.9
DESV.ST	3.3	3	3	3.1	2.9	2.3	2.6	2.4	2.5	2.4	2.8	2.6		2.1	1.8

TEMPERATURA MÍNIMA PROMEDIO
AÑO	ENE	FEB	MAR	ABR	MAY	JUN	JUL	AGO	SEP	OCT	NOV	DIC	ACUM	PROM	MESES
1978							23.8	22.9	21.6	19.5	17.4	11.9		19.5	6
1979	11.2			13.9	16	21.2	24.6	22.6	22.1	18.1	12.4	12.6		17.5	10
1980	12.6	13.1	13.2		15.1	21.8	24	23.4						17.6	7
1981								23.3	21.3	18.5	12.9	12.4		17.7	5
1982	11.2	9.3	10.6	15.1	16	19.7	22.8	22.7	22	18.5	14.7	11		16.1	12
1983	10.2	9.3	10.1	11.5	16	19.3	23.9	20.4	21.1	19.1	13.7	11.1		15.5	12
1984	10.4	9.4	10.9	12.9	14.8	18.2	18.5	19.9	20.2		12.1	11.1		14.4	11
1985	9.8	9.1	12.6	12.6	14.9	17.6	19.5	20.7	20.2	16	15.2	12.6		15.1	12
1986		9.8	12.9	18.4	18	19.2	22.8	23.2	21.7	18.6	16	10.7		17.4	11
1987	10	9.5	9.8	12.9	13.4	20	24.1	23.4	21.9	19.4	15.1	11.4		15.9	12
1988	10.4	11.8	11.2	13.4	16.6	19.5	22.7	22.4	22.7	20	15.2	11.7		16.5	12
1989	9	10.3	12.4	16.2	18	20.1	22.4	22.1	21.2	18	15.1	6.1		15.9	12
1990	10.2	8.9	10	15.2	18.1	21.8	23.4	22.2	21.6	19.3	15.8	13.2		16.6	12
1991	8.4	9.1	14.2			20.9	21.4	22.6	21.4	19.1	11.3	9.4		15.8	10
1992	9.2	10.4	11.1	11.9	15.8	20.5	22.2	22.2	21.7	18.1	14.3	9.4		15.6	12
1993	9.5	10	10.8	11.5	16.8			22.6	20.9	17.6	12.4	10.9		14.3	10
1994	7.7	8.8	10.9	12.3	18.1	20.4	22.8	22.3	21.9	19.8	16.1	12.6		16.1	12
1995	8.7	12.9	12.5	12.9	17.1	23.6	25	22.7	21.2		13.7	9.7		16.4	11
1996	8	10	10.1	13	18.4	21.3	22.7	22.4	20.2	18	15.5	9.6		15.8	12
1997		8.8	11.2	11.1	17.9	21.9	22.8	22.8	22.1	19.6	14.5	9.9		16.6	11
1998	10.1	8.7	10.1	11.3	17.3	22.2	23.6	23	21.8		15.3	8.6		15.6	11
1999	7.8	7.8		13.9	16.3	20.6	23.2	24.2	21.4	18.5	13.8	9.7		16.1	11
2000	7.4	10.1	10.6	11.5	15.3	21.2	22.3	21.5	21.6	18.7	12.6	9.8		15.2	12
2001	9.5	10.5	9.6	13.1	15.9	20	22.9	23.8	22.5	16.6	15.8			16.4	11
2002	6.9	7.5	9.3	13.1	16.8	19.6	23.4	23.5	23.3	18.7	15.3	10.2		15.6	12
2003	11	11.7	10.1	15.2	18.4	21.4	24.1	22.8	22.2	18.9	14.1	10.4		16.7	12
2004	8.2	8.1	9.7	16	16.2	21.3	22.8	22.2	21.1	19.4	13.9	12		15.9	12
2005	10.8	11.5	9.9	11.3	15.7	19.6	24	23.8	22.5	21.4	14.7	14		16.6	12
2006	8.1	9.8	11.9	14	17.2	23.1	23.5	23.1	22	20.4	13.5	10.6		16.4	12
2007	8	8.4	12.8	12	16.6	21.3	22.8	23.2	20.2	14.4	12.4	10.8		15.2	12
2008	9.1	9.2	10	14.2	22.5	22.4			22.9	19.1	13.7	10.7		15.4	10
2009	11.3	8.5	10.7	13.1	18.4	21.9	23.7	23.5		18.5	14.5	10.5		15.9	11
2010	8.2	10.9	8.1	8.7		18.9			21.7	17.2	11.3	8.6		12.6	9
2011	6.7	7.6	8.7	13.5	21.9	23.4	25.4	22.6	22.7	18.7	12.6	9.5		16.1	12
2012		7.1	9.6	13.9	17.1	20.8	22.1	23.7	19.9	17.3	13.7			16.5	10
2013	8.8	8	8.8	11.5	15.1	22.3	22.5	25.1	22.9	17.5	11.7	9.1		15.3	12
2014	7.2	10.2	11.1	13.3	20	24.6	21.3	21.4	19.8	18.3	12.9	7.4		15.6	12
2015	10	9.6	13	14.1	18.5	25.8	21.4	23.5	20.8	18.6	14.6	8.5		16.5	12
2016	5.3	8.1	7.9	10.7	17	20.7	20.9	20.5	18.8	16.9	13.4	7.5		14	12
2017	7.3	6.9	9.7	12	11.1	16	18.8	19.1	18.1	14.3	9.8	8.8		12.7	12
2018	6.2	9.7	11.1	11.8	17.8	19.2	22.2	18.6	17.3	14.1	11.5	8.4		14	12
2019	10.4	12	14.1	15.5	20	23.6	24.1	25.9	21.6	18.3	16.7	14.2		18	12
2020	13.4	15	19.9	22.5	22.5	25.1	27.9	27.3	27.1	22.8	21.2	16.3		21.8	12
2021	16.2	20	19.8	26.7	29.4	31.3	31.8	30	29.4	25.2	22.2	21		25.2	12
2022	21.6	20.4	21.6	24.6	30.1	30.3	31.7	30.6	29.8	28.1	24.7			26.7	11
2023	14.7	19.1	29.4				26	26.6	26.8	21.2	17.3	15		21.8	9
2024	7.1	9.7	10	12	22.2									12.2	5
MÍNIMA	5.3	6.9	7.9	8.7	11.1	16	18.5	18.6	17.3	14.1	9.8	6.1		12.2	5
MÁXIMA	21.6	20.4	29.4	26.7	30.1	31.3	31.8	30.6	29.8	28.1	24.7	21		26.7	12
MEDIA	9.7	10.4	11.9	13.9	17.9	21.5	23.4	23.1	21.9	18.8	14.6	10.9		16.5	10.9
DESV.ST	2.9	3.1	4	3.5	3.5	2.9	2.6	2.3	2.4	2.5	2.8	2.6		2.7	1.8

TEMPERATURA MÍNIMA EXTREMA
AÑO	ENE	FEB	MAR	ABR	MAY	JUN	JUL	AGO	SEP	OCT	NOV	DIC	ACUM	PROM	MESES
1978							22	21.5	20	16	13	9		16.9	6
1979	8.5			12	10	12.5	22	18	19.5	15	10	10.5		13.8	10
1980	11.5	12	11		12	16	23	21						15.2	7
1981								21	17	14	8	9		13.8	5
1982	6	3	5	11	10	16	20	20	20	14	10	6		11.8	12
1983	6	6	8	8	10	16	22	12	15	15	7	9		11.2	12
1984	6	5	6	10	10	12	12	12	14		8	7		9.3	11
1985	6	3	8	3	9	11	14	13	17	10	10	8		9.3	12
1986		4	8	14	14	12	21	19	19	14	10	5		12.7	11
1987	5	6	5	8	8	15	21	20	19	10	9	7		11.1	12
1988	5	6	6	9	13	15	19	20	20	16	9	7		12.1	12
1989	4	6	8	12	15	14	18	19	15	12	12	2		11.4	12
1990	5	5	5	10	12	16	19	19	19	14	11	9		12	12
1991	3	4	10			16	15	19	17	13	8	6		11.1	10
1992	6	7	7	7	12	15	20	19	19	14	10	6		11.8	12
1993	6	7	7	8	11			19	19	12	9	7		10.5	10
1994	3	3	5	7	11	16	20	19	18	16	12	4		11.2	12
1995	5	6	9	7	9	20	19	20	19		9	6		11.7	11
1996	5	7	6	9	14	18	20	20	15	11	10	7		11.8	12
1997		5	6	8	14	19	20	20	19	15	10	4		12.7	11
1998	5	5	6	5	11	14	20	20	18		9	4		10.6	11
1999	5	5		8	10	14	20	20	17	12	10	4		11.4	11
2000	3	6	5	5	11	17	14	17	18	14	8	7		10.4	12
2001	5	5	5	7	9	14	20	20	19	13	10			11.5	11
2002	4	4	6	8	12	14	21	21	18	14	11	5		11.5	12
2003	6	7	6	9	11	15	20	13	20	15	10	5		11.4	12
2004	5	4	5	11	12	18	19	19	16	15	9	6		11.6	12
2005	7	5	8	8	9	13	21	20	20	17	10	10		12.3	12
2006	5	5	7	10	10	19	20	20	19	15	9	6		12.1	12
2007	4	5	7	8	10	15	17	20	11	8	8	6		9.9	12
2008	4	7	7	7	15	15			15	14	8	8		10	10
2009	8	5	7	8	14	19	16	20		9	10	7		11.2	11
2010	5	6	5	6		12			20	13	9	5		9	9
2011	1	4	5	8	19	18	20	20	20	15	9	5		12	12
2012		5	6	7	12	12	20	20	16	12	6			11.6	10
2013	3	3	3	7	10	15	17	20	19	14	8	5		10.3	12
2014	3	5	7	5	14	20	18	17	10	12	8	4		10.2	12
2015	5	5	9	10	11	17	15	19	18	12	10	5		11.3	12
2016	2	4	4	5	11	14	18	15	15	12	10	4		9.5	12
2017	4	2	5	4	6	12	12	12	10	10	5	3		7.1	12
2018	4	4	7	7	12	15	14	16	15	10	8	5		9.8	12
2019	4	9	10	10	15	18	20	19	19	12	10	9		12.9	12
2020	8	2	15	19	18	22	24	23	22	20	18	13		17	12
2021	8	17	17	22	20	26	28	28	28	22	20	18		21.2	12
2022	19	19	19	22	24	28	23	28	27	25	22			23.3	11
2023	1	17	25				22	20	20	15	10	9		15.4	9
2024	4	4	6	8	13									7	5
MÍNIMA	1	2	3	3	6	11	12	12	10	8	5	2		7	5
MÁXIMA	19	19	25	22	24	28	28	28	28	25	22	18		23.3	12
MEDIA	5.3	6	7.7	9	12.2	16.1	19.2	19.1	18	13.8	10	6.7		12	10.9
DESV.ST	2.9	3.7	4.2	4	3.4	3.5	3.2	3.3	3.4	3.2	3.1	2.9		3	1.8

TEMPERATURA MEDIA MENSUAL
AÑO	ENE	FEB	MAR	ABR	MAY	JUN	JUL	AGO	SEP	OCT	NOV	DIC	ACUM	PROM	MESES
1978							28.8	29.6	27.5	25.3	23.4	18.4		25.5	6
1979	17			22.1	24.6	29.4	31	29.5	28.5	26.8	21.2	19.9		25	10
1980	19.3	21.4	21.4		25.2	30.6	31.6	30.3						25.7	7
1981								29.6	27.5	25.1	21.3	20		24.7	5
1982	17.4	17.6	20.2	24.2	24.7	29.1	29.7	30.2	28.9	25.6	21.6	17.4		23.9	12
1983	16.3	16.4	18.8	21	25.7	28.5	31	28.4	28.1	26.9	23.4	20.9		23.8	12
1984	17.2	18.6	20	22	25.2	26.6	27	27.5	27.2		20.6	19.5		22.9	11
1985	15.8	17.8	21	21.9	24.9	26.9	28	28	27.6	24.4	21.7	18.8		23.1	12
1986		17.7	21.7	26.2	26.3	27.8	29.4	29.8	28.9	25.7	23.1	17.8		24.9	11
1987	16	17.3	18.4	23.1	22	29.6	32.6	30	30.1	28	23.1	19.1		24.1	12
1988	17.6	19.8	20.6	23	26.7	28.6	31.1	31.6	31.4	27.1	22.9	19.3		25	12
1989	15.1	17.2	22.3	25.6	26.6	28.9	30.3	29.2	28.4	26.2	21.8	14.5		23.8	12
1990	16.6	15.9	18.5	23.5	26.6	30.5	30.7	29.5	28.8	26.5	23	19.6		24.1	12
1991	14.9	15.8	20.5			29.6	29.2	30.2	28.9	25.9	19	16.4		23	10
1992	16	18.1	19.8	22	26	29.6	29.9	29.4	29.2	26.7	22.6	17.4		23.9	12
1993	17.3	18.1	20.3	22.8	26.4			29.7	28.4	26.8	21.2	18.8		23	10
1994	16.8	19	21	22.8	28	29.9	31.5	29.5	29.9	27.8	25.2	20.2		25.1	12
1995	18	21.6	22.8	23.3	26.9	32	33.5	29.7	27.9		22.2	18.3		25.1	11
1996	18	20.6	21.4	24.1	29.1	30.4	31	30	27.5	27.3	24.6	18.8		25.2	12
1997		18.1	21.8	21.8	28.9	30.9	31.2	30.3	29.9	27.4	23	19.7		25.7	11
1998	19.6	19.3	20.3	22.5	27.8	30.8	31.4	30.2	29		23.2	17.6		24.7	11
1999	18.6	18.2		24.3	27.1	30.2	31.5	32.2	28.3	28.5	23.3	18.4		25.5	11
2000	18.7	21.2	21.9	24.1	27	30	30.8	29.6	30	27.2	20.9	19.6		25.1	12
2001	17.4	20.2	19.9	24	27.4	29.9	30.6	30.8	28.8	25.6	24.3			25.4	11
2002	17.1	18.4	20.2	24.2	28.1	30	31.6	31.3	30.6	26.6	24.2	19.3		25.1	12
2003	20.3	20.4	19.4	23.5	27.5	30.6	31.6	29.4	28.1	26.1	22.6	19.7		24.9	12
2004	15.9	16	19.9	24.9	26.5	30.3	30.2	29.2	27.2	27.4	21.6	19.4		24	12
2005	19.2	19.8	19	20.1	26	28.8	31.3	31	30.6	28.1	23.5	22		25	12
2006	18.4	19.6	21.6	23.1	28.1	31.7	30.7	29.7	28	26.8	22.1	19.2		24.9	12
2007	15.6	16.7	21.1	20.8	26.8	30.4	31.4	30.6	28.4	23.6	21.9	18.8		23.8	12
2008	17.5	17.9	19.9	23.8	31.1	31			29.2	27.7	23.6	19.9		24.2	10
2009	20.1	18.5	20.5	21.9	28.3	29.6	32.2	30.8		26.3	23.2	20		24.7	11
2010	18.5	20.4	18.9	19.1		29.8			28.2	25.9	20.5	18.5		22.2	9
2011	15.4	17.4	18	21.4	29.3	31.8	32.1	30.2	29.9	27.4	20.9	17.4		24.3	12
2012		17.1	19.6	23.9	26.8	30	29.2	30	26.6	25	23.1			25.1	10
2013	17.1	18.1	19	21.6	25.4	31.5	30.8	32.8	29.2	25	20.5	18.1		24.1	12
2014	17.6	19.4	20.6	22.2	28.9	34	29.6	28.8	26.6	25.5	21	17.1		24.3	12
2015	18.1	19.2	21.5	22.6	26.8	33.1	29.8	30.4	27.7	26	22.6	17.1		24.6	12
2016	14.9	17.1	18.4	19.8	25.7	29.6	30	28.8	26.8	25.1	22.2	17.5		23	12
2017	16.4	16.8	18.8	22.2	20.8	25.9	27.5	28.7	26.2	23.2	20	18		22	12
2018	16.7	19	20.6	21.5	27.5	28.8	30.8	27.8	25.3	22.2	20.8	17.6		23.2	12
2019	19	21.6	22.7	24.2	28.8	31.6	32.2	33.5	29.3	26	24	21.5		26.2	12
2020	21	22.6	27.1	29.9	31.8	35.8	37.2	35.9	34	30	28	24.5		29.8	12
2021	24.7	26.9	28	35.8	37.8	38.5	38.8	37.4	35.5	31.6	29.5	28.3		32.7	12
2022	27.8	27.6	28.4	31.9	38.7	37.8	39	37.6	36	35.3	30.7			33.7	11
2023	24.4	27.7	36.7				32.8	33.4	33.4	27	23.6	21.9		29	9
2024	13.9	17.1	17.9	19.2	29									19.4	5
MÍNIMA	13.9	15.8	17.9	19.1	20.8	25.9	27	27.5	25.3	22.2	19	14.5		19.4	5
MÁXIMA	27.8	27.7	36.7	35.8	38.7	38.5	39	37.6	36	35.3	30.7	28.3		33.7	12
MEDIA	17.9	19.2	21.2	23.4	27.4	30.5	31.2	30.5	29	26.6	22.8	19.2		24.9	10.9
DESV.ST	2.7	2.8	3.3	3.1	3.2	2.5	2.4	2.2	2.2	2.1	2.2	2.2		2.4	1.8
