COMISIÓN NACIONAL DEL AGUA
COORDINACIÓN GENERAL DEL SERVICIO METEOROLÓGICO NACIONAL
BASE DE DATOS CLIMATOLÓGICA NACIONAL 

ESTADÍSTICA MENSUAL
EMISIÓN   : 25/10/2024 

DATOS DISPONIBLES EN LA BASE DE DATOS A: OCTOBER DE 2024; 
CON LA INFORMACIÓN SUMINISTRADA POR LAS UNIDADES ADMINISTRATIVAS 

 ESTACIÓN  : 3023 
 NOMBRE    : LAGUNILLAS 
 ESTADO    : BAJA CALIFORNIA SUR 
 MUNICIPIO : LA PAZ 
 SITUACIÓN : OPERANDO 
 CVE-OMM   :   
 LATITUD   : 24.02166667 ° 
 LONGITUD  : -110.3552778 ° 
 ALTITUD   : 40 msnm 


LLUVIA MÁXIMA 24 H.
AÑO	ENE	FEB	MAR	ABR	MAY	JUN	JUL	AGO	SEP	OCT	NOV	DIC	ACUM	PROM	MESES
1952									20.5	7.5		27.5	55.5	18.5	3
1953	0	0	0	0	0	0	3	20	0	44	17	3	87	7.2	12
1954	11	0	0	0	0	0	30	70.5	34	11	0	0.01	156.51	13	12
1955	19.5	0	0	0	0	0	0	11	110	7.5	0.01	0	148.01	12.3	12
1956	0.01	0	0	0.01	0.01	33		48.5	23	0	0.01	2	106.54	9.7	11
1957	2	0	0	0	0	0.01	0.01	150	13	2.5	0.01		167.53	15.2	11
1958	4.5	6	5	0.01	3	0.01	11	26	33	17.5	66.5	4	176.52	14.7	12
1959	0.2	3.5	0	0	0	23	2	45	135	0.01	0	31	239.71	20	12
1960	77	0	0	0	0	0.01	6	36	46	26	2	8	201.01	16.8	12
1961	11	0	0	2	0	0.01	20	22	11	2	0.01	6	74.02	6.2	12
1962	16.5	0	0			0	0.01	34.5	20	25.5	0	5	101.51	10.2	10
1963	2	0	0	0	0	9	17	33	52	27	7	4	151	12.6	12
1964	0.01	0	3	0	0	0	9.5	8	49.5	53.5	0	6	129.51	10.8	12
1965	3	7	0	0	0	0	5	58.5	35	0.3	0	27	135.8	11.3	12
1966	3	6	0	0	0	0	9	14.5	43	0	0	22	97.5	8.1	12
1967	0.01	0.01	0.01	0.01	0	0.01	3	32	18	6	0.01	6	65.06	5.4	12
1968	8.5	43	5	0.01	0	0	12	9.5	0.01	7	3	3	91.02	7.6	12
1969		8.5				0	14	13.5	28		0	25	89	12.7	7
1970	5.5	2	3.5	0	0	0	0.6	36	62	0	0	0	109.6	9.1	12
1971	0	0		0	0	0	0	48	63.5	8.5	0	10	130	11.8	11
1972	37	0	0	0	0	0	17.5	68.5	49.5	92	50.5	14	329	27.4	12
1973	17.5	8.5	0	4.5	0	0	20	2.5	58	0	0	2.5	113.5	9.5	12
1974	3.5	0	2	0	0	0	12	7.5	31.5	3	63	23.5	146	12.2	12
1975	20	5.5	0	0	0	0	3	22	20	4	0	2	76.5	6.4	12
1976		0	0	0	0	0	0	46.5	104	46.5	26	11.5	234.5	21.3	11
1977	0	0	0	0	0	0	0	35	8		0	0	43	3.9	11
1978	0	5	2.5	0	0	0	10.5	40	22	22	2	3.5	107.5	9	12
1979	32.5	23.5	0	0	61	0	24	12.5	65	0	0	2	220.5	18.4	12
1980	0	3.5	1.5	0	0	4	0	34.5	37.5	13	0	2	96	8	12
1981	25.5	2	7	0	0	0	7	28	7	41	0	0	117.5	9.8	12
1982	0	0	0	0	0		39	5	220	0	18	45	327	29.7	11
1983	23	3	21	0	0	0	40	40	94	2	5	27	255	21.2	12
1984	28	0	0	0.01	0.01	0.01	32	80	20	8	1	27	196.03	16.3	12
1985	14	0.01	0.01	0	0	35	26	42	35	0.01	19	0	171.03	14.3	12
1986	0.01	3	0	7	0	0.2			19	14	0	30	73.21	7.3	10
1987	0.5	0	0	3	2	0	73	14	56	35	5	0	188.5	15.7	12
1988	0	0	0	0									0	0	4
2002									7	0	30	20	57	14.2	4
2003	3	19	0	0	0	0		231	141.2	0	0	0	394.2	35.8	11
2004	19	0	4.4	0	0	0	0	10	18	10	0	1	62.4	5.2	12
2005	5	48	0	0	0	0	0	20	58	3	0	0	134	11.2	12
2006	12	0	0	0	0	0	25	25	65	24	0	0.01	151.01	12.6	12
2007	10	0	0	0	0	0	0	0.1	60	0	0	15	85.1	7.1	12
2008	0	0	2	0	0	0	6.4	36	18.5	24	2.5	0	89.4	7.4	12
2009	0	0	0	0	0	0	3	15	50	18	0	0	86	7.2	12
2010	0	6	1	0	0	0	0	0	8	7	0	0	22	1.8	12
2011	0	0	0	0	0	0	12	0.5	12.5	0.01	25	3	53.01	4.4	12
2012	0	3	0	0	0	0	3.4	22	37	52	0	16.5	133.9	11.2	12
2013	0	0	0	0	0	0	3	5	59	30	0	1.5	98.5	8.2	12
2014	0.01	0	0	0	0.01	0	25	33	127	3	0	0	188.02	15.7	12
2015	10	0.01	3	4	3	4	29	18	14.5	22	2.5	0	110.01	9.2	12
2016	0	0	5	5	1.5	0	37	37	52	0	0	0	137.5	11.5	12
2017	0	17	2	0	0	0	0	15	62	3	0		99	9	11
2018		0	0	0	0	0	0	20.5	55	13.5	0	59	148	13.5	11
2019	13	0	1	0	0	0	24	13	14.5	80	80	0	225.5	18.8	12
2020	23	0	0	0	0	1.2	0	0	0	0	0	0	24.2	2	12
2021	0		0	0	0	0	0	0	0				0	0	8
2022	0	0.01	0	0	0.01	2	3	30	60	2	2	0.01	99.03	8.3	12
2023	0			0	0			41	30	40	0	0	111	13.9	8
MÍNIMA	0	0	0	0	0	0	0	0	0	0	0	0	0	0	3
MÁXIMA	77	48	21	7	61	35	73	231	220	92	80	59	394.2	35.8	12
MEDIA	8.5	4.1	1.3	0.5	1.3	2.1	11.9	32.1	44.7	15.6	7.6	9	130.8	11.7	11.1
DESV.ST	13.6	9.5	3.2	1.4	8.3	7.2	14.7	37	40.7	20.4	17.8	13	77.3	6.7	2

LLUVIA TOTAL MENSUAL
AÑO	ENE	FEB	MAR	ABR	MAY	JUN	JUL	AGO	SEP	OCT	NOV	DIC	ACUM	PROM	MESES
1952									32.2	7.5		29.5	69.2	23.1	3
1953	0	0	0	0	0	0	4.5	50.5	0	77	22	3	157	13.1	12
1954	14	0	0	0	0	0	34.5	129.5	63	24	0	0.02	265.02	22.1	12
1955	48.52	0	0	0	0	0	0	24.03	152.5	7.5	0.01	0	232.56	19.4	12
1956	0.01	0	0	0.01	0.01	36		177	67.5	0	0.01	2.04	282.58	25.7	11
1957	2.03	0	0	0	0	0.01	0.01	175.5	20.51	3	0.01		201.07	18.3	11
1958	4.51	12.01	7.51	0.02	3.01	0.03	33.52	73.52	145	17.51	78.5	9	384.14	32	12
1959	0.21	5.52	0	0	0	34	2.8	151	135.02	0.01	0	45	373.56	31.1	12
1960	107	0	0	0	0	0.01	11	78	67.01	26	2	12.01	303.03	25.3	12
1961	21	0	0	2	0	0.01	38.01	66.5	23.01	2.01	0.01	8	160.55	13.4	12
1962	16.51	0	0			0	0.02	38.51	66.03	41.51	0	9.03	171.61	17.2	10
1963	2.02	0	0	0	0	9	48.01	79.02	72.05	68	7.02	4.01	289.13	24.1	12
1964	0.01	0	3	0	0	0	11.8	13	62.01	67	0	9.5	166.32	13.9	12
1965	3	7	0	0	0	0	7	236	43	0.3	0	80.5	376.8	31.4	12
1966	3	10	0	0	0	0	9	76.5	72	0	0	24	194.5	16.2	12
1967	0.01	0.02	0.01	0.01	0	0.01	5.51	94	28	7.51	0.03	19.01	154.12	12.8	12
1968	16	64.51	7	0.03	0	0	28	28.51	0.02	10.5	3	3	160.57	13.4	12
1969		12				0	21	42	61		0	25	161	23	7
1970	5.5	2	3.5	0	0	0	0.6	88	68	0	0	0	167.6	14	12
1971	0	0		0	0	0	0	60.5	131.5	13.5	0	25.5	231	21	11
1972	37	0	0	0	0	0	52.5	120.5	54.5	180.5	50.5	19	514.5	42.9	12
1973	28	21.5	0	4.5	0	0	25	2.5	69	0	0	2.5	153	12.8	12
1974	3.5	0	2	0	0	0	13.5	16	51	3	79	26.5	194.5	16.2	12
1975	42.5	5.5	0	0	0	0	3	90.5	52.5	4	0	2	200	16.7	12
1976		0	0	0	0	0	0	167.5	206.5	81.5	28	11.5	495	45	11
1977	0	0	0	0	0	0	0	46	8		0	0	54	4.9	11
1978	0	7	2.5	0	0	0	18	60.5	70	32.5	2	8.5	201	16.8	12
1979	43	25	0	0	61	0	24	12.5	90	0	0	2	257.5	21.5	12
1980	0	3.5	1.5	0	0	4	0	72.5	69.5	31.5	0	3.5	186	15.5	12
1981	53	2	7	0	0	0	15	37.5	27	41	0	0	182.5	15.2	12
1982	0	0	0	0	0		86	16.5	225	0	21.5	46	395	35.9	11
1983	42	3	29	0	0	0	132	116	140	2	5	27	496	41.3	12
1984	38	0	0	0.01	0.02	0.02	94.58	288.06	82.04	8	1	69.02	580.75	48.4	12
1985	22	0.01	0.02	0	0	35	44.03	90.04	70.03	0.03	25.04	0	286.2	23.9	12
1986	0.02	3	0	7.01	0	0.23			47.01	22.01	0	30.01	109.29	10.9	10
1987	1	0	0	3	2	0	103	20	148	42	6	0	325	27.1	12
1988	0	0	0	0									0	0	4
2002									27	0	30	20	77	19.2	4
2003	6	22	0	0	0	0		285	141.2	0	0	0	454.2	41.3	11
2004	55.01	0	4.4	0	0	0	0	34.5	59.01	33	0	1.01	186.93	15.6	12
2005	9.01	63.01	0	0	0	0	0	38.03	121.01	3.02	0	0	234.08	19.5	12
2006	12	0	0	0	0	0	44	44	134	39	0	0.02	273.02	22.8	12
2007	18.01	0	0	0	0	0	0	0.12	123	0	0	35.5	176.63	14.7	12
2008	0	0	2	0	0	0	6.4	60.3	45.4	40	2.5	0	156.6	13	12
2009	0	0	0	0	0	0	5.5	37	83	52.5	0	0	178	14.8	12
2010	0	13	1	0	0	0	0	0	15	7	0	0	36	3	12
2011	0	0	0	0	0	0	18.5	0.54	20.52	0.01	25.01	5	69.58	5.8	12
2012	0	3	0	0	0	0	3.4	46.51	109.01	132	0	26	319.92	26.7	12
2013	0	0	0	0	0	0	3.01	8.01	118	40	0	1.52	170.54	14.2	12
2014	0.01	0	0	0	0.02	0	75	132.01	150	4	0	0	361.04	30.1	12
2015	13.04	0.01	6.01	6.02	4.02	4.01	107	39.5	60.5	31.5	2.5	0	274.11	22.8	12
2016	0	0	5	5	1.5	0	37	119	84.5	0	0	0	252	21	12
2017	0	17	2	0	0	0	0	29	66	3	0		117	10.6	11
2018		0	0	0	0	0	0	40.41	128.63	13.5	0	59	241.54	22	11
2019	14.1	0	1	0	0	0	31.1	21.5	33.1	128.1	106	0	334.9	27.9	12
2020	29.5	0	0	0	0	1.2	0	0	0	0	0	0	30.7	2.6	12
2021	0		0	0	0	0	0	0	0				0	0	8
2022	0	0.01	0	0	0.01	4	3.01	68	136.9	2	2	0.01	215.94	18	12
2023	0			0	0			44	30	119	0	0	193	24.1	8
MÍNIMA	0	0	0	0	0	0	0	0	0	0	0	0	0	0	3
MÁXIMA	107	64.51	29	7.01	61	36	132	288.06	225	180.5	106	80.5	580.75	48.4	12
MEDIA	13.1	5.5	1.6	0.5	1.3	2.4	23.1	70.6	76	26.7	8.9	12.8	228.5	20.3	11.1
DESV.ST	20.8	13	4.3	1.6	8.3	8.1	32.2	67.1	51.7	39.1	21.6	18.6	127.4	10.6	2

EVAPORACIÓN MENSUAL
AÑO	ENE	FEB	MAR	ABR	MAY	JUN	JUL	AGO	SEP	OCT	NOV	DIC	ACUM	PROM	MESES
1957			173.8	228.2	255.4	295.5	300.7	191.9	146.6	155.4	127		1874.5	208.3	9
1958	112.6	122.7	172.9	224.7	283.1	291.3	231.8	209.7	151.4	152	110.1	87	2149.3	179.1	12
1959	103.7	122.3	205	244.5	202.4	293.8	212.9	171.2	196.1	178.2	132.4	80.3	2142.8	178.6	12
1960	85.2	131.9	196.7	235.1	259.3	249.6	239.4	198.2	170.6	181.5	127.3	102.7	2177.5	181.5	12
1961	95.5	135.9	203.6	230.6	300.9	285.2	259.4	204.3	226.6	193.3	119.1	99.7	2354.1	196.2	12
1962	119	138.2	196.2			293	299.9	197	189.2	177	143.6	115.4	1868.5	186.8	10
1963	119.8	145.4	181.5	203.7	222.6	207.7	210.8	245.1	268.4	224.2	129.1	95.9	2254.2	187.8	12
1964	117.1	147.4	167.7	173.6	297.3	288.3	281.5	194.7	214.7	117.6	106.6	117.8	2224.3	185.4	12
1965	122.7	142.6	202.7	238.5	266.7	264.5	248	207	177.4	190.6	145.2	108.9	2314.8	192.9	12
1966	97.6	77.5	183.1	253.1	310.5	322.7	296	226.7	235.2	187.7	156.1	118.7	2464.9	205.4	12
1967	135.9	149.8	225.6	263.9	358.9	303.7	293.5	266.7	180.3	192.5	161.9	113.9	2646.6	220.6	12
1968	109	93.4	127.1	245.8	299.8	287.7	282.3	271.7	249.8	213	150.9	131.7	2462.2	205.2	12
1969		122.1				232.9	280	278.7	168.5		157.5	104.6	1344.3	192	7
1970	117.4	122.2	177.1	229.2	200.3	326.9	278.7	242.5	201.3	196.8	158.7	126.7	2377.8	198.2	12
1971	150.6	153.1		234	277.2	287.7	334.2	251	207.1	186.7	128.6	116.4	2326.6	211.5	11
1972	97.7	116.6	173										387.3	129.1	3
1973												113.8	113.8	113.8	1
1974	113.9	156.8	172.4	164.4	210.5	264	277.9	281.5	195.9	185.9	130.5	97.6	2251.3	187.6	12
1975	105.2	115.6	185.9	241.2	259.3	288.8	280.7	286.2	120.7	70.6	160.7	97	2211.9	184.3	12
1976		118.6	200.9	228.5	257.2	307.2	301.5	266.6	181.9	143.2	110.1	95.7	2211.4	201	11
1977	100.1	162.6	198.2	247.3	261.4		320.8	274.9	208.9		135.8	65.2	1975.2	197.5	10
1978	130.3	137	206.6	250.2	267.7	301.9	317.1	295.9	214.7	172.5	127.5	70.1	2491.5	207.6	12
1979	108.3	126	190.3	228.7	236	284.9	301.7	281	200.5	209.8	157.3	129	2453.5	204.5	12
1980	121.6	148.5	183.5	195	271.8	310.1	329.9	241.5	236.1	190.6	158.3	130	2516.9	209.7	12
1981	95.2	139.5	159.5	215.7	161.6	244.4	227.3	237.6	177.9	118.7	136.2	117.5	2031.1	169.3	12
1982	116.4	142.9	194.6	239.8	50.6		236.3	246	174.3	129.6	106	91.9	1728.4	157.1	11
1983	79.3	122.4	140.7	203	273.2	288.9	291.5	222.3	90.3	175.1	123.5	106.5	2116.7	176.4	12
1984	77.4	138.1	208.1	225.4	262.9	274.2	217.2	46.3	44.9	153.6	132.4	95.9	1876.4	156.4	12
1985	104.8	109.1	138	201.8	283.1	300.9	270.2	230	225.2	202.7	133.4	84.5	2283.7	190.3	12
1986	143.4	142.4	223.4	82.2	222.4	255.6			213.5			90.4	1373.3	171.7	8
1987	116.1	135.3	179.7	218	244.5	305.3	293.7	216.6					1709.2	213.7	8
MÍNIMA	77.4	77.5	127.1	82.2	50.6	207.7	210.8	46.3	44.9	70.6	106	65.2	113.8	113.8	1
MÁXIMA	150.6	162.6	225.6	263.9	358.9	326.9	334.2	295.9	268.4	224.2	161.9	131.7	2646.6	220.6	12
MEDIA	111	131.6	184.6	220.2	251.7	283.6	275.5	231.5	188.1	172	135.8	103.7	2023	187.1	10.6
DESV.ST	17.6	18.6	23.7	36	56.7	27.3	35.4	49.7	47.1	35.1	17.5	17.4	567	23.6	2.7

TEMPERATURA MÁXIMA PROMEDIO
AÑO	ENE	FEB	MAR	ABR	MAY	JUN	JUL	AGO	SEP	OCT	NOV	DIC	ACUM	PROM	MESES
1952									38	34.2		24.3		32.2	3
1953	26.5	26.5	28.7	31.8	33.8	37.6	38.6	39.2	38.9	35.3	30.1	25		32.7	12
1954	25	29.1	29.6	35.3	34.4	38	38.4	38.3	38	34.8	31.7	26.9		33.3	12
1955	22.2	26.2	30.8	34.1	35.1	38.6	38.9	38.7	35.8	34.4	30.6	27.2		32.7	12
1956	27.4	28	30.1	32.1	36.7	37.4		37.8	36.8	35.1	30.9	26.1		32.6	11
1957	27.6	30.3	28.5	32.3	33.4	36.8	39.2	38.8	38.6	32.3	27.9			33.2	11
1958	25.3	27.4	28.3	32.4	36.3	36.6	38.1	37.4	35.1	32.8	29.1	27		32.1	12
1959	26.4	26	29.8	31.8	34.6	37.5	38.3	36	36	33.6	29.7	25.8		32.1	12
1960	23.1	25.1	30.7	32.2	34.4	35.6	38.3	36.5	36.2	33.2	30.3	25.3		31.7	12
1961	24.2	26.2	29.1	31.8	36.7	37.5	38.1	37.4	36	35.1	28	25.8		32.2	12
1962	25.2	27.2	27.7			36.7	39.7	39.5	35	33.1	31.3	26.8		32.2	10
1963	24.8	28.1	29.3	31.9	35.6	36.5	37.8	37.3	37.7	34.6	30.6	26.2		32.5	12
1964	24.2	25.7	27.5	32.6	35.8	36.6	38.6	37.8	36.9	34.6	29.7	26.9		32.2	12
1965	25.9	26.3	28.4	32.5	35.6	37.3	39.3	38.2	36.8	35.1	33.2	26.6		32.9	12
1966	24.5	24.8	31.1	31.6	36.8	37.9	38.9	37.2	37.2	33.6	31.6	26.5		32.6	12
1967	26	27.6	31.1	32.4	36.3	37.8	38.8	37.5	36.8	34.8	32.6	25.9		33.1	12
1968	25	27.1	29.3	30.5	33.9	35.4	38	37.7	37	34.5	28.8	25.2		31.9	12
1969		24.2				34.4	37.7	38.2	36.5		31.6	27.1		32.8	7
1970	25	26	27.7	31.3	34	37	37.4	37	35.2	33.1	29.8	25.8		31.6	12
1971	25.1	26.7		30.4	32.6	36.2	38.4	35.7	35	32	28.6	30.3		31.9	11
1972	25.3	25	30.5	33.5	34.8	34.5	38	36.1	36.7	34	30.3	33.4		32.7	12
1973	35.4	34.2	35.7	31.8	35.3	38.6	39.8	40.4	36.8	34.2	31.5	32.2		35.5	12
1974	31.2	34.3	34	32.7	35.6	37.1	36.9	38	35.3	34	31.9	26.1		33.9	12
1975	27.1	30.7	31.5	32	32.2	33.8	36	36.5	35.1	36.7	33	29.4		32.8	12
1976		28.8	31.4	32.3	36.3	39.7	37.8	36.7	33.9	30.3	30.1	29.8		33.4	11
1977	30.2	30.1	30.1	33.5	34.2	39.9	41.2	38.8	38.4		31.7	32.1		34.6	11
1978	31.3	31	32.5	33.9	34.9	36.9	39.5	37.2	34	33.5	32	29.4		33.8	12
1979	28.1	29.9	32.1	33	33.1	37.9	41.6	40	38.6	39.1	33.7	30.6		34.8	12
1980	25.1	26.8	27.1	35.1	33.9	39.6	39.6	39.2	37.8	34.5	31.1	30.6		33.4	12
1981	28.9	31.1	30.2	25.4	30.6	33.1	37.7	38.3	36.9	32.8	29.2	26.8		31.8	12
1982	26.2	24.1	27.9	31.8	29.2		31	31.1	33.1	28	25.3	21		28.1	11
1983	19.7	17.8	32.1	37.8	40.7	43.2	43.4	40.4	40.4	39.8	35.9	33.7		35.4	12
1984	31.5	32.3	36	37.5	41.2	42.3	40.7	40.8	40.2	37.9	35.4	31.1		37.2	12
1985	30.7	32	34.5	36.1	41.1	42.5	42.5	43	41.9	39.7	34.9	32.3		37.6	12
1986	32.7	32.1	37.2	39	40.1	40.9			39.1	38.9	34.9	30.9		36.6	10
1987	28.7	27.4	33.4	37.6	37.5	40.7	43	42.5	41.9	40.8	36.6	26.3		36.4	12
1988	25.5	23.9	32.3	36.9										29.6	4
2002									31.3	26.9	25.5	22.1		26.4	4
2003	23.5	23.8	22.9	27	33.5	37.1		36.3	37.8	33.1	27.7	26.4		29.9	11
2004	22.8	24.3	29.5	31.3	35.8	37.8	38.2	38.4	36.7	32	26.8	25.2		31.6	12
2005	25.7	25.7	28.9	30.7	35.3	36.9	39.1	38.9	38.9	34.1	30	26.1		32.5	12
2006	27	27.1	30.3	33.8	37.4	38.8	39.1	39.1	37.3	36.1	31	25.2		33.5	12
2007	22	28.1	30.6	32.1	36.9	38	36.7	36.9	35.1	33.5	31.4	23.1		32	12
2008	23.6	25	28.5	32	32.6	34.8	35.3	36.3	33.4	33.2	30.7	26.7		31	12
2009	24.3	24.8	28.5	29	35.5	35.9	37.2	38.9	35	32	29.8	26		31.4	12
2010	23.8	23.6	25.3	29.4	31.8	33.7	36.7	37.8	35.7	33.2	29.1	26.2		30.5	12
2011	23.4	23.2	28	29.3	32.1	35.4	37	37.8	36.8	35	29.9	24.1		31	12
2012	23.1	23.4	27.8	30	33.7	36.4	36.8	36.4	35.6	31.1	29.8	24.9		30.8	12
2013	24.4	25.2	29.7	29.7	31.5	35.2	36.1	38	37	34.1	29.4	26.4		31.4	12
2014	27.3	29.6	30.3	33.9	36.9	38.6	38.2	38.7	35.1	34.5	29.7	26.9		33.3	12
2015	25.4	26.6	26.9	29.7	33.2	36.4	36.6	36.3	32.8	28.4	24.3	19.7		29.7	12
2016	22.3	24.7	28.5	30.5	32.7	34.9	38.2	35.6	35.6	34.8	31.5	27.1		31.4	12
2017	27.1	26.5	29.7	31.6	32.5	34.6	38.6	38.5	32.4	35.2	32.9			32.7	11
2018								36.6	34.2	31.2	28.5	24.6		31	5
2019	23.9	24.5	28.7	31	31.3	36.2	37.9	39.6	34.5	31.3	22.9	22.9		30.4	12
2020	22.2	24.6	24.4	29.4	32.3	35.4	36.5	35.3	37.1	26.8	35.6	32.5		31	12
2021	25.3	24.3	26.7	28.3	28.2	30.2	27.3	31.9	36.4					28.7	9
2023							34.8	34.9	34	37.3				35.2	4
MÍNIMA	19.7	17.8	22.9	25.4	28.2	30.2	27.3	31.1	31.3	26.8	22.9	19.7		26.4	3
MÁXIMA	35.4	34.3	37.2	39	41.2	43.2	43.4	43	41.9	40.8	36.6	33.7		37.6	12
MEDIA	25.9	26.9	29.8	32.2	34.7	37.1	38.1	37.7	36.4	34	30.6	27		32.4	11
DESV.ST	3	3.1	2.7	2.7	2.7	2.4	2.6	2.1	2.1	2.9	2.8	3.1		2.1	2.3

TEMPERATURA MÁXIMA EXTREMA
AÑO	ENE	FEB	MAR	ABR	MAY	JUN	JUL	AGO	SEP	OCT	NOV	DIC	ACUM	PROM	MESES
1952									40	39		30		36.3	3
1953	32	31	34	38	39	41	42	42	42	39	35	30		37.1	12
1954	28	34	35	41	39	42	42	41	41	39	37	31		37.5	12
1955	26	33	35	40	39	42	41	41	40	38	35	31		36.8	12
1956	31	32	35	37	40	41		42	40	39	36	30		36.6	11
1957	32	36	35	37	39	40	41	42	45	39	31			37.9	11
1958	29	31	34	38	41	40	41	39	39	37	34	32		36.2	12
1959	31	33	33	39	38	40	41	38	39	38	32	28		35.8	12
1960	28	29	35	37	38	38	40	41	39	39	34	31		35.8	12
1961	28	32	33	38	40	42	40	41	40	38	32	31		36.2	12
1962	29	32	39			40	43	42	38	37	37	30		36.7	10
1963	30	33	36	36	40	40	41	41	42	38	35	31		36.9	12
1964	28	32	35	38	39	41	42	40	40	38	35	33		36.8	12
1965	32	34	34	40	41	41	42	41	40	39	37	31		37.7	12
1966	28	30	36	37	42	42	42	41	41	39	37	35		37.5	12
1967	33	31	38	37	41	42	42	41	40	39	36	30		37.5	12
1968	29	31	33	36	36	42	41	42	40	38	34	30		36	12
1969		27				38	41	41	39		35	30		35.9	7
1970	29	29	33	35	38	40	40	39	39	37	33	31		35.2	12
1971	33	33		36	36	40	41	39	38	36	33	36		36.5	11
1972	32	28	35	38	39	42	42	39	39	40	39	37		37.5	12
1973	38	38	39	37	39	41	42	43	41	38	34	37		38.9	12
1974	34	37	37	36	38	40	40	41	39	38	36	32		37.3	12
1975	31	34	33	34	36	39	39	39	38	39	38	32		36	12
1976		31.5	36	35	40	42	41	40	38	33	33	33		36.6	11
1977	34	33	32	37	39	42	43	42	41		34	34		37.4	11
1978	34	34	36	37	40	40	42	40	37	37	35	33		37.1	12
1979	32	34	35	36	37	42	44	43	42	43	39	34		38.4	12
1980	30	30	31	39	38	42	43	42	41	39	35	34		37	12
1981	33	35	33	32	38	37	41	42	41	37	34	30		36.1	12
1982	30	30	32	37	33		34	38	38	32	29	27		32.7	11
1983	24	21	40	42	46	47	46	43	43	42	40	38		39.3	12
1984	35	36	40	42	46	46	44	45	43	42	41	36		41.3	12
1985	35	36	38	42	45	45	45	46	45	44	41	36		41.5	12
1986	36	39	42	44	44	45			42	43	43	37		41.5	10
1987	33	31	39	43	42	46	45	46	45	43	42	33		40.7	12
1988	32	26	35	40										33.2	4
2002									37	32	32	28		32.2	4
2003	29	30	29	29	42	42		41	41	36	31	30		34.5	11
2004	25	33	36	39	41	43	42	42	39	36	29	29		36.2	12
2005	30	29	32	34	38	41	41	41	41	36	35	29		35.6	12
2006	30	30	33	38	41	42	42	42	39.5	40	35	30		36.9	12
2007	28	31	34	36	41	41	41	39	40	38	38	29		36.3	12
2008	31	32	35	38	39	40	40	40	38	37	36	32		36.5	12
2009	28	37	36	37	40	41	42	43	40	39	34	30		37.2	12
2010	30	30	33	37	40	38	41	41	40	38	35	31		36.2	12
2011	28	30	34	35	39	40	40	40	41	39	36	32		36.2	12
2012	30	31	34	38	41	41	39	40	38	36	35	33		36.3	12
2013	30	31	34	35	34	40	41	41	40	38	33	31		35.7	12
2014	30	34	34	39	42	41	41	41	41	37	34	30		37	12
2015	30	32	29	35	39	40	39	40	36	34	29	26		34.1	12
2016	27	32	33	36	37	41	40	39	38	37	35	30		35.4	12
2017	30	30	34	36	38	38	40	40	36	39	37			36.2	11
2018								42	44	36	34	29		37	5
2019	30	31	34	36	35	48	45	50	39	39	32	32		37.6	12
2020	28	30	31	38	35	38	39	39	39	35	45	38		36.2	12
2021	34	32	35	35	34	36	32	40	40					35.3	9
2023							37	38	35	42				38	4
MÍNIMA	24	21	29	29	33	36	32	38	35	32	29	26		32.2	3
MÁXIMA	38	39	42	44	46	48	46	50	45	44	45	38		41.5	12
MEDIA	30.5	31.9	34.7	37.3	39.3	41.1	41.1	41.1	40	38.1	35.3	31.8		36.8	11
DESV.ST	2.8	3	2.6	2.7	2.8	2.4	2.4	2.1	2.1	2.5	3.3	2.8		1.8	2.3

TEMPERATURA MÍNIMA PROMEDIO
AÑO	ENE	FEB	MAR	ABR	MAY	JUN	JUL	AGO	SEP	OCT	NOV	DIC	ACUM	PROM	MESES
1952									25	16.4		11.5		17.6	3
1953	10.6	11.2	12.2	13.1	13.6	17.4	22.6	22.1	22.3	20.7	12.4	11.7		15.8	12
1954	6.9	9	9	12.1	12	8.8	22.1	22.5	22.6	16.1	14.3	12.3		14	12
1955	11.9	13.9	11.5	10.3	13.5	16.4	20	22.4	19.9	16.7	12.8	9.6		14.9	12
1956	10.8	10.7	11.4	12.4	15.1	16.7		12.9	12.1	12.4	14.3	11.6		12.8	11
1957	12.6	12.8	12.6	13.5	14.3	17.5	24.5	25	23.3	19.1	13.9			17.2	11
1958	11.9	12.5	13.1	14.6	19.1	21.8	24.5	25.2	24.7	21.5	16.6	15.5		18.4	12
1959	10.5	13.1	12.7	15.3	16.1	21.4	24.5	25.2	23.6	20	17	14.1		17.8	12
1960	11.4	9	12.1	12.3	14.8	18.4	23.4	24.5	24.7	20.7	17.2	11.3		16.6	12
1961	11.3	10.4	11.8	14.6	15.9	18.8	23.6	25.7	23.8	21.3	13.6	12.3		16.9	12
1962	11.2	11.3	10.6			15.2	21.8	23.6	22.3	17.6	14.4	11.5		16	10
1963	10.8	10.8	11.5	12.6	15.4	15.8	22.2	23.2	23.2	19.6	13.5	11.8		15.9	12
1964	10.6	11	10.8	11.7	13.4	15.7	22.1	21.5	21.8	19.4	12.5	10.8		15.1	12
1965	11.2	10.9	11.5	11.9	12.3	15.2	21.3	22.2	20.9	16.5	14.7	13		15.1	12
1966	10.7	10.4	11.6	12.1	15.3	17	20.8	22.5	22.1	16.1	12.7	10.5		15.2	12
1967	10.5	10.5	11.8	12.4	13.5	15.9	20.7	21.6	21.3	18	14	10.7		15.1	12
1968	10.9	12.1	13	12.7	13.8	15.1	21.3	20.7	20.5	18.4	12.8	11.2		15.2	12
1969		11				15.3	22.7	24	23.3		13.9	11.8		17.4	7
1970	11.9	11.4	12.2	11.5	14.4	16.6	21.7	23	22.7	17.3	13.6	12.2		15.7	12
1971	10.9	11.1		12	13.8	16.4	21.2	22.3	16.5	13.3	12.9	12.6		14.8	11
1972	11.2	11	13.8	13.4	14.2	15.6	15.3	11.4	11.2	11.7	13.7	13.3		13	12
1973	13	13.1	13.4	13.9	14	15	12.9	11.5	13.6	13.7	12	11.9		13.2	12
1974	12	12.6	13.5	15.8	14.6	13.2	11.5	10.8	10.8	12.9	14.8	9.5		12.7	12
1975	11.3	12.2	12	13	13.3	13.4	12.1	11.4	10.8	14.6	13	12.9		12.5	12
1976		13.3	12.5	12.1	13.1	13	13.8	14.4	14.7	13.4	13.9	12.3		13.3	11
1977	12.7	14.7	12.6	12.7	11.6	13.2	12.2	12.2	13.8		13.6	14.6		13.1	11
1978	14.3	14.2	13.1	12.4	12.8	16.8	16.1	16	15.6	15.2	15.1	15.3		14.7	12
1979	14.9	13.9	13.3	12.5	12.8	12.1	15.8	17.4	20.9	18.3	14.6	14.6		15.1	12
1980	13.7	13.3	13.5	14	13.8	15.7	18.3	18.5	16.8	17.1	15.8	15.8		15.5	12
1981	14.5	14.6	13.7	11.6	12.3	11.4	10.8	12.5	15.2	16.2	15.2	15.7		13.6	12
1982	15.5	13.7	13.1	13	15.1		14.4	16	16.3	14.8	14.5	13.3		14.5	11
1983	9.2	7.5	15.2	22.1	22.6	24.3	20.9	22.1	21.6	21.8	19.2	17.9		18.7	12
1984	17.6	17.5	19.6	19.5	17.4	20.8	22.5	22.1	22.8	20.5	18.2	18.1		19.7	12
1985	13.8	13.9	14.6	16.5	13.8	16.2	22.2	22.1	22.8	20.3	16.6	14.6		17.3	12
1986	13	12.8	10.8	13.5	14.2	14.8			18.7	13.9	12.1	10.1		13.4	10
1987	8.9	9.5	9.2	8.2	11	14.4	19.4	21.4	21.4	17.8	12.2	7.3		13.4	12
1988	6.9	8.9	9.9	9.4										8.8	4
2002									20.5	18.5	13.9	9.7		15.7	4
2003	9.2	10.8	10.4	9.8	15.3	18.1		21.3	21.7	22.6	19.6	8.7		15.2	11
2004	10.1	9.1	12.7	13.2	16	18.6	22.9	22.4	22.6	16.9	12.7	10.9		15.7	12
2005	11.9	11.2	13.3	14.5	16.4	17.6	22.2	23.6	25.3	19	16.2	10.5		16.8	12
2006	10.8	11.2	13	14.4	14.9	20	23.1	23.1	23	20.2	16	12.2		16.8	12
2007	9.5	11.8	15	15.7	16.5	19.1	21.6	23.4	22.4	17.5	12.9	11.9		16.4	12
2008	8.4	7.2	7.6	11.2	14.2	17.4	22.2	21.1	20.4	19.9	14.6	11.6		14.7	12
2009	9.8	8.2	10.8	11.9	15.5	16.2	21.4	23.5	22.7	20.9	14.2	9		15.3	12
2010	7.4	9.6	8.6	11.1	12.7	14.8	17.9	21.7	23.6	19.8	13.2	8.8		14.1	12
2011	8	6.2	8.3	11.2	12.9	15.7	19.9	22.6	23	20.1	14.8	10.9		14.5	12
2012	7.9	7	9.1	10.6	13.5	16.6	21.6	22.8	22.2	18.4	13.9	10.7		14.5	12
2013	10.6	11	12.1	12.6	13.5	16.5	19.8	23.9	22.7	18.9	17	12.7		15.9	12
2014	10.9	10	13.8	15.8	20.2	22.5	25	25.3	24.4	20.6	16.3	12.6		18.1	12
2015	13.7	11.5	13.1	15.2	15.4	17.3	20.1	20.7	15.3	13.6	12.6	10.9		14.9	12
2016	8	9.8	11.7	12.7	15.6	18.7	22.9	22.6	21.6	19.3	15.2	12.5		15.9	12
2017	10.5	10.7	12.5	12.8	14	16.5	22.2	23.6	21.7	18.7	14.2			16.1	11
2018								9.9	9.7	7.3	9.5	8.5		9	5
2019	7.9	7.2	7.5	7.6	6	6.6	9.7	9.3	7	7.3	7	8.4		7.6	12
2020	5.4	4.9	4.7	13.8	17.6	23.6	24.6	25.7	25.3	14.1	17.7	11.3		15.7	12
2021	8.2	6.6	5.4	7.2	10.1	12.9	10.6	11.7	15.2					9.8	9
2023							19.1	20	20.3	22.5				20.5	4
MÍNIMA	5.4	4.9	4.7	7.2	6	6.6	9.7	9.3	7	7.3	7	7.3		7.6	3
MÁXIMA	17.6	17.5	19.6	22.1	22.6	24.3	25	25.7	25.3	22.6	19.6	18.1		20.5	12
MEDIA	10.9	11	11.8	12.9	14.4	16.4	19.7	20.1	19.9	17.4	14.3	12		15.1	11
DESV.ST	2.4	2.4	2.5	2.5	2.5	3.3	4.2	4.8	4.5	3.4	2.2	2.3		2.4	2.3

TEMPERATURA MÍNIMA EXTREMA
AÑO	ENE	FEB	MAR	ABR	MAY	JUN	JUL	AGO	SEP	OCT	NOV	DIC	ACUM	PROM	MESES
1952									23	14		9		15.3	3
1953	8	9	8	10	9	14.5	19	20	18	14	8	7		12	12
1954	4	6	7	10	9	5	19	22	20	12	11	9		11.2	12
1955	9	9	7	7	10	14	17	12	14	13	9	8		10.8	12
1956	9	9	9	9	12	14		11	10	9	11	9		10.2	11
1957	10	10	10	10	11	13	23	23	20	16	10			14.2	11
1958	9	10	10	10	14	19	22	23	22	17	13	8		14.8	12
1959	7	8	10	11	12	18	23	23	21	16	13	10		14.3	12
1960	9	5	7	10	12	14	21	23	21	15	12	7		13	12
1961	6	7	7	10	10	14	20	24	18	17	9	7		12.4	12
1962	6	8	6			12	18	22	20	14	9	7		12.2	10
1963	7	9	9	10	11	13	18	22	21	16	10	8		12.8	12
1964	8	8	9	9	10	13	19	19	19	15	8	6		11.9	12
1965	8	7	9	8	10	12	19	18	18	13	12	9		11.9	12
1966	8	8	9	10	12	13	17	20	19	13	10	6		12.1	12
1967	7	8	10	10	11	12	18	18	18	13	10	9		12	12
1968	9	10	11	9	11	12	17	17	17	15	10	10		12.3	12
1969		9				13	18	22	19		12	10		14.7	7
1970	10	10	10	2	11	14	18	21	21	11	11	10		12.4	12
1971	9	9		10	12	12	19	19	13	11	11	10		12.3	11
1972	7	8	11	11	12	14	11	9	9	10	11	11		10.3	12
1973	10	11	11	12	12	13	10	10	12	12	9	10		11	12
1974	8	10	12	14	12	11	10	9	9	10	12	7		10.3	12
1975	4	10	10	11	10	10	10	9	9	11	10	11		9.6	12
1976		11	10	10	10	10	12	11	12	10	11	10		10.6	11
1977	10	11	10	10	10	10	11	11	11		12	12		10.7	11
1978	12	12	11	11	11	12	11	13	13	12	12	14		12	12
1979	12	12	11	10	10	10	12	14	16	13	12	12		12	12
1980	12	12	10	11	12	12	15	16	15	14	13	13		12.9	12
1981	12	12	10	10	10	10	10	10	10	13	12	14		11.1	12
1982	12	11	11	11	13		11	12	14	12	12	10		11.7	11
1983	4	5	6	19	18	19	18	19	18	17	15	15		14.4	12
1984	15	15	14	13	11	13	20	20	20	14	13	13		15.1	12
1985	11	10	12	10	10	10	18	20	21	16	12	11		13.4	12
1986	10	7	6	10	10	10			14	9	9	5		9	10
1987	6	4	5	5	6	8	16	17	16	14	7	4		9	12
1988	4	5	6	7										5.5	4
2002									15	14	10	6		11.2	4
2003	5	7	6	4	8	10		20	19	20	16	4		10.8	11
2004	7	6	7	11	13	15	18	20	20	10	10	7		12	12
2005	10	8	10	10	14	15	20	20	23	14	14	8		13.8	12
2006	8	8	11	12	13	16	20	20	20.5	16	13	7		13.7	12
2007	6	7	11	12	14	14	20	21	20	12	10	6		12.8	12
2008	2	2	4	9	11	13	19	20	17	15	10	10		11	12
2009	4	4	5	8	13	11	16	22	21	16	11	7		11.5	12
2010	5	7	4	7	8	13	12	18	22	15	11	6		10.7	12
2011	5	1	1.1	9	11	12	15	20	21	16	10	6		10.6	12
2012	4	4	4	8	12	11	18	20	21	14	11	7		11.2	12
2013	7	9	9	10	11	13	16	20	18	14	14	8		12.4	12
2014	9	7	10	13	15	20	21	22	21	16	13	6		14.4	12
2015	10	9	10	12	12	14	17	13	10	10	10	5		11	12
2016	4	4	7	9	12	14	21	21	18	17	10	9		12.2	12
2017	6	7	9	10	10	10	19	22	18	14	13			12.5	11
2018								8	9	4	5	4		6	5
2019	4	4	3	4	4	2	9	8	3	4	4	4		4.4	12
2020	3	2	2	4	14	21	22	17	22	10	10	7		11.2	12
2021	5	4	2	4	4	9	8	9	12					6.3	9
2023							17	17	18	19				17.8	4
MÍNIMA	2	1	1.1	2	4	2	8	8	3	4	4	4		4.4	3
MÁXIMA	15	15	14	19	18	21	23	24	23	20	16	15		17.8	12
MEDIA	7.6	7.9	8.3	9.5	11	12.6	16.6	17.4	16.8	13.4	10.9	8.5		11.7	11
DESV.ST	2.9	2.9	2.9	2.8	2.4	3.3	4	4.9	4.6	3.1	2.2	2.7		2.4	2.3

TEMPERATURA MEDIA MENSUAL
AÑO	ENE	FEB	MAR	ABR	MAY	JUN	JUL	AGO	SEP	OCT	NOV	DIC	ACUM	PROM	MESES
1952									31.5	25.3		17.9		24.9	3
1953	18.6	18.9	20.4	22.4	23.7	27.5	30.6	30.7	30.6	28	21.2	18.4		24.2	12
1954	15.9	19	19.3	23.7	23.2	23.4	30.2	30.4	30.3	25.4	23	19.6		23.6	12
1955	17	20	21.1	22.2	24.3	27.5	29.4	30.6	27.8	25.5	21.7	18.4		23.8	12
1956	19.1	19.4	20.8	22.2	25.9	27		25.3	24.4	23.8	22.6	18.9		22.7	11
1957	20.1	21.6	20.6	22.9	23.9	27.1	31.9	31.9	31	25.7	20.9			25.2	11
1958	18.6	20	20.7	23.5	27.7	29.2	31.3	31.3	29.9	27.1	22.9	21.2		25.3	12
1959	18.4	19.6	21.2	23.6	25.4	29.4	31.4	30.6	29.8	26.8	23.4	20		25	12
1960	17.2	17	21.4	22.2	24.6	27	30.8	30.5	30.5	27	23.8	18.3		24.2	12
1961	17.8	18.3	20.5	23.2	26.3	28.1	30.9	31.5	29.9	28.2	20.8	19		24.5	12
1962	18.2	19.2	19.1			26	30.8	31.6	28.6	25.4	22.9	19.1		24.1	10
1963	17.8	19.5	20.4	22.2	25.5	26.1	30	30.2	30.5	27.1	22	19		24.2	12
1964	17.4	18.4	19.1	22.1	24.6	26.1	30.4	29.6	29.4	27	21.1	18.9		23.7	12
1965	18.5	18.6	20	22.2	24	26.2	30.3	30.2	28.8	25.8	24	19.8		24	12
1966	17.6	17.6	21.4	21.9	26	27.4	29.9	29.9	29.7	24.9	22.1	18.5		23.9	12
1967	18.2	19	21.5	22.4	24.9	26.8	29.8	29.6	29	26.4	23.3	18.3		24.1	12
1968	18	19.6	21.1	21.6	23.9	25.2	29.6	29.2	28.8	26.4	20.8	18.2		23.5	12
1969		17.6				24.9	30.2	31.1	29.9		22.8	19.5		25.1	7
1970	18.4	18.7	20	21.4	24.2	26.8	29.5	30	29	25.2	21.7	19		23.7	12
1971	18	18.9		21.2	23.2	26.3	29.8	29	25.8	22.6	20.8	21.4		23.4	11
1972	18.2	18	22.1	23.4	24.5	25	26.6	23.8	24	22.9	22	23.4		22.8	12
1973	24.2	23.7	24.6	22.9	24.6	26.8	26.3	26	25.2	24	21.8	22		24.3	12
1974	21.6	23.4	23.8	24.2	25.1	25.1	24.2	24.4	23	23.4	23.4	17.8		23.3	12
1975	19.2	21.4	21.8	22.5	22.8	23.6	24	24	23	25.7	23	21.1		22.7	12
1976		21	22	22.2	24.7	26.4	25.8	25.6	24.3	21.9	22	21		23.4	11
1977	21.4	22.4	21.4	23.1	22.9	26.5	26.7	25.5	26.1		22.6	23.4		23.8	11
1978	22.8	22.6	22.8	23.1	23.9	26.9	27.8	26.6	24.8	24.4	23.6	22.4		24.3	12
1979	21.5	21.9	22.7	22.8	23	25	28.7	28.7	29.8	28.7	24.2	22.6		25	12
1980	19.4	20	20.3	24.6	23.9	27.6	29	28.9	27.3	25.8	23.5	23.2		24.5	12
1981	21.7	22.9	22	18.5	21.5	22.2	24.2	25.4	26	24.5	22.2	21.2		22.7	12
1982	20.9	18.9	20.5	22.4	22.1		22.7	23.6	24.7	21.4	19.9	17.1		21.3	11
1983	14.4	12.7	23.6	30	31.7	33.8	32.1	31.2	31	30.8	27.5	25.8		27	12
1984	24.6	24.9	27.8	28.5	29.3	31.5	31.6	31.4	31.5	29.2	26.8	24.6		28.5	12
1985	22.2	23	24.6	26.3	27.5	29.4	32.4	32.5	32.4	30	25.8	23.4		27.5	12
1986	22.9	22.5	24	26.2	27.1	27.9			28.9	26.4	23.5	20.5		25	10
1987	18.8	18.4	21.3	22.9	24.2	27.6	31.2	32	31.6	29.3	24.4	16.8		24.9	12
1988	16.2	16.4	21.1	23.1										19.2	4
2002									25.9	22.7	19.7	15.9		21	4
2003	16.4	17.3	16.6	18.4	24.4	27.6		28.8	29.8	27.9	23.6	17.5		22.6	11
2004	16.4	16.7	21.1	22.2	25.9	28.2	30.6	30.4	29.7	24.4	19.8	18		23.6	12
2005	18.8	18.4	21.1	22.6	25.8	27.2	30.6	31.2	32.1	26.6	23.1	18.3		24.7	12
2006	18.9	19.1	21.6	24.1	26.1	29.4	31.1	31.1	30.1	28.1	23.5	18.7		25.2	12
2007	15.8	20	22.8	23.9	26.7	28.6	29.2	30.1	28.8	25.5	22.1	17.5		24.2	12
2008	16	16.1	18	21.6	23.4	26.1	28.8	28.7	26.9	26.6	22.6	19.1		22.8	12
2009	17	16.5	19.6	20.4	25.5	26	29.3	31.2	28.9	26.4	22	17.5		23.4	12
2010	15.6	16.6	17	20.2	22.2	24.2	27.3	29.8	29.7	26.5	21.1	17.5		22.3	12
2011	15.7	14.7	18.1	20.2	22.5	25.5	28.4	30.2	29.9	27.6	22.4	17.5		22.7	12
2012	15.5	15.2	18.4	20.3	23.6	26.5	29.2	29.6	28.9	24.8	21.9	17.8		22.6	12
2013	17.5	18.1	20.9	21.1	22.5	25.9	28	31	29.9	26.5	23.2	19.5		23.7	12
2014	19.1	19.8	22	24.9	28.5	30.6	31.6	32	29.8	27.6	23	19.8		25.7	12
2015	19.5	19	20	22.4	24.3	26.9	28.4	28.5	24	21	18.4	15.3		22.3	12
2016	15.2	17.2	20.1	21.6	24.2	26.8	30.6	29.1	28.6	27	23.4	19.8		23.6	12
2017	18.8	18.6	21.1	22.2	23.2	25.6	30.4	31	27	27	23.5			24.4	11
2018								23.2	22	19.2	19	16.6		20	5
2019	15.9	15.8	18.1	19.3	18.6	21.4	23.8	24.5	20.8	19.3	14.9	15.6		19	12
2020	13.8	14.8	14.5	21.6	25	29.5	30.6	30.5	31.2	20.4	26.6	21.9		23.4	12
2021	16.8	15.4	16	17.8	19.1	21.6	19	21.8	25.8					19.3	9
2023							27	27.4	27.1	29.9				27.9	4
MÍNIMA	13.8	12.7	14.5	17.8	18.6	21.4	19	21.8	20.8	19.2	14.9	15.3		19	3
MÁXIMA	24.6	24.9	27.8	30	31.7	33.8	32.4	32.5	32.4	30.8	27.5	25.8		28.5	12
MEDIA	18.4	19	20.8	22.5	24.5	26.7	28.9	28.9	28.2	25.7	22.4	19.5		23.8	11
DESV.ST	2.4	2.5	2.3	2.2	2.2	2.3	2.7	2.7	2.8	2.6	2	2.3		1.8	2.3
