COMISIÓN NACIONAL DEL AGUA
COORDINACIÓN GENERAL DEL SERVICIO METEOROLÓGICO NACIONAL
BASE DE DATOS CLIMATOLÓGICA NACIONAL 

ESTADÍSTICA MENSUAL
EMISIÓN   : 25/10/2024 

DATOS DISPONIBLES EN LA BASE DE DATOS A: OCTOBER DE 2024; 
CON LA INFORMACIÓN SUMINISTRADA POR LAS UNIDADES ADMINISTRATIVAS 

 ESTACIÓN  : 3058 
 NOMBRE    : SAN PEDRO 
 ESTADO    : BAJA CALIFORNIA SUR 
 MUNICIPIO : LA PAZ 
 SITUACIÓN : OPERANDO 
 CVE-OMM   :   
 LATITUD   : 23.925 ° 
 LONGITUD  : -110.2638889 ° 
 ALTITUD   : 190 msnm 


LLUVIA MÁXIMA 24 H.
AÑO	ENE	FEB	MAR	ABR	MAY	JUN	JUL	AGO	SEP	OCT	NOV	DIC	ACUM	PROM	MESES
1941						0	0	0	0	0			0	0	5
1944						0	0	18.5	30	1	3.5	5.5	58.5	8.4	7
1945	0	0	0	0	0	0	2	33	30	33	0	0	98	8.2	12
1946	10	0	0	0	0	0	19.5	36	70				135.5	15.1	9
1947					0	0	0	17	19	30	10	0	76	9.5	8
1948	0	0	0	0		0	53	32	67	32	0		184	18.4	10
1949	40	0.01	0	0	0	1	6	3	221	0	0	97	368.01	30.7	12
1950	11	0	0	0	0	0	36	7	28.5	0.6	0	0	83.1	6.9	12
1951	0	1	0.5	0	0	3	59	15.5	50	17	0	26	172	14.3	12
1952	0	1	0	29	0	0	37.5	15.1	13.5	13.5	0	25	134.6	11.2	12
1953	0	0	0.1	0	0	0	23	20	0	26	17	7	93.1	7.8	12
1954	20	0	0	0	0	0	4.4	32	14	4	0	0	74.4	6.2	12
1955	26	0	0	0	0	0	7.5	45	16.5	18.5	0.01	0	113.51	9.5	12
1956	1.5	0	0	0.01	0	75	45	40	51	60	0.01	0	272.52	22.7	12
1957	0	0	11	0	0	0	40	108	145	0	0	0	304	25.3	12
1958	0	0	0	0.01	0	0.01	83	131	7	4	20		245.02	22.3	11
1959			0	0.01	0.01	2	0.01	22	201	2	0	30	257.03	25.7	10
1960	41	0	0	0.01	0	0.01	18	55	55	0	0.01	8	177.03	14.8	12
1961	25	0	0	0	0	0	18	52	0.7	0.1	0.01	13	108.81	9.1	12
1962	32	0.01	0	0	0	0	0.01	14.5	28	14	0	2	90.52	7.5	12
1963	2	0.01	0	0	0	0	77	60	29.5	21	0.01	29	218.52	18.2	12
1964	0	0	5	5	0	0	8	47	6.6	20.5		2	94.1	8.6	11
1965	3.5	0.01	0	0	0	0	15	32.6	60	0	0	21	132.11	11	12
1966	4	12	0	0	0	0	2.3	62	25	0	0	27.5	132.8	11.1	12
1967	0	0	0	0	0	0	3.5	40	60	0	8	9	120.5	10	12
1968	10	9	0	0	0	0.01	2	28.5	12	20	5	2	88.51	7.4	12
1969	0	5			0	0	46	8	1	13	0	37	110	11	10
1970	6.5	2.5	2	0	0	0	33	45	32	0	5.5	0	126.5	10.5	12
1971	0	0	0	0	0	0	0	53	109	23.5	0	13	198.5	16.5	12
1972	27.5	0	0	0	2.5	0	14.5	66	29.5	60	36	38.5	274.5	22.9	12
1973	13	21	1.5	0	0	0	11.5	29.5	102.5	0	0	0	179	14.9	12
1974	1	0	0	0	0	0	15	15.5	18	37	60	20.4	166.9	13.9	12
1975	17	7.5	0	0	0	0	0	40		20.5	0	0	85	7.7	11
1976	0	0	0	0	0	0	0	56.5		31	25	0	112.5	10.2	11
1977	0	0	0	0	0	0	0	54	65	14.5	0	0	133.5	11.1	12
1978	0	7	0	0	0	0	12.5	19.5	118.5	46.5	0	5	209	17.4	12
1979	14.5	12.5	0	0	23.4	0	21	11.5	14.5	0	0	3	100.4	8.4	12
1980	0	0.4	0	0	0	6.5	5.5	15.5	28	12.5	0	2.5	70.9	5.9	12
1981	31	5	14	0	1	4.5	24.5	44.2	60		0	0	184.2	16.7	11
1982	5		0	0	0	0	22.5	14.4	169.6	0	25.4	49.5	286.4	26	11
1983	16.2	5.7		0	0	0	77.3	78.4	41.9	1.7	2	23.9	247.1	22.5	11
1984	34.4	0	0.01	0	0.01	23.5	60	38.8	30.2	7.1	0.01	35.6	229.63	19.1	12
1985	13.6	0.1	0.01	0	0	0.01	58.3	33.2	64.8	2.8	8.7	0.01	181.53	15.1	12
1986	0.01	0.5	0	2.9	0	0.01	20	83.9	18.2	8	0	23.8	157.32	13.1	12
1987	0.4	0.01	0	3.5	0.01	0	35.6	8.5	38.6	12.5	5.3	0.01	104.43	8.7	12
1988	0	0	0	0	0	0	2.4	29	24.7	10.5	0	61.5	128.1	10.7	12
1989	32	11.3	2.3	0	0	0	21.5	66.8	63.3	8.2	1.2	44.5	251.1	20.9	12
1990	0.8	2.3	1	0	0	0	29.4	54.9	19.1				107.5	11.9	9
1991	0.01	3.9	7.4	0.01	0	0.01	0	33.3	114.1	3.9	17.1	23.9	203.63	17	12
1992	16.5	17.6		0.01	0	0	72.8	41	50.1	56.5	2	20	276.51	25.1	11
1993	21.9	3	0	0	0	0	3.8	13	51.7	4	11.7	0	109.1	9.1	12
1994	0	0.01	0.01	0	0	0.01	20	28.9	28.9	23.7	68.1	32.9	202.53	16.9	12
1995	3	0.5	0.01	0	0	0	6.9	45.5	58.1	0	0.01	8	122.02	10.2	12
1996	0	0	0	0	0	0.01	34	36	55.5	3	15.7	3.8	148.01	12.3	12
1997	28.8	0.01	0.6	3.2	0.01	0.01	8	15.6	50.4	32	43	1.9	183.53	15.3	12
1998	0	5.7	0.01	0	0	0.01	50	43.5	77	5.2	0.01	0.01	181.44	15.1	12
1999	0	0	0	0.01	0	20.5	25.4	19.5	22.5	0	0	0	87.91	7.3	12
2000	0	0	3	0	0	1.2	14	19.5	29.5	72.2	0.01	1.5	140.91	11.7	12
2001	0.01	0.01	0.01	0	1	0.01	21.5	20	200.2	24.7	0	0	267.44	22.3	12
2002	1.5	11.5	0.01	0.01	0.01	0	19	0.01	61	0	20	0.5	113.54	9.5	12
2003	8	20.3	0	0	0	0	0.01	73.5	118	0.01	0	0	219.82	18.3	12
2004	41	6.5	4.5	0	0		11.5	46.5	32	35	0.01	0.2	177.21	16.1	11
2005	5.6	40	0	0	0	0	0.01	10	26	0.01	0	0	81.62	6.8	12
2006	6.5	0	0	0	0	0.01	70.5	16.7	57	80	0	0	230.71	19.2	12
2007	14.8	0	0	0	0	0	6.2	28.5	180	0	25.7	26	281.2	23.4	12
2008	0	0	0.01	0	0	0	0.3	19	78	21.5	0	0	118.81	9.9	12
2009					0	0	25	38	21.2	52.5	0.01	4	140.71	17.6	8
2010	2.1	7.2	0.01	0	0	0	0	23	83.7	0	0	0	116.01	9.7	12
2011	0.01	0	0	0	0	0.01	11.5	17	2.5	0.01	17	0	48.03	4	12
2012	0.01	5.3	0	0	0.01	0	20	22	56.5	26.2	0	17	147.02	12.3	12
2013		0	0	0	0.01	1.7	3.8	16.8	23	16.5	0	0	61.81	5.6	11
2014	0.01	0	0	0	0	0	26	53	172	16	0	0	267.01	22.3	12
2015	37	37	3	0	0.01	0	64	28	11.5	56	0	0.01	236.52	19.7	12
2016	0	0	7.5	10	0.7	0	51.5	74	72.5	0.01	0.01	0.01	216.23	18	12
2017	0	15	1	0	0	0	0	146	16.5	9.5	0	0	188	15.7	12
2018	0	0	0	0	0	0	4.5	0	60	0	0	52.5	117	9.8	12
2019	16.5	0	0	0	0	0	35	20					71.5	8.9	8
2020	0	5	0	0	0	40	10	35	50	4	0	0	144	12	12
2022			0	0	0	0	0	0	0	0	0	0	0	0	10
2023	0	16	0	0	0	0.01	0	65.5	0	161.7	4	0	247.21	20.6	12
2024	0	0	0	0	0								0	0	5
MÍNIMA	0	0	0	0	0	0	0	0	0	0	0	0	0	0	5
MÁXIMA	41	40	14	29	23.4	75	83	146	221	161.7	68.1	97	368.01	30.7	12
MEDIA	8.7	4	0.9	0.7	0.4	2.3	21.1	36	53.9	17.5	6.1	11.5	155.8	13.5	11.3
DESV.ST	12.4	7.8	2.5	3.6	2.7	10	22.4	27.2	50.9	25.4	13.2	18.2	75.6	6.4	1.5

LLUVIA TOTAL MENSUAL
AÑO	ENE	FEB	MAR	ABR	MAY	JUN	JUL	AGO	SEP	OCT	NOV	DIC	ACUM	PROM	MESES
1941						0	0	0	0	0			0	0	5
1944						0	0	71	54	1	3.5	7	136.5	19.5	7
1945	0	0	0	0	0	0	2	90	61	33	0	0	186	15.5	12
1946	10	0	0	0	0	0	26.5	111	149				296.5	32.9	9
1947					0	0	0	44	45	30	28	0	147	18.4	8
1948	0	0	0	0		0	115.02	109	248	60	0		532.02	53.2	10
1949	188	0.01	0	0	0	1	6	4	411	0	0	97	707.01	58.9	12
1950	11.8	0	0	0	0	0	39.01	10	39.82	1.22	0	0	101.85	8.5	12
1951	0	1	0.5	0	0	3	84	59.5	96	44.1	0	66	354.1	29.5	12
1952	0	1	0	30	0	0	61.5	34.6	42.2	17.5	0	28	214.8	17.9	12
1953	0	0	0.1	0	0	0	37	60	0	60	24	13.5	194.6	16.2	12
1954	20	0	0	0	0	0	10.9	60.5	20.2	9.3	0	0	120.9	10.1	12
1955	62.21	0	0	0	0	0	7.51	64.01	55.7	18.5	0.02	0	207.95	17.3	12
1956	1.5	0	0	0.01	0	75	169.02	97.01	132.01	65	0.01	0	539.56	45	12
1957	0	0	11.01	0	0	0	82.5	498.5	168	0	0	0	760.01	63.3	12
1958	0	0	0	0.01	0	0.02	173.52	160.5	48.1	8.8	20		410.95	37.4	11
1959			0	0.01	0.05	2.03	0.01	83.51	356.05	2.03	0	45.52	489.21	48.9	10
1960	106.03	0	0	0.03	0	0.01	18.51	107.51	111.02	0	0.02	10.02	353.15	29.4	12
1961	42.23	0	0	0	0	0	18.63	196.89	0.86	0.22	0.01	13.41	272.25	22.7	12
1962	32.06	0.03	0	0	0	0	0.01	28.01	76.11	15.02	0	3.01	154.25	12.9	12
1963	2	0.03	0	0	0	0	135.03	213.53	81.04	53.01	0.01	31.03	515.68	43	12
1964	0	0	5	5	0	0	23.51	84.51	17.61	27.52		4.02	167.17	15.2	11
1965	3.51	0.01	0	0	0	0	48	148.71	95	0	0	59.5	354.73	29.6	12
1966	4	14	0	0	0	0	2.3	220.6	71.57	0	0	28.5	340.97	28.4	12
1967	0	0	0	0	0	0	3.51	141.31	73.9	0	8	14	240.72	20.1	12
1968	34	19	0	0	0	0.02	6.4	60.7	12	20	5	2	159.12	13.3	12
1969	0	8			0	0	59	25	1	20.5	0	37	150.5	15.1	10
1970	6.5	3.5	2	0	0	0	56.5	115.5	127.5	0	5.5	0	317	26.4	12
1971	0	0	0	0	0	0	0	89.5	189.5	39	0	19.5	337.5	28.1	12
1972	42	0	0	0	2.5	0	28.5	102.5	75	174.5	41.5	44.5	511	42.6	12
1973	22	37	1.5	0	0	0	11.5	58	117	0	0	0	247	20.6	12
1974	1	0	0	0	0	0	17.5	43.5	54.9	59	95.2	30.4	301.5	25.1	12
1975	33.9	7.5	0	0	0	0	0	70.7		20.5	0	0	132.6	12.1	11
1976	0	0	0	0	0	0	0	219.8		49.4	28	0	297.2	27	11
1977	0	0	0	0	0	0	0	63.6	87	14.5	0	0	165.1	13.8	12
1978	0	11	0	0	0	0	13.5	79	194.5	93.4	0	8.5	399.9	33.3	12
1979	40.9	16.3	0	0	23.4	0	22	22.5	27.8	0	0	4.5	157.4	13.1	12
1980	0	0.6	0	0	0	6.5	8	51.1	101.3	36.5	0	4	208	17.3	12
1981	132.2	21	17.8	0	1	4.5	46	171.4	169		0	0	562.9	51.2	11
1982	5		0	0	0	0	49.2	47	266.2	0	34.2	56	457.6	41.6	11
1983	27.7	8.2		0	0	0	169.1	204.5	89.5	1.7	2	23.9	526.6	47.9	11
1984	43.31	0	0.01	0	0.01	30.22	107.77	191.66	99.33	7.12	0.01	85.2	564.64	47.1	12
1985	15.63	0.1	0.03	0	0	0.03	117.23	82.83	134.72	2.81	17.93	0.02	371.33	30.9	12
1986	0.01	0.5	0	6.2	0	0.02	37.95	149.74	24.5	9.62	0	23.83	252.37	21	12
1987	0.41	0.01	0	3.51	0.02	0	65.1	23.94	119.84	39.2	5.31	0.05	257.39	21.4	12
1988	0	0	0	0	0	0	4.7	51.9	59.96	18.61	0	61.5	196.67	16.4	12
1989	69.8	11.3	2.3	0	0	0	21.52	107.2	105.34	8.2	1.9	45.22	372.78	31.1	12
1990	0.8	2.3	1.4	0	0	0	59.7	114.43	73.1				251.73	28	9
1991	0.03	3.93	7.4	0.01	0	0.03	0	82.81	234.73	4.9	28.9	37.53	400.27	33.4	12
1992	40.21	21.42		0.01	0	0	128.92	65.62	130.62	58.03	2	22.91	469.74	42.7	11
1993	40.9	3	0	0	0	0	7.6	26.1	236.1	4	11.7	0	329.4	27.4	12
1994	0	0.02	0.02	0	0	0.01	20.01	85.12	78.63	33.2	78.12	61.21	356.34	29.7	12
1995	6.01	0.52	0.01	0	0	0	9.13	75.3	204.1	0	0.01	8	303.08	25.3	12
1996	0	0	0	0	0	0.02	34.3	90.14	82.6	3.01	15.7	3.8	229.57	19.1	12
1997	51.81	0.01	0.62	3.21	0.01	0.01	19.92	75.65	119.26	32.01	49.03	2.5	354.04	29.5	12
1998	0	5.7	0.01	0	0	0.01	157.33	125.02	182.52	5.2	0.01	0.01	475.81	39.7	12
1999	0	0	0	0.01	0	20.52	28.42	64.04	42.83	0	0	0	155.82	13	12
2000	0	0	3	0	0	1.25	25.52	57.92	46.3	133.4	0.02	1.5	268.91	22.4	12
2001	0.02	0.03	0.01	0	1.01	0.01	41.21	37.41	351.84	24.72	0	0	456.26	38	12
2002	1.51	11.51	0.02	0.01	0.02	0	40	0.04	204.83	0	20	0.5	278.44	23.2	12
2003	8.02	20.33	0	0	0	0	0.03	119.55	264.42	0.01	0	0	412.36	34.4	12
2004	93.51	6.5	4.5	0	0		11.5	88.41	95.52	55.53	0.01	0.2	355.68	32.3	11
2005	6.21	68.61	0	0	0	0	0.02	17.53	48.23	0.01	0	0	140.61	11.7	12
2006	7.51	0	0	0	0	0.01	158.2	44.2	147.21	158.42	0	0	515.55	43	12
2007	19.82	0	0	0	0	0	6.22	55.75	248.21	0	25.72	26.02	381.74	31.8	12
2008	0	0	0.01	0	0	0	0.45	118.2	167.01	28.82	0	0	314.49	26.2	12
2009					0	0	61.5	117.12	68.23	95.02	0.01	4	345.88	43.2	8
2010	2.11	10.2	0.01	0	0	0	0	33.64	151.91	0	0	0	197.87	16.5	12
2011	0.01	0	0	0	0	0.01	16.65	42.34	2.53	0.02	25.7	0	87.26	7.3	12
2012	0.02	5.3	0	0	0.01	0	26.02	87.04	115.34	41.2	0	27.51	302.44	25.2	12
2013		0	0	0	0.01	2.9	3.8	47.63	45.83	16.5	0	0	116.67	10.6	11
2014	0.01	0	0	0	0	0	119.92	127.11	216.89	16.01	0	0	479.94	40	12
2015	43.08	55.51	5.8	0	0.01	0	91.03	108.59	34.52	71.01	0	0.01	409.56	34.1	12
2016	0	0	9	10	0.71	0	74.5	202.52	113.01	0.01	0.01	0.01	409.77	34.1	12
2017	0	17.01	1	0	0	0	0	376.01	18	9.5	0	0	421.52	35.1	12
2018	0	0	0	0	0	0	4.5	0	116.6	0	0	52.5	173.6	14.5	12
2019	16.51	0	0	0	0	0	44	20					80.51	10.1	8
2020	0	5	0	0	0	46	10	63	78	6	0	0	208	17.3	12
2022			0	0	0	0	0	0	0	0	0	0	0	0	10
2023	0	17.5	0	0	0	0.02	0	106.1	0	163.4	4	0	291.02	24.3	12
2024	0	0	0	0	0								0	0	5
MÍNIMA	0	0	0	0	0	0	0	0	0	0	0	0	0	0	5
MÁXIMA	188	68.61	17.8	30	23.4	75	173.52	498.5	411	174.5	95.2	97	760.01	63.3	12
MEDIA	17.5	5.6	1	0.8	0.4	2.4	38.8	92.6	109.5	26.6	7.7	15.1	305.2	26.6	11.3
DESV.ST	33.2	11.9	2.9	3.7	2.7	10.6	47.7	78.6	88.3	39	17.2	22.8	155.8	13.5	1.5

EVAPORACIÓN MENSUAL
AÑO	ENE	FEB	MAR	ABR	MAY	JUN	JUL	AGO	SEP	OCT	NOV	DIC	ACUM	PROM	MESES
1968									164.6	168	123.1	115.7	571.4	142.8	4
1969	114.3	80.1			227.7	232.8	256.7	212.8	189.2	137.1	121.8	97.2	1669.7	167	10
1970	103.8	121.8	142.4	182.5	221.8	248.2	256.3	245.7	191.2	157.2	104.4	81.5	2056.8	171.4	12
1971	127.3	104	189.9	175.6	210.2	235.9	259	276.2	201.3	197.4	127.9	105.4	2210.1	184.2	12
1972	108.9	119	159.6	209.2	253.3	226.3	301.1	210.6	227.2	211.1	128.7	120.7	2275.7	189.6	12
1973	86.6	88.6	117.2	142.6	203	224.1	291.9	276.9	245.9	233	133.9	107.1	2150.8	179.2	12
1974	103.5	122	195.4	200.2	214.7	244	240.7	263.7	202.2	107	114.6	133.7	2141.7	178.5	12
1975	95.2	134.7	136.9	182.7	236.2	206	263.5	272.4		229.1	171	146.7	2074.4	188.6	11
1976	122.6	142.9	188.9	199.2	268.8	274.6	307.3			77.2			1581.5	197.7	8
1977		193.1	192.3	210.4	227	266.7	299.5	210.4	211.3	203.9	158.8	173.2	2346.6	213.3	11
1978	190.3	177.1	237.3	260.1	263	281.1	260.7		50.9	155	127	123.1	2125.6	193.2	11
1979	104.2	91.8	158.4	194.6	224.3	289.1	244.9	201.7					1509	188.6	8
1980	146	136.8	185.7	153.7	206.2	265.3				185.8		120.7	1400.2	175	8
1982			156.4	241.1	241.3	278.9	232.9	226	193.6	154.7	105.5	79.3	1909.7	191	10
1983	84.3	111.1		217.7	288.3	291	230.3	152	155.4	160.5	111.7	93.3	1895.6	172.3	11
1984	88	134.2	204.7	227.7	249.7	246.8	182.2	154.3	145.4	129.1	109.4	89	1960.5	163.4	12
1985	76.1	121.9	182.9	183.1	258.4	258.8	209	180	172.9	149.6	100.8	116.9	2010.4	167.5	12
1986	132.1	130.1		52.5	230.1	229	231	183	167.1	167.8	132.4	95.1	1750.2	159.1	11
1987	100.3	114.1	177.3	206.1	227.6	243.1	264.4	218.6	171.4	133.8	106.3	89	2052	171	12
1988	112.5	147.9	184.4	188.3	242	263	236.9	225.4	179.3	145.3	119.9	98.8	2143.7	178.6	12
1989	86.8	111.7	182.7	234	243.6	245.3	240.6	194.8	146.1	165.8	106.1	9.8	1967.3	163.9	12
1990	99.9	115.6	177.7	216.3	271.9	272.9	172.8	194.2	142.5				1663.8	184.9	9
1991	79.3	113.4	161.7	209.6	250.5	262.1	263.3	224.4	147.7	135.5	97.6	60.6	2005.7	167.1	12
1992	56	105.2		109.8	266.2	269.5	227.2	109.6	159	174.6	90.4	65.8	1633.3	148.5	11
1993	84	86.4	182.2	206	216.5	241.8	236.8	220.3	143.5	127.3	84.6	83.1	1912.5	159.4	12
1994	118.2	130.1	180.3	216.2	271.2	260.4	220	145.2	178.2	155.4	84.8	62.6	2022.6	168.5	12
1995	83.2	112.4	169.9	220.2	257.5	253.7	284.5	216.3	130.1	133.2	88.8	80.9	2030.7	169.2	12
1996	10.71	13.61	18.46	18.7	29.21	28.22	26.53	17.58	16.02	19.45	13.54	9.67	221.7	18.5	12
1997	10.33	10	15.16	19.08	26.56	25.91	24.8	17.08	13.91	14.64	10.18	9.47	197.12	16.4	12
1998	10.45	11.7	17.98	15.46	25.34	28.89	23	17.12	12	4.79	10.77	9.64	187.14	15.6	12
1999	11.69	15.75	19.58	22.08	27.43	26.42	23.68	22.46	16.75	19.83	14.18	11.16	231.01	19.3	12
2000	13.04	15.87	19.19	22.9	26.47	23.52	252.87	179.79	178.59	128.19	92.76	92.3	1045.49	87.1	12
2001	102.7	126.01	167.63	159.56	239.48	260.95	257.03	260.39	158.06	142.72	96.92	85.2	2056.65	171.4	12
2002	114.56	129.28	170.66	216.48	276.99	239.56	254.01	247.39	150.93	172.72	146.54	92.83	2211.95	184.3	12
2003	111.05	106.11	186.62	207.08	270.9	246.51	256.23	203.07	184.31	77.16	12.69	99.95	1961.68	163.5	12
2004	96.88	127.7	191.15	152.76	276.59		69.7	189.46	115.67	129.39	141.72	122.03	1613.05	146.6	11
2005	114.96	97.9	125.15	182.4	262.76	245.38	245.05	210.99	180.67	158.41	139.83	113.37	2076.87	173.1	12
2006	130.56	129.67	191.33	234.99	234.41	233.59	227.25	181.09	131.64	136.16	101.62	81.93	2014.24	167.9	12
2007	72.98	118.11	193.82	176.28	228.41	249.65	249	219.84	144.13	165.77	117.76	81.58	2017.33	168.1	12
2008	92.16	121.48	192.39	239.22	249.11	239.89	215.4	167.47	117.66	127.54			1762.32	176.2	10
2009									129.7	104.08	87.57	66.54	387.89	97	4
2010	81.11	96.6	165.09	213.51	257.44	250.13	238.36	222.03	106.13	146.7	97.52	89.85	1964.47	163.7	12
2011	95.83	118.21	188.88	174.98	232.66	249.46	209.13	177.59	186.67	159.77	77.63	67.57	1938.38	161.5	12
2012	123	116.05	184.7	174.5	254.65	240.9	201.45	160.4	129.9	133	142.76	107.65	1968.96	164.1	12
2013		69	68.25	95.4	140.35	157.55	193.44	128.22	128.1	152.6	97.61	65.7	1296.22	117.8	11
2014	47.1	20.2											67.3	33.6	2
2016				101.52	182.35	195.4	171.01	151.09	147.86	154.2	114.6	111.6	1329.63	147.7	9
2019	91.5	96	130.82	122.71	136.83	131.48	141.86	145.08					996.28	124.5	8
2023						137.92	137.22	154	132.2	121.2	99.1	102.8	884.44	126.3	7
2024	111.3	101.4	101.05	104.2	118.05								536	107.2	5
MÍNIMA	10.33	10	15.16	15.46	25.34	23.52	23	17.08	12	4.79	10.18	9.47	67.3	15.6	2
MÁXIMA	190.3	193.1	237.3	260.1	288.3	291	307.3	276.9	245.9	233	171	173.2	2346.6	213.3	12
MEDIA	91.8	104.1	151.5	166.5	212.3	218.3	214	183.4	146.4	139.2	101.5	87.7	1600.8	149.7	10.5
DESV.ST	37.9	41.7	58.5	67.9	74.3	76.1	74.6	66.6	54.8	50.8	39.1	36.5	659.5	50	2.5

TEMPERATURA MÁXIMA PROMEDIO
AÑO	ENE	FEB	MAR	ABR	MAY	JUN	JUL	AGO	SEP	OCT	NOV	DIC	ACUM	PROM	MESES
1941						36.1	34.3	35.1	30.6	28.4				32.9	5
1951					32.6	36.8	37.5	37.1	36.6	34.5	31.5	28.4		34.4	8
1952	29.2	28.3	27.5	30.5	33.1	36.2	38.3	38.9	37.8	38.1	33.3	27.6		33.2	12
1953	29.2	24.7	30.4	32.5	34.2	37.4	39.2	39.2	39.5	37.4	31.3	25		33.3	12
1954	23.9	25.4	27.5	32.3	32.8	35.8	38	38.4	38.4	35.1	32.2	29.1		32.4	12
1955	22.1	24.2	30.5	32.5	34	36.8	36.4	36.7	34.5	34.3	31	36.2		32.4	12
1956	37.3	30.1	29.2	33.5	33.9	37.5	36.3	38	36.8	35.8	30.1	26.7		33.8	12
1957	28.6	31.3	28.1	30.8	28.4	37.4	35.5	31.9	31.4	30.8	32.8	29.2		31.4	12
1958	35.6	31.8	29.3	32.1	35	38	36.4	38.1	34.5	33.1	32			34.2	11
1959			27.6	31.8	34.3	37.1	37.5	35.5	35.7	32.8	29.1	24.3		32.6	10
1960	20.6	23.8	30.9	32	33.5	36	37.4	35.5	35.8	33.4	30.7	24.6		31.2	12
1961	24	26.4	28.3	30.9	35.8	36.5	36.9	35.8	34.6	34.8	27.7	25.8		31.5	12
1962	25.6	25.3	27.6	32.9	33.4	35.1	38.8	38	33.4	32.8	30.6	26.5		31.7	12
1963	23	26.6	28.7	32.7	36.8	36.6	36.2	36.1	37.2	34.6	30.9	26.6		32.2	12
1964	23.6	24.3	25.2	28.5	36.1	35.3	37.4	35.6	36.1	34.3		26.1		31.1	11
1965	24.3	24.2	27.3	32.1	34.3	35.1	39.2	36.1	33.7	36.1	33.6	26.3		31.9	12
1966	24	25.8	26.8	31.8	35.3	37.8	36.5	36.3	37.8	34.2	34.5	26.6		32.3	12
1967	25.8	26.2	30.3	30.8	34.4	36.3	38.7	36.4	35.9	33.7	33.4	26.6		32.4	12
1968	25.7	26.3	25.3	31.9	34.1	34	38.8	36.3	36	35.6	29.9	26.3		31.7	12
1969	28.1	25.1			31.8	33.2	38.2	38	38.6	33.8	31.9	26.3		32.5	10
1970	23.1	26.1	28.3	32.3	36.3	37.3	38.4	38	35	34.4	30.9	27.4		32.3	12
1971	26.5	26.9	29	30.8	32.5	35.7	39.1	36.5	35.7	32.4	29.2	25.3		31.6	12
1972	24.2	27	30.8	33.4	36.1	34.4	39.4	36.2	36.9	33.5	27	25.7		32	12
1973	24.1	26	27	30.8	35.5	35.1	38	37.7	36.2	35.7	30.7	27.2		32	12
1974	25.7	27.7	28.2	33.8	33.3	35.9	36	37.3	33.8	33.2	27.3	23.6		31.3	12
1975	21.8	23.4	26.8	26.9	31.6	32.2	32.5	36		34.4	28.3	25.4		29	11
1976	24.6	26.9	27.6	29.1	33.4	36.5	35.9	36.6		31.4	24.9	22.8		30	11
1977	24.2	24.5	28.1	31.2	32.5	35.7	37.2	35.3	37	33.9	30.7	29.1		31.6	12
1978	25.5	25.1	30.2	31.7	33.3	37.2	37.5	37.5	34.8	32.3	29	25.2		31.6	12
1979	27.3	28.1	26.8	29.5	30.1	34.2	36	35.5	36.1	35.3	28.3	23.8		30.9	12
1980	27.2	28.1	29.8	33.1	32.4	37.8	39.2	37	36.2	33.9	30.2	27.4		32.7	12
1981	25.5	19.8	22.7	27.4	32.5	33.7	36.2	36.2	35.1		29.6	26.7		29.6	11
1982	25.5		28.2	32.2	31.2	36.8	36.1	36.6	35.3	31.6	27.8	22.7		31.3	11
1983	23.3	25.2		28.7	33.5	35.7	36.6	32.3	32.4	32.3	27.8	25.3		30.3	11
1984	23.6	24.6	29.1	29.5	34	34.5	33.1	32.4	31.8	28.9	26.5	21.8		29.1	12
1985	20.4	21.2	24.8	27	32.2	33.2	34.4	36.2	36.3	33.6	26.7	25.1		29.3	12
1986	24.8	26.2	29.1	33.9	34.3	35.4	37.1	37.5	36.3	33	30.3	24.6		31.9	12
1987	24.5	25.9	28.1	32.3	33	38	39	38.4	36.2	34.3	29.5	24.3		32	12
1988	25.5	27.9	30.3	32.3	34	38.2	38.3	38.1	36.1	33.9	29.8	25		32.5	12
1989	21.8	26	30.6	35	36	36.6	37.7	37.4	35.2	34.7	30	24.9		32.2	12
1990	24	25.2	30.1	34.5	36.4	38.5	35.9	36.7	35.6					33	9
1991	23.5	28.2	27.1	33.8	34.8	37.9	37.8	38.3	35.1	34.5	28.7	24.4		32	12
1992	22.9	26.6		33.5	35.8	39.2	37.7	36	36.1	36	28.6	25.1		32.5	11
1993	26	26.4	29.6	34.9	33	39	37.6	37.6	34.1	34.5	29.3	26.9		32.4	12
1994	26.5	27.9	28.9	33.6	35.9	37.6	38.8	36.5	36.9	33.4	28.8	23.8		32.4	12
1995	24	29.6	30	32.1	34.5	37	38.9	36.8	34	34.5	31	26.9		32.4	12
1996	27.3	29.2	30.5	34.3	36.8	37.4	36.8	35.4	32.9	34.7	30.7	26.6		32.7	12
1997	24.6	25.3	30.5	29.8	37.6	37.3	39.1	36.8	34.6	33.7	29.8	25.2		32	12
1998	26.7	25.5	29.1	30.6	36.1	38.7	37	35.6	31	34.5	29.6	25.9		31.7	12
1999	26.3	28.3	29.9	30.6	30.6	37.5	37.7	38.3	35.4	35.5	31.5	25.9		32.3	12
2000	27.7	30	29.2	34.5	35.5	37.3	39	36.8	36.4	33	27	27.8		32.9	12
2001	23.7	25.5	26.6	30.8	34.5	36.7	37.2	37.4	35.6	32	29.4	24.6		31.2	12
2002	24.4	25.1	28.1	31.8	37	35.7	37.3	37.6	34.6	33.2	30.2	25.4		31.7	12
2003	26	26.6	28	31.4	35.4	33.8	37.4	36.1	34.6	33.9	30.7	25		31.6	12
2004	23.9	23.4	28.8	25.2	36.1		37.9	36.3	33.7	32.2	27.7	25		30	11
2005	24.7	24.2	25.4	31.9	34.7	34.6	37.1	36.8	37.3	32.3	30.1	26.2		31.3	12
2006	25.8	27.5	28.8	32.1	34.5	36.5	37.2	36.3	33.5	32.7	30	24.4		31.6	12
2007	22.8	26.1	30.2	31	33.1	36.2	36.9	36.6	33.5	32.7	30.1	23.6		31.1	12
2008	25.2	26.9	29.5	34.3	33.3	35.2	36.1	34.1	33.8	32.3	30.8	28.4		31.7	12
2009					32	36.9	39.1	38.8	35.8	31.1	30.3	26.1		33.8	8
2010	26.3	26.4	29.6	31.6	36.8	36.5	36.9	38.7	35.9	33.9	29.9	27.6		32.5	12
2011	26	26.4	32.4	33.7	35.9	38	38.2	37.9	39.4	36.7	30.2	24		33.2	12
2012	26.8	26.9	29.3	31.9	37.3	37.3	37.4	36	33.8	31.5	32.7	26.5		32.3	12
2013		25.2	29.7	30.9	32.4	35.9	38.4	38.3	37.8	34.5	33.2	28.4		33.2	11
2014	29.4	30	31.4	29.3	35.5	37.8	36.2	36.7	32.8	33.5	30.5	21.8		32.1	12
2015	25.9	27.1	27.8	31.2	33.8	35.4	34.2	35.2	36.4	32.7	25.6	23		30.7	12
2016	23.9	26.8	26.4	33.2	36.4	37.5	37.5	36.2	36.4	34.1	29.6	26		32	12
2017	24.5	26	29.4	30.6	34	32.9	35.1	38.3	35.9	33.7	29.5	25		31.2	12
2018	24.1	24.2	26	31.4	31.3	30.1	31.1	33.4	35.1	35.4	29.8	21.3		29.4	12
2019	24.3	27.9	29.8	29.1	29	30.4	33.6	36						30	8
2020	26.6	30.2	29.7	29.8	30.8	32.8	37.1	39.4	37.7	33.9				32.8	10
2022										33	28.6	25.1		28.9	3
2023	27.6	27.6	28.1	31.7	35	37.3	37.6	37.7	35.7	32.2	29.1	28.4		32.3	12
2024	26.2	26.8	27	31.4	35.7									29.4	5
MÍNIMA	20.4	19.8	22.7	25.2	28.4	30.1	31.1	31.9	30.6	28.4	24.9	21.3		28.9	3
MÁXIMA	37.3	31.8	32.4	35	37.6	39.2	39.4	39.4	39.5	38.1	34.5	36.2		34.4	12
MEDIA	25.4	26.4	28.6	31.6	34.1	36.1	37.1	36.7	35.4	33.7	29.9	25.8		31.8	11.3
DESV.ST	2.7	2.1	1.8	2	2	1.8	1.7	1.5	1.8	1.7	1.9	2.2		1.2	1.7

TEMPERATURA MÁXIMA EXTREMA
AÑO	ENE	FEB	MAR	ABR	MAY	JUN	JUL	AGO	SEP	OCT	NOV	DIC	ACUM	PROM	MESES
1941						39	41	42	37	34				38.6	5
1951					36	39.5	39.5	39.5	39	39	35	36		37.9	8
1952	35	32	32	36	38	39.5	41	40	40	40	39	33		37.1	12
1953	37	30	35	37	39	39.5	42	42	43	40	39	28		37.6	12
1954	29	30	32	38	38	40	42	41	42	40	39	33		37	12
1955	29	34	35	40	40	42	42	41	41	38	35	40		38.1	12
1956	41	35	35	37	39	41	40	42	40	40	36	30		38	12
1957	34	42	35	37	38	42	42	41	40	39	39	37		38.8	12
1958	42	39	33	37	42	42	41	41	39	38	37			39.2	11
1959			31	38	38	40	41	39	40	38	32	28		36.5	10
1960	25	29	35	38	37	39	40	39	40	39	35	33		35.8	12
1961	29	34	34	36	41	41	39	39	39	39	32	31		36.2	12
1962	29	31	36	38.5	38.5	40	42	42	38	36	36	30		36.4	12
1963	30	30	36	40	42	41	42	40	41	38	36	33		37.4	12
1964	28	33	29	32	40	40	40	39	38	39		32		35.5	11
1965	29	29	35	41	39	40	42	41	39	41	38	31		37.1	12
1966	30	30	31	35	40	43	40	40	41	38	41	33		36.8	12
1967	31	29	35	38	40	42	42	40	39	38	37	31		36.8	12
1968	30	30	31	36	38	40	42	41	40	39	36	31		36.2	12
1969	31	29			36	37	41	43	42	39	36	31		36.5	10
1970	26	29	33	36	41	42	42	41	39	37	35	32		36.1	12
1971	32	35	35	36.5	36	39	42	41	39	36	34	33		36.5	12
1972	28	31	34	38	40	43	45	42	39	39	31	30		36.7	12
1973	29	30	32	36	41	42	43	42	42	38	36	33		37	12
1974	30	33	36	37	38	39	40	39	37	36	31	27		35.2	12
1975	27	27	33	30	36	38	38	39		37	36	31		33.8	11
1976	30	31	32	33	37	39	39.5	40		34	27.5	25		33.5	11
1977	30	27	31	36	37	40	39	38	39	36	34	32		34.9	12
1978	29	31	36	37	39	40	41	41.5	39	38	32	30		36.1	12
1979	32	33	33	36	35	41	42	42	41	39	33	29		36.3	12
1980	32	33	33	40	36	42	45	42	41	39	38	30		37.6	12
1981	29	22	29	31	39	40	40	41	39		35	31		34.2	11
1982	29		33	37	36	40	39	38.5	39	36	32	27		35.1	11
1983	28	29		34	38.5	40	39	36	35	35	33	30		34.3	11
1984	27	29.5	33.5	35	39	38.5	37.5	37.5	35	32.5	32	28		33.8	12
1985	26.5	29	30	31.5	36.5	35	37	42	41	37	30.5	30.5		33.9	12
1986	30	34	35	39.5	39	40.5	40.5	42	40	37	38	32		37.3	12
1987	33	32	34	37	38	42	41.5	40.5	41	37	34	30		36.7	12
1988	33	34.5	38	39	41	42	42	42	40.5	38	37	29.5		38	12
1989	27	33	36.5	39.5	41	40	42.5	40	37.5	38	35.5	30		36.7	12
1990	30	31	36.5	40.5	41	41.5	39.5	41.5	40					37.9	9
1991	27.5	33	32	39	37.5	42	40.5	42	38.5	38.5	33	28		36	12
1992	27	33		40.5	40.5	42.5	42.5	40	41	39	35	30		37.4	11
1993	30	32	37	40	37	42.5	42.5	42.5	39	38	33	32		37.1	12
1994	31.5	33	34	38	40.5	41	42	41	39.5	40	35	30		37.1	12
1995	29.5	33	33	37	39.5	40	41	40	38	38	34	32		36.2	12
1996	33	34	36	39	41	41	42	40	38.5	38	35	31		37.4	12
1997	32	30	35	36	42	41	42	41	37	37.5	35	29		36.5	12
1998	32.5	32	37.5	38	41	43	42	40	37	37	34	31		37.1	12
1999	32	33	35	39.5	40	41.5	40	42	40	39	37	33		37.7	12
2000	33	35	35	39	40	41	43	41	41	38	30	33		37.4	12
2001	28.5	32	35	38	40	40.5	40	41	39	37	34	30		36.2	12
2002	30	36	34	39	39	41	40	40	38	37	33	30		36.4	12
2003	30	29	35	37	40	38	40	39	38	37	35	27		35.4	12
2004	30	33	34	35	39		39	39	38	37	35	32		35.5	11
2005	34	29	35	36	37	39	39	40	39	35	35	32		35.8	12
2006	35	33	35	38	38	41	40	39	37	37	33	30		36.3	12
2007	37	30	35	35	39	40	40	40	38	36	35	28		36.1	12
2008	37	32	35	38	39	39	39	38	37	35	37	36		36.8	12
2009					34	41	43	42	41	37	34	30		37.8	8
2010	31	33	35	36	42	43	41	43	41	36	34	32		37.2	12
2011	31	36	37	39	40	42	41	43	43	42	38	31		38.6	12
2012	32	32	35	40	42	41	41	40	36	36	36	32		36.9	12
2013		30	35	35	36	40	40	40	40	40	36	32		36.7	11
2014	32	35	36	36	41	40	40	39	37	39	33	31		36.6	12
2015	32	31	31	36	37	39	37	39	39	36	33	29		34.9	12
2016	28	30	30	36	41	41	40	40	39	39	34	31		35.8	12
2017	29	29	33	35	39	37	39	42	39	38	32	32		35.3	12
2018	32	30	32	37	39	32	33	37	39	39	33	24		33.9	12
2019	28	32	33	32	32	38	37	39						33.9	8
2020	30	34	37	33	34	35	40	44	44	36				36.7	10
2022										40	31	29		33.3	3
2023	30	31	31	36	40	40	40	42	40	39	36	31		36.3	12
2024	36	36	36	38	41									37.4	5
MÍNIMA	25	22	29	30	32	32	33	36	35	32.5	27.5	24		33.3	3
MÁXIMA	42	42	38	41	42	43	45	44	44	42	41	40		39.2	12
MEDIA	30.8	31.8	34	36.9	38.8	40.2	40.6	40.5	39.3	37.8	34.7	30.9		36.4	11.3
DESV.ST	3.2	2.9	2.1	2.4	2.1	1.9	1.9	1.5	1.8	1.7	2.5	2.5		1.3	1.7

TEMPERATURA MÍNIMA PROMEDIO
AÑO	ENE	FEB	MAR	ABR	MAY	JUN	JUL	AGO	SEP	OCT	NOV	DIC	ACUM	PROM	MESES
1941						25.8	23.3	23.1	19.1	16				21.5	5
1951					14.7	15.9	18	17.1	17.2	17	15.7	13		16.1	8
1952	10.9	10.2	10.7	12.1	13.1	16.7	19.2	20.7	20.7	18	14.2	11.2		14.8	12
1953	10.4	9.8	10.7	11.3	11.5	15.3	20.5	22.6	21.4	20.4	14.1	8.6		14.7	12
1954	9	10.8	10.7	13	13.3	15.9	20.9	21.2	21.2	18	12.9	10.5		14.8	12
1955	7.4	6.2	8.9	10.6	12.3	15.4	15.4	11.6	11.6	15.6	10.7	6.3		11	12
1956	5.7	5.6	6.8	8.4	12.3	16.5	21.4	21.2	20.6	16.9	11.8	8.2		12.9	12
1957	10.6	12.5	9.6	9.6	10.5	12.4	11.3	10.5	10.7	13.9	14.3	11.6		11.5	12
1958	16.7	11.9	12	12.6	12.3	11	21.5	21.1	14.6	15.3	13.8			14.8	11
1959			11	13	13.9	18.4	21.9	22.2	21.5	17.3	12.6	11.4		16.3	10
1960	8.6	6.9	8.8	9.8	11.7	15.3	21	21.7	21.4	18.3	14	8.3		13.8	12
1961	9.1	7.8	8.5	11.6	13.8	16.3	20.4	22.5	21	17.6	10.5	9.8		14.1	12
1962	8.2	8.5	8	12.2	12.7	15.6	21.2	22.7	21.6	18.9	14.2	11.8		14.6	12
1963	8.9	9.2	9.7	12.2	14	15.9	22.7	22.5	22.7	20.3	13.8	12.4		15.4	12
1964	6.5	8.3	7.5	10.5	12.2	15.8	21.5	21.5	21.9	19.2		9.3		14	11
1965	9.8	9	8.4	11.5	11.7	15.2	21.3	20.5	21	16.7	13.9	11		14.2	12
1966	8.4	7.1	8.9	11.6	15.3	17.8	20.7	22.2	21.7	16.6	13.2	11		14.5	12
1967	8.1	8.4	11	8.2	11.3	15.7	21.3	20.9	21.2	17.7	14.2	9		13.9	12
1968	8.5	10.2	8.6	10.4	13.3	15.4	20.9	19.9	19.3	14.3	11.7	9.5		13.5	12
1969	9.1	9			13.1	13.1	20.1	23.2	21.5	16.8	13.4	8.8		14.8	10
1970	7.3	8.1	9.2	11.9	13.4	16.6	22	22.1	21.4	16.5	13	9.2		14.2	12
1971	8.5	6.9	10.4	9.5	12.4	16.3	20.2	22.4	22.7	17.9	12.3	8.9		14	12
1972	8.5	8.2	11.1	12.7	14.7	17.1	21.6	22.8	21.6	19.9	13.1	10.9		15.2	12
1973	8.7	9.2	8.8	10.1	14	15.2	19.7	21.3	18.2	16.4	12.3	7.3		13.4	12
1974	8.2	6.6	9.4	12.1	12.4	16.7	21.2	21.6	20.7	18	14.5	8.5		14.2	12
1975	8	7.1	9.1	10.6	10.6	11.9	18.9	21.5		15.5	12.7	9.6		12.3	11
1976	7.8	10	9.7	11.6	12.2	16.2	18.4	21.5		16.3	11.1	10.9		13.2	11
1977	9.4	11	9	10.4	12.5	16	20.2	21.3	20.7	19.3	14.1	10.1		14.5	12
1978	10.3	9.4	12.2	12	13.6	17.9	22.2	21.1	20.4	19.1	14.7	10.5		15.3	12
1979	10	9.2	11.4	11.8	12.8	15.7	16	16.4	17.8	16.4	11.9	10.7		13.3	12
1980	11.5	12.8	13.1	12.8	14	16.8	17.1	17.3	18	17.1	13.4	12.5		14.7	12
1981	10.7	10.8	10.8	12.5	13.4	15.3	19.4	21.8	20.4		12.7	11.7		14.5	11
1982	10		9.9	13.4	12.9	15.7	21.7	22.6	21.9	15.3	13.5	9.3		15.1	11
1983	8.7	8.1		10.8	13.4	18	23.5	22.4	22.6	18.4	12.6	9.6		15.3	11
1984	9.3	7.6	9.1	12.1	15.2	19.3	22	22.7	22	17.1	11.8	12		15	12
1985	10.5	10.4	13.5	14.7	16.7	20	24.5	23.1	20.8	16.3	13.1	7.5		15.9	12
1986	7.8	8.4	8.9	15.8	14.7	17.5	21.9	22.7	20.9	17.5	13.6	10.4		15	12
1987	7.1	8.6	9.1	11.9	13.5	16.1	22.5	23.5	21.7	19.3	12.9	8.5		14.6	12
1988	6.9	10.3	9	11.9	14.3	15.8	21.6	21.6	22	17.8	11.6	8.6		14.3	12
1989	6.2	8.4	9.2	12	13.5	15.9	21.9	22.6	22.5	18.2	14.3	9		14.5	12
1990	7.6	6.8	9.4	12.3	14.5	20.5	23.8	23.1	22.5					15.6	9
1991	8.2	9.1	9.5	11.9	12.4	16.7	19.7	22.9	22.4	18.7	12.5	10.3		14.5	12
1992	9.8	9.5		11.6	15.5	18.8	23.1	22.8	22.5	18.3	13.6	11.7		16.1	11
1993	10.5	8.2	10.2	11.2	13.4	17.1	20.8	23	21.5	18	14.1	12		15	12
1994	8.5	8.2	11.2	11.8	13.5	17.3	21.8	23.6	22.6	18.1	15.4	12.1		15.3	12
1995	8	11.4	10.7	9.5	13.3	16.5	22.2	23.6	22.5	15.2	13.2	9.2		14.6	12
1996	7.1	9.8	10	11	14.3	18.1	22.4	23.5	20.7	17.5	13.4	8.8		14.7	12
1997	8.3	7.4	10.8	10.4	15.1	18.2	23.7	24.5	23.3	19.4	13.8	10		15.4	12
1998	8.7	7.7	10.4	10.5	14	19.7	23.5	23.4	21.6	18.4	11.4	7.3		14.7	12
1999	5.6	6.6	7.8	10.8	12.8	17.5	20.5	22	21.5	16.6	12	7.4		13.4	12
2000	6.5	8.4	9.2	10.3	12.2	18.8	21.5	22.5	21.6	18.3	9.5	5.7		13.7	12
2001	7.9	7.7	8.4	10.5	13.8	18.1	22.2	23.1	22.3	16.8	14.4	8.9		14.5	12
2002	7.8	8.8	9.4	14	15.6	16.7	21.3	21.6	23	17.8	11.7	7.8		14.6	12
2003	8.8	10.8	9.4	12.5	13.6	15.4	20.9	21.8	21.2	18.5	7	7.5		13.9	12
2004	7.3	6.7	10.2	10.5	13.1		13.4	22.5	23	18.9	12	8.3		13.3	11
2005	6.5	10.9	10.7	10.7	12.9	15.8	21.1	22.8	23.4	18.4	12.4	8		14.5	12
2006	7.9	9.1	9.8	12.6	12.9	18	22.5	23.4	22.5	19.4	12.4	8.6		14.9	12
2007	7.8	8.2	10.1	9.5	12.5	17.4	21.2	23.2	22.1	16.6	11.6	8.7		14.1	12
2008	7.5	6.1	7.8	10.8	13.7	17.5	22.8	23.3	22.3	18.7	13.9	11.8		14.7	12
2009					12.4	16.3	22.2	22.8	20.7	18.1	11.9	6.9		16.4	8
2010	6.4	7.3	8.2	11	11.8	16.3	19	23	22.5	15.3	9.4	7		13.1	12
2011	4.9	4.6	7.4	10	11.4	16.2	21.5	23.2	21.6	17.2	11.6	7.9		13.1	12
2012	6.3	5.8	8.3	10.7	12.8	17.3	23.1	24.9	22.9	20.1	22.4	11.4		15.5	12
2013		11.7	11.3	11.6	14.6	17.1	21.8	21.5	21.8	21.6	17.5	10.8		16.5	11
2014	7.2	9.9	15.4	13.7	18.8	20.5	24.3	24.5	23	22.2	12.3	11.1		16.9	12
2015	10	11.8	12.2	12.3	17.7	20.6	21.9	22.6	27.3	21.8	12.8	7.1		16.5	12
2016	4.5	8.8	11.1	15.1	14	17.3	21.4	21.6	20.7	20.2	18.4	8.1		15.1	12
2017	8.9	12	14.3	14.9	16.7	20.2	21	23.6	23.1	20.4	14.9	14.8		17.1	12
2018	13.8	12.6	11.6	15.9	18.1	22.2	24	25.2	26	23.5	19.7	11.1		18.6	12
2019	11.5	13.8	18.4	19	18.5	19.7	23	24						18.5	8
2020	10.2	8.2	11	15	15.3	17.4	19.5	20.5	22.3	20.7				16	10
2022										21.9	20.7	12.5		18.4	3
2023	13.8	13.2	15.3	20.1	22	24.7	24.4	26.4	26.1	24.9	17.7	13.9		20.2	12
2024	13.3	12.8	12.3	15	17.3									14.1	5
MÍNIMA	4.5	4.6	6.8	8.2	10.5	11	11.3	10.5	10.7	13.9	7	5.7		11	3
MÁXIMA	16.7	13.8	18.4	20.1	22	25.8	24.5	26.4	27.3	24.9	22.4	14.8		21.5	12
MEDIA	8.7	9.1	10.2	12	13.8	17.1	21.1	22	21.3	18.1	13.4	9.8		14.9	11.3
DESV.ST	2.1	2	2	2.1	2	2.4	2.3	2.5	2.6	2.1	2.4	1.9		1.7	1.7

TEMPERATURA MÍNIMA EXTREMA
AÑO	ENE	FEB	MAR	ABR	MAY	JUN	JUL	AGO	SEP	OCT	NOV	DIC	ACUM	PROM	MESES
1941						23	15	16	15	12				16.2	5
1951					11.5	12	13.5	14.5	15.5	15	12	9		12.9	8
1952	7	7.5	5	9	10	11	18	18	19	10	9	7		10.9	12
1953	7	5	6	8	6	11	18.5	20	19	15	9	5		10.8	12
1954	5	6	6.5	10	10	11	19	20	20	14	8	7		11.4	12
1955	1	1	4.5	7	9	13	10	10	6	11	6	3		6.8	12
1956	4	0	2	4	9	10	18	20	18	11	6	3		8.8	12
1957	5	5	3	4	6	5	5	7	6	5	6	5		5.2	12
1958	6	6	6	8	5	7	18	14	10	11	12			9.4	11
1959			8	8	8	15	20	20	19	12	7	7		12.4	10
1960	5	2	5	7	9	12	17	17	18	12	9	5		9.8	12
1961	5	1	5	7	9	11	17	21	15	12	5	5		9.4	12
1962	5	5	5	7	10	11	14	20	18	16	9	7		10.6	12
1963	3	5	5	8	10	12	20	20	20	17	10	5		11.2	12
1964	1	4	3	7	9	12	19	19	20	14		3		10.1	11
1965	3	5	4	5	9	12	19	13	18	13	10	6		9.8	12
1966	5	3	5	9	12	14	17	20	18	14	9	8		11.2	12
1967	6	4	5	4	4	11	19	18	19	12	10	6		9.8	12
1968	4	4	4	4	9	12	15	17	17	11	4	5		8.8	12
1969	5	6			8	11	15	21	17	12	8	3		10.6	10
1970	4	4	5	9	8	12	19	20	19	10	8	4		10.2	12
1971	5	3	3	6	9	10	15	19	21	12	7	3		9.4	12
1972	5	4	7	9	10	14	19	20	18	12	9	7		11.2	12
1973	4	5	4	5	10	11	18	20	10	10	9	3		9.1	12
1974	2	3	7	7	9	11	18	19	18	11	12	5		10.2	12
1975	5	4	6	7	7	10	16	15		13	9	5		8.8	11
1976	4	7	5	9	9	12	16	16		11	10	10		9.9	11
1977	7	9	7	7	9	11	16	20	18	15	10	7		11.3	12
1978	8	5	8	9	10	12	20	17	17	13	10	8		11.4	12
1979	5	5	9	8	9	12	12	11	12	11	9	6		9.1	12
1980	8	11	11	10	11	14	11	14	14	14	7	10		11.2	12
1981	5	9	5	10	11	11	15	20	16		10	10		11.1	11
1982	5		6	8	8	11.5	18	21	19	12	10	4.5		11.2	11
1983	5	5.5		5	10.5	13	18	19	20.5	11.5	7	6.5		11	11
1984	5	4.5	1	9	8	13	19.5	21	19	11	8	7		10.5	12
1985	6.5	6	6	8	12.5	16	21.5	20	16	10.5	10	3.5		11.4	12
1986	3	3	3.5	9.5	11.5	14	18	21	16	13	7	5		10.4	12
1987	3	5	3.5	6	10	13	18.5	22	15	15	7	4		10.2	12
1988	2.5	4	3.5	4.5	6.5	10	19	16	19	13.5	7	2		9	12
1989	0	3	5.5	9	9	12	19.5	19	17	13	10	3.5		10	12
1990	3	0	5	9	7	12.5	21.5	20	19.5					10.8	9
1991	3	3	5.5	8	10	12	16.5	20	19.5	13	7.5	6		10.3	12
1992	6	6		8	11	14	20	21	18.5	15	8	5		12	11
1993	4	4	6	7	11	10	17.5	20	18	10	7	7		10.1	12
1994	3	1	4	7	8.5	11	20	22	19.5	13	8	5		10.2	12
1995	3.5	5	8	6	8	11	18	21.5	19	9	9	6		10.3	12
1996	0	4	4.5	8	9.5	14	20	20	15	12	8	2.5		9.8	12
1997	3	4	3	5	10	10	20	22	20	15.5	9	6.5		10.7	12
1998	5	5	5	7	10	14	21	21	17	12	7	2		10.5	12
1999	2	3	4	7	9	10	17	19	15	12	8	3		9.1	12
2000	1.5	4	5	6	8	12	19	18	19	11.5	5	2		9.2	12
2001	3	2	5	6	10	13	20	20	15	14	10	2		10	12
2002	2	4	3	9	12	14	18	19	20	14	9	4		10.7	12
2003	4	6	6	5	9	11	18	18	17	15	1	4		9.5	12
2004	4	3	5	9	9		10	21	20	15	8	4		9.8	11
2005	3	1.1	7	7	10	12	19	20	20	14	8	4		10.4	12
2006	1	7	4	8	10	11	18	22	18	12	9	4		10.3	12
2007	3	5	5	7	10	10	18	20	20	10	8	3		9.9	12
2008	1	2	4	6	10	13	19	15	17	1.5	10	7		8.8	12
2009					12	11	19	20	19	11	9	4		13.1	8
2010	3	3	1	7	7	10	13	20	20	11	5	4		8.7	12
2011	2	1	4	8	9	13	17	21	19	13	6	3		9.7	12
2012	3	3	4	7	10	14	18	22	15	17	19	4		11.3	12
2013		1	5	5	10	10	19	20	19	15	10	6		10.9	11
2014	4	4	10	5	14	18	21	23	20	20	4	5		12.3	12
2015	4	9	10	8	15	18	19	20	20	19	4	4		12.5	12
2016	1	3	4	10	8	14	17	15	14	14	10	5		9.6	12
2017	3	5	7	10	10	16	15	20	11	18	11	11		11.4	12
2018	7	5	5	8	10	18	18	21	21	20	17	6		13	12
2019	5	9	15	15	15	15	21	22						14.6	8
2020	8	4	8	13	12	15	17	18	20	18				13.3	10
2022										17	17	5		13	3
2023	5	8	9	17	18	21	20	25	21	20	11	9		15.3	12
2024	9	9	8	11	13									10	5
MÍNIMA	0	0	1	4	4	5	5	7	6	1.5	1	2		5.2	3
MÁXIMA	9	11	15	17	18	23	21.5	25	21	20	19	11		16.2	12
MEDIA	4.1	4.4	5.5	7.7	9.7	12.5	17.5	18.9	17.4	13	8.6	5.2		10.6	11.3
DESV.ST	2	2.3	2.3	2.3	2.2	2.8	2.9	3.1	3.2	3.1	2.8	2.1		1.7	1.7

TEMPERATURA MEDIA MENSUAL
AÑO	ENE	FEB	MAR	ABR	MAY	JUN	JUL	AGO	SEP	OCT	NOV	DIC	ACUM	PROM	MESES
1941						31	28.8	29.1	24.9	22.2				27.2	5
1951					23.6	26.3	27.8	27.1	26.9	25.8	23.6	20.7		25.2	8
1952	20	19.2	19.1	21.3	23.1	26.5	28.8	29.8	29.2	28	23.8	19.4		24	12
1953	19.8	17.2	20.5	21.9	22.9	26.4	29.9	30.9	30.4	28.9	22.7	16.8		24	12
1954	16.4	18.1	19.1	22.6	23	25.8	29.4	29.8	29.8	26.6	22.6	19.8		23.6	12
1955	14.8	15.2	19.7	21.6	23.1	26.1	25.9	24.2	23	25	20.9	21.2		21.7	12
1956	21.5	17.9	18	21	23.1	27	28.8	29.6	28.7	26.3	21	17.4		23.4	12
1957	19.6	21.9	18.9	20.2	19.4	24.9	23.4	21.2	21	22.4	23.5	20.4		21.4	12
1958	26.1	21.9	20.6	22.4	23.6	24.5	29	29.6	24.6	24.2	22.9			24.5	11
1959			19.3	22.4	24.1	27.8	29.7	28.9	28.6	25	20.9	17.9		24.5	10
1960	14.6	15.4	19.9	20.9	22.6	25.6	29.2	28.6	28.6	25.9	22.4	16.5		22.5	12
1961	16.6	17.1	18.4	21.2	24.8	26.4	28.6	29.1	27.8	26.2	19.1	17.8		22.8	12
1962	16.9	16.9	17.8	22.5	23	25.4	30	30.4	27.5	25.8	22.4	19.1		23.1	12
1963	15.9	17.9	19.2	22.5	25.4	26.2	29.5	29.3	30	27.5	22.4	19.5		23.8	12
1964	15.1	16.3	16.4	19.5	24.1	25.5	29.4	28.6	29	26.8		17.7		22.6	11
1965	17	16.6	17.9	21.8	23	25.1	30.2	28.3	27.4	26.4	23.8	18.6		23	12
1966	16.2	16.4	17.9	21.7	25.3	27.8	28.6	29.2	29.8	25.4	23.9	18.8		23.4	12
1967	17	17.3	20.6	19.5	22.9	26	30	28.6	28.5	25.7	23.8	17.8		23.1	12
1968	17.1	18.2	17	21.1	23.7	24.7	29.8	28.1	27.6	25	20.8	17.9		22.6	12
1969	18.6	17			22.4	23.2	29.2	30.6	30	25.3	22.6	17.6		23.6	10
1970	15.2	17.1	18.8	22.1	24.8	27	30.2	30	28.2	25.4	22	18.3		23.3	12
1971	17.5	16.9	19.7	20.1	22.4	26	29.6	29.4	29.2	25.1	20.8	17.1		22.8	12
1972	16.4	17.6	21	23	25.4	25.8	30.5	29.5	29.2	26.7	20	18.3		23.6	12
1973	16.4	17.6	17.9	20.4	24.8	25.1	28.9	29.5	27.2	26	21.5	17.2		22.7	12
1974	17	17.1	18.8	23	22.8	26.3	28.6	29.4	27.2	25.6	20.9	16		22.7	12
1975	14.9	15.2	18	18.8	21.1	22	25.7	28.8		25	20.5	17.5		20.7	11
1976	16.2	18.4	18.6	20.4	22.8	26.4	27.1	29		23.9	18	16.9		21.6	11
1977	16.8	17.8	18.6	20.8	22.5	25.9	28.7	28.3	28.9	26.6	22.4	19.6		23.1	12
1978	17.9	17.2	21.2	21.9	23.4	27.6	29.9	29.3	27.6	25.7	21.9	17.9		23.5	12
1979	18.6	18.6	19.1	20.6	21.5	25	26	26	27	25.8	20.1	17.2		22.1	12
1980	19.4	20.5	21.4	23	23.2	27.3	28.2	27.1	27.1	25.5	21.8	20		23.7	12
1981	18.1	15.3	16.8	20	23	24.5	27.8	29	27.8		21.1	19.2		22.1	11
1982	17.8		19	22.8	22	26.2	28.9	29.6	28.6	23.5	20.6	16		23.2	11
1983	16	16.6		19.8	23.4	26.9	30	27.3	27.5	25.3	20.2	17.4		22.8	11
1984	16.5	16.1	19.1	20.8	24.6	26.9	27.6	27.5	26.9	23	19.1	16.9		22.1	12
1985	15.4	15.8	19.1	20.9	24.5	26.6	29.4	29.7	28.5	25	19.9	16.3		22.6	12
1986	16.3	17.3	19	24.9	24.5	26.4	29.5	30.1	28.6	25.2	22	17.5		23.4	12
1987	15.8	17.2	18.6	22.1	23.2	27	30.8	31	29	26.8	21.2	16.4		23.3	12
1988	16.2	19.1	19.6	22.1	24.1	27	30	29.9	29	25.9	20.7	16.8		23.4	12
1989	14	17.2	19.9	23.5	24.8	26.2	29.8	30	28.9	26.5	22.1	17		23.3	12
1990	15.8	16	19.8	23.4	25.4	29.5	29.9	29.9	29					24.3	9
1991	15.8	18.6	18.3	22.8	23.6	27.3	28.8	30.6	28.8	26.6	20.6	17.4		23.3	12
1992	16.4	18		22.6	25.6	29	30.4	29.4	29.3	27.1	21.1	18.4		24.3	11
1993	18.2	17.3	19.9	23	23.2	28	29.2	30.3	27.8	26.2	21.7	19.4		23.7	12
1994	17.5	18	20	22.7	24.7	27.5	30.3	30	29.8	25.8	22.1	18		23.9	12
1995	16	20.5	20.4	20.8	23.9	26.8	30.5	30.2	28.2	24.9	22.1	18		23.5	12
1996	17.2	19.5	20.2	22.6	25.5	27.8	29.6	29.4	26.8	26.1	22	17.7		23.7	12
1997	16.5	16.4	20.6	20.1	26.4	27.8	31.4	30.6	29	26.6	21.8	17.6		23.7	12
1998	17.7	16.6	19.8	20.6	25	29.2	30.2	29.5	26.3	26.4	20.5	16.6		23.2	12
1999	15.9	17.4	18.8	20.7	21.7	27.5	29.1	30.1	28.4	26	21.8	16.6		22.8	12
2000	17.1	19.2	19.2	22.4	23.9	28	30.2	29.6	29	25.6	18.2	16.8		23.3	12
2001	15.8	16.6	17.5	20.6	24.1	27.4	29.7	30.2	29	24.4	21.9	16.8		22.8	12
2002	16.1	17	18.8	22.9	26.3	26.2	29.3	29.6	28.8	25.5	21	16.6		23.2	12
2003	17.4	18.7	18.7	22	24.5	24.6	29.1	29	27.9	26.2	18.9	16.2		22.8	12
2004	15.6	15	19.5	17.9	24.6		25.6	29.4	28.4	25.6	19.9	16.6		21.6	11
2005	15.6	17.6	18	21.3	23.8	25.2	29.1	29.8	30.3	25.3	21.2	17.1		22.9	12
2006	16.9	18.3	19.3	22.4	23.7	27.2	29.9	29.8	28	26	21.2	16.5		23.3	12
2007	15.3	17.1	20.1	20.2	22.8	26.8	29	29.9	27.8	24.7	20.9	16.1		22.6	12
2008	16.4	16.5	18.6	22.5	23.5	26.4	29.5	28.7	28	25.5	22.4	20.1		23.2	12
2009					22.2	26.6	30.6	30.8	28.2	24.6	21.1	16.5		25.1	8
2010	16.4	16.8	18.9	21.3	24.3	26.4	28	30.9	29.2	24.6	19.6	17.3		22.8	12
2011	15.4	15.5	19.9	21.9	23.6	27.1	29.9	30.5	30.5	27	20.9	15.9		23.2	12
2012	16.6	16.3	18.8	21.3	25	27.3	30.2	30.4	28.3	25.8	27.6	19		23.9	12
2013		18.4	20.5	21.2	23.5	26.5	30.1	29.9	29.8	28	25.4	19.6		24.8	11
2014	18.3	20	23.4	21.5	27.1	29.1	30.2	30.6	27.9	27.9	21.4	16.4		24.5	12
2015	18	19.5	20	21.8	25.8	28	28	28.9	31.9	27.2	19.2	15.1		23.6	12
2016	14.2	17.8	18.8	24.2	25.2	27.4	29.4	28.9	28.5	27.1	24	17		23.5	12
2017	16.7	19	21.9	22.8	25.4	26.5	28	31	29.5	27	22.2	19.9		24.2	12
2018	19	18.4	18.8	23.6	24.7	26.1	27.6	29.3	30.6	29.4	24.8	16.2		24	12
2019	17.9	20.9	24.1	24	23.8	25	28.3	30						24.2	8
2020	18.4	19.2	20.4	22.4	23	25.1	28.3	30	30	27.3				24.4	10
2022										27.4	24.6	18.8		23.6	3
2023	20.7	20.4	21.7	25.9	28.5	31	31	32	30.9	28.6	23.4	21.1		26.3	12
2024	19.8	19.8	19.6	23.2	26.5									21.8	5
MÍNIMA	14	15	16.4	17.9	19.4	22	23.4	21.2	21	22.2	18	15.1		20.7	3
MÁXIMA	26.1	21.9	24.1	25.9	28.5	31	31.4	32	31.9	29.4	27.6	21.2		27.2	12
MEDIA	17.1	17.7	19.4	21.8	23.9	26.6	29.1	29.3	28.3	25.9	21.7	17.8		23.4	11.3
DESV.ST	1.9	1.6	1.4	1.4	1.4	1.5	1.4	1.5	1.7	1.3	1.7	1.4		1	1.7
