COMISIÓN NACIONAL DEL AGUA
COORDINACIÓN GENERAL DEL SERVICIO METEOROLÓGICO NACIONAL
BASE DE DATOS CLIMATOLÓGICA NACIONAL 

ESTADÍSTICA MENSUAL
EMISIÓN   : 25/10/2024 

DATOS DISPONIBLES EN LA BASE DE DATOS A: OCTOBER DE 2024; 
CON LA INFORMACIÓN SUMINISTRADA POR LAS UNIDADES ADMINISTRATIVAS 

 ESTACIÓN  : 3123 
 NOMBRE    : PUNTA EUGENIA 
 ESTADO    : BAJA CALIFORNIA SUR 
 MUNICIPIO : MULEGÉ 
 SITUACIÓN : OPERANDO 
 CVE-OMM   :   
 LATITUD   : 27.84694444 ° 
 LONGITUD  : -115.0813889 ° 
 ALTITUD   : 10 msnm 


LLUVIA MÁXIMA 24 H.
AÑO	ENE	FEB	MAR	ABR	MAY	JUN	JUL	AGO	SEP	OCT	NOV	DIC	ACUM	PROM	MESES
1980				3	0	0	0	0	0	0	0	0	3	0.3	9
1981	0	0	0	0	0	0	0	0	0	0	0	0	0	0	12
1982	0	0	0	0	0		0	0	0	0	0	0	0	0	11
1983			0	3.5	0	0	0	6	0	0	0	9.5	19	1.9	10
1984	14.5	0	0	0	0	0	3	1.2	0.3	0	3.5	20	42.5	3.5	12
1985	14	0	0	0	0	0	0	0	0	4	0.5	0	18.5	1.5	12
1986	0	0	0	0	0	0	0	0	0	0	0	0	0	0	12
1987	0	5	0	0	0	0	0	0	0	0	0	1	6	0.5	12
1988	0	4	0	0	0	0	0	0	0	0	0	10	14	1.2	12
1989	6	0	0	0	0	0	0	0	2	2	0	27.5	37.5	3.1	12
1990	2	0	0	0	0	0	0	0	0	9	9	7	27	2.2	12
1991	8	0	0	0	0	0	0	0	4	0	0	21	33	2.8	12
1992	19	13	7	0	0	0	0	0	0	0	0	16	55	4.6	12
1993	12	16	3	0	0	0	0	0	0	0	0	7	38	3.2	12
1994	0	5	0	0	0	0	0	0	0	0	4	109	118	9.8	12
1995	20	9	0	0	0	0	0	0	0	0	8	0	37	3.1	12
1996	0	12	0	0	0	0	0	0	0	0	0	0	12	1	12
1997	0	0	0	0	0	0	0	0	16	0	8	2.5	26.5	2.2	12
1998	2	0	1.5	0	1.5	0	0	9	0	0	0	0	14	1.2	12
1999	0	0	0.01	0.01		0	0						0.02	0	6
2001	4	3	1.5	0	0	0	0	0	0	0	0	0	8.5	0.7	12
2002	1	0	0	0	0	0	0	0	0	0	0.01	3	4.01	0.3	12
2003	0	8	0	0	0	0	0	0	4	13	4	0	29	2.4	12
2004	0	7	3.5	0	0	0	0	0	0.01	0	0	31	41.51	3.5	12
2005	64	21	0.01	0.01	0	0	0	0	0	8.5	0	0.01	93.53	7.8	12
2006	0.01	0.01	4			0	0	0	0	0	0	1	5.02	0.5	10
2007	0	3.7	0.01	0	0	0	0.01	0	0	0	15	31	49.72	4.1	12
2008	1	0.01		0	0	0.01	0		0	0	2	3	6.02	0.6	10
2009	2	3	0.01	0	0	0	0	0	0	0	0	8	13.01	1.1	12
2010	17	0	4.5	0.01	0	0	0	0	0	0	0	3	24.51	2	12
2011	0	0	0	3	0	0	0	0	0	0.01	7	0	10.01	0.8	12
2012	0	7	0	0	0	0	0	0	0	4	0		11	1	11
2013	2	0	0	0	0	0	0	8	0	0	6	3	19	1.6	12
2014	0	0	19	0	0	0	0	0	5	65	0	2	91	7.6	12
2015	5	0	0	0	0	3	0	0	24	21	0	2	55	4.6	12
2016	0	0	7	15	0	0	0	0	0	2	3	15	42	3.5	12
2017	4	3		0	0	0	0	0	19				26	3.2	8
2018	6.7	30	23	0	0		10	25	0	0	0	0	94.7	8.6	11
2020	32	0.5	32	0	0	0	0	0	0	0	0	5	69.5	5.8	12
2021	0.01	0	0	0	0	0	0	0.01	0	0	0	24	24.02	2	12
2022	0	0	0	0	0	0	0	0	0	0	0	0	0	0	12
2023	6	6	0	0	0	0	10	110	3	5	0	0	140	11.7	12
MÍNIMA	0	0	0	0	0	0	0	0	0	0	0	0	0	0	6
MÁXIMA	64	30	32	15	1.5	3	10	110	24	65	15	109	140	11.7	12
MEDIA	6.1	3.9	2.7	0.6	0	0.1	0.5	4	1.9	3.3	1.8	9.3	32.3	2.8	11.5
DESV.ST	11.9	6.6	6.9	2.5	0.2	0.5	2.2	17.7	5.3	10.9	3.4	18.9	33.4	2.8	1.3

LLUVIA TOTAL MENSUAL
AÑO	ENE	FEB	MAR	ABR	MAY	JUN	JUL	AGO	SEP	OCT	NOV	DIC	ACUM	PROM	MESES
1980				3	0	0	0	0	0	0	0	0	3	0.3	9
1981	0	0	0	0	0	0	0	0	0	0	0	0	0	0	12
1982	0	0	0	0	0		0	0	0	0	0	0	0	0	11
1983			0	4	0	0	0	6	0	0	0	9.5	19.5	2	10
1984	22	0	0	0	0	0	5	1.2	0.8	0	4.5	73	106.5	8.9	12
1985	18.3	0	0	0	0	0	0	0	0	5	0.5	0	23.8	2	12
1986	0	0	0	0	0	0	0	0	0	0	0	0	0	0	12
1987	0	13	0	0	0	0	0	0	0	0	0	1	14	1.2	12
1988	0	4	0	0	0	0	0	0	0	0	0	17	21	1.8	12
1989	13	0	0	0	0	0	0	0	2	2	0	32.5	49.5	4.1	12
1990	4	0	0	0	0	0	0	0	0	9	9	21	43	3.6	12
1991	11	0	0	0	0	0	0	0	5	0	0	49.3	65.3	5.4	12
1992	65	13	13	0	0	0	0	0	0	0	0	26	117	9.8	12
1993	21	39	3	0	0	0	0	0	0	0	0	7	70	5.8	12
1994	0	5	0	0	0	0	0	0	0	0	4	158	167	13.9	12
1995	30	15	0	0	0	0	0	0	0	0	8	0	53	4.4	12
1996	0	12	0	0	0	0	0	0	0	0	0	0	12	1	12
1997	0	0	0	0	0	0	0	0	16	0	11	5	32	2.7	12
1998	2	0	1.5	0	1.5	0	0	9	0	0	0	0	14	1.2	12
1999	0	0	0.02	0.01		0	0						0.03	0	6
2001	7.01	3	1.5	0	0	0	0	0	0	0	0	0	11.51	1	12
2002	1	0	0	0	0	0	0	0	0	0	0.01	3.02	4.03	0.3	12
2003	0	25.5	0	0	0	0	0	0	4	13	4	0	46.5	3.9	12
2004	0	7	3.5	0	0	0	0	0	0.01	0	0	72	82.51	6.9	12
2005	69.01	31.01	0.01	0.01	0	0	0	0	0	8.51	0	0.01	108.56	9	12
2006	0.01	0.01	4.01			0	0	0	0	0	0	1.02	5.05	0.5	10
2007	0	3.7	0.01	0	0	0	0.01	0	0	0	27	38	68.72	5.7	12
2008	1	0.01		0	0	0.01	0		0	0	2.01	3.03	6.06	0.6	10
2009	3	3.01	0.01	0	0	0	0	0	0	0	0	8	14.02	1.2	12
2010	35	0	4.5	0.01	0	0	0	0	0	0	0	3.01	42.52	3.5	12
2011	0	0	0	3	0	0	0	0	0	0.01	7.02	0	10.03	0.8	12
2012	0	10	0	0	0	0	0	0	0	4	0		14	1.3	11
2013	2	0	0	0	0	0	0	8	0	0	6	3	19	1.6	12
2014	0	0	19	0	0	0	0	0	7	65	0	2	93	7.8	12
2015	5	0	0	0	0	3	0	0	27	35	0	2	72	6	12
2016	0	0	7	15	0	0	0	0	0	2	3	27	54	4.5	12
2017	7	3		0	0	0	0	0	19				29	3.6	8
2018	6.7	35	23	0	0		10	59.5	0	0	0	0	134.2	12.2	11
2020	34	0.5	62.5	0	0	0	0	0	0	0	0	5	102	8.5	12
2021	0.01	0	0	0	0	0	0	0.01	0	0	0	24.01	24.03	2	12
2022	0	0	0	0	0	0	0	0	0	0	0	0	0	0	12
2023	10	6	0	0	0	0	15	135	3	10	0	0	179	14.9	12
MÍNIMA	0	0	0	0	0	0	0	0	0	0	0	0	0	0	6
MÁXIMA	69.01	39	62.5	15	1.5	3	15	135	27	65	27	158	179	14.9	12
MEDIA	9.2	5.7	3.7	0.6	0	0.1	0.7	5.5	2	3.8	2.2	15.1	46	3.9	11.5
DESV.ST	16.6	10.2	10.9	2.5	0.2	0.5	2.8	23.1	5.7	11.7	5	30.1	47	3.9	1.3

TEMPERATURA MÁXIMA PROMEDIO
AÑO	ENE	FEB	MAR	ABR	MAY	JUN	JUL	AGO	SEP	OCT	NOV	DIC	ACUM	PROM	MESES
1980				19	20.3	19.7	27.3	27	21.3	22.2	20.6	20.3		22	9
1981	21.9	22.9	23.6	25.3	24.2	23.4	23.5	23.8	23.1	22	23.9	22		23.3	12
1982	22.2	22.5	22.6	24.2	22.5		22.8	23.4	24.3		25.9	25		23.5	10
1983			25.9	23.7	20.8	25.4		32.3	30.1	31.4	27.6	21.3		26.5	9
1984	20.8	20	22.5	19.4	19.9	21.8	26.6	25.4	26.4	24.7	22.1	19.4		22.4	12
1985	19.6	19.9	20.1	19.6	19.8	21.6	24.9	26.5	25.4	23.9	21.6	20.2		21.9	12
1986	21.2	21.1	20.2	23.5	22.1	20.2	29	25.7	23.8	22.5	22.9	21.4		22.8	12
1987	22		20.5	30.4	31.3	25.1	29.8	30.3	24.9	25.1	22.5	22		25.8	11
1988	23	21.6	23.8	24.4	24.7	23.8	24.9	23.9	23	23.1	21	20.6		23.1	12
1989	18.1	19.8	19.4	20	20.3	20.8	22.5	24	24.7	24	22.1	20		21.3	12
1990	19.2	18.4	18.8	20.7	19.9	21.3	24.3	24.4	26.1	24.7	23	20.4		21.8	12
1991	19.5	19.6	18.9	19.6	19.4	19.9	22.1	22.8	23.5	24.4	21.8	19.5		20.9	12
1992	19	20.4	20	20.7	22	23.1	25.1	26.3	27	25.6	23.5	20.9		22.8	12
1993	20.4	20.9	23.5	23.6	22.2	23.6	23.3	25	24.3	23.5	22.6	21.1		22.8	12
1994	20.6	19	20.5	20.6	20.9	21.2	23	24.9	24.9	24.6	21.5	20		21.8	12
1995	19.8	23.2	23.2	23.4	23.6	25.3	26	25.7	25.3	24	22.8	21.7		23.7	12
1996	19.4	19.5	19.8	20.4	21.1	21.5	23.3	25.7	24.8	22.5	18.5	15.5		21	12
1997	14.5	17.1	24.1	25.2	23.2	25.6	23.9	27.8	28.9	26.1	24.6	20.4		23.4	12
1998	21.3	20.1	20	19.9	21	22.4	23.6	26.4	25.1	23.6	21.2	18.7		21.9	12
1999	20	19.1	18.2	19.4		20.2	23.1							20	6
2001	18.5	18.9	18.1	18.9	19.7	21.3	23.2	24.1	24.9	22.3	21.4	19		20.9	12
2002	18.9	19.6	18.7	19.1	19.1	19.8	21.1	23.5	23.9	21.7	21.6	19.2		20.5	12
2003	21	19.9	19.3	19.5	20.4	20.2	22.4	24.1	24.9	21.9	20.4	19.2		21.1	12
2004	18.2	18.2	19.2	19.1	21	20.3	24.3	24.1	25.2	21.9	20.2	21.7		21.1	12
2005	18.8	18.5	19	19.2	19.3	19.7	23.8	24.2	24.5	21.7	21.9	18.8		20.8	12
2006	19	18.6	18.4			20.9	23.7	24.5	24.1	22	22.7	18.8		21.3	10
2007	16.6	18.8	19.1	19.2	19.6	20.3	22	24.6	22.9	22.7	22.4	18.5		20.6	12
2008	17.7	17.8		20.8	19.9	20.3	23.4		26	26.4	23.3	20.3		21.6	10
2009	20.5	19.4	19.1	19.9	19	21.3	24	24.7	27.2	24.5	22.2	18.7		21.7	12
2010	20.5	19.2	21.9	19.5	19	20	21.4	23.8	23.3	21.1	21.2	19.2		20.8	12
2011	19.1	18.3	19.4	18.9	19	19.7	21.9	22.8	23.2	21.7	19.8	19.9		20.3	12
2012	22.6	21.1	21.6	22.9	23	23.7	26.4	27.9	30.6	28.1	24.7			24.8	11
2013	19.1	21.2	25.8	26.7	26.6	28.5	30.1	28.7	29.4	26.1	25.5	19.5		25.6	12
2014	24.3	24.4	24.3	26.3	27.5	25.6	28.2	29.6	31.1	29.2	27.1	25.5		26.9	12
2015	23.7	24.1	25.5	25.3	25.1	25.3	26.9	29	30.7	29.6	26.4	23		26.2	12
2016	23.2	25.1	23.6	23.5	23.8	24.8	26.7	27.1	27.8	27.1	25.9	22.2		25.1	12
2017	21.5	21.7		22.7	23	23.4	26.5	27.3	26.8					24.1	8
2020	25.3	23.2	22.5	22.2	21	21	22.3	24.1	25.8	24.3	21.5	18.7		22.7	12
2021	18.5	16.6	20	16.5	17.9	19.5	22	24.6	23.4	22.7	21.8	19.1		20.2	12
2022	19.3	20.9		20.3	18.7	22.8	22.6	23.1	24.7	22.5	20.6	18.4		21.3	11
2023	21.4	20.4	22.9		22	23	30	32	26.6	26.7	23.9			24.9	10
MÍNIMA	14.5	16.6	18.1	16.5	17.9	19.5	21.1	22.8	21.3	21.1	18.5	15.5		20	6
MÁXIMA	25.3	25.1	25.9	30.4	31.3	28.5	30.1	32.3	31.1	31.4	27.6	25.5		26.9	12
MEDIA	20.3	20.3	21.2	21.6	21.6	22.2	24.5	25.8	25.6	24.3	22.7	20.3		22.6	11.3
DESV.ST	2.1	2	2.3	2.9	2.7	2.2	2.5	2.4	2.4	2.5	2.1	1.9		1.9	1.3

TEMPERATURA MÁXIMA EXTREMA
AÑO	ENE	FEB	MAR	ABR	MAY	JUN	JUL	AGO	SEP	OCT	NOV	DIC	ACUM	PROM	MESES
1980				24	27	27	30.5	30.5	26.5	26.5	25.5	24.5		26.9	9
1981	26	28	27.5	29.5	28	29.5	30	29	28	26	29	25		28	12
1982	26	25.5	26	30	26		26	29	30		35	31		28.4	10
1983			29	28	26	28		34	34	36	32	24		30.1	9
1984	24	22	29	22	22	24	31	28	31	27.5	25	21.5		25.6	12
1985	21	24	25	22	22	26	29	31	29	29	26	24		25.7	12
1986	29	26	22	27	25	26	32	31	29	28	26	29		27.5	12
1987	25		24	32	34	27	31	34	29	28	25	25		28.5	11
1988	27	28	29	27	31	30	29	26	26	25	24	24		27.2	12
1989	21	25	22	26	29	26	25	26	29	26	25	22		25.2	12
1990	24	21	21	27	24	24	27	26	30	29	25	23		25.1	12
1991	21	22	21	22	21	21	25	27	27	27	23	21		23.2	12
1992	21	23	22	23	24	26	29	30	31	28	25	24		25.5	12
1993	23	23	25	25	25	26	24	27	26	25	25	23		24.8	12
1994	22	20	22	23	22	23	24	27	27	27	23	23		23.6	12
1995	22	25	25	25	25	27	28	28	29	26	25	24		25.8	12
1996	22	21	21	22	22	23	25	30	31	24	22	17		23.3	12
1997	18	21	32	29	25	30	31	33	34	32	28	25.6		28.2	12
1998	26	22	23.2	23	25	25.2	28	29.3	29	27.2	25	22		25.4	12
1999	26	22	22	23.4		29.2	29							25.3	6
2001	22	26	24	23	21	25	28	28	29	24.2	24	21		24.6	12
2002	24	27	22	23.2	23	23	23	28	29.2	25	29.4	27		25.3	12
2003	24	24	21	23	22	22	28	30	30	25	23	24		24.7	12
2004	22	22	24	21	30	22	29	28	30	24	22	26		25	12
2005	22	20	20	20	22	22	30	28	30	29	27	22		24.3	12
2006	29	22	20			26	27	28	30	24	28	21		25.5	10
2007	22	25	24	27	28	23	24	30	31	27	26	22		25.8	12
2008	20	23		30	24	23	30		32	32	29	24		26.7	10
2009	24	24	25	24	22	24	30	30	32	30	26	22		26.1	12
2010	24	24	28	24	22	23	27	29	30	24	31	23		25.8	12
2011	29	22	22	23	24	24	25	30	27	28	22	24		25	12
2012	27	24	27	28	27	26	30	31	34	35	28			28.8	11
2013	23	24	31	30	30	31	33	31	34	31	28	24		29.2	12
2014	30	31	32	33	36	30	32	34	33	33	30	30		32	12
2015	27	29	30	28	28	29	31	33	35	33	30	27		30	12
2016	26	32	28	27	27	29	31	29	33	31	31	27		29.2	12
2017	28	26		25	28	27	30	29	29					27.8	8
2020	27	27	25	32	24	27	28	28	31	32	24	23		27.3	12
2021	23	19	23	18	19	22	25	30	28	28	29	22		23.8	12
2022	24	28		26	22	27	25	28	30	24	24	21		25.4	11
2023	26	26	25		26	28	36	35	29	32	29			29.2	10
MÍNIMA	18	19	20	18	19	21	23	26	26	24	22	17		23.2	6
MÁXIMA	30	32	32	33	36	31	36	35	35	36	35	31		32	12
MEDIA	24.3	24.3	24.8	25.5	25.3	25.8	28.4	29.6	30	28.1	26.5	23.9		26.5	11.3
DESV.ST	2.8	3	3.4	3.5	3.7	2.7	2.9	2.3	2.3	3.3	3	2.7		2.1	1.3

TEMPERATURA MÍNIMA PROMEDIO
AÑO	ENE	FEB	MAR	ABR	MAY	JUN	JUL	AGO	SEP	OCT	NOV	DIC	ACUM	PROM	MESES
1980				8.1	9.4	8.6	13.6	12.9	8.7	7.9	7	6.9		9.2	9
1981	7.6	6.5	7.5	6.5	7.1	6.3	8	10.7	8	8.6	10.7	8.1		8	12
1982	8.9	8.1	8.6	10.4	10.3		11.6	10.9	10.7		12.9	12.1		10.4	10
1983			11.5	14	14.2	16		19.8	20.7	19.9	11.8	12.1		15.6	9
1984	8.9	11.3	12.9	14.1	13.1	14.8	18.5	20.3	22.1	13.5	13.4	11		14.5	12
1985	10.4	10	11.6	12.7	13	13.7	17.3	19.3	19.9	17.1	15	14.8		14.6	12
1986	12.7	11.7	12.4	13.5	13.8	15	17.4	18.4	17.5	15.5	15.9	12.5		14.7	12
1987	13.3		11.2	14.2	15.6	14.5	17.3	17.1	18.4	18.5	12.5	11.2		14.9	11
1988	12.9	12.1	12.9	13.6	14.5	14.4	16.6	17.3	16.8	15.9	14.4	13.4		14.6	12
1989	12.1	11.7	11.1	13.2	14	14.3	16	18	18	16.9	15.3	14.7		14.6	12
1990	13.7	12	11.6	12.6	13.5	15.8	18	19.1	20.1	19.3	17.1	13.7		15.5	12
1991	13.5	14.5	14.1	13.6	14.3	14.8	15.4	17.5	18.4	18.6	13.6	15.1		15.3	12
1992	11.7	12.3	15.2	15.2	16.7	17.6	18.6	21.2	22	20.6	18.5	15.6		17.1	12
1993	10.5	9.5	12.7	15.1	14.6	15.8	17.8	17.9	17.1	17.5	18.2	12.1		14.9	12
1994	16.5	15	15.9	16.2	16.1	16.7	17.4	19.7	18.9	17.6	15.7	14.1		16.6	12
1995	12.7	12.1	13	13.2	14	16.1	17	19.2	19.9	17.7	17.2	16.7		15.7	12
1996	15.4	15.6	15.5	16.3	16.9	17.1	18.3	20.6	20.4	18.5	14.4	10.4		16.6	12
1997	8.5	10.7	15	16.3	14.5	17.1	16.8	20.5	22.7	20.3	18.6	15.5		16.4	12
1998	15	14.6	14.2	12.9	14.4	15.2	16.9	19.1	18.3	15.3	14.3	12.8		15.2	12
1999	12.2	11.5	10.9	11.5		12.5	16							12.4	6
2001	12.4	11.9	12.2	12	13.1	14.7	15.8	16.5	17	16	15	12.5		14.1	12
2002	12.5	11.7	12.6	12.3	12.2	13.1	14.6	15.5	15.1	15.1	14.5	13.5		13.6	12
2003	13.6	14	13.9	12.7	13.5	14.3	16	17.5	18.7	17	15.2	13.6		15	12
2004	12.6	13	12.6	13.6	14.6	15.2	16.5	17.5	18.2	16.9	15.5	8.7		14.6	12
2005	14.7	14.1	14	14	14.5	14.8	15.9	17.8	19	17.3	17.2	14.7		15.7	12
2006	13.3	13.4	14.6			16	19	19.9	19.6	18.3	17.5	14.8		16.6	10
2007	13.5	14.1	13.6	13.5	14.3	14.7	16.3	18.5	17.7	16.7	10.3	8.3		14.3	12
2008	12.5	11.5		12.6	12.7	14.1	16.7		18.5	18.4	17.2	10.4		14.5	10
2009	14.5	13.1	12.1	13	13.5	14	16.5	16.7	19	17.8	16	7.1		14.4	12
2010	14.1	13.4	12.5	13	13.1	12.7	13.7	15.9	15.2	14.7	13.7	12.7		13.7	12
2011	12	11.6	11.7	12.4	13.1	13.2	15.3	16.3	17.2	15.7	14.9	11.1		13.7	12
2012	13.1	11.9	13.1	13	13.5	14.3	15.6	15.6	21.9	18.5	16.8			15.2	11
2013	7.1	8.2	10.6	11.5	13.8	15.4	17.3	16.1	15.8	14.4	12.7	8.5		12.6	12
2014	13.9	13.5	13	13.1	15.5	14.2	17.3	20.1	21.8	19.7	17.7	13.4		16.1	12
2015	13.3	13.9	13.8	13.6	14.1	15.8	17	19	20.8	20.2	17.7	14.6		16.1	12
2016	13.7	14.4	12.6	13.7	14.2	14.6	17.2	16.9	17.6	16.2	16	13.7		15.1	12
2017	13.1	12.3		13	13.9	14.6	16.5	18.3	17.5					14.9	8
2020	22.6	14.6	13.8	14.2	15.4	15.8	17.1	18.4	20.1	20.5	17.9	13.9		17	12
2021	13	12.1	12.1	12.7	12.9	14.9	17.4	18.8	18.8	16.9	15.9	14		15	12
2022	13.4	13.4		13.3	13.2	16.1	17	17.3	18.8	17.5	15.7	13.6		15.4	11
2023	11	9	10		11.4	14.3	14.9	18.7	19	16	14.3			13.9	10
MÍNIMA	7.1	6.5	7.5	6.5	7.1	6.3	8	10.7	8	7.9	7	6.9		8	6
MÁXIMA	22.6	15.6	15.9	16.3	16.9	17.6	19	21.2	22.7	20.6	18.6	16.7		17.1	12
MEDIA	12.7	12.2	12.6	13.1	13.7	14.6	16.3	17.7	18.1	16.9	15.1	12.5		14.6	11.3
DESV.ST	2.6	2	1.8	1.8	1.8	2	2	2.3	3.2	2.7	2.5	2.5		1.9	1.3

TEMPERATURA MÍNIMA EXTREMA
AÑO	ENE	FEB	MAR	ABR	MAY	JUN	JUL	AGO	SEP	OCT	NOV	DIC	ACUM	PROM	MESES
1980				4	6	5	11.5	8	6.5	5	2	2		5.6	9
1981	5	1	4	2	2	2	3	5	5	5	6	5		3.8	12
1982	4	6	5	8	6		8	6	9		8	10		7	10
1983			9	9	10	13		17	15	18	10	10		12.3	9
1984	5	7	10	12	10	12	10	19	19	10	9	7		10.8	12
1985	9	7	10	11	11	10	13	18	18	14	13	13		12.2	12
1986	11	10	10	12	12	13	14	16	15	13	11	10		12.2	12
1987	11		8	10	12	13	16	16	16	14	10	8		12.2	11
1988	11	10	11	12	13	13	14	14	13	13	13	10		12.2	12
1989	10	9	9	12	12	13	13	17	17	14	10	13		12.4	12
1990	10	10	10	10	12	14	16	17	18	18	14	12		13.4	12
1991	12	10	13	12	13	14	14	16	17	17	12	13		13.6	12
1992	10	10	13	13	16	14	14	19	19	17	17	13		14.6	12
1993	7	8	12	13	13	14	17	16	16	16	16	7		12.9	12
1994	16	14	15	14	11	16	16	17	16	11	14	10		14.2	12
1995	10	10	12	12	13	14	14	17	18	16	16	15		13.9	12
1996	13	13	14	15	16	16	17	19	18	16	11	8		14.7	12
1997	7	7	10	14	11	15	15	18	20.4	19	17	11.6		13.8	12
1998	13.5	13	11.6	12	13	13.8	13	14.3	15.4	14	12.3	11		13.1	12
1999	11	10.3	9.4	10		11	12							10.6	6
2001	10	10	11	11	11.2	13.2	14	14	15	14	13	11		12.3	12
2002	10	10	10	10	11	11	13	14	13	13	12.2	10		11.4	12
2003	11	12.3	12	11	11	13	13	13	17	14	12	11		12.5	12
2004	11	11	10	12	13	14	14	15	16	15	13	5		12.4	12
2005	12	10	12	11	13	14	14	13	16	15	15	12		13.1	12
2006	10	11	13			15	16	18	18	14	16	10		14.1	10
2007	11	12	12	12	13	12	13	17	15	15	6	6		12	12
2008	10	10		11	10	11	14		15	16	12	7		11.6	10
2009	12	11	10	12	12	12	14	14	17	14	14	5		12.2	12
2010	13	12	10	12	11	10	10	14	14	13	11	11		11.8	12
2011	10	9	10	10	11	12	14	14	15	14	13	4		11.3	12
2012	11	9	11	10	12	12	12	12	20	13	14			12.4	11
2013	6	5	8	10	10	13	16	14	11	11	8	5		9.8	12
2014	10	10	10	10	10	10	14	14	20	14	15	1.6		11.6	12
2015	9	10	10	10	11	14	12	16	16	18	13	12		12.6	12
2016	11	10	10	12	13	11	15	13	15	11	13	11		12.1	12
2017	11	11		12	12	11	12	17	15					12.6	8
2020	20	12	12	13	14	12	16	17	18	18	14	12		14.8	12
2021	11	11	10	11	12	14	13	16	17	13	14	12		12.8	12
2022	11	12		12	11	14	15	12	12	15	12	12		12.5	11
2023	9	3	7		10	13	12	13	17	12	11			10.7	10
MÍNIMA	4	1	4	2	2	2	3	5	5	5	2	1.6		3.8	6
MÁXIMA	20	14	15	15	16	16	17	19	20.4	19	17	15		14.8	12
MEDIA	10.4	9.6	10.4	11	11.4	12.4	13.4	14.9	15.6	14	12.1	9.4		12	11.3
DESV.ST	2.8	2.7	2.2	2.4	2.5	2.6	2.5	3.2	3.3	3	3.1	3.3		2.2	1.3

TEMPERATURA MEDIA MENSUAL
AÑO	ENE	FEB	MAR	ABR	MAY	JUN	JUL	AGO	SEP	OCT	NOV	DIC	ACUM	PROM	MESES
1980				13.6	14.9	14.1	20.4	20	15	15.1	13.8	13.6		15.6	9
1981	14.8	14.7	15.6	15.9	15.6	14.8	15.8	17.2	15.6	15.3	17.3	15.1		15.6	12
1982	15.6	15.3	15.6	17.3	16.4		17.2	17.1	17.5		19.4	18.6		17	10
1983			18.7	18.9	17.5	20.7		26	25.4	25.6	19.7	16.7		21	9
1984	14.9	15.7	17.7	16.8	16.5	18.3	22.6	22.9	24.2	19.1	17.8	15.2		18.5	12
1985	15	14.9	15.9	16.1	16.4	17.6	21.1	22.9	22.6	20.5	18.3	17.5		18.2	12
1986	17	16.4	16.3	18.5	18	17.6	23.2	22	20.6	19	19.4	17		18.8	12
1987	17.6		15.8	22.3	23.4	19.8	23.6	23.7	21.6	21.8	17.5	16.6		20.3	11
1988	18	16.9	18.4	19	19.6	19.1	20.8	20.6	19.9	19.5	17.7	17		18.9	12
1989	15.1	15.8	15.2	16.6	17.1	17.6	19.2	21	21.4	20.4	18.7	17.4		18	12
1990	16.4	15.2	15.2	16.6	16.7	18.6	21.1	21.8	23.1	22	20	17		18.6	12
1991	16.5	17	16.5	16.6	16.9	17.4	18.8	20.1	21	21.5	17.7	17.3		18.1	12
1992	15.3	16.4	17.6	18	19.4	20.4	21.9	23.8	24.5	23.1	21	18.2		20	12
1993	15.4	15.2	18.1	19.4	18.4	19.7	20.6	21.4	20.7	20.5	20.4	16.6		18.9	12
1994	18.6	17	18.2	18.4	18.5	19	20.2	22.3	21.9	21.1	18.6	17		19.2	12
1995	16.2	17.6	18.1	18.3	18.8	20.7	21.5	22.4	22.6	20.9	20	19.2		19.7	12
1996	17.4	17.6	17.6	18.4	19	19.3	20.8	23.1	22.6	20.5	16.4	12.9		18.8	12
1997	11.5	13.9	19.6	20.8	18.9	21.4	20.4	24.1	25.8	23.2	21.6	18		19.9	12
1998	18.1	17.4	17.1	16.4	17.7	18.8	20.2	22.8	21.7	19.5	17.8	15.8		18.6	12
1999	16.1	15.3	14.6	15.4		16.4	19.6							16.2	6
2001	15.4	15.4	15.2	15.4	16.4	18	19.5	20.3	21	19.1	18.2	15.8		17.5	12
2002	15.7	15.7	15.6	15.7	15.7	16.4	17.9	19.5	19.5	18.4	18	16.4		17	12
2003	17.3	17	16.6	16.1	17	17.2	19.2	20.8	21.8	19.4	17.8	16.4		18	12
2004	15.4	15.6	15.9	16.4	17.8	17.8	20.4	20.8	21.7	19.4	17.9	15.2		17.9	12
2005	16.8	16.3	16.5	16.6	16.9	17.2	19.9	21	21.8	19.5	19.5	16.8		18.2	12
2006	16.1	16	16.5			18.4	21.4	22.2	21.9	20.1	20.1	16.8		19	10
2007	15.1	16.4	16.4	16.4	17	17.5	19.1	21.6	20.3	19.7	16.4	13.4		17.4	12
2008	15.1	14.7		16.7	16.3	17.2	20		22.2	22.4	20.2	15.4		18	10
2009	17.5	16.2	15.6	16.4	16.2	17.6	20.2	20.7	23.1	21.1	19.1	12.9		18	12
2010	17.3	16.3	17.2	16.2	16	16.4	17.5	19.9	19.2	17.9	17.4	15.9		17.3	12
2011	15.6	14.9	15.5	15.6	16	16.4	18.6	19.6	20.2	18.7	17.4	15.5		17	12
2012	17.9	16.5	17.4	18	18.2	19	21	21.8	26.2	23.3	20.8			20	11
2013	13.1	14.7	18.2	19.1	20.2	22	23.7	22.4	22.6	20.2	19.1	14		19.1	12
2014	19.1	19	18.6	19.7	21.5	19.9	22.8	24.9	26.5	24.4	22.4	19.4		21.5	12
2015	18.5	19	19.6	19.4	19.6	20.6	22	24	25.8	24.9	22	18.8		21.2	12
2016	18.4	19.8	18.1	18.6	19	19.7	22	22	22.7	21.6	21	18		20.1	12
2017	17.3	17		17.9	18.4	19	21.5	22.8	22.1					19.5	8
2020	24	18.9	18.1	18.2	18.2	18.4	19.7	21.2	23	22.4	19.7	16.3		19.8	12
2021	15.8	14.4	16	14.6	15.4	17.2	19.7	21.7	21.1	19.8	18.9	16.6		17.6	12
2022	16.4	17.1		16.8	15.9	19.5	19.8	20.2	21.8	20	18.1	16		18.3	11
2023	16.2	14.7	16.4		16.7	18.6	22.4	25.4	22.8	21.4	19.1			19.4	10
MÍNIMA	11.5	13.9	14.6	13.6	14.9	14.1	15.8	17.1	15	15.1	13.8	12.9		15.6	6
MÁXIMA	24	19.8	19.6	22.3	23.4	22	23.7	26	26.5	25.6	22.4	19.4		21.5	12
MEDIA	16.5	16.3	16.9	17.4	17.6	18.4	20.4	21.7	21.9	20.6	18.9	16.4		18.6	11.3
DESV.ST	2	1.4	1.3	1.7	1.8	1.7	1.7	1.9	2.5	2.2	1.7	1.6		1.4	1.3
