COMISIÓN NACIONAL DEL AGUA
COORDINACIÓN GENERAL DEL SERVICIO METEOROLÓGICO NACIONAL
BASE DE DATOS CLIMATOLÓGICA NACIONAL 

ESTADÍSTICA MENSUAL
EMISIÓN   : 25/10/2024 

DATOS DISPONIBLES EN LA BASE DE DATOS A: OCTOBER DE 2024; 
CON LA INFORMACIÓN SUMINISTRADA POR LAS UNIDADES ADMINISTRATIVAS 

 ESTACIÓN  : 3185 
 NOMBRE    : SANTA MARTHA 
 ESTADO    : BAJA CALIFORNIA SUR 
 MUNICIPIO : MULEGÉ 
 SITUACIÓN : OPERANDO 
 CVE-OMM   :   
 LATITUD   : 27.54861111 ° 
 LONGITUD  : -112.975 ° 
 ALTITUD   : 700 msnm 


LLUVIA MÁXIMA 24 H.
AÑO	ENE	FEB	MAR	ABR	MAY	JUN	JUL	AGO	SEP	OCT	NOV	DIC	ACUM	PROM	MESES
1991	0	26	6	0	0	0	0	34	28	0	0	32	126	10.5	12
1992									0	0	0	50	50	12.5	4
1993	40	24	0										64	21.3	3
1994	0	0	0	0	0	0	0						0	0	7
1995	0	12	8	0	0	0	60	0	50	0	25	0	155	12.9	12
1996	0	4	0	0	0	0	0	14			0	0	18	1.8	10
1997	24	13	0	15.6	0	0	0	86	55	0	4.5	47	245.1	20.4	12
1998	0.01	49.5	4	0	0	0	24	42.5	0.01	0	0.01	0	120.03	10	12
1999	0	0	0.01	0	0	0	10.5	59	19.5	0	0	0.01	89.02	7.4	12
2000	0	0	36	0	0	0.01	17	5	8	73	2.8	0	141.81	11.8	12
2001	9	7.5	3.5	6.5	0	0	5	9.5	40	0	0	0	81	6.8	12
2002	0	17	0	0	0	0	0	0.01	22	0	14	23.5	76.51	6.4	12
2003	0	38	5	0	0	0	40	81	71	20	9	11	275	22.9	12
2004	0.01	19	20	0.01	0	0	13	0	74	0	0.01	11.6	137.63	11.5	12
2005	44	61	0	0	0	0	15	33	23	0	0	0	176	14.7	12
2006	0	0.01	0	0	0	5	75	0	139	156	0		375.01	34.1	11
2007	9	0	0	0	0	0	13	0.01	0	21	89	12	144.01	12	12
2008	3	0	0	0	0	0	0	63	0	4	43	4.5	117.5	9.8	12
2009	0.01	0.01	0	0	0	0.01	0.01	28	165	21	0	0.01	214.05	17.8	12
2010	80	15	9	0	0	0	0	53	2	7	0	0.01	166.01	13.8	12
2011	0	0	0	0	0	0	20	0	0	0	14	9	43	3.6	12
2012	0	20	6	0	0	0	0	45	30	0	0		101	9.2	11
2013	2.2	0	0	0	0	0	0	13	35	0	2	6	58.2	4.8	12
2014	0	0	0	0	6	0	23	22	145	20	0	0	216	18	12
2015	13	24	15	30	0	139	41	26	68	21	0	0.01	377.01	31.4	12
2016	8	0	7.5	6	0	0	9	7	80	0	0	40	157.5	13.1	12
2017	15	31	0	0	0	0	0	0	20	0	0	0	66	5.5	12
2018	0.5	5	0	0	0		10	26	21	85		0	147.5	14.8	10
2019	8	20	21	0	0	0	25	41	11	15	75	27	243	20.2	12
2020	0.01	0.01	32	0	0	0	0	7	7	0.01	0	0	46.03	3.8	12
2021	5	0	0	0	0	12.5	4	33	9	0	0	25	88.5	7.4	12
2022	0	0.01	0	0	15	11	0.01	47.5	203	0	0	0.01	276.53	23	12
2023	15.5	6	1.5	0	0	0	10	100	3	0	0	0	136	11.3	12
2024	0	0	0	0									0	0	4
MÍNIMA	0	0	0	0	0	0	0	0	0	0	0	0	0	0	3
MÁXIMA	80	61	36	30	15	139	75	100	203	156	89	50	377.01	34.1	12
MEDIA	8.4	11.9	5.3	1.8	0.7	5.6	13.4	29.2	44.3	14.8	9.3	10.3	139.1	12.5	10.9
DESV.ST	16.9	15.7	9.3	6	2.9	25.4	18.6	28.1	53.8	33.6	21.9	15.5	94.9	8.1	2.5

LLUVIA TOTAL MENSUAL
AÑO	ENE	FEB	MAR	ABR	MAY	JUN	JUL	AGO	SEP	OCT	NOV	DIC	ACUM	PROM	MESES
1991	0	26	6	0	0	0	0	34	46	0	0	53	165	13.8	12
1992									0	0	0	91	91	22.8	4
1993	118	58	0										176	58.7	3
1994	0	0	0	0	0	0	0						0	0	7
1995	0	12	8	0	0	0	60	0	95	0	25	0	200	16.7	12
1996	0	4	0	0	0	0	0	48			0	0	52	5.2	10
1997	24.01	24	0	31.3	0	0	0	122.5	184.8	0	4.5	81	472.11	39.3	12
1998	0.01	60.02	4.01	0	0	0	37.01	55.5	0.03	0	0.01	0	156.59	13	12
1999	0	0	0.02	0	0	0	12.03	112.01	23	0	0	0.01	147.07	12.3	12
2000	0	0	36	0	0	0.02	17	9.2	9	81.2	2.8	0	155.22	12.9	12
2001	9.01	14.01	3.5	6.5	0	0	6.5	12.5	42	0	0	0	94.02	7.8	12
2002	0	17.01	0	0	0	0	0	0.01	22.01	0	19	36.5	94.53	7.9	12
2003	0	57.03	6.5	0	0	0	40	172.5	130.5	39.5	9	11	466.03	38.8	12
2004	0.03	23	30.5	0.01	0	0	26.02	0	175.01	0	0.01	28.1	282.68	23.6	12
2005	76.03	75.01	0	0	0	0	15.01	63.02	25.5	0	0	0	254.57	21.2	12
2006	0	0.01	0	0	0	9	114	0	145.01	160	0		428.02	38.9	11
2007	9.01	0	0	0	0	0	17	0.01	0	25	92	12	155.02	12.9	12
2008	3.02	0	0	0	0	0	0	103	0	4	43	5.5	158.52	13.2	12
2009	0.01	0.01	0	0	0	0.01	0.01	28	200.9	21	0	0.01	249.95	20.8	12
2010	140	15	9	0	0	0	0	55	2	7	0	0.01	228.01	19	12
2011	0	0	0	0	0	0	27	0	0	0	23	31	81	6.8	12
2012	0	38	8	0	0	0	0	128.51	52.01	0	0		226.52	20.6	11
2013	2.21	0	0	0	0	0	0	31.51	36	0	2	11	82.72	6.9	12
2014	0	0	0	0	6	0	40.5	61.01	311	44	0	0	462.51	38.5	12
2015	21.01	24	19	30	0	145	60.52	51.01	144.5	23.01	0	0.01	518.06	43.2	12
2016	8.01	0	7.5	6	0	0	9	7	81	0	0	40	158.51	13.2	12
2017	15	31	0	0	0	0	0	0	58.2	0	0	0	104.2	8.7	12
2018	0.51	8	0	0	0		17	33	40	101		0	199.51	20	10
2019	9	28	26	0	0	0	25.02	41.01	11	15	182.03	48	385.06	32.1	12
2020	0.01	0.01	99	0	0	0	0	7	7	0.01	0	0	113.03	9.4	12
2021	5	0	0	0	0	12.5	4	62.5	9	0	0	25.01	118.01	9.8	12
2022	0	0.01	0	0	15	11.01	0.01	79.5	362	0	0	0.02	467.55	39	12
2023	17.5	13.8	1.5	0	0	0	10	129.5	3	0	0	0	175.3	14.6	12
2024	0	0	0	0									0	0	4
MÍNIMA	0	0	0	0	0	0	0	0	0	0	0	0	0	0	3
MÁXIMA	140	75.01	99	31.3	15	145	114	172.5	362	160	182.03	91	518.06	58.7	12
MEDIA	13.9	16	8	2.3	0.7	5.9	17.3	48.2	73.8	17.4	13.4	16.3	209.4	19.5	10.9
DESV.ST	33	21	18.8	7.6	2.9	26.5	25.2	47.9	94.4	36.5	37	25.3	144.1	13.9	2.5

EVAPORACIÓN MENSUAL
AÑO	ENE	FEB	MAR	ABR	MAY	JUN	JUL	AGO	SEP	OCT	NOV	DIC	ACUM	PROM	MESES
2008												0.01	0.01	0	1
MÍNIMA												0.01	0.01	0	1
MÁXIMA												0.01	0.01	0	1
MEDIA												0	0	0	1
DESV.ST															

TEMPERATURA MÁXIMA PROMEDIO
AÑO	ENE	FEB	MAR	ABR	MAY	JUN	JUL	AGO	SEP	OCT	NOV	DIC	ACUM	PROM	MESES
1991	21.7	23.8	24.3	28.8	31.5	36.4	35.9	37.6	33.9	32	25.5	20.8		29.4	12
1992									38.7	31.3	24.7	19.9		28.6	4
1993	20.4	22.7	26.4											23.2	3
1994	26.7	27.4	30.1	32.1	34.4	38.6	37.3							32.4	7
1995	29.9	29.6	29.2	34.3	36.8	37.2	39.7	40.5	39.7	34	29.6	29.5		34.2	12
1996	31.1	26.2	28.6	28.5	39	36.5	37.9	32.8			24.9	22.5		30.8	10
1997	20.2	20.5	27.8	26.3	34.3	36	38.9	37.6	33.9	29.1	26	17.7		29	12
1998	21.1	18.8	23.1	25.9	29.9	36.6	37.3	36	34.4	30.6	25.6	20.4		28.3	12
1999	22.3	23.7	25.4	26.2	31.8	35.3	35.3	37	35.1	32.6	27.6	20.3		29.4	12
2000	23.6	24.7	24.1	29.8	31.2	35.3	36.9	35.9	34.5	25.4	20.8	22.7		28.7	12
2001	18.6	20.9	23.3	27	33.1	36.4	36.4	37.1	35.2	30.7	25.3	19.8		28.6	12
2002	20	20.9	24	28.3	32.1	37.5	37.4	37.5	35.3	28.1	25.2	18.3		28.7	12
2003	23.9	28.4	27.9	30.7	35.8	36.7	36.8	35.9	32.2	30.2	23.4	20.1		30.2	12
2004	18.9	19.3	27.5	26.6	32.1	35.7	36.7	36.8	32.5	28.1	21.1	18.9		27.9	12
2005	19.8	18.4	23.6	27	32	34.8	37.6	34.7	35.3	31	28.7	24.7		29	12
2006	24.9	25.7	25.8	30.6	34	37.9	37.6	37.3	33.5	30.8	28.2			31.5	11
2007	19.9	24.3	30.3	30.8	31.9	37.5	37.5	37.5	36.1	32.5	26.9	19.5		30.4	12
2008	21.1	23.8	27.3	30.4	31.4	37.9	36.7	36	35.7	33.8	27.3	21.2		30.2	12
2009	22.7	24.8	26.7	28.5	35.2	35.4	39.5	38.8	35.3	29.3	28.5	22.2		30.6	12
2010	23.1	23.1	25.9	28.6	32.9	36.7	38.1	38.9	37.8	31.4	26.9	25.6		30.8	12
2011	23.7	24	29.7	30.7	31.8	37.6	36.5	38.4	37.6	34.1	25	20.5		30.8	12
2012	25.7	24.1	25.9	30.3	34	37.2	36.7	35.4	34.3	32.1	27.5			31.2	11
2013	21.3	22.5	28.8	28.4	31.7	38	35.8	36.4	35.2	31.6	26.7	22.3		29.9	12
2014	25.4	27.3	27.9	30	32.8	37.7	35.4	35.1	34.4	31.2	27	24.2		30.7	12
2015	22.3	26.4	27.8	28.1	28.9	35.6	35.7	37.9	34	31.2	25.1	22.1		29.6	12
2016	24	28.6	29.5	29.7	31.4	38.5	38.5	37.3	34.6	33.9	27.7	22.9		31.4	12
2017	20.7	24.9	28.1	30.4	30	34.5	35.7	37.1	32.1	33.4	30.2	23.4		30	12
2018	26	24.6	30.4		30.1	35	35.6	35.9	36.1	26.7	24.9	21.7		29.7	11
2019	19.4	18.8	24.6	28	27.5	33.8	35.5	37	33	29.1	22.1	20.9		27.5	12
2020	22.4	22.1	22.2	27.4	32.6	35.9	37.5	38	36.2	33.8	29.8	22.3		30	12
2021	22.4	23.5	24.7	29.9	32.4	36.9	36.6	35.7	33.4	32.9	34.4	28.5		30.9	12
2022	27.1	26.7	27	30.2	32.5	35.9	37.1	35.3	32		29.7	27.8		31	11
2023	26.8	23.5	25.6	28.3	30.3	35	38.5	36.6	35.4	33.5	31.7	31.2		31.4	12
2024	28.1	25.7	23.8	27.6										26.3	4
MÍNIMA	18.6	18.4	22.2	25.9	27.5	33.8	35.3	32.8	32	25.4	20.8	17.7		23.2	3
MÁXIMA	31.1	29.6	30.4	34.3	39	38.6	39.7	40.5	39.7	34.1	34.4	31.2		34.2	12
MEDIA	23.2	23.9	26.6	29	32.4	36.5	37.1	36.8	34.9	31.2	26.7	22.5		29.8	10.9
DESV.ST	3.2	2.9	2.3	1.9	2.3	1.2	1.2	1.5	1.9	2.3	2.9	3.3		1.9	2.5

TEMPERATURA MÁXIMA EXTREMA
AÑO	ENE	FEB	MAR	ABR	MAY	JUN	JUL	AGO	SEP	OCT	NOV	DIC	ACUM	PROM	MESES
1991	28	27	29	36	37	42	39	42	41	38	32	27		34.8	12
1992									44	38	29	28		34.8	4
1993	24	27	32											27.7	3
1994	32	32	37	36	39	44	40							37.1	7
1995	36	34	34	38	41	43	43	42	42	38	32	31		37.8	12
1996	36	33	34	34	42	40	41	39			32.5	27		35.9	10
1997	28	26	32.5	32	40	41	42	41	39	34	34.5	23.5		34.5	12
1998	28	22	32.5	34	37	42	42	39	40	37	30	28		34.3	12
1999	29	30	32	38	37.5	41	38	41	39	38	33	28		35.4	12
2000	31	29	31.5	35	37	40	41	40	40	35	27	27		34.5	12
2001	25	29	31	35	39	40	40	41	40	35	31	27		34.4	12
2002	27	32	31	35	40	42	40	41	39	38	30	25		35	12
2003	29	30	31	32	39	40	40	40	38	35	30	27		34.2	12
2004	24	30	37	34	36	39	39	39	38	35	27	27		33.8	12
2005	28	24	30	33	38	41	44	38	39	38	36	30		34.9	12
2006	30	33	31	37	39	41	41	40	38	39	36			36.8	11
2007	27	30	36	37	37	41	42	41	41	38	32	25		35.6	12
2008	27	32	32	36	40	42	40	39	39	39	35	27		35.7	12
2009	28	38	35	38	40	40	44	42	40	37	35	26		36.9	12
2010	27	28	32	32	38	43	41	43	41	40	34	31		35.8	12
2011	30	31	36	35	38	43	43	44	44	44	33	31		37.7	12
2012	33	33	37	39	41	42	41	41	41	40	34			38.4	11
2013	30	29	34	35	35	42	45	41	42	35	33	30		35.9	12
2014	29	34	33	37	39	44	41	40	41	38	34	30		36.7	12
2015	33	33	35	34	36	40	41	41	41	41	34	30		36.6	12
2016	29	34	38	36	36	45	44	41	39	38	33	31		37	12
2017	30	32	35	39	38	41	40	41	38	38	35	34		36.8	12
2018	32	32	36		35	40	41	41	39	33	32	29		35.5	11
2019	26	27	31	35	33	41	42	42	39	39	35	30		35	12
2020	27	30	30	36	37	40	41	41	41	40	36	29		35.7	12
2021	30	31	33	36	39	42	40	41	40	38	40	39		37.4	12
2022	34	37	38	36	37	40	41	39	39		34	36		37.4	11
2023	39	34	32	34	34	41	42	44.5	40	42	40	42		38.7	12
2024	38	34	36	39										36.8	4
MÍNIMA	24	22	29	32	33	39	38	38	38	33	27	23.5		27.7	3
MÁXIMA	39	38	38	39	42	45	45	44.5	44	44	40	42		38.7	12
MEDIA	29.8	30.8	33.5	35.6	37.9	41.4	41.3	40.9	40.1	37.9	33.2	29.5		35.8	10.9
DESV.ST	3.7	3.4	2.5	2	2.1	1.4	1.6	1.5	1.6	2.4	3	4		1.9	2.5

TEMPERATURA MÍNIMA PROMEDIO
AÑO	ENE	FEB	MAR	ABR	MAY	JUN	JUL	AGO	SEP	OCT	NOV	DIC	ACUM	PROM	MESES
1991	6.5	8.2	7.8	11.4	10.8	16.9	17.1	20.1	19.7	15.5	10.3	7.7		12.7	12
1992									20.1	13.7	8.3	6.9		12.2	4
1993	7.1	8.2	10.6											8.6	3
1994	7.3	9.5	10.4	10.7	12.5	15.8	21							12.5	7
1995	8.4	8	11.3	10.1	10.7	11.3	18.2	20.8	19.3	11.9	11.1	9.3		12.5	12
1996	10.2	8	7.8	9.6	20.1	18.9	15.8	17.3			9.1	6.5		12.3	10
1997	6.1	5.6	8.5	8.8	14	15.5	20.9	22.2	20.7	13.3	10.2	6.1		12.7	12
1998	5.9	5.4	7	8	11.2	17.5	20.9	21.8	18.6	12.8	7.7	3.6		11.7	12
1999	4.6	5.4	5.8	8.1	11	14.1	20	20	18.5	13.1	7.9	3.7		11	12
2000	4.8	5.1	5.9	8.9	11.4	17.4	19.7	19.8	18.7	12.7	5.8	4.9		11.3	12
2001	3.6	4.3	6.1	8	12.3	18.1	20	20.5	19.1	12.8	9.1	3.1		11.4	12
2002	4.4	5.4	5.4	9.7	10.4	16	19.6	19.4	19.9	10.3	7.4	4.2		11	12
2003	5.4	3.8	2.5	2.8	2.9	8.9	20.1	20	17.9	14.9	7.4	4.1		9.2	12
2004	3.5	3.1	8.3	8.6	10.9	14	19	20.1	17.2	12	7.5	5.1		10.8	12
2005	5.3	5.6	5.7	8.8	10.9	14.3	21.2	19.9	17.8	14.6	10.3	7.3		11.8	12
2006	6.5	7.9	8.3	10.1	12.9	18.5	22.8	21.8	19	14.6	10.5			13.9	11
2007	4.3	6	8.3	9.6	11.7	18	21	22.6	20.7	14.2	10.8	6.4		12.8	12
2008	5.9	6.1	8.3	10.7	13.3	19.7	23	21.9	20.2	16.7	11.6	8		13.8	12
2009	6.8	7.5	8.9	9.5	14.5	17	23.1	21.9	19.2	13.1	9.4	5.5		13	12
2010	6.4	6.4	7.1	8.9	9.8	13.7	19.1	22.7	20.1	13.2	7.8	6.6		11.8	12
2011	4.4	4.7	6.9	8.7	9	15.9	20.1	22	20.5	13	8.1	4.6		11.5	12
2012	6.7	4.2	6.8	9.2	12.4	17.6	20.1	21.8	19.2	14	10.6			13	11
2013	5.5	6.5	9.4	9.4	11.2	17.9	20.8	21.3	18.5	12.8	10.8	7.5		12.6	12
2014	8	8.9	10.4	11.6	14.5	20.7	22.1	21.6	19.8	15.3	10.5	7.8		14.3	12
2015	7.8	9.5	11	10.7	12	18.8	18	21.5	19.6	15.6	8.5	5.5		13.2	12
2016	5	7.8	9.4	10	10.9	17.2	21.3	21.8	19.8	17.4	11.4	9.3		13.4	12
2017	6.8	9.2	12.6	12.5	14.7	18.9	24.4	24.7	19.8	18	14.4	9.5		15.5	12
2018	7.7	10.1	12.8		13	18.9	24	23.7	22.1	15	10.1	7.2		15	11
2019	6	4.5	8.5	11.7	12.5	17.8	24.1	24.5	21.6	15.8	10.7	8.1		13.8	12
2020	6.6	7.4	9.5	10.6	14.6	19.4	24	25.5	22.8	17.6	13.8	6.7		14.9	12
2021	6.4	7.5	8.6	13.4	14.1	19.7	24.3	23.8	21.6	14.9	12.8	9.7		14.7	12
2022	8	6.4	8.4	12	14.1	19.3	23.1	24.1	20.2		6.3	5.7		13.4	11
2023	4.5	5.1	7.5	8.7	9.8	18.2	24	22	20.1	16.7	13.5	8.4		13.2	12
2024	7.7	9.5	9.5	11.5										9.6	4
MÍNIMA	3.5	3.1	2.5	2.8	2.9	8.9	15.8	17.3	17.2	10.3	5.8	3.1		8.6	3
MÁXIMA	10.2	10.1	12.8	13.4	20.1	20.7	24.4	25.5	22.8	18	14.4	9.7		15.5	12
MEDIA	6.2	6.7	8.3	9.8	12.1	17	21.1	21.7	19.7	14.3	9.8	6.5		12.5	10.9
DESV.ST	1.5	1.9	2.2	1.9	2.7	2.6	2.2	1.8	1.3	1.9	2.1	1.9		1.6	2.5

TEMPERATURA MÍNIMA EXTREMA
AÑO	ENE	FEB	MAR	ABR	MAY	JUN	JUL	AGO	SEP	OCT	NOV	DIC	ACUM	PROM	MESES
1991	2	4	3	6	7	10	12	14	14	6	6	2		7.2	12
1992									12	9	3	2		6.5	4
1993	3	4	4											3.7	3
1994	4	3	5	6	9	10	18							7.9	7
1995	4	3	8	7	8	8	14	17	16	9	8	7		9.1	12
1996	6	3	5	6	12	12	12	12			4	0		7.2	10
1997	0	2	3	3.5	9	9	16	18	16	7.5	6	1		7.6	12
1998	2.5	2.5	2	2	6	10	15	18	8	5	1.5	0		6	12
1999	0	0	2	3	4.5	7	15	11.5	14	8	3	0.5		5.7	12
2000	0	2	2	5	7	9	14	11	13	6	2.5	1.5		6.1	12
2001	0	0	2	3	7	11	15	16	14	8	2	0		6.5	12
2002	0	0	0	3.5	6	8	15	15	14	4	4	0		5.8	12
2003	2	1	2	2	2.5	2.5	15	14	11	9	3	0		5.3	12
2004	0	0	1	4	7	8	12	14	10	8	2	0		5.5	12
2005	1	2	1	4	5	8	17	14.5	9.5	8	5	4		6.6	12
2006	1.5	5	4	5	7	10	20	19	12	8	5			8.8	11
2007	0	4	4	6	8	10	18	17	15	9	6	1		8.2	12
2008	1	1	4.5	6	8	12	19	19	12	10	8	1		8.5	12
2009	3	2	4.5	4	7	11	20	19	15	7	4	1		8.1	12
2010	4	3	3	5	6	7	11	19	14	7	2	2		6.9	12
2011	1	0	2	4	1	9	15	18	14	2	2	1		5.8	12
2012	2	1	0	2	7	10	14	14	12	9	6			7	11
2013	0	1	5	6	2	11	12	12	10	9	6	2		6.3	12
2014	2	3	7	6	7	11	18	19	9	10	4	3		8.2	12
2015	0	5	5	9	8	10	9	18	13	10	5	0		7.7	12
2016	1	2	5	5	7	9	18	15	14	11	4	2		7.8	12
2017	1	2	2	5	9	13	18	20	12	10	10	2		8.7	12
2018	1	3	8		0	6	21	18	6	11	6	2		7.5	11
2019	2	0	4	6	8	9	20	20	14	12	1	2		8.2	12
2020	3	0	5	4	7	13	20	21	18	8	6	2		8.9	12
2021	2	4	4	7	10	15	21	19	17	9	10	2		10	12
2022	4	3	1	6	10	12	15	21	17		3	1		8.5	11
2023	-0.5	1	2	4	6	9	19	15	16	10	9	3		7.8	12
2024	2	3	4	6										3.8	4
MÍNIMA	-0.5	0	0	2	0	2.5	9	11	6	2	1	0		3.7	3
MÁXIMA	6	5	8	9	12	15	21	21	18	12	10	7		10	12
MEDIA	1.7	2.1	3.5	4.9	6.7	9.7	16.1	16.6	13.1	8.3	4.7	1.6		7.2	10.9
DESV.ST	1.6	1.5	2	1.6	2.6	2.4	3.2	2.9	2.8	2.2	2.5	1.5		1.5	2.5

TEMPERATURA MEDIA MENSUAL
AÑO	ENE	FEB	MAR	ABR	MAY	JUN	JUL	AGO	SEP	OCT	NOV	DIC	ACUM	PROM	MESES
1991	14.1	16	16	20.1	21.1	26.6	26.5	28.9	26.8	23.8	17.9	14.2		21	12
1992									29.4	22.5	16.5	13.4		20.4	4
1993	13.8	15.4	18.5											15.9	3
1994	17	18.4	20.2	21.4	23.4	27.2	29.1							22.4	7
1995	19.1	18.8	20.2	22.2	23.8	24.2	29	30.6	29.5	23	20.4	19.4		23.4	12
1996	20.6	17.1	18.2	19	29.6	27.7	26.9	25			17	14.5		21.6	10
1997	13.1	13.1	18.1	17.6	24.1	25.8	29.9	29.9	27.3	21.2	18.1	11.9		20.8	12
1998	13.5	12.1	15.1	17	20.5	27	29.1	28.9	26.5	21.7	16.7	12		20	12
1999	13.4	14.6	15.6	17.1	21.4	24.7	27.6	28.5	26.8	22.9	17.8	12		20.2	12
2000	14.2	14.9	15	19.4	21.3	26.3	28.3	27.9	26.6	19	13.3	13.8		20	12
2001	11.1	12.6	14.7	17.5	22.7	27.2	28.2	28.8	27.2	21.8	17.2	11.5		20	12
2002	12.2	13.1	14.7	19	21.2	26.8	28.5	28.4	27.6	19.2	16.3	11.2		19.9	12
2003	14.6	16.1	15.2	16.8	19.3	22.8	28.4	28	25	22.6	15.4	12.1		19.7	12
2004	11.2	11.2	17.9	17.6	21.5	24.9	27.9	28.4	24.9	20	14.3	12		19.3	12
2005	12.6	12	14.7	17.9	21.4	24.5	29.4	27.3	26.5	22.8	19.5	16		20.4	12
2006	15.7	16.8	17	20.4	23.4	28.2	30.2	29.5	26.2	22.7	19.4			22.7	11
2007	12.1	15.2	19.3	20.2	21.8	27.8	29.2	30	28.4	23.4	18.9	12.9		21.6	12
2008	13.5	14.9	17.8	20.5	22.4	28.8	29.9	29	28	25.2	19.4	14.6		22	12
2009	14.8	16.1	17.8	19	24.9	26.2	31.3	30.3	27.2	21.2	19	13.8		21.8	12
2010	14.8	14.8	16.5	18.8	21.4	25.2	28.6	30.8	29	22.3	17.3	16.1		21.3	12
2011	14.1	14.3	18.3	19.7	20.4	26.8	28.3	30.2	29	23.6	16.6	12.6		21.2	12
2012	16.2	14.2	16.3	19.8	23.2	27.4	28.4	28.6	26.8	23	19			22.1	11
2013	13.4	14.5	19.1	18.9	21.4	28	28.3	28.9	26.9	22.2	18.8	14.9		21.3	12
2014	16.7	18.1	19.1	20.8	23.6	29.2	28.8	28.4	27.1	23.2	18.8	16		22.5	12
2015	15.1	18	19.4	19.4	20.4	27.2	26.9	29.7	26.8	23.4	16.8	13.8		21.4	12
2016	14.5	18.2	19.4	19.9	21.1	27.9	29.9	29.5	27.2	25.6	19.6	16.1		22.4	12
2017	13.8	17	20.4	21.4	22.4	26.7	30	30.9	26	25.7	22.3	16.4		22.8	12
2018	16.9	17.4	21.6		21.6	27	29.8	29.8	29.1	20.9	17.5	14.4		22.4	11
2019	12.7	11.7	16.6	19.9	20	25.8	29.8	30.8	27.3	22.5	16.4	14.5		20.7	12
2020	14.5	14.8	15.8	19	23.6	27.6	30.8	31.8	29.5	25.7	21.8	14.5		22.4	12
2021	14.4	15.5	16.6	21.6	23.2	28.3	30.5	29.8	27.5	23.9	23.6	19.1		22.8	12
2022	17.6	16.6	17.7	21.1	23.3	27.6	30.1	29.7	26.1		18	16.8		22.2	11
2023	15.7	14.3	16.6	18.5	20	26.6	31.2	29.3	27.8	25.1	22.6	19.8		22.3	12
2024	17.9	17.6	16.6	19.6										17.9	4
MÍNIMA	11.1	11.2	14.7	16.8	19.3	22.8	26.5	25	24.9	19	13.3	11.2		15.9	3
MÁXIMA	20.6	18.8	21.6	22.2	29.6	29.2	31.3	31.8	29.5	25.7	23.6	19.8		23.4	12
MEDIA	14.7	15.3	17.5	19.4	22.2	26.7	29.1	29.3	27.3	22.8	18.3	14.5		21.1	10.9
DESV.ST	2.2	2.1	1.9	1.4	1.9	1.4	1.2	1.3	1.2	1.8	2.3	2.3		1.5	2.5
