COMISIÓN NACIONAL DEL AGUA
COORDINACIÓN GENERAL DEL SERVICIO METEOROLÓGICO NACIONAL
BASE DE DATOS CLIMATOLÓGICA NACIONAL 

ESTADÍSTICA MENSUAL
EMISIÓN   : 25/10/2024 

DATOS DISPONIBLES EN LA BASE DE DATOS A: OCTOBER DE 2024; 
CON LA INFORMACIÓN SUMINISTRADA POR LAS UNIDADES ADMINISTRATIVAS 

 ESTACIÓN  : 3004 
 NOMBRE    : BUENAVISTA DE LORETO 
 ESTADO    : BAJA CALIFORNIA SUR 
 MUNICIPIO : COMONDÚ 
 SITUACIÓN : OPERANDO 
 CVE-OMM   :   
 LATITUD   : 25.12083333 ° 
 LONGITUD  : -111.8133333 ° 
 ALTITUD   : 30 msnm 


LLUVIA MÁXIMA 24 H.
AÑO	ENE	FEB	MAR	ABR	MAY	JUN	JUL	AGO	SEP	OCT	NOV	DIC	ACUM	PROM	MESES
1940									10	0.01	0	8	18.01	4.5	4
1941	0	0	0	0	0	0	3.3	0	7	0	0	0	10.3	0.9	12
1942	0	0	0	0	0	0	0	0	0	0	7	0	7	0.6	12
1943	0	0	0	0	0	0	0	35	87	0	0	10.2	132.2	11	12
1944	15	22	34	0	0	0	0	68	35	0	0	0.1	174.1	14.5	12
1945	0	0	0	0	0	0	0	15	6	0	0	0	21	1.8	12
1946	7	15	0.01	0	0	0	0.01	6.5	9.5	49	0.01	35	122.03	10.2	12
1947	0	0	26	0	0	0	0	0.01	14.5	0.01	0.01	0.01	40.54	3.4	12
1948	0	7.5	0	0	0	0	4	0.01	35	0	0	0.01	46.52	3.9	12
1949	95	0	0.01	0.01	0	0.01	5	0	20	0	0	8	128.03	10.7	12
1950	6	0.01	0	0	0.01	0	7	0	0	11	0	0	24.02	2	12
1951	0.01	0.01	14.6	0.01	0	0	7.1	25	17	20	0.01	20	103.74	8.6	12
1952	0.01	0.01	0.01	0.01	0	0	0.01	29	10	0	0.01	0.01	39.07	3.3	12
1953	0.01	0.01	0	0	0	0	0.01	16	0	20	0.01	9	45.04	3.8	12
1954	20	0.01	0	0	0	0	19.5	0.01	70	0.01	0.01	0.01	109.55	9.1	12
1955	5	0.01	0	0	0.01	0	0	20.3	99	19	0.01	0	143.33	11.9	12
1956	0.01	0.01	0	0	0	65	0.01	19	11.5	12	0.01	3	110.54	9.2	12
1957	0.01	0.01	19.5	0	0.01	0.01	4	3	2	19	0.01	10	57.55	4.8	12
1958	13	0.01	5	0.01	0.01	0.01	12	3	20	13	5	0.01	71.05	5.9	12
1959	0	19	0	0		0.01			7.5	0.01	7.5	20.5	54.52	6.1	9
1960				0	0	0.01	5	13	19	3	0.01	19.5	59.52	6.6	9
1961	18.5	0	0	0.01	0	0	0.01	16	19	0.01	0	0.01	53.54	4.5	12
1962	19	16	0	0	0	0	0	0	59	0	0		94	8.5	11
1963	0.01		0		0				0	0	0	0	0.01	0	7
1964	0	0	0	0	0	0	30	30	0	0	0	0	60	5	12
1965	0	0	0	0	0	0	0	24	0	0	0.01	0	24.01	2	12
1966	0	0	0.01	0	0.01	0		9.8	36	0	0	20	65.82	6	11
1967	0	0	0	0	0	0.01	6.5				37.5		44.01	5.5	8
1968	18	16	4.5	0.01	0	0	13	0				0	51.51	5.7	9
1969		7	0			0	9	0	0		4	35	55	6.9	8
1970	0	0	0	0	0	0	27	0	23	0	0	3	53	4.4	12
1971	0	0	0	0	0	0	0	24	0	0	0	0	24	2	12
1972	0	0	0	0	0	0	0	0	0	18	0	0	18	1.5	12
1973	0	20	0	0	0	0	0		0	0	0	0	20	1.8	11
1974	0	0	0	0	0	0	2	2	0	0	22	2	28	2.3	12
1975	0	0	0	0	0	0	0	4	64	0	0	3.5	71.5	6	12
1976	0	9.5	0	0	0	0	0	29.5	3	0	2	0	44	3.7	12
1977	0	0	0	0	0	0	0	60	0	55	0	0	115	9.6	12
1978	0	13.5	0	0	0	0	0	0	7.5	7.5	0	32	60.5	5	12
1979	58	0	0	0	0	0	17	0	20	0	0	0	95	7.9	12
1980		15	3	0	0	0	0	0	0	0	0	20	38	3.5	11
1981	20	2	15	6	3	0	3	100	2	2	0	0	153	12.8	12
1982	1	0	0	0	0	0	20		1.9	0	20	6	48.9	4.4	11
1983	14.5	1.4	28	0	0	0	100	46.5	7.5	0	1.5	42.3	241.7	20.1	12
1984	46.5	0	0	0	0	0	12.3	49	14	13.5	1	25	161.3	13.4	12
1985	9.5	0	0	0	0	0	0	33	0	0	3.5	0	46	3.8	12
1986	1.8	18	0	10	0	0	13	14.5	0	0	0	10	67.3	5.6	12
1987	0	4.5	0.2			0	14	0	15	40	0	0	73.7	7.4	10
1988	0	0	0	0.01	0	0	8	5	0	8			21.01	2.1	10
1989	16		0	0	0	0	8.5	12	46	0	0	0	82.5	7.5	11
1990	0	0.01	0		0	0	0		43				43.01	6.1	7
1991	6	16	14	0	0	0	0	0	13		12	56	117	10.6	11
1992	42	19	26	0	0	0	0	0	16	9	0	9	121	10.1	12
1993	54	20	0	0	0				0	0	0	0	74	8.2	9
1994	0	0		0	0	0							0	0	5
1995	0	20	0	0	0	0	0	0	7	0	12	7	46	3.8	12
1996							0	18.5	20	0	0	0	38.5	6.4	6
1997	1.5	0	0	0	0	0	0	60	9	1.8	21	10	103.3	8.6	12
1998	0	4.5	0	0	0	0.5	82	16	38.5	0	5	0	146.5	12.2	12
1999		0	0	0	0	0	0	27	9	0	0	0	36	3.3	11
2000	0	0	1.8	0	0	0	0	16.8	55	0	0	0	73.6	6.1	12
2001	0							6	21	1.5	0	0	28.5	4.8	6
2002	0		0	0	0	0	0	6	30	1.5	16	10	63.5	5.8	11
2003	0.01	5	0	0	0	0	0	63	75	0	0.01	0	143.02	11.9	12
2004	27.5	7.5	3.5	0	0	0	0	0	49	20	1	2.5	111	9.2	12
2005	60	17	1.5	0	0	0	0	10	0	13	0	1	102.5	8.5	12
2006	0	0	0	0	0	1	26	23	35	15	0	0	100	8.3	12
2007	3	0	0	0	0	0	0	0	83	0	75	15.5	176.5	14.7	12
2008	3	0	0	0	0	0	0	61.7	15	85	16	0	180.7	15.1	12
2009	0	0	0	0	0	0	0	77		0	0	0	77	7	11
2010	7	21	0	0	0	0	0	6	0	0	0	0	34	2.8	12
2011	0	0	0	0	0	0	0	3.5	0	0	11	0	14.5	1.2	12
2012	0	13	0	0	0	0	0	89	20	207	0		329	29.9	11
2013	0	0	0	0	0	0	0	60	29	80	0	0	169	14.1	12
2014	0	0	0	0	0	0	85	30	116	30	0	0	261	21.8	12
2015	40	25	20	0	0	50	21	0	24	4	0.1	0	184.1	15.3	12
2016	0	0	12	1.2	0	0	1	28	72	0	0	18	132.2	11	12
2017	0	20	0.2	0	0	0	0	33	26	0	0	0	79.2	6.6	12
2018	4	1.7	0	0	0	0	0	0	55	0	0	0	60.7	5.1	12
2019	1.6	0	0	0	0	0	0	0	0	38	40	0	79.6	6.6	12
2020	0	0	11	0	0	0	0	10	13	25	0	0	59	4.9	12
2021	7	0	0	0	0	0	0	68	21	0	0	30	126	10.5	12
2022	0	0	0	0	0	0	0	13	142	0	0	0	155	12.9	12
2023	0	0	0	0	0	0	0	50	0	0		0	50	4.5	11
MÍNIMA	0	0	0	0	0	0	0	0	0	0	0	0	0	0	4
MÁXIMA	95	25	34	10	3	65	100	100	142	207	75	56	329	29.9	12
MEDIA	8.2	4.9	3	0.2	0	1.5	7.3	19.8	22.9	10.8	4.1	6.4	82.7	7.3	11.1
DESV.ST	17.3	7.7	7.4	1.3	0.3	9.2	18.1	24.3	29.3	28.1	11.2	11.5	60.8	5.1	1.8

LLUVIA TOTAL MENSUAL
AÑO	ENE	FEB	MAR	ABR	MAY	JUN	JUL	AGO	SEP	OCT	NOV	DIC	ACUM	PROM	MESES
1940									17	0.01	0	18	35.01	8.8	4
1941	0	0	0	0	0	0	3.3	0	7	0	0	0	10.3	0.9	12
1942	0	0	0	0	0	0	0	0	0	0	7	0	7	0.6	12
1943	0	0	0	0	0	0	0	35	115	0	0	10.2	160.2	13.3	12
1944	15	37	34	0	0	0	0	121	35	0	0	0.2	242.2	20.2	12
1945	0	0	0	0	0	0	0	16	6	0	0	0	22	1.8	12
1946	13	15.01	0.02	0	0	0	0.01	8.52	13.02	56	0.01	35	140.59	11.7	12
1947	0	0	26	0	0	0	0	0.04	52.5	0.01	0.02	0.01	78.58	6.5	12
1948	0	7.51	0	0	0	0	5.53	0.01	75.02	0	0	0.01	88.08	7.3	12
1949	295.02	0	0.01	0.01	0	0.02	5.03	0	29.03	0	0	10.02	339.14	28.3	12
1950	6.02	0.01	0	0	0.02	0	12.03	0	0	11.03	0	0	29.11	2.4	12
1951	0.02	0.01	14.61	0.02	0	0	7.1	44.51	33.02	20.01	0.03	25.02	144.35	12	12
1952	0.02	0.01	0.03	0.01	0	0	0.03	37.94	10.05	0	0.05	0.04	48.18	4	12
1953	0.01	0.02	0	0	0	0	0.02	21.01	0	26.01	0.01	9	56.08	4.7	12
1954	23	0.03	0	0	0	0	28.52	0.01	70.07	0.06	0.01	0.02	121.72	10.1	12
1955	5.06	0.01	0	0	0.01	0	0	20.34	111.4	19.02	0.03	0	155.87	13	12
1956	0.02	0.01	0	0	0	65	0.08	36.03	23.09	12.02	0.05	3.04	139.34	11.6	12
1957	0.03	0.02	19.53	0	0.01	0.01	8.04	3.01	2	19.06	0.01	10.03	61.75	5.1	12
1958	13.02	0.05	9.07	0.03	0.02	0.02	12.03	3.63	28.03	23.04	5.06	0.02	94.02	7.8	12
1959	0	19.02	0	0		0.01			7.52	0.04	7.54	53.09	87.22	9.7	9
1960				0	0	0.03	5.02	20.03	33.05	3.02	0.01	19.54	80.7	9	9
1961	66.05	0	0	0.01	0	0	0.01	22.03	28.54	0.01	0	0.02	116.67	9.7	12
1962	19.03	16.03	0	0	0	0	0	0	109	0	0		144.06	13.1	11
1963	0.02		0		0				0	0	0	0	0.02	0	7
1964	0	0	0	0	0	0	30.01	30	0	0	0	0	60.01	5	12
1965	0	0	0	0	0	0	0	54.5	0	0	0.02	0	54.52	4.5	12
1966	0	0	0.02	0	0.01	0		11.31	42.52	0	0	27	80.86	7.4	11
1967	0	0	0	0	0	0.01	6.51				65.52		72.04	9	8
1968	58.02	32.41	4.52	0.01	0	0	13	0				0	107.96	12	9
1969		7	0			0	16	0	0		4	41	68	8.5	8
1970	0	0	0	0	0	0	27	0	37	0	0	3	67	5.6	12
1971	0	0	0	0	0	0	0	54	0	0	0	0	54	4.5	12
1972	0	0	0	0	0	0	0	0	0	18	0	0	18	1.5	12
1973	0	20	0	0	0	0	0		0	0	0	0	20	1.8	11
1974	0	0	0	0	0	0	2	2	0	0	22	2	28	2.3	12
1975	0	0	0	0	0	0	0	4	64	0	0	3.5	71.5	6	12
1976	0	14	0	0	0	0	0	29.5	5.5	0	2	0	51	4.2	12
1977	0	0	0	0	0	0	0	60	0	108	0	0	168	14	12
1978	0	13.5	0	0	0	0	0	0	10	7.5	0	95	126	10.5	12
1979	91	0	0	0	0	0	17	0	27	0	0	0	135	11.2	12
1980		24	3	0	0	0	0	0	0	0	0	30	57	5.2	11
1981	42	3	15	7.1	3	0	3	100	2	2	0	0	177.1	14.8	12
1982	2	0	0	0	0	0	22		3.7	0	21.8	12.5	62	5.6	11
1983	36.6	1.4	35.8	0	0	0	116.5	133.4	10.5	0	3	42.3	379.5	31.6	12
1984	50.7	0	0	0	0	0	24.3	88.51	44.5	13.5	1	64	286.51	23.9	12
1985	24.5	0	0	0	0	0	0	43	0	0	3.5	0	71	5.9	12
1986	1.8	18	0	10	0	0	13	28	0	0	0	15.6	86.4	7.2	12
1987	0	4.51	0.21			0	18.5	0	15	40	0	0	78.22	7.8	10
1988	0	0	0	0.01	0	0	36	22	0	8			66.01	6.6	10
1989	27		0	0	0	0	8.5	12	46	0	0	0	93.5	8.5	11
1990	0	0.01	0		0	0	0		128.5				128.51	18.4	7
1991	10	16	14	0	0	0	0	0	42		12	78	172	15.6	11
1992	85	20	42	0	0	0	0	0	32	9	0	12	200	16.7	12
1993	59	23	0	0	0				0	0	0	0	82	9.1	9
1994	0	0		0	0	0							0	0	5
1995	0	20	0	0	0	0	0	0	10	0	17	7	54	4.5	12
1996							0	73.2	38	0	0	0	111.2	18.5	6
1997	1.5	0	0	0	0	0	0	108.3	21.4	1.8	33.5	19	185.5	15.5	12
1998	0	7.2	0	0	0	1	110	31.5	51	0	5	0	205.7	17.1	12
1999		0	0	0	0	0	0	27	14	0	0	0	41	3.7	11
2000	0	0	1.8	0	0	0	0	27.1	83.7	0	0	0	112.6	9.4	12
2001	0							6	41.5	1.5	0	0	49	8.2	6
2002	0		0	0	0	0	0	6	71.5	1.5	32.6	10	121.6	11.1	11
2003	0.01	5.03	0	0	0	0	0	113.51	140	0	0.01	0	258.56	21.5	12
2004	42.5	7.5	3.5	0	0	0	0	0	111	24	2	8	198.5	16.5	12
2005	72.5	27	1.5	0	0	0	0	10	0	22	0	1	134	11.2	12
2006	0	0	0	0	0	1	27.5	35.5	45.8	15	0	0	124.8	10.4	12
2007	8	0	0	0	0	0	0	0	101	0	78	15.5	202.5	16.9	12
2008	5.5	0	0	0	0	0	0	68.7	31	88	16	0	209.2	17.4	12
2009	0	0	0	0	0	0	0	120		0	0	0	120	10.9	11
2010	10.6	21	0	0	0	0	0	6	0	0	0	0	37.6	3.1	12
2011	0	0	0	0	0	0	0	6	0	0	28.5	0	34.5	2.9	12
2012	0	13	0	0	0	0	0	206.4	95.8	207	0		522.2	47.5	11
2013	0	0	0	0	0	0	0	123	37	150	0	0	310	25.8	12
2014	0	0	0	0	0	0	151	122	195.5	30	0	0	498.5	41.5	12
2015	100.5	25	20	0	0	50	21	0	51	7	0.1	0	274.6	22.9	12
2016	0	0	20	1.2	0	0	1	28	80	0	0	18	148.2	12.3	12
2017	0	20	0.2	0	0	0	0	33.4	42	0	0	0	95.6	8	12
2018	4	2.1	0	0	0	0	0	0	59.6	0	0	0	65.7	5.5	12
2019	1.6	0	0	0	0	0	0	0	0	56	89	0	146.6	12.2	12
2020	0	0	18	0	0	0	0	10	13	25	0	0	66	5.5	12
2021	7	0	0	0	0	0	0	73	21	0	0	30	131	10.9	12
2022	0	0	0	0	0	0	0	19	215	0	0	0	234	19.5	12
2023	0	0	0	0	0	0	0	67	0	0		0	67	6.1	11
MÍNIMA	0	0	0	0	0	0	0	0	0	0	0	0	0	0	4
MÁXIMA	295.02	37	42	10	3	65	151	206.4	215	207	89	95	522.2	47.5	12
MEDIA	15.3	5.7	3.6	0.2	0	1.5	9.7	31.8	36.1	13.1	5.8	9.3	122.4	10.9	11.1
DESV.ST	39.7	9.4	8.9	1.4	0.3	9.2	25.4	42.7	44.9	33.3	16.2	18.3	99.5	8.4	1.8

EVAPORACIÓN MENSUAL
AÑO	ENE	FEB	MAR	ABR	MAY	JUN	JUL	AGO	SEP	OCT	NOV	DIC	ACUM	PROM	MESES
1975								176.4	213.1	158.2	117.3	107.5	772.5	154.5	5
1976	123.5	108.6	161.5	174	186.3	230.6	235.1	238.6	206.2	160.9	112	124.5	2061.8	171.8	12
1977	91.5	122.2	180.2	192.2		195.6	226.8	222.5	187	155.6	115.1	92.5	1781.2	161.9	11
1978	90.7	112.4	157.4	179.9	205.7	235.1	259.2	260.7	297.6	260.8	176.2	161.3	2397	199.8	12
1979	155.4	149.5	186.4	101	227.6	249	298.1	259.3	226.9	209.8	155.8	126.3	2345.1	195.4	12
1980		151.7	172	200.2	207	252	249.6	165.5	216.7	151.3		201.5	1967.5	196.8	10
1981	100.5	60	116.8	78.7	77.9	148.2	192.7	176.4	155.9	170.9	157.1	167.8	1602.9	133.6	12
1982	151.4	103.1	155.1		222.5	166.4	137.7		252	199.2	123.3	105.5	1616.2	161.6	10
1983	102.6	125.6	176.5	209.4	261.1	265.8	264	209.4	193.7		128.8	100.6	2037.5	185.2	11
1984	108.3	136.1	181.9	194.4	236.8	252.3	244.1	238.5	193.8	181.1	131	112.3	2210.6	184.2	12
1985	86	124.7	173.1	197.2	251.1	222.1	186.9	238.3	219.7	158.3	116.2	96.9	2070.5	172.5	12
1986	91.6	130.7	155	211.6	168.9	202.3	259.6	249.6	142.5	143.6	95.2	122.5	1973.1	164.4	12
1987	135.2	130.5	199.4										465.1	155	3
1988									169.1	146.7			315.8	157.9	2
1989										253.9			253.9	253.9	1
1994	119.7	36.8		121.7	157.5	193.9							629.6	125.9	5
1996							12.75	7.84					20.59	10.3	2
1998	7.11	10.45	12.65	20.5	16.72	23.72	6.75	11.34	4.53				113.77	12.6	9
2002	61.4			141.52	230.28	175.24	46.78				111.24		766.46	127.7	6
2003	132.95	88.96	127.24	136.15									485.3	121.3	4
2004					77.88	141.29	114.94	245.22					579.33	144.8	4
MÍNIMA	7.11	10.45	12.65	20.5	16.72	23.72	6.75	7.84	4.53	143.6	95.2	92.5	20.59	10.3	1
MÁXIMA	155.4	151.7	199.4	211.6	261.1	265.8	298.1	260.7	297.6	260.8	176.2	201.5	2397	253.9	12
MEDIA	103.9	106.1	153.9	154.2	180.5	196.9	182.3	192.8	191.3	180.8	128.3	126.6	1260.3	152	8
DESV.ST	37.2	40.9	46.3	57.1	73.9	61.9	96.2	83.6	66.5	39.2	23.4	33.4	840.6	55.7	4.1

TEMPERATURA MÁXIMA PROMEDIO
AÑO	ENE	FEB	MAR	ABR	MAY	JUN	JUL	AGO	SEP	OCT	NOV	DIC	ACUM	PROM	MESES
1940									35.9	30.9	28	28		30.7	4
1941	24	25.8	27.1	25.7	31.7	31.1	35.5	34	30.9	28.8	28.6	25.8		29.1	12
1942	27.4	26.1	27.1	26.4	29.4	29.2	36.4	34.8	35.7	32.2	28.1	26.7		30	12
1943	25	26.6	28	28.5	29.4	32.2	35.4	35.3	34.9	33.4	31.2	25.7		30.5	12
1944	24.5	22.9	26.1	26.7	26.6	27.5	33.8	36	32	32.9	25.2	25.6		28.3	12
1945	24.6	24.3	24.7	26	29.1	27.5	33.1	34.8	34.9	30	28.8	26.3		28.7	12
1946	24	27.8	25.4	28.2	26	31.9	33.3	34.6	34	29	25.7	25.1		28.8	12
1947	22	26.2	23.9	25.5	24.7	27.8	32.1	32.3	32.9	32.1	26	23.9		27.4	12
1948	26.3	23.7	25.2	30.1	26.7	31	34.2	34.2	34.5	29.6	28.2	23.6		28.9	12
1949	20.1	24.2	25.3	27.8	27	30.5	35.6	36.8	37.7	33.4	35	26.1		30	12
1950	24.1	26.7	26.9	29	28.3	30.7	33.6	35.8	34.4	34.9	32.2	29.3		30.5	12
1951	25.5	26.4	26.6	26.7	27.2	30.1	33.9	36.9	35.9	33.5	28.7	25		29.7	12
1952	27.3	28	25.1	25.7	29.3	30.2	36.4	36.3	37.8	36.9	27.3	25.3		30.5	12
1953	28.6	26.6	27.9	26.1	29.1	30.5	36.1	35.7	37.6	33.9	32.3	27.7		31	12
1954	26.8	28.9	27.8	28.7	27.5	29.8	35.1	35.1	36.5	32.2	31.2	27.2		30.6	12
1955	22.6	26.5	29	28.5	27.3	30.3	32.5	34.7	34	29.4	28.8	27.6		29.3	12
1956	27.1	24.9	27.1	25.7	30.5	31.9	35.7	36.4	36.6	32.6	31	27		30.5	12
1957	27.5	29.4	25.5	26.4	25.4	30.8	35.5	37	35.1	29.3	26.6	29.4		29.8	12
1958	26.3	27.1	26.3	29.1	32.5	31.2	35.5	35.4	35.7	32.4	29.5	29.6		30.9	12
1959	27.6	26.4	28.1	28		32			35.4	31.9	22	17.7		27.7	9
1960				21.4	18.1	20.8	26.2	35.1	28.1	25.8	21.1	18.1		23.9	9
1961	17	17.6	18.6	18.4	20.1	22.1	25	29.7	25.6	24.5	18.6	15.8		21.1	12
1962	15.5	16.5	16.6	22	21.5	22	31.6	34.3	34	31.5	22.8			24.4	11
1963	14.1		17		25.5				29.4	35.1	21.5	19.9		23.2	7
1964	11.9	15	14.8	24.6	17.4	26.1	34.2	35	29.6	28.8	22.2	24		23.6	12
1965	23.2	19.2	23.7	28.4	31.9	29.8	36.4	37.8	30.4	31.2	28.6	26		28.9	12
1966	24	26.4	25.4	29	31.6	36.6		32.6	34.4	30.5	22.1	21.4		28.5	11
1967	23.9	24.4	27.4	24	28.8	28.7	32.5				29.4			27.4	8
1968	23.2	25.9	25.8	28.5	26.6	28.9	33.3	33				25.6		27.9	9
1969		26.2	27.2			29.2	34.6	35.2	36.5		31	24.7		30.6	8
1970	23.6	21.3	27.5	31.4	32.6	29.7	35.3	35	36.4	30.8	29.2	25.8		29.9	12
1971	22.8	23.5	26.8	23.1	25.1	29.3	31.3	34.2	34	29.6	26.4	23.1		27.4	12
1972	23.1	24.2	23.9	28.2	26.7	28.8	34.7	34.3	33	31.1	23.2	23.4		27.9	12
1973	19.5	23.5	26.1	22.5	26.1	22.3	29.3		27.9	30.4	26.5	21		25	11
1974	23.4	24	27.9	20.5	22	20	24.3	31.5	30.2	24.7	25.4	21.8		24.6	12
1975	20.3	23.1	19.6	19.5	21.1	25.6	29.8	32.8	33.3	29.6	27.5	24.8		25.6	12
1976	25.4	23.4	23.1	24.2	24.6	30.3	32.5	35.1	31	30.4	27.5	24.7		27.7	12
1977	23.2	27.7	24.4	27.3	25.4	31.6	33.8	33.2	32.9	31.9	28.7	28.9		29.1	12
1978	25	23.6	25.2	26.1	26.8	30.9	37.2	33.5	35.3	32.2	25.3	26		28.9	12
1979	24.3	25.4	24.4	25.9	27.7	29.5	34	34	35	33.1	28.7	27.4		29.1	12
1980		27.6	26.2	29.5	25.9	34.6	35.9	35.9	34.3	31.6	29.5	27.4		30.8	11
1981	24.9	28.2	25.3	28.5	26.2	29.7	34.8	36.1	33.9	31	30.1	28		29.7	12
1982	24.6	26.3	26.8	30.1	26.6	28.8	36		35.8	33.7	29.4	24.4		29.3	11
1983	24.7	26.1	25.6	26.2	29.4	31	35.5	34.6	34.8	32.9	28	25.7		29.5	12
1984	24.7	27	28.3	27.8	28.9	32.5	35.2	35.5	34.3	28.9	26.3	24.3		29.5	12
1985	22.8	24.2	26.8	27.8	28.8	29.8	35.8	36	34.6	32.3	28.4	27.5		29.6	12
1986	28.5	26.4	26	32.9	33.9	37.6	39.4	42.1	33	32.5	30.8	24.6		32.3	12
1987	24.1	24.3	25				35.1	36	36.5	34.9	29	25.3		30	9
1988	26.5	28.6	27.1	27	30.8	37.6	37.5	38.4	37.4	28.8				32	10
1989	24.2		27	27.8	29.4	29	33.9	35.5	35.6	32.5	29.1	25.2		29.9	11
1990	24.1	24.6	26.9		29.3	33.5	35.9		34.2					29.8	7
1991	24.2	28.1	28.7	28.9	29.3	30.4	31.8	37.3	35.1		29.6	23.9		29.8	11
1992	22.8	26	26.2	29.8	30	32.8	37.2	37.1	38.4	33.8	28.7	24.6		30.6	12
1993	25.2	24.6	28.3	29.1	28.9				37	35.1	29.4	27.2		29.4	9
1994	27.9	28.2		26	30	32.3								28.9	5
1995	27.9	27.4	29.5	28.7	30.4	32.8	34.1	33.9	33.7	26.8	25.6	23		29.5	12
1996							33	35.5	34	35.7	33	25.6		32.8	6
1997	23.9	27.5	29.5	26.7	31.7	31.3	36.9	37.1	36.5	35	32.4	25		31.1	12
1998	28	25.6	26.8	28.1	29.3	35.3	35.1	37.3	34.8	34.4	31.6	26.6		31.1	12
1999		29.4	28.8	30.6	32.8	35.1	37.8	38.7	36.1	36.2	31.7	29		33.3	11
2000	30.4	28.1	26.9	28.2	27.7	32.6	35.9	36.7	35.1	30.5	27.3	29.1		30.7	12
2001	25.6							36.4	34.2	31.1	30.3	25.5		30.5	6
2002	28.4		29.2	27.8	30.2	38	40	36.5	34.2	31.1	31.3	25		32	11
2003	29.9	25.9	26.7	27.8	28.1	27.6	33.8	34.6	35.1	29.6	31.3	26.4		29.7	12
2004	24.1	25	27.3	28	30.5	31.3	34.5	36.2	34.4	30.2	28.4	27.1		29.8	12
2005	25.5	24.3	25.7	29	28.8	29.3	34.8	36.7	38.6	31.8	32.2	28.6		30.4	12
2006	28.4	28.1	28.7	30.9	31.1	33.9	37.4	35.4	35	30.2	30	25		31.2	12
2007	22.9	24.9	27.6	26.8	27.6	31.5	33.8	34.5	34.1	33	28.7	23.2		29	12
2008	24.8	26.5	30.5	30.1	26.8	31.9	35.6	34	33.7	34.4	30.5	26.2		30.4	12
2009	27.2	30.3	28.2	28.7	29.6	30.7	36.7	36.6		31.2	28.9	26.2		30.4	11
2010	27.3	24.9	28.5	27.7	28.4	29.9	32	36.5	34.3	31.4	28.6	27.6		29.8	12
2011	26.8	25.1	28.4	28.3	29.4	30.2	34	36.4	37.1	34.4	27.7	24.9		30.2	12
2012	30	26	27.8	28.1	28.4	30.4	34.5	36.1	34.5	32.1	29.2			30.6	11
2013	25.3	25.1	28.5	28.3	28.1	31.8	33.8	34.9	34.3	33.2	28.1	24.3		29.6	12
2014	23.7	24.2	26.5	30	35.4	37.9	37.5	38.7	36.3	33.9	32	29.7		32.1	12
2015	28.8	30.9	29.8	32.6	33.9	36.9	37.8	38.1	37.7	34.1	29.6	26.4		33	12
2016	27.4	31.6	29.2	31.6	30.2	35.1	40.5	36.5	36.1	36.4	32.9	26		32.8	12
2017	24.7	28.2	30.1	32.4	29.9	34	39.5	40.4	36.3	36.5	33.8	28.6		32.9	12
2018	28.7	28.1	31.3	32.6	32.5	33.6	38	37.1	36.6	32.4	30	27.4		32.4	12
2019	27.5	26.5	30.2	31.2	29	34.4	38.2	38.3	35.5	33.5	29.1	23.9		31.4	12
2020	23.8	27.9	27.9	30.4	32.1	34.9	37.6	38.5	38	36.2	33.7	28.4		32.5	12
2021	27.4	28.1	28.7	31.6	31.7	34.1	36.7	36	33.8	29.7	30.5	28.1		31.4	12
2022	26.9	27.4	26.8	29.3	29.3	33.6	35.6	36.1	32.3	31.4	23.7	20.4		29.4	12
2023	19.5	19.1	25.6	30.1	33.4	38	40	39.6	35.6	36.2				31.7	10
MÍNIMA	11.9	15	14.8	18.4	17.4	20	24.3	29.7	25.6	24.5	18.6	15.8		21.1	4
MÁXIMA	30.4	31.6	31.3	32.9	35.4	38	40.5	42.1	38.6	36.9	35	29.7		33.3	12
MEDIA	24.7	25.7	26.4	27.7	28.3	31	34.8	35.7	34.5	31.9	28.5	25.5		29.5	11.1
DESV.ST	3.4	2.9	2.9	2.9	3.4	3.7	3	2	2.4	2.6	3.2	2.7		2.3	1.8

TEMPERATURA MÁXIMA EXTREMA
AÑO	ENE	FEB	MAR	ABR	MAY	JUN	JUL	AGO	SEP	OCT	NOV	DIC	ACUM	PROM	MESES
1940									41	37	33	33		36	4
1941	28	34	34	34	40	40	39	39	36	38	33.5	32		35.6	12
1942	33	32.5	33	33	36	40	40.5	40.5	42	36.5	33.5	31.5		36	12
1943	30	33	31	32	37	39	43	39	40	40	35	30		35.8	12
1944	33	29	31	34	36	36	40	39	38	42	30	30		34.8	12
1945	29.5	32	33.5	32.5	36.5	34	38	39	43	37.5	32	29.5		34.8	12
1946	31.5	30	33	36	33	40	38	37.5	38.5	34.5	31	34		34.8	12
1947	30	31.5	32	33	34	32	34.5	36.5	38	35	32.5	29		33.2	12
1948	31.5	32	33.5	37	32	38	39.5	40	40	37	33	29.5		35.2	12
1949	27.5	27	32	36	33	37	39.5	42	42	39	40	39		36.2	12
1950	34	32	35	36	34	35	38	41	40	39	37	35		36.3	12
1951	31	32	33	35	34	41	41	41	39	40	34	32		36.1	12
1952	36	35	32	30	33	37	40	41	45	42	36	31		36.5	12
1953	36	33	34	33	36	37	39	41	43	41	38	33		37	12
1954	33	33	35	36	31	33	41	40	42	38	37	35		36.2	12
1955	31	38	37	39	33	34	38	39	41	36	34	35		36.2	12
1956	36	34	34	31	39	38	39	40	40	40	36	33		36.7	12
1957	36	37	33	33	33	46	39	40	42	39	30	34		36.8	12
1958	33	34	33	35	44	35	41	44	41	39	35	33		37.2	12
1959	32	32	33	35		39			39	40	34	29		34.8	9
1960				30	23	30	30	39	33	32	26	23		29.6	9
1961	23	25	26	25	29	26	28	37	30	28	20	23		26.7	12
1962	21	20	22	32	25	29	38	39	38	36	29			29.9	11
1963	21.5		23		29.5				36	39	26	29		29.1	7
1964	17	19	19	28	24	32	38	39	33	32	27	30		28.2	12
1965	27	24	29	31	35	32	39	41	34	38	34	31		32.9	12
1966	29	30	31	33	35	39.5		37	37	32	29	30		33	11
1967	30	29	33	31	38	35	37				35			33.5	8
1968	28	30	32	33	31	36	37	39.5				30		32.9	9
1969		31	32			37	38	40	40		39	28		35.6	8
1970	30	24	32	35	38	33	39	39	39	35	33	31		34	12
1971	27	28	32	32	32	35	35	37	36	34	32	30		32.5	12
1972	32	29	31	33	31	33	39	39	36	37	27	27		32.8	12
1973	26	30	32	27	29	28	35		32	35	33	23		30	11
1974	30	31	31	22	28	21	31	34	32	29	30	28		28.9	12
1975	29	32	30	23	29	33	35	39	38	33	33	30		32	12
1976	31	28	30	31	30	34	38	39	37	36	34	29		33.1	12
1977	28	32	31	33	30	39	38	38	36	36	33	30		33.7	12
1978	30	28	30	30	32	39	40	41	39	38	29	30		33.8	12
1979	29	29	31	31	34	35	36	38	40	40	31	32		33.8	12
1980		34	36	36	30	43	40	40	42	37	35	32		36.8	11
1981	31	34	32	35	30	36	39	41	40	36	35	34		35.2	12
1982	30	31	34	40	33	34	40		44.5	37.5	34.5	30.5		35.4	11
1983	30	30	33	35	33.5	37.5	39	38.5	38	39	32.5	30		34.7	12
1984	28	32	32.5	34.5	34.5	41.5	39.5	39	40	34	30	32		34.8	12
1985	27.5	30	34.5	34	35.5	36.5	39.5	41	40	42	32.5	33.5		35.5	12
1986	33	32.5	35	40	40.5	44	46.5	46.5	39	40	38	30.5		38.8	12
1987	32.5	30	34.5				40	42	45	40	37	31		36.9	9
1988	32	33	34	30	37	42	42	42	45.6	38				37.6	10
1989	30		31	35	37	35	38	39	41	38	34	32		35.5	11
1990	31	31	33.5		36	38	39		38					35.2	7
1991	29	31	34	32	32	34	35	39	38		34	29		33.4	11
1992	27	30	31	36	34	42.5	41	40	43	41	33	30		35.7	12
1993	29	30	34	36	34				39	38	33	32		33.9	9
1994	33	32		29	34	39								33.4	5
1995	30	30	32	31	32	39	39	38	39	29	31	27		33.1	12
1996							40	41	40	39	36	30		37.7	6
1997	32	31	36	33	40	42	44	43	40	40	39	30		37.5	12
1998	32	30	35	34	37	42	40	42	41	38	33	30		36.2	12
1999		32	34	37	37	40	40	42	39	40	37	32		37.3	11
2000	36	33	34	34	36	40	41	40	41	36	31	35		36.4	12
2001	36							39	39	35	34	31		35.7	6
2002	34		33	35	38	46	43	39	39	35	37.5	30.5		37.3	11
2003	34.5	31.5	38	37	34	36	37	40	42	36	39	33		36.5	12
2004	29.5	32	36	37	37	36.5	37	40	39	38	32	34		35.7	12
2005	32	30	33	37	35	36	42	45	42	37	35	32		36.3	12
2006	33	32	34	34	33	40	42	41	39	35	33	30		35.5	12
2007	30	32	34	34	37	37	38	39	38	40	34	29		35.2	12
2008	30	33	37	37	40	40	40	39	39	38	37	32		36.8	12
2009	33	39	38	35	38	34	41	43		34	33	31		36.3	11
2010	32	32	35	35	35	36	38	41	39	38	36	34		35.9	12
2011	33	33	34	39	39	37	39	41	41	39	33	31		36.6	12
2012	34	32	33	33	34	35	39	40	40	36	33			35.4	11
2013	33	37	35	35	34	38	37	40	39	39	31	27		35.4	12
2014	27	29	30	34	39	41	41	40.5	43	39	38	34		36.3	12
2015	33	35	33	36	39	44	41	41	42	38	36	37		37.9	12
2016	34	37	35	37	38	42	45	41	40	41	38	36		38.7	12
2017	34	36	35	46	36	42	43	44	43	41	39	32		39.2	12
2018	32.5	35	36	39	39	38	41	41	40	37	34	37		37.5	12
2019	32	32	36	38	33	41	42	42	40	38	34	28		36.3	12
2020	28	34	34	37	37	41	42	42	41	42	39	33		37.5	12
2021	33	34	37	40	37	38	42	40	38	34	32	30		36.2	12
2022	29	29	31	35	34	39	39	39	40	37	30	25		33.9	12
2023	23	26	33	38	39	44	43	42	38	39				36.5	10
MÍNIMA	17	19	19	22	23	21	28	34	30	28	20	23		26.7	4
MÁXIMA	36	39	38	46	44	46	46.5	46.5	45.6	42	40	39		39.2	12
MEDIA	30.6	31.3	32.8	34	34.4	37.2	39.1	40.1	39.4	37.3	33.5	31		35	11.1
DESV.ST	3.5	3.4	3.1	3.8	3.8	4.4	3	1.9	2.9	3	3.5	3		2.4	1.8

TEMPERATURA MÍNIMA PROMEDIO
AÑO	ENE	FEB	MAR	ABR	MAY	JUN	JUL	AGO	SEP	OCT	NOV	DIC	ACUM	PROM	MESES
1940									21.2	15.8	10.2	9.9		14.3	4
1941	7	8.4	9.6	9.5	13	14.3	20.9	18.7	16.4	13.3	10.4	7.6		12.4	12
1942	7.8	8.8	8.5	10.4	11.8	15.7	20.2	22.1	19	16.6	11.3	7.9		13.3	12
1943	8	8.4	9.2	10.6	13.7	16.6	19.2	22.4	22.5	17.8	13.4	10.8		14.4	12
1944	6	7.8	8.4	9.5	12	14.1	17.4	20.9	19.1	14.3	9.7	7.3		12.2	12
1945	7.2	6.3	6.6	9.3	13.1	13.6	18.2	21.5	21.4	15.8	10.6	7		12.6	12
1946	5.8	8.5	9.5	11.9	12.2	15.5	18.7	20.4	21.2	15	8.3	8.2		12.9	12
1947	3	7.6	8.1	9.6	11.8	13.6	18.7	18.3	19.9	9.4	7.6	6		11.1	12
1948	6.1	8.1	6.8	10.3	10.8	15.5	20.8	20.3	21	16.3	9.3	9.4		12.9	12
1949	4.8	10.4	8.2	10.6	12.2	16.3	20.5	21.2	19.7	12.5	5.8	5.9		12.3	12
1950	5.9	6	7.8	10.1	8.7	13.4	18.6	18.5	18.1	16.9	12.2	7.9		12	12
1951	5.4	6.1	8.6	10.1	9.5	12.4	18.8	21.3	21.7	17.8	14.7	9.7		13	12
1952	6.9	6.8	7	9.7	12.9	13.3	19.2	20.8	21.3	16.4	10.1	5.7		12.5	12
1953	5.6	5.6	7.5	7.7	8.2	11.8	18.7	18.8	17.8	16.8	9.7	4.6		11.1	12
1954	6.6	9.1	8.3	10.4	12.1	12.4	18.9	19.2	21.1	15.4	9.8	5.7		12.4	12
1955	4.6	3.5	8.4	8.2	11	13.2	15.4	20.7	20.1	13.3	7.9	6		11	12
1956	6.6	4.6	6.9	7.7	10.9	14.6	18.8	20.5	21.2	15.3	10.1	7.3		12	12
1957	9.7	8.1	8.2	9.4	9.4	14.8	18.9	20.3	17.4	14.1	7	9.8		12.3	12
1958	6.1	8.2	8.4	11.6	13.5	15	20.3	21.3	21.3	18.1	12.1	10.7		13.9	12
1959	7.7	8.7	8.7	12.4		15.9			20.6	15.1	10.7	8.5		12	9
1960				8.3	11.2	14.6	17.9	20.7	20	14.5	9.3	5.8		13.6	9
1961	7.9	4.5	7.2	9.2	8.6	13.3	18.1	20.2	18	14.7	7.6	6.2		11.3	12
1962	4.9	7.9	6.6	8.8	9.3	8.8	16	21	20	18.9	11.3			12.1	11
1963	6.6		7		11				20.2	18.2	9.8	6.8		11.4	7
1964	2.3	3	5	8.7	8.6	12.1	20.8	21.6	14.3	16.6	10.7	9.8		11.1	12
1965	10.5	8.3	10.5	13.3	14.7	14.8	18.7	23.6	17.1	16.3	13.3	11.7		14.4	12
1966	6.5	5.3	8.9	10.9	16.5	21.2		19.8	18.2	12	8.5	3.5		11.9	11
1967	1.7	4.7	5.7	6.1	8.9	11.4	15.9				9.4			8	8
1968	4.3	7.1	7.1	7.8	8.1	11.5	16.7	15.4				2.6		9	9
1969		5.4	4.4			9	15.8	17.8	19.7		8.9	6.4		10.9	8
1970	4.2	2.2	8.3	9	8	11.8	16.2	17.4	19.6	9.4	6.5	4.2		9.7	12
1971	2.5	8.3	10	6.2	7.3	11.5	15.8	20	20.9	14.4	8.2	6.5		11	12
1972	4.2	6.3	9.4	8.2	9.1	14.1	18.1	19.9	18.7	14.2	8.3	6.4		11.4	12
1973	6	4.9	5.5	9.7	10.2	11.4	11.9		13.6	12	9	10.9		9.6	11
1974	6.4	2.9	6.6	7.8	9.1	8.8	11.3	19.4	19.3	13.7	11.2	8.1		10.4	12
1975	4.8	2.7	3.2	8	9.2	11.4	15.8	16.4	17.5	10.7	7.9	3.1		9.2	12
1976	3.2	5.7	6.9	6.8	10.1	12.8	13.8	16.8	17	12.3	9.6	5.1		10	12
1977	5.4	5	5.3	6.2	7.5	9.7	14.8	16.1	15.5	14.9	9.4	5.2		9.6	12
1978	5.6	6	10.3	9.3	13.6	18.6	22.3	20.2	19.7	12.6	9	5.9		12.8	12
1979	5.5	7.4	9.4	9.9	12.6	14.8	16.2	14	17.9	14.8	9.1	8.2		11.7	12
1980		10.6	10.3	9.2	11.3	16.1	20.7	21.1	19.2	16.4	10.3	8		13.9	11
1981	9.5	8.6	9.1	9.3	8.4	11.4	16.9	17.9	18	13.5	10	5.8		11.5	12
1982	5.6	7	7.5	9	10.7	11.7	18.7		20.9	14.5	12.1	9.1		11.5	11
1983	9	8.1	10.2	9.5	11.3	14.9	21	22.2	23.2	16.8	10.9	8.9		13.8	12
1984	8.1	6.6	9.4	10.9	13.3	17.6	21.4	21.8	21.7	15.2	8.9	9.9		13.7	12
1985	7.5	6.4	9.3	11.7	12.3	14.3	20	20.4	18.8	14.5	10.6	6.7		12.7	12
1986	7.6	8	11.1	12.1	14.1	15.9	20	25.8	19.4	15.4	14.3	7.9		14.3	12
1987	4.8	6.6	6.9				21.2	21	21.3	18.8	11	8.2		13.3	9
1988	6.5	7.6	6.2	9.8	11.6	14.7	17.8	17.9	18.4	14.5				12.5	10
1989	2.7		9.1	9.7	10.7	12.9	18.2	19.5	20.5	15.6	11.4	7.9		12.6	11
1990	5.7	4.4	7.7		9.8	14.8	19.7		19.7					11.7	7
1991	7.2	5.7	8.5	8.6	8.3	9.6	16.4	18.2	19.1		9.2	7.2		10.7	11
1992	7.7	7.5	8.2	11.7	13.2	15	20.3	21.8	21.4	16.3	9.9	9.4		13.5	12
1993	8.6	7.7	7.5	9.2	12.9				18	16.2	8.8	9.4		10.9	9
1994	6.1	5.8		7.4	9.9	10.2								7.9	5
1995	5.6	6.5	12.6	13.5	15.9	17.4	21	23.5	22.6	15.2	12.8	6.4		14.4	12
1996							18	21.3	19	16	10.9	7.1		15.4	6
1997	7.2	4.9	8.4	9.1	12.3	13.4	18.2	22.1	22.7	15.2	12.6	7.1		12.8	12
1998	5.8	6.2	8.2	8.3	10	14.7	19.7	20.7	18	16.8	7.4	4.5		11.7	12
1999		5.5	6.7	7.5	9.3	12.1	11.4	17	17.6	13.2	10.6	4.5		10.5	11
2000	5.6	6.8	7.5	9.3	10.5	15.3	17	20	19.5	14.6	6.6	5.9		11.6	12
2001	5.5							18.5	17.9	15.8	12.1	5.7		12.6	6
2002	5.8		5.7	10.4	10.3	15.6	14.8	18.4	17.9	15.8	8.3	6.6		11.8	11
2003	7	9.3	9.2	10.6	10	12.6	19.7	15.1	20.6	13.1	9.4	4.5		11.8	12
2004	6.8	5	8.9	9.1	11	12.7	19	17.6	18.9	13.3	8.7	5.8		11.4	12
2005	7.3	7.6	7.1	8.2	11	12.4	17.8	19	18.8	15.2	9.2	7.2		11.7	12
2006	5.4	6.8	6	6.9	9	13.7	17.9	19.6	18.8	12.9	12.5	5.6		11.3	12
2007	5.2	6.1	6.9	8.8	10.1	12.8	17.3	18.2	18.2	13.1	10.8	5		11	12
2008	5.5	4.3	5.7	7.7	10.6	13.9	18.2	20	19.7	16.3	11.1	7.8		11.7	12
2009	6	5.2	8.1	8.4	11.4	12.5	17.7	18.2		10.6	10	5.4		10.3	11
2010	5.7	6.6	6.6	8.3	8.6	12.9	15.3	18	17.2	12.5	6.9	6.2		10.4	12
2011	4.3	2.9	6.4	8.2	8.5	11.7	16.8	19.2	15.9	12.7	8.5	4.5		10	12
2012	5.6	6.8	6.1	6.9	10	12.4	17	19.6	20.9	15.3	10.5			11.9	11
2013	3.4	4.2	7.5	8.8	10.1	13.4	17.2	16.8	16.4	9.6	13	8.9		10.8	12
2014	6	6.2	10.6	12.2	14.5	17.6	19.7	21.7	21.4	19.4	11.7	9.7		14.2	12
2015	9	14.8	15.7	16.8	17.8	20.7	21.8	23.4	22.5	22	19.3	13.9		18.1	12
2016	8.3	8.7	11.9	11.7	13.5	17.3	21.6	23	21.3	19.6	15.6	10.2		15.2	12
2017	6.8	10.5	12.6	13.5	14	17.2	21.8	25.1	21.2	19.7	16.2	11.8		15.9	12
2018	9.5	13	13.7	13.8	13.8	15.8	21.6	23.4	23	18.7	14.5	11.8		16	12
2019	10.2	11.1	12	13.6	13.9	16.3	20.6	22.6	22.5	18.2	18.1	8.1		15.6	12
2020	8.9	11.1	12.8	12.3	14.3	18.3	22.5	23.7	23.3	19.9	14.5	7.8		15.8	12
2021	7.5	9.5	9	12.9	13.5	16.8	20.3	22.9	22.7	21	15.3	15.1		15.5	12
2022	13.5	15.6	13.9	12.6	11.5	16.3	21.4	21.9	22.5	19.3	9	7.2		15.4	12
2023	6.1	6.2	15.6	13.3	17.9	21.2	23.5	23.8	20.3	22				17	10
MÍNIMA	1.7	2.2	3.2	6.1	7.3	8.8	11.3	14	13.6	9.4	5.8	2.6		7.9	4
MÁXIMA	13.5	15.6	15.7	16.8	17.9	21.2	23.5	25.8	23.3	22	19.3	15.1		18.1	12
MEDIA	6.3	7	8.5	9.8	11.3	14.1	18.4	20.1	19.6	15.4	10.5	7.5		12.3	11.1
DESV.ST	2	2.5	2.4	2.1	2.3	2.6	2.5	2.3	2.1	2.7	2.6	2.4		2	1.8

TEMPERATURA MÍNIMA EXTREMA
AÑO	ENE	FEB	MAR	ABR	MAY	JUN	JUL	AGO	SEP	OCT	NOV	DIC	ACUM	PROM	MESES
1940									16	10	4	1		7.8	4
1941	0	2	4	6	9	10	18	15	10.5	7	2	1.5		7.1	12
1942	0	4	2	6	6.5	11.5	17	19	13	7.5	6	2		7.9	12
1943	0	4	5	6	8	9	16.5	21	18	12	8	5		9.4	12
1944	-2	3	3	5	6	7	13.5	18	14	9	4	0.5		6.8	12
1945	0	1	1	1.5	9	5	10.5	19	14	11	5.5	-0.5		6.4	12
1946	-2	5	2.5	4	7	10.5	16	12	18	10.5	3	2		7.4	12
1947	-1	1	1.5	4	6	8	15.5	13	16	4	3	0		5.9	12
1948	-1	1	2	5	6	10	18	17	15	10	1	0		7	12
1949	0	7	2	5.5	6.5	9.5	15.5	13	14	5	3	-3		6.5	12
1950	0	0	3	5	5	8	15	14	13	11	8	2		7	12
1951	0	0	2	6	5	7	16	19	19	12	8	0		7.8	12
1952	2	0	3	5	7	6	15	18	17	13	4	0		7.5	12
1953	0	0	3	3	5	7	12	15	11	11	3	0		5.8	12
1954	2	3	4	6	5	7	15	17	17	9	4	0		7.4	12
1955	0	-3	2	4	7	10	10	19	13	7	4	2		6.2	12
1956	2	0	0	3	6	11	16	18	14	8	4	0		6.8	12
1957	2	3	2	4	6	10	12	18	10	9	0	0		6.3	12
1958	2	3	3	5	9	9	17	19	17	12	2	0		8.2	12
1959	0	2	3	10		12			16	10	0	2		6.1	9
1960				3	5	11	13	18	17	9	2	2		8.9	9
1961	2	0	2	3	4	7	10	18	13	9	0	2		5.8	12
1962	0	0	0	4.5	3	5	13	16	17.5	15	6			7.3	11
1963	1		1		6				16	15	6	1		6.6	7
1964	-3	0	-2	4	4	7	16	20	12	13	6	6		6.9	12
1965	8	5	8	10	11.5	12.5	15	20	12	10	10	5		10.6	12
1966	-1	1	5	8	11.5	16.5		17	12	9	3	-1		7.4	11
1967	-2	1	3	2	3	6	13				5			3.9	8
1968	0	2	2	5	4	3.5	10	12				-1.5		4.1	9
1969		1.5	1			5	12	13	17		4	-1		6.6	8
1970	-2	1	3	3	5	9	15	16	16	5	3.5	-3		6	12
1971	-5	5	6	2	4	5	11	17	17	10	3	3		6.5	12
1972	-2	2	4	2	5	10	12	17	15	10	2	3		6.7	12
1973	1	1	2	4	7	7	8		9	9	5	8		5.5	11
1974	1	2	2	6	7	7	7	16	17	11	8	3		7.2	12
1975	2	1	1	6	4	9	13	12	12	8	6	1		6.2	12
1976	0	2	3	3	5	7	10	11	12	8	6	2		5.8	12
1977	1	1	1	2	3	6	12	10	10	10	6	0		5.2	12
1978	1	1	5	4	7	10	18	16	17	9	3	-1		7.5	12
1979	3	4	5	4	6	12	14	7	13	9	4	2		6.9	12
1980		7	5	4	7	11	16	20	15	9	5	2		9.2	11
1981	5	2	5	2	5	9	15	14	12	9	5	2		7.1	12
1982	0	2	3	3	7	7	15		16.5	11	10.5	3		7.1	11
1983	3.5	5.5	5.5	5	5.5	10.5	13	16.5	21	12	3	5		8.8	12
1984	3	2.5	4	5.5	6	11	16.5	19	18	9	3	4		8.5	12
1985	3	2.5	2	6	7	9	16	18	15	10	-0.5	0.5		7.4	12
1986	5	4	7	8.5	11	13	16	22	10	11	5.5	3		9.7	12
1987	-1	2.5	2				16	18	16	14	8	0		8.4	9
1988	2	1	2	6.5	7.5	10	14	10	14	10				7.7	10
1989	0		4.5	7	8	8	15.5	17	16	9	5.5	2.5		8.5	11
1990	1	-2	1.5		6	7	17		17					6.8	7
1991	0	2.5	6	6	6	7	14	16.5	15		5	2.5		7.3	11
1992	5	5	5	8	10	10	16	19	18.5	12	2.5	2.5		9.5	12
1993	4	5	4	6	9				14	9	6	4		6.8	9
1994	1	3		6	7	6								4.6	5
1995	3	3	10	11	13	14	18	22	20	11	9	3		11.4	12
1996							16	19	14	14	6	3		12	6
1997	4	2	3	4	9	9	15	20	19.5	9	8	1		8.6	12
1998	3	4	3.5	4	8	9	17	17	12	12	6	0		8	12
1999		1	2	3	2	8	8	13	16	11	4	2		6.4	11
2000	0	3	3	4	6	9	14	17	14	11	3	2		7.2	12
2001	-1							15	13	14	8	2		8.5	6
2002	3		2	4.5	7	9.5	7	15	13	14	5	2		7.5	11
2003	5	5	5	5	5	8	16	10	10	8	6	-4.5		6.5	12
2004	3	1.5	3	5	8	9	17	14	14	10	5	1		7.5	12
2005	3	4	4	4	6	8	15	15	15	11	3	3		7.6	12
2006	1	4	3	6	6	10	14	18	14	10	9	0		7.9	12
2007	0.1	1	3	5	7	7	16	11	13	8	4	1		6.3	12
2008	1	0	0	5	6	8	15	18	16	12	6	1		7.3	12
2009	0	2	5	4	8	9	15	15		5	6	2		6.5	11
2010	2	2	1	6	4	8	10	16	14	7	1	0		5.9	12
2011	1	-4	3	3	5	8	10	17	13	9	1	1		5.6	12
2012	3	2	2	4	5	9	14	16	20	10	6			8.3	11
2013	-2	-2	0	3	7	9	12	14	14	6	9	3		6.1	12
2014	3	3	7	9	12	14	16	18	20	14	6	1		10.2	12
2015	2	9	8	14	13	16	18	22	20	19	16	5		13.5	12
2016	3	0	7	9	10	13	19	20	19	16	10	5		10.9	12
2017	3	6	8	10	9	11	20	21	14	16	13	6		11.4	12
2018	2	4	7	10	10	14	20	22	22	15	12	6		12	12
2019	3.5	4	8	11	12	12	18	20	18	15	14	4		11.6	12
2020	3	5	8	10	12	14	20	20	20	13	8	1		11.2	12
2021	2	4	4	11	11	14	18	20	20	15	14	12		12.1	12
2022	4	13	11	9	9	10	18	20	20	10	4	2		10.8	12
2023	3	1	7	9	12	18	16	18	18	20				12.2	10
MÍNIMA	-5	-4	-2	1.5	2	3.5	7	7	9	4	-0.5	-4.5		3.9	4
MÁXIMA	8	13	11	14	13	18	20	22	22	20	16	12		13.5	12
MEDIA	1.3	2.4	3.6	5.5	7	9.3	14.6	16.7	15.3	10.6	5.4	1.8		7.8	11.1
DESV.ST	2.2	2.5	2.4	2.6	2.5	2.8	3	3.2	3	3	3.3	2.5		2	1.8

TEMPERATURA MEDIA MENSUAL
AÑO	ENE	FEB	MAR	ABR	MAY	JUN	JUL	AGO	SEP	OCT	NOV	DIC	ACUM	PROM	MESES
1940									28.5	23.4	19.1	19		22.5	4
1941	15.5	17.1	18.4	17.6	22.4	22.7	28.2	26.4	23.6	21	19.5	16.7		20.8	12
1942	17.6	17.5	17.8	18.4	20.6	22.4	28.3	28.4	27.4	24.4	19.7	17.3		21.6	12
1943	16.5	17.5	18.6	19.6	21.5	24.4	27.3	28.8	28.7	25.6	22.3	18.2		22.4	12
1944	15.2	15.3	17.2	18.1	19.3	20.8	25.6	28.4	25.6	23.6	17.4	16.4		20.2	12
1945	15.9	15.3	15.6	17.6	21.1	20.6	25.6	28.1	28.1	22.9	19.7	16.6		20.6	12
1946	14.9	18.1	17.4	20	19.1	23.7	26	27.5	27.6	22	17	16.6		20.8	12
1947	12.5	16.9	16	17.6	18.2	20.7	25.4	25.3	26.4	20.8	16.8	14.9		19.3	12
1948	16.2	15.9	16	20.2	18.8	23.2	27.5	27.2	27.8	23	18.8	16.5		20.9	12
1949	12.5	17.3	16.8	19.2	19.6	23.4	28	29	28.7	23	20.4	16		21.2	12
1950	15	16.4	17.3	19.6	18.5	22	26.1	27.1	26.2	25.9	22.2	18.6		21.2	12
1951	15.4	16.2	17.6	18.4	18.4	21.2	26.4	29.1	28.8	25.6	21.7	17.4		21.4	12
1952	17.1	17.4	16	17.7	21.1	21.8	27.8	28.5	29.5	26.6	18.7	15.5		21.5	12
1953	17.1	16.1	17.7	16.9	18.6	21.1	27.4	27.2	27.7	25.4	21	16.1		21	12
1954	16.7	19	18	19.6	19.8	21.1	27	27.1	28.8	23.8	20.5	16.4		21.5	12
1955	13.6	15	18.7	18.4	19.1	21.8	24	27.7	27	21.4	18.4	16.8		20.2	12
1956	16.9	14.8	17	16.7	20.7	23.2	27.2	28.4	28.9	24	20.6	17.1		21.3	12
1957	18.6	18.8	16.9	17.9	17.4	22.8	27.2	28.6	26.2	21.7	16.8	19.6		21	12
1958	16.2	17.6	17.4	20.4	23	23.1	27.9	28.4	28.5	25.2	20.8	20.1		22.4	12
1959	17.7	17.5	18.4	20.2		24			28	23.5	16.4	13.1		19.9	9
1960				14.8	14.7	17.7	22	27.9	24	20.1	15.2	12		18.7	9
1961	12.4	11.1	12.9	13.8	14.4	17.7	21.6	25	21.8	19.6	13.1	11		16.2	12
1962	10.2	12.2	11.6	15.4	15.4	15.4	23.8	27.6	27	25.2	17			18.3	11
1963	10.3		12		18.2				24.8	26.6	15.7	13.3		17.3	7
1964	7.1	9	9.9	16.6	13	19.1	27.5	28.3	22	22.7	16.4	16.9		17.4	12
1965	16.9	13.8	17.1	20.9	23.3	22.3	27.5	30.7	23.8	23.8	21	18.9		21.7	12
1966	15.2	15.8	17.1	20	24	28.9		26.2	26.3	21.2	15.3	12.4		20.2	11
1967	12.8	14.5	16.6	15.1	18.9	20	24.2				19.4			17.7	8
1968	13.8	16.5	16.4	18.1	17.4	20.2	25	24.2				14.1		18.4	9
1969		15.8	15.8			19.1	25.2	26.5	28.1		20	15.6		20.8	8
1970	13.9	11.8	17.9	20.2	20.3	20.8	25.8	26.2	28	20.1	17.9	15		19.8	12
1971	12.7	15.9	18.4	14.7	16.2	20.4	23.6	27.1	27.4	22	17.3	14.8		19.2	12
1972	13.7	15.2	16.6	18.2	17.9	21.4	26.4	27.1	25.9	22.6	15.8	14.9		19.6	12
1973	12.8	14.2	15.8	16.1	18.1	16.9	20.6		20.8	21.2	17.8	15.9		17.3	11
1974	14.9	13.4	17.2	14.2	15.6	14.4	17.8	25.4	24.8	19.2	18.3	14.9		17.5	12
1975	12.6	12.9	11.4	13.8	15.2	18.5	22.8	24.6	25.4	20.1	17.7	14		17.4	12
1976	14.3	14.5	15	15.5	17.4	21.6	23.1	26	24	21.4	18.6	14.9		18.9	12
1977	14.3	16.4	14.8	16.8	16.4	20.6	24.3	24.7	24.2	23.4	19	17		19.3	12
1978	15.3	14.8	17.8	17.7	20.2	24.8	29.8	26.9	27.5	22.4	17.1	15.9		20.9	12
1979	14.9	16.4	16.9	17.9	20.1	22.1	25.1	24	26.4	24	18.9	17.8		20.4	12
1980		19.1	18.2	19.4	18.6	25.4	28.3	28.5	26.8	24	19.9	17.7		22.4	11
1981	17.2	18.4	17.2	18.9	17.3	20.6	25.8	27	26	22.2	20	16.9		20.6	12
1982	15.1	16.6	17.1	19.6	18.6	20.2	27.4		28.3	24.1	20.8	16.8		20.4	11
1983	16.9	17.1	17.9	17.9	20.4	23	28.2	28.4	29	24.9	19.4	17.3		21.7	12
1984	16.4	16.8	18.9	19.4	21.1	25	28.3	28.6	28	22	17.6	17.1		21.6	12
1985	15.2	15.3	18	19.8	20.6	22	27.9	28.2	26.7	23.4	19.5	17.1		21.1	12
1986	18	17.2	18.6	22.5	24	26.8	29.7	34	26.2	24	22.6	16.2		23.3	12
1987	14.5	15.4	15.9				28.1	28.5	28.9	26.9	20	16.8		21.7	9
1988	16.5	18.1	16.7	18.4	21.2	26.1	27.6	28.1	27.9	21.6				22.2	10
1989	13.4		18	18.8	20	21	26	27.5	28	24	20.2	16.6		21.2	11
1990	14.9	14.5	17.3		19.6	24.1	27.8		27					20.7	7
1991	15.7	16.9	18.6	18.8	18.8	20	24.1	27.8	27.1		19.4	15.5		20.2	11
1992	15.2	16.8	17.2	20.8	21.6	23.9	28.8	29.5	29.9	25	19.3	17		22.1	12
1993	16.9	16.2	17.9	19.1	20.9				27.5	25.6	19.1	18.3		20.2	9
1994	17	17		16.7	20	21.2								18.4	5
1995	16.8	17	21	21.1	23.1	25.1	27.6	28.7	28.2	21	19.2	14.7		22	12
1996							25.5	28.4	26.5	25.9	22	16.4		24.1	6
1997	15.5	16.2	19	17.9	22	22.4	27.5	29.6	29.6	25.1	22.5	16		21.9	12
1998	16.9	15.9	17.5	18.2	19.6	25	27.4	29	26.4	25.6	19.5	15.6		21.4	12
1999		17.4	17.8	19	21	23.6	24.6	27.9	26.9	24.7	21.1	16.8		21.9	11
2000	18	17.4	17.2	18.8	19.1	24	26.4	28.4	27.3	22.6	17	17.5		21.1	12
2001	15.6							27.4	26	23.5	21.2	15.6		21.6	6
2002	17.1		17.4	19.1	20.2	26.8	27.4	27.4	26	23.5	19.8	15.8		21.9	11
2003	18.4	17.6	18	19.2	19	20.1	26.8	24.9	27.9	21.4	20.4	15.4		20.8	12
2004	15.5	15	18.1	18.6	20.8	22	26.8	26.9	26.6	21.8	18.5	16.4		20.6	12
2005	16.4	15.9	16.4	18.6	19.9	20.9	26.3	27.9	28.7	23.5	20.7	17.9		21.1	12
2006	16.9	17.4	17.4	18.9	20	23.8	27.6	27.5	26.9	21.6	21.2	15.3		21.2	12
2007	14	15.5	17.2	17.8	18.9	22.1	25.5	26.4	26.1	23	19.8	14.1		20	12
2008	15.2	15.4	18.1	18.9	18.7	22.9	26.9	27	26.7	25.4	20.8	17		21.1	12
2009	16.6	17.8	18.1	18.6	20.5	21.6	27.2	27.4		20.9	19.4	15.8		20.4	11
2010	16.5	15.8	17.6	18	18.5	21.4	23.6	27.2	25.8	22	17.8	16.9		20.1	12
2011	15.6	14	17.4	18.2	19	21	25.4	27.8	26.5	23.5	18.1	14.7		20.1	12
2012	17.8	16.4	17	17.5	19.2	21.4	25.8	27.9	27.7	23.7	19.9			21.3	11
2013	14.3	14.7	18	18.6	19.1	22.6	25.5	25.9	25.3	21.4	20.6	16.6		20.2	12
2014	14.8	15.2	18.6	21.1	25	27.8	28.6	30.2	28.8	26.6	21.9	19.7		23.2	12
2015	18.9	22.9	22.8	24.7	25.9	28.8	29.8	30.8	30.1	28	24.5	20.1		25.6	12
2016	17.9	20.1	20.6	21.6	21.9	26.2	31	29.8	28.7	28	24.2	18.1		24	12
2017	15.8	19.4	21.4	23	22	25.6	30.6	32.8	28.8	28.1	25	20.2		24.4	12
2018	19.1	20.6	22.5	23.2	23.1	24.7	29.8	30.2	29.8	25.5	22.2	19.6		24.2	12
2019	18.9	18.8	21.1	22.4	21.4	25.4	29.4	30.4	29	25.9	23.6	16		23.5	12
2020	16.4	19.5	20.4	21.4	23.2	26.6	30	31.1	30.6	28	24.1	18.1		24.1	12
2021	17.4	18.8	18.9	22.2	22.6	25.5	28.5	29.4	28.2	25.4	22.9	21.6		23.4	12
2022	20.2	21.5	20.4	21	20.4	25	28.5	29	27.4	25.4	16.4	13.8		22.4	12
2023	12.8	12.7	20.6	21.7	25.6	29.6	31.8	31.7	28	29.1				24.4	10
MÍNIMA	7.1	9	9.9	13.8	13	14.4	17.8	24	20.8	19.2	13.1	11		16.2	4
MÁXIMA	20.2	22.9	22.8	24.7	25.9	29.6	31.8	34	30.6	29.1	25	21.6		25.6	12
MEDIA	15.5	16.3	17.4	18.7	19.8	22.5	26.6	27.9	27.1	23.7	19.5	16.5		20.9	11.1
DESV.ST	2.2	2.2	2.2	2.2	2.5	2.9	2.4	1.8	1.9	2.2	2.3	1.9		1.8	1.8
