COMISIÓN NACIONAL DEL AGUA
COORDINACIÓN GENERAL DEL SERVICIO METEOROLÓGICO NACIONAL
BASE DE DATOS CLIMATOLÓGICA NACIONAL 

ESTADÍSTICA MENSUAL
EMISIÓN   : 25/10/2024 

DATOS DISPONIBLES EN LA BASE DE DATOS A: OCTOBER DE 2024; 
CON LA INFORMACIÓN SUMINISTRADA POR LAS UNIDADES ADMINISTRATIVAS 

 ESTACIÓN  : 3184 
 NOMBRE    : JOSEFA ORTIZ DE DOMINGUEZ 
 ESTADO    : BAJA CALIFORNIA SUR 
 MUNICIPIO : COMONDÚ 
 SITUACIÓN : OPERANDO 
 CVE-OMM   :   
 LATITUD   : 25.00055556 ° 
 LONGITUD  : -111.8338889 ° 
 ALTITUD   : 30 msnm 


LLUVIA MÁXIMA 24 H.
AÑO	ENE	FEB	MAR	ABR	MAY	JUN	JUL	AGO	SEP	OCT	NOV	DIC	ACUM	PROM	MESES
1991	11	14	10	0		0	0		3	3	12	11.3	64.3	6.4	10
1992	47	2.5	8.5	0	0	0	0	26	0	1.5	0	20	105.5	8.8	12
1993	73	16	0	0	0	0	0	55	10	0	45		199	18.1	11
1994	0	0	0	0	0	0	0	0	0	0	40	65.5	105.5	8.8	12
1995	0	18	0	0	0	0	0	0	10	0	14	5	47	3.9	12
1996	0	0	0	0	0	0	0	16.7		0	0		16.7	1.7	10
1999			0	0	0	0	7	0	0	0	0	0	7	0.7	10
2000	0	0	0	0	0	0	0	12	15	8	0	0	35	2.9	12
2001	0	0	0	0	0	0		0	26	0	0	0	26	2.4	11
2002	0	10.4	0	0	0	0	0	0	9	0	10.4	10	39.8	3.3	12
2003	2	2	0	0	0	0		170	40.8	0	0	0	214.8	19.5	11
2004	20.5	8	13	0	0	0	1	42	46	5	3	4	142.5	11.9	12
2005	67	17	0	0	0	0	0	0	5	21	0	0	110	9.2	12
2006	0	0	0	0	0	0	40	10	26	44	0	1	121	10.1	12
2007	9	0	0	0	0	0	0	0	50	1	8	18	86	7.2	12
2008	0	0	0	0	0	13	0	80	20	30	17	0	160	13.3	12
2009	0	0	0	0	0	0	0	37		30	0	8	75	6.8	11
2010	4	18	0	0	0	0	0	2	3	0	0	0	27	2.2	12
2011	0	0	0	0	0	0	0	0	0	0	21	0	21	1.8	12
2012	0	0	0	0	0	0	0	46.5	34	151	0		231.5	21	11
2013	0	0	0	0	0	0	0	54	19	40	0	0	113	9.4	12
2014	0	0	0	0	0	0	87	32	77	0	0	0	196	16.3	12
2015	8	20	20	0	0	40	0	0	64	10.5	0	0	162.5	13.5	12
2016	0	0	10	4	0	0	0	27	70	0	0	4.5	115.5	9.6	12
2017	0	14	0	0	0	0	0		40	0	0	0	54	4.9	11
2018	0.5	15	0	0	0		0	0	37	3		5	60.5	6	10
2019	0	0	0			0	0		0	36	45	7	88	9.8	9
2020	0	0	10	0	0	0	0	15	16	17	0	0	58	4.8	12
2021	20	0	0	0	0	0	0	27	7	0	0	0	54	4.5	12
2022	34	0	0	0	0	0	0	20	65	0	0	0	119	9.9	12
2023	0	0	0	0	0	0	0	27	15	0		0	42	3.8	11
MÍNIMA	0	0	0	0	0	0	0	0	0	0	0	0	7	0.7	9
MÁXIMA	73	20	20	4	0	40	87	170	77	151	45	65.5	231.5	21	12
MEDIA	9.9	5.2	2.3	0.1	0	1.8	4.7	25	24.4	12.9	7.4	5.7	93.5	8.1	11.4
DESV.ST	19.8	7.4	5.1	0.7	0	7.6	17.5	35.5	23.5	29	13.8	13	62	5.4	0.8

LLUVIA TOTAL MENSUAL
AÑO	ENE	FEB	MAR	ABR	MAY	JUN	JUL	AGO	SEP	OCT	NOV	DIC	ACUM	PROM	MESES
1991	15.5	16.5	10	0		0	0		7	3	12	16.8	80.8	8.1	10
1992	118	2.5	8.5	0	0	0	0	26	0	1.5	0	32	188.5	15.7	12
1993	77	31	0	0	0	0	0	77	10	0	45		240	21.8	11
1994	0	0	0	0	0	0	0	0	0	0	40	129.5	169.5	14.1	12
1995	0	18	0	0	0	0	0	0	17	0	22	5	62	5.2	12
1996	0	0	0	0	0	0	0	67.7		0	0		67.7	6.8	10
1999			0	0	0	0	16	0	0	0	0	0	16	1.6	10
2000	0	0	0	0	0	0	0	20.5	30.5	8	0	0	59	4.9	12
2001	0	0	0	0	0	0		0	58	0	0	0	58	5.3	11
2002	0	11.4	0	0	0	0	0	0	17	0	23.9	10	62.3	5.2	12
2003	2	2	0	0	0	0		296	40.8	0	0	0	340.8	31	11
2004	20.5	8	18	0	0	0	1	54	121	13	3	6	244.5	20.4	12
2005	74	23	0	0	0	0	0	0	5	22	0	0	124	10.3	12
2006	0	0	0	0	0	0	40	22	36	47	0	1	146	12.2	12
2007	13	0	0	0	0	0	0	0	60	3	12	32	120	10	12
2008	0	0	0	0	0	13	0	118	38	47	17	0	233	19.4	12
2009	0	0	0	0	0	0	0	56		54	0	8	118	10.7	11
2010	6	18	0	0	0	0	0	2	3	0	0	0	29	2.4	12
2011	0	0	0	0	0	0	0	0	0	0	24	0	24	2	12
2012	0	0	0	0	0	0	0	46.5	82	172	0		300.5	27.3	11
2013	0	0	0	0	0	0	0	105	22	84	0	0	211	17.6	12
2014	0	0	0	0	0	0	125.5	71	123	0	0	0	319.5	26.6	12
2015	15	20	30	0	0	40	0	0	130	10.5	0	0	245.5	20.5	12
2016	0	0	10	4	0	0	0	52	70	0	0	10.5	146.5	12.2	12
2017	0	14	0	0	0	0	0		92	0	0	0	106	9.6	11
2018	0.5	20	0	0	0		0	0	52	3		5	80.5	8.1	10
2019	0	0	0			0	0		0	56	104	7	167	18.6	9
2020	0	0	15	0	0	0	0	15	16	17	0	0	63	5.2	12
2021	20	0	0	0	0	0	0	38	7	0	0	0	65	5.4	12
2022	34	0	0	0	0	0	0	20	128	0	0	0	182	15.2	12
2023	0	0	0	0	0	0	0	34	18	0		0	52	4.7	11
MÍNIMA	0	0	0	0	0	0	0	0	0	0	0	0	16	1.6	9
MÁXIMA	118	31	30	4	0	40	125.5	296	130	172	104	129.5	340.8	31	12
MEDIA	13.2	6.1	3	0.1	0	1.8	6.3	40	40.8	17.5	10.4	9.4	139.4	12.2	11.4
DESV.ST	28	9.2	7	0.7	0	7.6	24.2	60.5	43	36	22	25.1	91.3	8	0.8

EVAPORACIÓN MENSUAL
AÑO	ENE	FEB	MAR	ABR	MAY	JUN	JUL	AGO	SEP	OCT	NOV	DIC	ACUM	PROM	MESES
1993				130.2									130.2	130.2	1
MÍNIMA				130.2									130.2	130.2	1
MÁXIMA				130.2									130.2	130.2	1
MEDIA				130.2									130.2	130.2	1
DESV.ST															

TEMPERATURA MÁXIMA PROMEDIO
AÑO	ENE	FEB	MAR	ABR	MAY	JUN	JUL	AGO	SEP	OCT	NOV	DIC	ACUM	PROM	MESES
1991	23.9	27.8	28.8	30		29.1	31.7		35.6	34.5	30.3	23.6		29.5	10
1992	22.5	26.2	26.5	30.3	30.8	38.5	37.1	36.8	38.5	35.2	29.6	25.6		31.5	12
1993	26	27.2	31	31.3	29.6	31.9	33.2	35.5	34.4	37.1	36.4			32.1	11
1994	26.5	25.3	29.5	28.4	33.8	35.8	35.2	38.1	38.2	29.7	28.8	24.1		31.1	12
1995	24.4	24.4	27.7	28.7	31.5	34.7	34.9	32.1	35.4	27.8	25.5	22.1		29.1	12
1996	26.8	28.2	28.4	31.6	35.5	38.1	37.5	36.6		32.2	29.9			32.5	10
1999			27.8	28.3	27.9	31	33.4	35.1	34.1	35.2	30.6	26.8		31	10
2000	28.9	27.4	27.5	28.9	28.7	32.9	35.8	35.6	33.9	29.1	26	28.4		30.3	12
2001	25.1	28	26.8	28.3	28.9	33.4		36.6	28.8	34	29.7	27.3		29.7	11
2002	26.8	29.2	27.7	27.3	30	31.7	35.4	35.2	35.2	29.5	27	25.5		30	12
2003	30	27.4	27.9	27.6	29.3	28.2		36	34.2	32.9	30.3	27.6		30.1	11
2004	24.9	25.2	27.6	27.9	30.5	30.2	35.6	35.8	33.7	30.6	28.7	27.4		29.8	12
2005	26.6	25.2	26.6	29.7	30.7	28.4	34.4	36	37.5	30.7	29.9	29		30.4	12
2006	27.9	27.6	28.5	29.3	28.5	32.5	35.7	35.1	33.9	32.9	28.4	27.5		30.6	12
2007	24.3	25.5	29.2	27.6	28.2	32	34.2	34.6	35.5	33	28.7	23.5		29.7	12
2008	26.3	28.4	29.1	30	29.3	32.7	36.2	34.3	34	33.8	30.5	27.5		31	12
2009	28.5	30.3	29.7	29.3	31.8	31.5	37.4	37.8		31.6	29.8	26.5		31.3	11
2010	27.5	26.9	29.6	29.3	29.5	30.8	33	36.9	35.1	30.4	29.6	27.1		30.5	12
2011	26.6	22.2	28.1	28	30.1	31.8	35.1	39.8	39.5	34.7	27.8	21.3		30.4	12
2012	22.3	22.4	24.2	27.6	31	32.2	36	38	36.6	34.9	32.3			30.7	11
2013	22.9	23.2	27.3	30.2	32.5	34.1	38.2	38.1	36.5	33.7	29	24.2		30.8	12
2014	24.4	27.1	28.4	31.3	35.5	37.2	38.1	38.7	35.6	34.7	31.8	26.4		32.4	12
2015	25.9	28.9	28.5	29.5	32.2	36	37.2	40	37.9	35.3	33.1	24.5		32.4	12
2016	25.4	28.3	28.5	30.6	28.5	35	38.5	38.1	36.9	37.3	34.6	26		32.3	12
2017	26.5	29.1	32.1	33.4	31.9	33.5	37.2		37.3	37.1	35.2	32.2		33.2	11
2018	28.9	28	30.6	33.1	32.1	35.3	38.1	39.2	39.1	33.6	32.5	26.8		33.1	12
2019	26.7	27.5	33.6			33.3	38.6		39.7	38.2	32.4	29.3		33.3	9
2020	27.6	29	28.6	30.9	33.7	34.7	37.5	38.6	38.7	37.4	34.4	28.8		33.3	12
2021	28.2	28.9	29.8	33.2	33.6	35.1	37.4	37.7	36.9	35.9	34.2	32.8		33.6	12
2022	31.4	29.9	30.8	31.5	32.1	34.6	37.1	38.8	37.3	35.6		28.9		33.5	11
2023	27.1	26.8	30.2	31.9	31	34.3	39.6	40.3	38.8					33.3	9
MÍNIMA	22.3	22.2	24.2	27.3	27.9	28.2	31.7	32.1	28.8	27.8	25.5	21.3		29.1	9
MÁXIMA	31.4	30.3	33.6	33.4	35.5	38.5	39.6	40.3	39.7	38.2	36.4	32.8		33.6	12
MEDIA	26.4	27	28.7	29.8	31	33.2	36.2	37	36.2	33.6	30.6	26.7		31.4	11.4
DESV.ST	2.1	2.1	1.8	1.8	2.1	2.6	1.9	1.9	2.3	2.7	2.7	2.7		1.4	0.9

TEMPERATURA MÁXIMA EXTREMA
AÑO	ENE	FEB	MAR	ABR	MAY	JUN	JUL	AGO	SEP	OCT	NOV	DIC	ACUM	PROM	MESES
1991	30	31	36	35		38	36		40	40	35	29		35	10
1992	27	31	32	37	38	43	40	40	43	39	34	32		36.3	12
1993	31	32	34	37	34	41	38	40	40	40	40			37	11
1994	30	29	35	35	38	39	38	40	41	35	32	28		35	12
1995	28	29	32	32	35	40	40	34	39	31	31	26		33.1	12
1996	30	31	31	36	39	41	40	41		38	33			36	10
1999			31	35	33	36	38	40	38	40	38	31		36	10
2000	38	33	33	34	36	39	43	40	41	35	32	33		36.4	12
2001	33	36	34	34	34	39		40	35	40	35	34		35.8	11
2002	33	36	33	34	38	39	40	40	42	36	31	30		36	12
2003	34	35	37	37	35	35		41	39	38	37	33		36.5	11
2004	29	32	34	33	36	38	40	39	39	37	34	32		35.2	12
2005	33	30	32	36	37	37	39	44	41	39	36	35		36.6	12
2006	34	35	36	41	34	40	40	40	38	39	31	32		36.7	12
2007	31	30	32	32	38	39	39	40	39	41	33	29		35.2	12
2008	32	33	36	37	40	42	42	40	40	39	37	32		37.5	12
2009	33	39	39	36	40	38	41	42		38	37	30		37.5	11
2010	31	32	36	35	36	37	39	42	40	35	37	31		35.9	12
2011	32	27	33	33	39	37	39	43	42	39	34	27		35.4	12
2012	25	25	28	32	36	36	39	41	40	38	36			34.2	11
2013	27	29	33	34	35	39	41	40	39	39	35	27		34.8	12
2014	29	32	32	39	39	41	40	41	39	38	36	31		36.4	12
2015	31	35	32	34	38	40	40	45	41	38	38	31		36.9	12
2016	29	34	34	36	32	40	43	41	40	39	37	30		36.2	12
2017	38	39	37	38	37	38	40		40	40	40	37		38.5	11
2018	36	35	37	39	38	39	40	41	41	38	37	34		37.9	12
2019	32	33	38			39	40		43	40	38	35		37.6	9
2020	34	35	35	38	36	40	41	40	40	42	40	33		37.8	12
2021	35	35	40	40	37	38	40	43	40	40	36	35		38.2	12
2022	39	36	36	36	40	40	40	43	40	38		33		38.3	11
2023	36	33	37	36	35	43	42	44	41					38.6	9
MÍNIMA	25	25	28	32	32	35	36	34	35	31	31	26		33.1	9
MÁXIMA	39	39	40	41	40	43	43	45	43	42	40	37		38.6	12
MEDIA	32	32.7	34.4	35.7	36.7	39.1	39.9	40.9	40	38.3	35.5	31.5		36.4	11.4
DESV.ST	3.4	3.2	2.7	2.3	2.2	1.9	1.5	2	1.6	2.2	2.7	2.7		1.3	0.9

TEMPERATURA MÍNIMA PROMEDIO
AÑO	ENE	FEB	MAR	ABR	MAY	JUN	JUL	AGO	SEP	OCT	NOV	DIC	ACUM	PROM	MESES
1991	8.8	7.7	8.7	10.6		13.1	16.9		20.7	18.5	10.4	8.7		12.4	10
1992	9	8.9	9.6	14.7	12.5	16.8	20.5	22	21.5	14.3	10.4	9.7		14.2	12
1993	9.6	7.7	8.5	10.1	12.9	14.4	18.3	19.6	17.3	17.6	13.1			13.6	11
1994	10.7	6.8	8.5	8.6	9.1	14.2	18	17.8	20.2	10.5	13.5	11.5		12.4	12
1995	5.4	7.2	10.4	13	15.4	17.3	17.6	23.5	22.3	14.9	11.2	6.1		13.7	12
1996	7.6	9.2	13.3	12.5	15.7	23.4	22	21.1		10.7	9.7			14.5	10
1999			14.8	12.2	12.3	15.2	18	19.4	20.4	15	11.1	6.7		14.5	10
2000	7.1	8.8	9.6	10.9	12	16.3	18.3	21.5	21.1	16.8	8.8	8.3		13.3	12
2001	8.4	8.2	10.3	10.8	13.7	16.9		20.1	6.9	17	13.1	10.6		12.4	11
2002	7.8	9.5	9.4	11.8	12.5	15.3	17.6	18.1	20.9	14.8	10.1	8.5		13	12
2003	9	11.2	11	11.5	11.3	14.6		20.4	20.6	17.8	12.6	7.4		13.4	11
2004	8.1	6.7	10.3	11.5	12.6	13.8	17.9	19.2	20	14.9	10.4	8.2		12.8	12
2005	9.7	9.7	8.7	10.7	12.1	14	18.6	21	20.2	17	10.9	8.8		13.4	12
2006	7.5	9.2	8.1	9.7	12.4	15.7	19.6	20.5	20	16.8	13.1	7.4		13.3	12
2007	5.5	7.9	8.2	10.5	12.6	14.8	17.8	19.8	18.8	15.6	13.4	5.1		12.5	12
2008	7.3	7.4	8.4	9.1	12.2	15.6	20.2	14.6	14.7	14	10.6	8.6		11.9	12
2009	8.2	7.2	10.7	10	13.4	14.4	20.2	20.6		11.6	10.2	9.3		12.3	11
2010	9.6	9.4	11.4	11	11.4	11.4	11.9	14.1	13.1	11.8	9.5	4.5		10.8	12
2011	3.3	2.2	4.9	7.7	8.6	11.6	15.7	23	21.5	14.2	9.1	7.6		10.8	12
2012	7.1	7.8	9.1	11.6	12	14.5	14.8	15.4	14.7	11.4	9.8			11.7	11
2013	7.4	7.5	9.4	10.2	10.2	11.1	16.1	15.7	15.9	14	13.9	10.8		11.8	12
2014	10.4	11.4	12.9	14.4	14.9	17.6	20	22.2	19.4	19.6	15.4	11.3		15.8	12
2015	9.7	13	14.4	15.5	17.6	19.2	20.9	21.5	22.5	19.3	16.6	9.7		16.7	12
2016	9.7	12.1	13.9	13.5	14.3	17.3	21.5	22.7	20.5	19.3	14.8	9.3		15.7	12
2017	6.4	9.8	11.5	12.7	14.1	16.1	19.5		20	18.1	14.2	11.3		14	11
2018	8.4	11.8	10	12.4	13.7	15.6	20.1	23.6	21.7	16.2	12.8	9		14.6	12
2019	7.3	8.5	10.1			13.5	19.2		23.6	21.6	16.9	9.5		14.5	9
2020	6.7	8.1	10.3	12.5	14.8	16.4	20.8	23.1	23.3	20	13.7	6.8		14.7	12
2021	6.5	8.4	8.1	11.6	13.5	15.2	20.6	24.2	20.9	15.9	13.7	10.7		14.1	12
2022	8.9	7.1	8.7	11.8	14	17.7	20.3	23	22.4	19.4		7.9		14.7	11
2023	6.4	6.7	8.8	11	13.9	15.8	21.7	25.3	22.4					14.7	9
MÍNIMA	3.3	2.2	4.9	7.7	8.6	11.1	11.9	14.1	6.9	10.5	8.8	4.5		10.8	9
MÁXIMA	10.7	13	14.8	15.5	17.6	23.4	22	25.3	23.6	21.6	16.9	11.5		16.7	12
MEDIA	7.9	8.6	10.1	11.5	13	15.4	18.8	20.5	19.6	16	12.2	8.6		13.5	11.4
DESV.ST	1.6	2.1	2.1	1.7	1.9	2.4	2.2	2.9	3.6	2.9	2.2	1.8		1.4	0.9

TEMPERATURA MÍNIMA EXTREMA
AÑO	ENE	FEB	MAR	ABR	MAY	JUN	JUL	AGO	SEP	OCT	NOV	DIC	ACUM	PROM	MESES
1991	1	2	4	6		9	15		17	11	6	3		7.4	10
1992	7	7	7	12	9	14	17	20	20	6	4	5		10.7	12
1993	5	5	5	6	10	11	14	17	10	14	10			9.7	11
1994	8	3	6	6	6	8	13	10	19	6	10	10		8.8	12
1995	2	3	6	10	14	14	13	20	20	10	8	2		10.2	12
1996	4	6	8	10	14	18	18	19		8	8			11.3	10
1999			10	8	9	11	8	16	18	13	5	4		10.2	10
2000	2	5	5	6	9	12	12	17	17	11	5	4		8.8	12
2001	2	3	5	6	9	12		13	3	12	6	6		7	11
2002	0	5	4	6	8	12	14	16	17	10	6	4		8.5	12
2003	4	4	7	7	6	10		15	14	11	8	1		7.9	11
2004	4	3	5	7	10	10	12	12	13	11	4	3		7.8	12
2005	6	6	5	7	8	10	12	17	16	13	5	4		9.1	12
2006	3	5	4	6	7	13	11	10	10	10	9	3		7.6	12
2007	2	3	5	7	10	9	13	11	12	12	10	1		7.9	12
2008	2	2	3	6	9	10	14	11	12	10	7	4		7.5	12
2009	3	4	6	4	10	10	17	17		7	5	5		8	11
2010	4	4	9	9	8	9	9	10	10	9	5	0		7.2	12
2011	1	0	2	3	5	8	12	16	16	10	5	4		6.8	12
2012	5	6	7	10	9	10	10	13	12	9	8			9	11
2013	5	4	6	9	9	9	14	12	10	10	10	6		8.7	12
2014	8	7	9	11	12	13	17	20	15	17	10	5		12	12
2015	5	8	10	12	15	14	18	20	20	15	1.8	1.6		11.7	12
2016	6	7	9	10	10	14	19	20	19	17	10	4		12.1	12
2017	3	7	8	9	10	11	16		18	15	10	6		10.3	11
2018	3	8	5	8	10	0	15	21	2	6	7	0		7.1	12
2019	3	3	9			10	16		20	15	10	6		10.2	9
2020	1	3	0	8	11	14	18	20	20	15	9	4		10.2	12
2021	2	3	3	10	10	11	19	22	19	10	9	7		10.4	12
2022	6	4	5	8	10	14	12	20	20	11		4		10.4	11
2023	2	3	5	5	8	12	15	22	20					10.2	9
MÍNIMA	0	0	0	3	5	0	8	10	2	6	1.8	0		6.8	9
MÁXIMA	8	8	10	12	15	18	19	22	20	17	10	10		12.1	12
MEDIA	3.6	4.4	5.9	7.7	9.5	11	14.2	16.3	15.1	11.1	7.3	3.9		9.2	11.4
DESV.ST	2.1	2	2.4	2.3	2.3	3	2.9	4	5	3	2.4	2.2		1.6	0.9

TEMPERATURA MEDIA MENSUAL
AÑO	ENE	FEB	MAR	ABR	MAY	JUN	JUL	AGO	SEP	OCT	NOV	DIC	ACUM	PROM	MESES
1991	16.4	17.8	18.8	20.3		21.1	24.3		28.1	26.5	20.4	16.1		21	10
1992	15.8	17.6	18	22.5	21.6	27.6	28.8	29.4	30	24.8	20	17.6		22.8	12
1993	17.8	17.4	19.8	20.7	21.2	23.1	25.8	27.6	25.9	27.4	24.8			22.9	11
1994	18.6	16	19	18.5	21.4	25	26.6	28	29.2	20.1	21.1	17.8		21.8	12
1995	14.9	15.8	19	20.9	23.4	26	26.2	27.8	28.9	21.4	18.4	14.1		21.4	12
1996	17.2	18.7	20.9	22	25.6	30.8	29.8	28.9		21.5	19.8			23.5	10
1999			21.3	20.2	20.1	23.1	25.7	27.2	27.2	25.1	20.9	16.8		22.8	10
2000	18	18.1	18.6	19.9	20.4	24.6	27	28.6	27.5	23	17.4	18.4		21.8	12
2001	16.8	18.1	18.6	19.6	21.3	25.1		28.4	17.9	25.5	21.4	19		21.1	11
2002	17.3	19.4	18.6	19.6	21.2	23.5	26.5	26.7	28	22.1	18.6	17		21.5	12
2003	19.5	19.3	19.4	19.6	20.3	21.4		28.2	27.4	25.4	21.4	17.5		21.8	11
2004	16.5	15.9	19	19.7	21.6	22	26.8	27.5	26.9	22.8	19.6	17.8		21.3	12
2005	18.1	17.4	17.6	20.2	21.4	21.2	26.5	28.5	28.9	23.9	20.4	18.9		21.9	12
2006	17.7	18.4	18.3	19.5	20.4	24.1	27.7	27.8	27	24.9	20.8	17.4		22	12
2007	14.9	16.7	18.7	19	20.4	23.4	26	27.2	27.1	24.3	21	14.3		21.1	12
2008	16.8	17.9	18.8	19.6	20.8	24.2	28.2	24.4	24.4	23.9	20.6	18		21.5	12
2009	18.4	18.8	20.2	19.6	22.6	23	28.8	29.2		21.6	20	17.9		21.8	11
2010	18.6	18.1	20.5	20.1	20.4	21.1	22.4	25.5	24.1	21.1	19.6	15.8		20.6	12
2011	15	12.2	16.5	17.9	19.4	21.7	25.4	31.4	30.5	24.5	18.4	14.4		20.6	12
2012	14.7	15.1	16.6	19.6	21.5	23.4	25.4	26.7	25.6	23.1	21			21.2	11
2013	15.1	15.3	18.4	20.2	21.4	22.6	27.2	26.9	26.2	23.9	21.4	17.5		21.3	12
2014	17.4	19.2	20.6	22.9	25.2	27.4	29	30.5	27.5	27.2	23.6	18.9		24.1	12
2015	17.8	21	21.4	22.5	24.9	27.6	29	30.8	30.2	27.3	24.9	17.1		24.5	12
2016	17.5	20.2	21.2	22	21.4	26.1	30	30.4	28.7	28.3	24.7	17.6		24	12
2017	16.4	19.5	21.8	23	23	24.8	28.4		28.6	27.6	24.7	21.8		23.6	11
2018	18.6	19.9	20.3	22.8	22.9	25.4	29.1	31.4	30.4	24.9	22.6	17.9		23.9	12
2019	17	18	21.9			23.4	28.9		31.7	29.9	24.6	19.4		23.9	9
2020	17.2	18.6	19.5	21.7	24.2	25.6	29.1	30.9	31	28.7	24	17.8		24	12
2021	17.4	18.6	19	22.4	23.6	25.1	29	31	28.9	25.9	24	21.8		23.9	12
2022	20.1	18.5	19.8	21.6	23	26.1	28.7	30.9	29.8	27.5		18.4		24	11
2023	16.8	16.8	19.5	21.4	22.4	25	30.6	32.8	30.6					24	9
MÍNIMA	14.7	12.2	16.5	17.9	19.4	21.1	22.4	24.4	17.9	20.1	17.4	14.1		20.6	9
MÁXIMA	20.1	21	21.9	23	25.6	30.8	30.6	32.8	31.7	29.9	24.9	21.8		24.5	12
MEDIA	17.1	17.8	19.4	20.6	22	24.3	27.5	28.7	27.9	24.8	21.4	17.7		22.4	11.4
DESV.ST	1.4	1.8	1.4	1.4	1.6	2.2	1.9	2	2.7	2.5	2.2	1.8		1.3	0.9
