COMISIÓN NACIONAL DEL AGUA
COORDINACIÓN GENERAL DEL SERVICIO METEOROLÓGICO NACIONAL
BASE DE DATOS CLIMATOLÓGICA NACIONAL 

ESTADÍSTICA MENSUAL
EMISIÓN   : 25/10/2024 

DATOS DISPONIBLES EN LA BASE DE DATOS A: OCTOBER DE 2024; 
CON LA INFORMACIÓN SUMINISTRADA POR LAS UNIDADES ADMINISTRATIVAS 

 ESTACIÓN  : 3156 
 NOMBRE    : SAN MIGUEL 
 ESTADO    : BAJA CALIFORNIA SUR 
 MUNICIPIO : MULEGÉ 
 SITUACIÓN : OPERANDO 
 CVE-OMM   :   
 LATITUD   : 26.72083333 ° 
 LONGITUD  : -112.3055556 ° 
 ALTITUD   : 400 msnm 


LLUVIA MÁXIMA 24 H.
AÑO	ENE	FEB	MAR	ABR	MAY	JUN	JUL	AGO	SEP	OCT	NOV	DIC	ACUM	PROM	MESES
1980							28	20	5	0	0	28	81	13.5	6
1981	26	0	15	4	0	0	47	37	32	5	0	0	166	13.8	12
1982	3	0	0	0	0	0	22	35	10	0	26	20	116	9.7	12
1983	10	16	41	3	0	0	33	21	25	0	0	13	162	13.5	12
1984	37	0	0	0	0	1	30	57	34	0	7	40	206	17.2	12
1985	14	0	0	0		0	21	40	6	0	18		99	9.9	10
1986	1	3	0	0	0	0	38	18	14	0	12	15	101	8.4	12
1987	0	6	0	0	0	0	8	16	29	0	0	7	66	5.5	12
1988	2	1	0	6	0	0	13	31	35	15	0	20	123	10.2	12
1989	44	16	0	0	0	0	55	26	23	16	0	15	195	16.2	12
1990	2	4			0	0	40	54	37		53	14	204	22.7	9
1991	42	37	44	0	0	0	3	26	13	18	33	10	226	18.8	12
1992	84	35	40	10	0	0	30	190	7	0	10	28	434	36.2	12
1993	98	45	0	0	4	0	0	41	67	8	2	10	275	22.9	12
1994	0	0	0	0	0	0	0	37	31	0	84	81	233	19.4	12
1995	50	11	0	0	0	0	53	44	0	0	27	0	185	15.4	12
1996	0	15	0	2	0	0	16	15	36.5	0	20	0	104.5	8.7	12
1997	7	6	0	0	0	0	3	48	23	0	6	15	108	9	12
1998	0	23	0	0	0	2	57	60	25	3	0	0	170	14.2	12
1999	0	0	0	0	0	11	13	40	1	0	0	0	65	5.4	12
2000	0	0	7	0	0	0	2	36	112	6	0	0	163	13.6	12
2001	0	0	0	0	0	0	0	37	57	13	0	0	107	8.9	12
2002	0	5	0	0	0	0	40	4	0	0	5	33	87	7.2	12
2003	0	40	0	0	0	0	0	52	83	25	0	0	200	16.7	12
2004	10	11	0	0	0	0	0	25	70	0	24	8	148	12.3	12
2005	27	0	9	0	10	0	30	20	30	15	0	0	141	11.8	12
2006	0	0	0	0	0	23	4	41	231	47	0	0	346	28.8	12
2007	0	0	0	0	0	0	24	13	40	0	35	1	113	9.4	12
2008	0	0	0	0	0				52	0	0	1	53	5.9	9
2009	0	0	0	0	1	0	4	6	215	3	0	8	237	19.8	12
2010	0	2	0	0	0	0	0	32	6	0	0	0	40	3.3	12
2011	0	0	0	0	0	0	12	8	21	0	16	1	58	4.8	12
2012	0	58	0	0	0	0	31	30	30	65	0		214	19.5	11
2013	0	0	0	0	0	7	0	22	6	82	6	0	123	10.2	12
2014	0	0	0	0	0	0	25	26	420	48	0	0	519	43.2	12
2015	25	25	14	26	0	95	63	10	63	0	3	0	324	27	12
2016	2	0	0	0	0	0	0	0	175	0	0	54	231	19.2	12
2017	4	0	0	0	0	0	4	10	355	0	0	0	373	31.1	12
2018	0	0	0	0	0	0	7	47	7	65	0	2	128	10.7	12
2019	28	0	0	0	0	0	0	11	43	1			83	8.3	10
2020	26	0	34	0	0	0	0	65	0	15	0	23	163	13.6	12
2021	34	0	0	0	0	0	8	30	22	0	0	80	174	14.5	12
2022	0	0	0	0	0	0	0	60	115	0	0	0	175	14.6	12
2023	0	12	0	0	0	0	40	64	0	0	0	2	118	9.8	12
MÍNIMA	0	0	0	0	0	0	0	0	0	0	0	0	40	3.3	6
MÁXIMA	98	58	44	26	10	95	63	190	420	82	84	81	519	43.2	12
MEDIA	13.4	8.6	4.9	1.2	0.4	3.3	18.7	35	59.2	10.5	9	12.9	173.6	14.9	11.6
DESV.ST	22.7	14.5	12	4.4	1.7	15	19	29.7	89.9	20.2	16.9	20	101.7	8.4	1.1

LLUVIA TOTAL MENSUAL
AÑO	ENE	FEB	MAR	ABR	MAY	JUN	JUL	AGO	SEP	OCT	NOV	DIC	ACUM	PROM	MESES
1980							28	34.4	9	0	0	28	99.4	16.6	6
1981	33	0	19	4	0	0	59	44	91	5	0	0	255	21.2	12
1982	5	0	0	0	0	0	46	88	10	0	38	31	218	18.2	12
1983	14	18	70	3	0	0	97	103	71	0	0	13	389	32.4	12
1984	43	0	0	0	0	1	135	189	62	0	7	81	518	43.2	12
1985	17	0	0	0		0	36	100	11	0	19		183	18.3	10
1986	1	6	0	0	0	0	75	85	14	0	25	17	223	18.6	12
1987	0	13	0	0	0	0	16	29	72	0	0	13	143	11.9	12
1988	2	1	0	7	0	0	36	43	65	28	0	20	202	16.8	12
1989	52	16	0	0	0	0	70	29	33	18	0	29	247	20.6	12
1990	2	4			0	0	120	126	80		72	43	447	49.7	9
1991	42	54	48	0	0	0	3	78	38	18	33	20	334	27.8	12
1992	111	46	45	13	0	0	92	282	10	0	11	42	652	54.3	12
1993	130	65	0	0	4	0	0	71	71	10	2	18	371	30.9	12
1994	0	0	0	0	0	0	0	68	38	0	84	124	314	26.2	12
1995	50	16	0	0	0	0	53	78	0	0	36	0	233	19.4	12
1996	0	15	0	2	0	0	34	36	72.5	0	20	0	179.5	15	12
1997	7	7	0	0	0	0	5	174	70	0	11	43	317	26.4	12
1998	0	26	0	0	0	2	100	151	26	3	0	0	308	25.7	12
1999	0	0	0	0	0	12	22	102	1	0	0	0	137	11.4	12
2000	0	0	7	0	0	0	4	118	124	10	0	0	263	21.9	12
2001	0	0	0	0	0	0	0	52	68	15	0	0	135	11.2	12
2002	0	16.5	0	0	0	0	45	4	0	0	10	33	108.5	9	12
2003	0	49	0	0	0	0	0	92	86	27	0	0	254	21.2	12
2004	11	12	0	0	0	0	0	25	150	0	24	14	236	19.7	12
2005	40	0	9	0	10	0	59	49	43	25	0	0	235	19.6	12
2006	0	0	0	0	0	30	13	61	338	47	0	0	489	40.8	12
2007	0	0	0	0	0	0	48	19	58	0	50	1	176	14.7	12
2008	0	0	0	0	0				80	0	0	1	81	9	9
2009	0	0	0	0	1	0	4	12	279	5	0	8	309	25.8	12
2010	0	3	0	0	0	0	0	46	6	0	0	0	55	4.6	12
2011	0	0	0	0	0	0	23	9	32	0	16	1	81	6.8	12
2012	0	58	0	0	0	0	55	95	83	65	0		356	32.4	11
2013	0	0	0	0	0	7	0	40	6	96	6	0	155	12.9	12
2014	0	0	0	0	0	0	70	125	501	80	0	0	776	64.7	12
2015	52	41	14	26	0	97	77	15	87	0	3	0	412	34.3	12
2016	2	0	0	0	0	0	0	0	251	0	0	57	310	25.8	12
2017	8	0	0	0	0	0	6	17	391	0	0	0	422	35.2	12
2018	0	0	0	0	0	0	33	163	15	82	0	2	295	24.6	12
2019	31	0	0	0	0	0	0	24	86	1			142	14.2	10
2020	26	0	103	0	0	0	0	83	0	15	0	23	250	20.8	12
2021	37	0	0	0	0	0	18	44	28	0	0	80	207	17.2	12
2022	0	0	0	0	0	0	0	161	396	0	0	0	557	46.4	12
2023	0	12	0	0	0	0	56	123	0	0	0	2	193	16.1	12
MÍNIMA	0	0	0	0	0	0	0	0	0	0	0	0	55	4.6	6
MÁXIMA	130	65	103	26	10	97	135	282	501	96	84	124	776	64.7	12
MEDIA	16.7	11.1	7.5	1.3	0.4	3.5	35.8	76.5	89.8	12.8	10.9	18.1	278.8	23.9	11.6
DESV.ST	29	18.2	21	4.6	1.7	15.6	36.7	59.2	118.1	24.5	19.6	27.3	153.6	13	1.1

EVAPORACIÓN MENSUAL
AÑO	ENE	FEB	MAR	ABR	MAY	JUN	JUL	AGO	SEP	OCT	NOV	DIC	ACUM	PROM	MESES
1984										62	67.7	62.5	192.2	64.1	3
MÍNIMA										62	67.7	62.5	192.2	64.1	3
MÁXIMA										62	67.7	62.5	192.2	64.1	3
MEDIA										62	67.7	62.5	192.2	64.1	3
DESV.ST															

TEMPERATURA MÁXIMA PROMEDIO
AÑO	ENE	FEB	MAR	ABR	MAY	JUN	JUL	AGO	SEP	OCT	NOV	DIC	ACUM	PROM	MESES
1980							40.8	38.9	38.8	34	30.5	26.1		34.9	6
1981	24.3	27.7	26.8	29.6	30.2	36.2	38.8	39.1	36.1	32.4	30.6	27.4		31.6	12
1982	24.9	27.9	28.8	34.9	32.4	38.4	38.9	38.4	37.1	34.9	27.2	22.5		32.2	12
1983	24.3	26.3	26.7	29.4	35.2	37.3	39.1	35.3	36.8	33.3	28.2	26.3		31.5	12
1984	24.3	26.8	30.3	31.3	36.7	37.3	35	34.9	34.8	30.6	28.1	23.9		31.2	12
1985	22.4	25.2	28.5	32.7		39	38.5	38.6	37.1	33.5	27.6			32.3	10
1986	28.4	28.6	30.5	30.8										29.6	4
1987	23.7	23.9	27	31.8	31.6	36.9	39.5	38.2	35.9	35.8	27.4	23.2		31.2	12
1988	24.2	26.8	29.1	29.7	33.2	38.2	38.5	38.8	38	32.8	29.1	25.9		32	12
1989	21.5	27.5	31.3	33.9	36	37.4	38.9	37.2	37.5	34	28.8	23.4		32.3	12
1990	23.7	23.8			34.9	39.2	36.8	35.5	36.3		26.7	22.7		31.1	9
1991	23.5	25.6	25.7	31.6	33.2	34.7	37.2	37.3	35.9	35.6	28.4	22.6		30.9	12
1992	21.6	24.6	26.3	29.4	33.3	37.8	38.9	37.3	37.1	36.2	30	23.1		31.3	12
1993	23.6	23.7	30.6	33	33.4	32.5	36.5	37	33.7	33	25.5	26.1		30.7	12
1994	20	23	22.9	27.7	32.1	34.1								26.6	6
1995	23.3	26.6	30.2	32.5	36.6	38.5	41.6	39	39.3	37.5	30.5	27.6		33.6	12
1996	28.1	29.9	31.4	35.3	40.8	40.9	40.6	41	35.9	31.5	30.2	27		34.4	12
1997	24.3	25.8	30.9	32.7	37.1	39.2	40.8	38	36.5	33.4	30.8	23.5		32.8	12
1998	26.5	25.1	27.8	30	35.1	41.5	38.4	37.1	36.8	34.2	29.4	24.8		32.2	12
1999	28.6	29.8	29.7	31.1	35.8	38.6	38.8	39.6	37.8	37.4	32.6	26		33.8	12
2000	30.2	29.7	29.3	32.1	36.5	38.7	40.8	37.6	37.5	32.2	27.5	29.4		33.5	12
2001	26	27	29	34.9	39.3	41.7	43.6	42.6	40.6	34.8	31.4	27.2		34.8	12
2002	26	28.3	30.5	32.1	37.1	39.8	43.4	41.2	39.6	32.7	31.2	24.6		33.9	12
2003	28.2	26.4	28.5	30.6	37	36.4	39.5	37.7	35.8	32.7	28.4	26.6		32.3	12
2004							38.3	39.6	33.8	30.6	25.7	22.9		31.8	6
2005	23.7	23.3	26.7	30.6	34.7	35.9	38.5	34.3	36.9	30.3	30	26		30.9	12
2006	26.1	27.4	27.6	30.9	33.7	37.2	37.5	37.5	33.4	32.5	28.9	24.1		31.4	12
2007	21.1	24.4	23.8	29.5	32	37.4	37.4	37	35.2	33.4	29	21.5		30.1	12
2008	22.5	26.3	29.3	32.4	33.5				34.3	34.5	28.9	22.8		29.4	9
2009	23.2	26.8	27.5	29.3	35.3	36.4	38.4	38.2	32.3	28.6	27	24.1		30.6	12
2010	22.7	22.2	25.9	28.3	32.5	34.5	36.7	38	35.3	30.1	27	24.6		29.8	12
2011	22.9	23.1	28.8	29.6	31.7	36.6	36.4	36.6	36.2	32.8	24.3	19.7		29.9	12
2012	25.6	22.9	26.5	28.7	33.5	34.3	34.5	34.8	31.9	29.7	26.6			29.9	11
2013	20.7	22.1	28.4	28.3	31.8	35.2	35.5	36.5	33.6	30.9	29.4	23.5		29.7	12
2014	26	27.9	29.3	30.7	34.6	38.2	37.4	36.3	32.6	32.9	27	24.5		31.4	12
2015	22.6	25.5	28.1	29.9	29.6	35.4	34.9	37.6	35.1	31.7	27.2	23		30	12
2016	24	29	30.2	29.5	30.8	37.2	38.6	37.7	34.2	34	28.8	23.1		31.4	12
2017	22.6	26	30.3	31.8	32.3	35.1	37.7	38.8	33.9	35.7	31.8	23.9		31.7	12
2018	26.5	24.8	29.8	33.1	33.6	37.1	38.4	37.1	37.6	30.2	27.5	24.1		31.7	12
2019	23.2	22.6	28.6	30.9	31.3	36.3	39	39	33.9	33.8				31.9	10
2020	22.8	24.7	24.5	30.5	34.3	38.1	39.7	39.9	38.3	36.8	31.5	24.4		32.1	12
2021	24.2	26.3	27.7	32.5	29.4	34.3	34.5	34.2	34.2	31.6				30.9	10
2023						40.2	41.3	41.7	40.4	36.4	30.7	28		37	7
MÍNIMA	20	22.1	22.9	27.7	29.4	32.5	34.5	34.2	31.9	28.6	24.3	19.7		26.6	4
MÁXIMA	30.2	29.9	31.4	35.3	40.8	41.7	43.6	42.6	40.6	37.5	32.6	29.4		37	12
MEDIA	24.3	25.9	28.3	31.1	34	37.3	38.5	37.9	36	33.2	28.8	24.6		31.7	11
DESV.ST	2.3	2.2	2	1.9	2.6	2.1	2.1	1.9	2.1	2.2	1.9	2		1.8	2.1

TEMPERATURA MÁXIMA EXTREMA
AÑO	ENE	FEB	MAR	ABR	MAY	JUN	JUL	AGO	SEP	OCT	NOV	DIC	ACUM	PROM	MESES
1980							45	43	45	41	37	31		40.3	6
1981	30	31	32	35	35	40	41	43	39	36	35	34		35.9	12
1982	30	32	35	39	39	43	43	42	42	39	33	30		37.2	12
1983	29	33	32	35	40	42	44	40	43	38	33	32		36.8	12
1984	29	33	35	36	42	41	39	40	38	35	34	33		36.2	12
1985	27	31	35	38		43	44	44	41	42	34			37.9	10
1986	33	38	36	34										35.2	4
1987	34	31	34	35	35	43	44	41	42	41	33	32		37.1	12
1988	32	33	38	35	40	44	44	44	42	41	36	32		38.4	12
1989	28	36	38	42	43	43	44	42	41	39	36	30		38.5	12
1990	33	32			41	43	41	40	39		34	29		36.9	9
1991	32	30	32	38	38	42	41	40	41	40	34	28		36.3	12
1992	27	30	31	40	37	44	43	44	41	40	39	29		37.1	12
1993	29	27	35	37	39	38	41	41	39	38	37	30		35.9	12
1994	25	27	27	32	37	37								30.8	6
1995	25	32	38	40	40	45	45	44	41	41	35	34		38.3	12
1996	35	36	37	40	44	46	44	45	40	38	37	31		39.4	12
1997	32	30	35	38	43	45	44	44	42	37	38	29		38.1	12
1998	31	34	37	37	40	46	45	41	42	39	38	34		38.7	12
1999	34	36	39	43	42	47	42	44	44	44	38	34		40.6	12
2000	38	35	35	37	41	45	45	44	46	40	35	34		39.6	12
2001	35	34	38	43	45	45	46	46	45	40	36	31		40.3	12
2002	32	35	37	40	44	45	46	46	45	39	38	30		39.8	12
2003	31	36	38	38	43	44	44	43	41	39	36	35		39	12
2004							42	43	42	38	32	30		37.8	6
2005	31	28	32	35	39	43	44	42	42	37	37	31		36.8	12
2006	30	33	33	38	38	42	42	41	39	39	35	30		36.7	12
2007	28	29	29	35	39	42	43	40	41	39	36	26		35.6	12
2008	29	33	35	39	39				41	39	36	29		35.6	9
2009	30	37	36	37	39	40	44	41	38	36	37	29		37	12
2010	27	27	32	34	39	41	41	42	39	36	33	34		35.4	12
2011	29	31	38	36	38	40	41	44	43	37	33	28		36.5	12
2012	30	28	36	33	39	41	39	40	35	36	32			35.4	11
2013	29	28	33	38	38	39	39	40	39	38	36	32		35.8	12
2014	30	35	35	36	43	44	43	40	40	36	31	36		37.4	12
2015	30	32	36	34	39	42	39	42	39	39	33	32		36.4	12
2016	31	36	35	35	37	45	43	41	41	38	33	31		37.2	12
2017	35	33	38	38	40	45	42	42	39	39	37	30		38.2	12
2018	30	31	35	37	41	45	43	44	42	39	33	32		37.7	12
2019	33	30	33	37	35	44	44	46	39	39				38	10
2020	27	33	33	41	40	43	45	43	42	42	38	28		37.9	12
2021	31	33	36	40	35	38	38	40	38	37				36.6	10
2023						46	44	46	44	43	40	33		42.3	7
MÍNIMA	25	27	27	32	35	37	38	40	35	35	31	26		30.8	4
MÁXIMA	38	38	39	43	45	47	46	46	46	44	40	36		42.3	12
MEDIA	30.5	32.2	34.8	37.3	39.6	42.8	42.8	42.5	41	38.9	35.3	31.2		37.4	11
DESV.ST	2.8	2.9	2.7	2.7	2.6	2.4	2.1	1.9	2.3	2	2.2	2.3		1.9	2.1

TEMPERATURA MÍNIMA PROMEDIO
AÑO	ENE	FEB	MAR	ABR	MAY	JUN	JUL	AGO	SEP	OCT	NOV	DIC	ACUM	PROM	MESES
1980							20.4	20.5	17.5	13.7	7	4.8		14	6
1981	5.7	4	6.1	9.4	10.5	16.6	21.4	20.8	17.5	11.9	6.2	3.5		11.1	12
1982	6	5	6.1	10.2	9.5	13.4	20.3	19.2	17.3	9.5	8	5.4		10.8	12
1983	5.8	4.4	7.6	8	10.8	13.3	20.3	19.7	21.1	13	7.1	4.6		11.3	12
1984	3.8	3.6	6.1	9	12.9	16.8	18.5	19.9	18.4	10.6	5.6	5.8		10.9	12
1985	4.5	3.5	6.5	8.2		15.7	20.5	19.6	15.9	11.1	6			11.2	10
1986	5	5	7.1	7.5										6.2	4
1987	3.3	3.6	5.2	9.8	10.4	14.2	20.5	20.2	18.1	15.9	7.7	5.6		11.2	12
1988	4.8	7	5.8	9.3	11.2	14.9	21.5	21.2	17.9	13	5.9	3.2		11.3	12
1989	2.1	5	6.7	9.8	11.7	15.4	21.9	21.1	18.7	13.6	7.6	4.2		11.5	12
1990	3.1	2.5			11.1	18.7	22.1	18.5	19.1		9	5.4		12.2	9
1991	5.4	6.9	6.7	10	9.5	11.6	19.1	20.2	18.5	12.9	7.6	4.9		11.1	12
1992	7.2	6.2	6.6	8.9	12.2	13.2	21.1	21	17.7	12.9	7.5	6.4		11.7	12
1993	10.5	6.8	5.6	9.9	11	14.6	18.8	20.3	18.1	12.9	10	7.7		12.2	12
1994	3.8	2.8	5.7	8.5	9.4	13.9								7.3	6
1995	3.8	7.4	5.6	5.4	15.9	13.1	20.6	22	21.6	10.8	7.7	2.1		11.3	12
1996	2.8	7.1	4.9	7.6	10.6	17.3	22.1	21.6	16.3	9.9	7.2	2.6		10.8	12
1997	2.7	2.9	6.2	6.5	12.3	15.3	21	22.2	20.8	13.1	8.1	5.4		11.4	12
1998	4	3.5	5.3	7	11.4	15.6	19.9	18.7	18.2	13	9.6	4		10.8	12
1999	2.1	5	4.9	8.5	10.5	15.7	21	21.2	18.8	11.3	7.3	1.5		10.7	12
2000	2.6	5.6	5.6	7.4	11.3	15.6	21.8	19.9	18.3	12.4	3.7	2.7		10.6	12
2001	2.1	3.8	4.8	7.6	11.2	18	21.1	20.7	19.9	10.9	8.1	1.3		10.8	12
2002	3.7	5.1	5.3	9.8	11.2	16.6	20.6	20.4	20.3	9.5	5.7	3.8		11	12
2003	4.8	5.8	5.8	8.5	11	13	21.3	21.9	19.7	16.4	9.2	2.9		11.7	12
2004							20.1	18.7	17.6	11.2	6.2	5.1		13.2	6
2005	5.2	5.2	5.2	8.1	10.7	12.6	20.7	19.4	17.7	11.5	6.5	2.4		10.4	12
2006	1.8	3.4	5.7	7.5	9.5	15.5	19.5	19.5	16.7	12.6	6.7	2		10	12
2007	2.6	2.2	5.5	6.1	8.1	15.2	19.1	19.9	17.6	10.5	7.5	2.6		9.7	12
2008	2.7	3.1	3.2	5.9	10				18.9	10.9	8	4.7		7.5	9
2009	3.9	3.5	5.9	7.3	10.5	15.6	20.2	18.9	17.1	11.1	6.5	5.2		10.5	12
2010	2.8	2.8	3.8	6.8	7.9	11.8	17.4	20	18.1	9.9	3.2	2.5		8.9	12
2011	2	1.2	3.5	7	8.9	13.9	18	19.5	16.6	10.7	5.9	2.5		9.1	12
2012	2.4	2.9	4.4	6.5	9.5	14	17.9	19.6	17.3	11.5	7.6			10.3	11
2013	2.2	2.9	5.7	6.3	9.7	14.7	19	18.8	15.3	9.5	8.8	5.4		9.9	12
2014	2.5	4.7	6.1	8.8	10.6	15.7	19.4	18.7	18.7	13	7.3	4.5		10.8	12
2015	6.4	6	7.9	9.4	9.8	17	19	19.5	19.2	13.4	8.6	3.4		11.6	12
2016	2.6	7.1	5.4	8.4	10.1	15.4	20.6	19	16.4	13.1	6.7	5.1		10.8	12
2017	4	4.8	6.5	7.7	9.5	14.5	19.5	20.5	16.7	13.2	8.3	6.1		10.9	12
2018	5.7	6.1	6.5	9.7	10.8	15.8	19.4	20.4	18.3	12	6.7	5.5		11.4	12
2019	5.5	5.7	6.1	8.8	9.1	14.3	20.3	21.3	17.9	11.8				12.1	10
2020	3.6	5.8	7.3	7.6	10.8	16.2	21.1	21.5	18.4	13.3	7.6	2.8		11.3	12
2021	3.8	4.4	5	8	14.2	20.3	23.9	23.3	22.6	16.8				14.2	10
2023						15.8	21.2	21	17	14.1	9.8	5.1		14.9	7
MÍNIMA	1.8	1.2	3.2	5.4	7.9	11.6	17.4	18.5	15.3	9.5	3.2	1.3		6.2	4
MÁXIMA	10.5	7.4	7.9	10.2	15.9	20.3	23.9	23.3	22.6	16.8	10	7.7		14.9	12
MEDIA	4	4.6	5.7	8.1	10.7	15.1	20.3	20.3	18.2	12.2	7.3	4.1		10.9	11
DESV.ST	1.8	1.6	1	1.3	1.5	1.8	1.3	1.1	1.5	1.8	1.4	1.5		1.6	2.1

TEMPERATURA MÍNIMA EXTREMA
AÑO	ENE	FEB	MAR	ABR	MAY	JUN	JUL	AGO	SEP	OCT	NOV	DIC	ACUM	PROM	MESES
1980							9	18	12	7	1	1		8	6
1981	1	1	3	5	7	10	20	15	10	5	2	0		6.6	12
1982	0	0	1	6	3	9	9	9	9	2	4	0		4.3	12
1983	1	1	2	0	5	7	10	13	18	8	1	0		5.5	12
1984	0	0	1	4	7	8	8	16	13	4	2	0		5.2	12
1985	0	0	0	3		7	17	16	10	6	0			5.9	10
1986	2	0	1	4										1.8	4
1987	0	0	1	3	7	11	15	17	14	11	3	0		6.8	12
1988	1	2	1	5	7	9	18	16	13	7	-1	-3		6.2	12
1989	-2	-1	1	6	5	8	17	17	11	8	4	-3		5.9	12
1990	-3	-4			5	10	19	13	14		4	0		6.4	9
1991	0	0	2	6	5	6	13	15	12	4	2	1		5.5	12
1992	2	2	2	3	7	10	18	17	12	7	4	0		7	12
1993	4	2	2	5	6	9	14	17	13	6	5	1		7	12
1994	0	1	1	5	5	10								3.7	6
1995	-2	3	2	1	10	8	13	20	19	6	2	-3		6.6	12
1996	-2	3	2	5	8	12	17	20	9	3	2	-2		6.4	12
1997	-3	-3	0	2	9	10	15	19	14	7	4	-1		6.1	12
1998	0	-1	0	0	6	10	11	11	12	7	4	-4		4.7	12
1999	-2	-1	0	2	4	9	16	14	9	7	0	-3		4.6	12
2000	-5	-3	2	2	9	10	17	13	11	5	0	-4		4.8	12
2001	-4	-2	-2	1	6	10	19	13	16	7	0	-3		5.1	12
2002	-3	-2	-3	4	5	10	18	16	17	4	1	-3		5.3	12
2003	0	-2	0	3	6	9	10	17	13	8	0	-3		5.1	12
2004							16	14	9	7	0	-2		7.3	6
2005	2	-1	-1	2	6	7	14	15	11	5	3	-3		5	12
2006	-3	-1	2	3	5	10	15	17	11	7	1	-3		5.3	12
2007	-3	-3	2	3	5	9	17	16	13	5	1	-2		5.2	12
2008	-4	-2	-1	2	5				13	4	4	0		2.3	9
2009	-3	0	1	3	5	9	19	16	10	6	2	3		5.9	12
2010	0	0	-1	3	2	8	11	16	14	5	-1	-3		4.5	12
2011	-3	-1	-1	1	6	10	13	13	10	6	2	-3		4.4	12
2012	-2	-1	0	3	5	9	12	14	14	7	2			5.7	11
2013	-4	-3	1	1	7	10	16	16	8	5	4	-2		4.9	12
2014	-2	-1	0	1	5	5	16	15	12	9	1	-3		4.8	12
2015	1	3	3	5	6	10	15	18	16	8	4	-2		7.2	12
2016	-3	0	0	2	7	9	17	13	12	8	3	-1		5.6	12
2017	1	1	1	4	3	9	15	18	7	7	5	0		5.9	12
2018	-2	-4	-3	4	7	10	13	17	14	8	2	-4		5.2	12
2019	-1	-2	2	5	7	9	16	19	12	5				7.2	10
2020	-1	-3	0	3	6	11	19	19	14	4	3	-3		6	12
2021	-3	0	-1	4	9	14	21	17	15	10				8.6	10
2023						9	17	16	11	9	1	0		9	7
MÍNIMA	-5	-4	-3	0	2	5	8	9	7	2	-1	-4		1.8	4
MÁXIMA	4	3	3	6	10	14	21	20	19	11	5	3		9	12
MEDIA	-1.1	-0.6	0.6	3.2	6	9.2	15.1	15.8	12.4	6.3	2.1	-1.5		5.7	11
DESV.ST	2.1	1.9	1.5	1.7	1.7	1.6	3.3	2.4	2.6	1.9	1.7	1.8		1.4	2.1

TEMPERATURA MEDIA MENSUAL
AÑO	ENE	FEB	MAR	ABR	MAY	JUN	JUL	AGO	SEP	OCT	NOV	DIC	ACUM	PROM	MESES
1980							30.6	29.7	28.1	23.9	18.8	15.5		24.4	6
1981	15	15.8	16.4	19.5	20.4	26.4	30.1	30	26.8	22.1	18.4	15.4		21.4	12
1982	15.4	16.4	17.4	22.5	21	25.9	29.6	28.8	27.2	22.2	17.6	13.9		21.5	12
1983	15.1	15.4	17.1	18.7	23	25.3	29.7	27.5	29	23.1	17.6	15.4		21.4	12
1984	14.1	15.2	18.2	20.1	24.8	27	26.8	27.4	26.6	20.6	16.9	14.8		21	12
1985	13.4	14.3	17.5	20.5		27.4	29.5	29.1	26.5	22.3	16.8			21.7	10
1986	16.7	16.8	18.8	19.1										17.9	4
1987	13.5	13.8	16.1	20.8	21	25.5	30	29.2	27	25.8	17.6	14.4		21.2	12
1988	14.5	16.9	17.4	19.5	22.2	26.6	30	30	28	22.9	17.5	14.5		21.7	12
1989	11.8	16.2	19	21.9	23.9	26.4	30.4	29.2	28.1	23.8	18.2	13.8		21.9	12
1990	13.4	13.2			23	29	29.4	27	27.7		17.9	14.1		21.6	9
1991	14.4	16.2	16.2	20.8	21.4	23.2	28.2	28.8	27.2	24.2	18	13.8		21	12
1992	14.4	15.4	16.4	19.1	22.8	25.5	30	29.1	27.4	24.6	18.8	14.8		21.5	12
1993	17	15.2	18.1	21.4	22.2	23.6	27.6	28.6	25.9	23	17.8	16.9		21.4	12
1994	11.9	12.9	14.3	18.1	20.8	24								17	6
1995	13.6	17	17.9	19	26.2	25.8	31.1	30.5	30.4	24.1	19.1	14.9		22.5	12
1996	15.5	18.5	18.1	21.4	25.7	29.1	31.4	31.3	26.1	20.7	18.7	14.8		22.6	12
1997	13.5	14.3	18.6	19.6	24.7	27.2	30.9	30.1	28.6	23.2	19.4	14.4		22	12
1998	15.2	14.3	16.6	18.5	23.2	28.6	29.1	27.9	27.5	23.6	19.5	14.4		21.5	12
1999	15.4	17.4	17.3	19.8	23.1	27.1	29.9	30.4	28.3	24.4	20	13.8		22.2	12
2000	16.4	17.6	17.4	19.8	23.9	27.2	31.3	28.8	27.9	22.3	15.6	16		22	12
2001	14.1	15.4	16.9	21.2	25.2	29.9	32.4	31.6	30.2	22.8	19.8	14.2		22.8	12
2002	14.8	16.7	17.9	21	24.1	28.2	32	30.8	30	21.1	18.4	14.2		22.4	12
2003	16.5	16.1	17.1	19.6	24	24.7	30.4	29.8	27.8	24.6	18.8	14.8		22	12
2004							29.2	29.1	25.7	20.9	15.9	14		22.5	6
2005	14.4	14.2	15.9	19.4	22.7	24.2	29.6	26.8	27.3	20.9	18.2	14.2		20.6	12
2006	14	15.4	16.7	19.2	21.6	26.4	28.5	28.5	25	22.6	17.8	13.1		20.7	12
2007	11.9	13.3	14.7	17.8	20	26.3	28.2	28.4	26.4	22	18.2	12.1		19.9	12
2008	12.6	14.7	16.2	19.1	21.8				26.6	22.7	18.4	13.8		18.4	9
2009	13.5	15.2	16.7	18.3	22.9	26	29.3	28.6	24.7	19.9	16.8	14.7		20.6	12
2010	12.8	12.5	14.8	17.6	20.2	23.1	27	29	26.7	20	15.1	13.6		19.4	12
2011	12.4	12.2	16.1	18.3	20.3	25.2	27.2	28	26.4	21.8	15.1	11.1		19.5	12
2012	14	12.9	15.4	17.6	21.5	24.1	26.2	27.2	24.6	20.6	17.1			20.1	11
2013	11.4	12.5	17	17.3	20.8	25	27.2	27.6	24.5	20.2	19.1	14.4		19.8	12
2014	14.2	16.3	17.7	19.8	22.6	27	28.4	27.5	25.6	23	17.1	14.5		21.1	12
2015	14.5	15.8	18	19.6	19.7	26.2	27	28.6	27.1	22.6	17.9	13.2		20.9	12
2016	13.3	18	17.8	19	20.4	26.3	29.6	28.4	25.3	23.6	17.8	14.1		21.1	12
2017	13.3	15.4	18.4	19.8	20.9	24.8	28.6	29.6	25.3	24.5	20	15		21.3	12
2018	16.1	15.4	18.1	21.4	22.2	26.5	28.9	28.8	28	21.1	17.1	14.8		21.5	12
2019	14.3	14.2	17.4	19.9	20.2	25.3	29.6	30.1	25.9	22.8				22	10
2020	13.2	15.2	15.9	19	22.5	27.1	30.4	30.7	28.3	25	19.6	13.6		21.7	12
2021	14	15.4	16.4	20.2	21.8	27.3	29.2	28.8	28.4	24.2				22.6	10
2023						28	31.2	31.4	28.7	25.2	20.2	16.6		25.9	7
MÍNIMA	11.4	12.2	14.3	17.3	19.7	23.1	26.2	26.8	24.5	19.9	15.1	11.1		17	4
MÁXIMA	17	18.5	19	22.5	26.2	29.9	32.4	31.6	30.4	25.8	20.2	16.9		25.9	12
MEDIA	14.1	15.2	17	19.6	22.3	26.2	29.4	29.1	27.1	22.7	18	14.4		21.3	11
DESV.ST	1.4	1.6	1.1	1.2	1.7	1.6	1.5	1.2	1.5	1.6	1.3	1.1		1.5	2.1
