COMISIÓN NACIONAL DEL AGUA
COORDINACIÓN GENERAL DEL SERVICIO METEOROLÓGICO NACIONAL
BASE DE DATOS CLIMATOLÓGICA NACIONAL 

ESTADÍSTICA MENSUAL
EMISIÓN   : 25/10/2024 

DATOS DISPONIBLES EN LA BASE DE DATOS A: OCTOBER DE 2024; 
CON LA INFORMACIÓN SUMINISTRADA POR LAS UNIDADES ADMINISTRATIVAS 

 ESTACIÓN  : 3168 
 NOMBRE    : LORETO (OBS) 
 ESTADO    : BAJA CALIFORNIA SUR 
 MUNICIPIO : LORETO 
 SITUACIÓN : OPERANDO 
 CVE-OMM   : 76305 
 LATITUD   : 26.01666667 ° 
 LONGITUD  : -111.3472222 ° 
 ALTITUD   : 6.8 msnm 


LLUVIA MÁXIMA 24 H.
AÑO	ENE	FEB	MAR	ABR	MAY	JUN	JUL	AGO	SEP	OCT	NOV	DIC	ACUM	PROM	MESES
1948						0	1.2	0	0	0	0	9	10.2	1.5	7
1949	15	0.1	0	0	0	0.01	0	0	4.4	0	0	1	20.51	1.7	12
1950	3			0.01									3.01	1.5	2
1981	3.3	0	0.1	0	0	0	0	0	0.1	0.7	0	0	4.2	0.3	12
1982	0.1	0.5	0	0	0	0	0	1.7	2.6	0	0.9	1.2	7	0.6	12
1983	0.1	0	1.9	0	0	0	4.3	5.9	2.9	0	3.1	0	18.2	1.5	12
1984	2	0	0	0	0	0	8.9	13.5	4.6	1.3	0	1.3	31.6	2.6	12
1985	4.3	0.3	0	0	0	0	0.2	0.3	0	1.8	0.4	0	7.3	0.6	12
1986	0.3	0	0	0	0	0	0.2	0.4	3.4	0	0	1.4	5.7	0.5	12
1987	0.3	0	0	0.2	0	0	2.9	0.6	3.2	1.3	0	0	8.5	0.7	12
1988	0	0	0	0.6	0	0	0	2.3	0	0	0	0.2	3.1	0.3	12
1989	1.7	1.9	0	0	0	0.4	0.8	0.7	0	0	2	0.7	8.2	0.7	12
1990	0	0	0	0	0	0	0	2.7	2.7	0	1.5	3.9	10.8	0.9	12
1991	0	1	0	0	0	0	0	0.9	4	0	2.1	6.9	14.9	1.2	12
1992	2.4	1.3	0.6	0.2	0	0	13.5	1	4	0.1	0	0.8	23.9	2	12
1993	3.5	1.2	0	0	0	0	0	1.9	11.5	1.7	0.7	0	20.5	1.7	12
1994	0.1	0	0	0	0	0	0	3.4	0	0	1.3	3.5	8.3	0.7	12
1995	1.2	1	0	0	0	0	0	3.3	1.3	0	1	0	7.8	0.7	12
1996	0	0.1	0	0	0	0	1.8	3.1	1.6	0.1	0.2	0	6.9	0.6	12
1997	0	0.2	0	0	0	0.3	1.2	4.2	13.3	0	0	1.1	20.3	1.7	12
1998	0	0	0	0	0	2	1.5	3.4	0.2	0	0	0	7.1	0.6	12
1999	0	0	0	0	0	0	0	0	4.8	0.4	0.5	0	5.7	0.5	12
2000	0	0	0	0	0	0	4.6	33.4	2.5	2.3	0.2	0.3	43.3	3.6	12
2001	0	0	0	0	0	0	2	4.5	7.6	13.7	0	0.1	27.9	2.3	12
2003	0.6	0.8	0	0	0	0	5	112.6	150.4	16.4	0.6	0	286.4	23.9	12
2004	12.5	0	0.4	0	0	0	21.5	21.1	6	13.9	0.8	0.4	76.6	6.4	12
2005	55	28.5	0	0	0								83.5	16.7	5
2009											0	0	0	0	2
2010	0	5.6	0	0	0	0	0	8.2	29.9	70.2	0	0	113.9	9.5	12
2011	0	0	0	0	0	0	0	0.1	0.3	0	65.4	62	127.8	10.7	12
2014	0.2		0	0	0	0	12.6	8.2	141.4	24.2	0	0	186.6	17	11
2015	6.2	10.6	1.6	11.8	0	28.6	29.2	0.2	76.4	5.2	0	0.2	170	14.2	12
2016	0.2	0	0	0.3	0.7	0	0.2	22.2	80.9	0.5	0		105	9.5	11
2017	0	7.8	0.2	0	0	0	4.8	10.8	105.7	0	0	0	129.3	10.8	12
2018	0	1.2	0	0	0	22.6	2	0	36.8	1.4	0.2	0.4	64.6	5.4	12
2019	12.9	0.2	0	0	0	0	0	44.2	15.2	31.4	52	0	155.9	13	12
2020	2.1	0	3.6	0	0	0	2.4	5.9	3.9	0.1	5	0	23	1.9	12
2021	5.2	0	0	0	0	0	0.2	2.6	8.2	0	1.7	0.2	18.1	1.5	12
2022	7.6	0.2	0	0	0	4.3	0	13	65.8	0	0		90.9	8.3	11
2023									0				0	0	1
MÍNIMA	0	0	0	0	0	0	0	0	0	0	0	0	0	0	1
MÁXIMA	55	28.5	3.6	11.8	0.7	28.6	29.2	112.6	150.4	70.2	65.4	62	286.4	23.9	12
MEDIA	3.8	1.8	0.2	0.4	0	1.6	3.4	9.3	21.5	5.2	3.8	2.7	48.9	4.4	10.8
DESV.ST	9.5	5.2	0.7	1.9	0.1	6	6.4	20.2	39.6	13.3	13.4	10.5	64.9	5.8	3

LLUVIA TOTAL MENSUAL
AÑO	ENE	FEB	MAR	ABR	MAY	JUN	JUL	AGO	SEP	OCT	NOV	DIC	ACUM	PROM	MESES
1948						0	1.2	0	0	0	0	20	21.2	3	7
1949	18.04	0.11	0	0	0	0.01	0	0	5.4	0	0	1	24.56	2	12
1950	7			0.01									7.01	3.5	2
1981	5.1	0	0.1	0	0	0	0	0	0.2	1.1	0	0	6.5	0.5	12
1982	0.1	0.5	0	0	0	0	0	1.7	3.6	0	0.9	2	8.8	0.7	12
1983	0.1	0	3.2	0	0	0	6.9	16.1	3	0	3.1	0	32.4	2.7	12
1984	4.3	0	0	0	0	0	19.7	28.2	8.4	1.3	0	1.3	63.2	5.3	12
1985	8	0.3	0	0	0	0	0.2	0.3	0	1.8	0.4	0	11	0.9	12
1986	0.3	0	0	0	0	0	0.4	0.4	7.9	0	0	1.8	10.8	0.9	12
1987	0.3	0	0	0.2	0	0	2.9	0.6	9.6	1.3	0	0	14.9	1.2	12
1988	0	0	0	0.6	0	0	0	3.5	0	0	0	0.4	4.5	0.4	12
1989	2.4	2.8	0	0	0	0.4	0.8	1.5	0	0	2	1.1	11	0.9	12
1990	0	0	0	0	0	0	0	4.8	4.5	0	2.2	7.6	19.1	1.6	12
1991	0	2	0	0	0	0	0	0.9	4	0	3.5	8.2	18.6	1.6	12
1992	6.5	2.6	0.6	0.2	0	0	13.5	1.7	4.1	0.1	0	2.3	31.6	2.6	12
1993	5.8	2.4	0	0	0	0	0	4.2	24.2	1.7	2.2	0	40.5	3.4	12
1994	0.1	0	0	0	0	0	0	6.5	0	0	1.3	6.5	14.4	1.2	12
1995	1.2	3	0	0	0	0	0	4.2	2.4	0	1.5	0	12.3	1	12
1996	0	0.1	0	0	0	0	2.8	10	3.6	0.1	0.2	0	16.8	1.4	12
1997	0	0.2	0	0	0	0.3	1.2	6.8	23.4	0	0	2	33.9	2.8	12
1998	0	0	0	0	0	2	1.5	5.9	0.2	0	0	0	9.6	0.8	12
1999	0	0	0	0	0	0	0	0	9.4	0.4	0.5	0	10.3	0.9	12
2000	0	0	0	0	0	0	4.6	33.8	5.4	3.5	0.2	0.3	47.8	4	12
2001	0	0	0	0	0	0	2.2	4.5	19.2	27.3	0	0.1	53.3	4.4	12
2003	0.6	1	0	0	0	0	5	175.6	184.7	17.2	0.6	0	384.7	32.1	12
2004	23.4	0	0.4	0	0	0	39.8	24.1	13.2	22.4	0.8	0.9	125	10.4	12
2005	90	35.6	0	0	0								125.6	25.1	5
2009											0	0	0	0	2
2010	0	5.6	0	0	0	0	0	8.2	32.3	75.2	0	0	121.3	10.1	12
2011	0	0	0	0	0	0	0	0.1	0.6	0	76.1	62	138.8	11.6	12
2014	0.2		0	0	0	0	18.2	11.4	233.5	24.8	0	0	288.1	26.2	11
2015	17.2	19.2	3.2	11.8	0	42.2	41.2	0.2	148.3	6	0	0.2	289.5	24.1	12
2016	0.2	0	0	0.3	0.7	0	0.4	33.2	111.5	0.5	0		146.8	13.3	11
2017	0	7.8	0.2	0	0	0	11.4	10.8	105.9	0	0	0	136.1	11.3	12
2018	0	1.6	0	0	0	42.9	3.8	0	52	1.4	0.2	0.6	102.5	8.5	12
2019	13.5	0.2	0	0	0	0	0	89.8	24.2	36.6	126.3	0	290.6	24.2	12
2020	2.1	0	4.8	0	0	0	2.9	10.2	3.9	0.1	5	0	29	2.4	12
2021	9	0	0	0	0	0	0.2	4.7	13.1	0	1.7	0.2	28.9	2.4	12
2022	7.6	0.2	0	0	0	4.3	0	25.4	197.9	0	0		235.4	21.4	11
2023									0				0	0	1
MÍNIMA	0	0	0	0	0	0	0	0	0	0	0	0	0	0	1
MÁXIMA	90	35.6	4.8	11.8	0.7	42.9	41.2	175.6	233.5	75.2	126.3	62	384.7	32.1	12
MEDIA	6	2.4	0.3	0.4	0	2.6	5	14.7	34	6.2	6.2	3.4	74.2	6.8	10.8
DESV.ST	15.4	6.8	1.1	1.9	0.1	9.9	10.1	32.3	61.7	15	23.8	10.9	97.4	8.8	3

EVAPORACIÓN MENSUAL
AÑO	ENE	FEB	MAR	ABR	MAY	JUN	JUL	AGO	SEP	OCT	NOV	DIC	ACUM	PROM	MESES
1981	80.45		176.1	220.22		215.78	167.07	236.17	223.82	213.65	167.39	66.46	1767.11	176.7	10
1985		90.2	136.9	182.5	172.5	151.3		190.4	262.4	209.7	169	125.3	1690.2	169	10
1986	150	97	106.4	54.9	84.9	247.6	271					105.7	1117.5	139.7	8
1987	142.8	148	168.4	219.5	259.4	284.6	302.4	252.7	196.2	188.1	152.9	141.9	2456.9	204.7	12
1988	171.8	120		186.1	222.6	232.6	205.6	216.7	200.2	162.2	130.7	117.2	1965.7	178.7	11
1989	115.9	116.7	144.5	199.7	224.1	228.9	213.6						1243.4	177.6	7
1990	93.2	107.2	155.5	194.5	217.5	236.5	192.1	200.3	158.4				1555.2	172.8	9
2003			1.05										1.05	1	1
2009											102.82	81.36	184.18	92.1	2
2010	102.04	112.43	180.45	185.49	225.07	232.38	249.97	207.38	178.12	163.33	105.08	74.3	2016.04	168	12
2011	82.83	117.48	173.51	202.79	235.77	223.23	242.51	235.03	204.93	190.81	117	93.1	2118.99	176.6	12
2014	116.17		167.83	222.06	281.73	291.68	243.42	257.36	172.41	179.81	133.97	87.66	2154.1	195.8	11
2015	87.79	117.5	164.46	191.07	241.03	260	256.01	257.57	181.58	169	110.93	91.03	2127.97	177.3	12
2016	92.45	160.96	156.73	189.75	215.95	218.31	229.91	218.7	179.81	152.07	102.35		1916.99	174.3	11
2017	85.34	112.95	175.95	215.2	229.8	226.5	225.21	217.04	178.17	195.41	115.74	80.04	2057.35	171.4	12
2018	108.48	102.77	108.27	205.22	233.22	219.07	231.83	212.25	201.93	169.17	98.11	72.88	1963.2	163.6	12
2019	82.51	92.69	155.87	212.78	220.33	236.25	227.82	193.74	165.86	161.55	110.61	62.15	1922.16	160.2	12
2020	76.56	124.88	128.67	173.4	225.58	237.91	228.08	219.99	207.48	165.83	122.57	83.17	1994.12	166.2	12
2021	94.27	125.21	176.88	212	244.62	259.01	37.95	241.89	197.63	184.04	112.71	70.23	1956.44	163	12
2022	105.63	130.89	194.19	193.96	246.41	226.33	226.19	215.3	159.16	158.93	82.56		1939.55	176.3	11
MÍNIMA	76.56	90.2	1.05	54.9	84.9	151.3	37.95	190.4	158.4	152.07	82.56	62.15	1.05	1	1
MÁXIMA	171.8	160.96	194.19	222.06	281.73	291.68	302.4	257.57	262.4	213.65	169	141.9	2456.9	204.7	12
MEDIA	105.2	117.3	148.4	192.3	222.4	234.9	220.6	223.3	191.8	177.6	120.9	90.2	1707.4	160.2	9.9
DESV.ST	27	18.7	44	37.2	41.9	30	55.9	21.4	26.5	18.8	24.5	23	631.1	43.6	3.2

TEMPERATURA MÁXIMA PROMEDIO
AÑO	ENE	FEB	MAR	ABR	MAY	JUN	JUL	AGO	SEP	OCT	NOV	DIC	ACUM	PROM	MESES
1948						25.6	29	29.5	30.8	26.8	26.6	24.9		27.6	7
1949	19.7	20.5	21.4	22.8	22.1	23.8	26.5	27.5	27.9	27.4	27.3	24		24.2	12
1950	22			21.2										21.6	2
1982								37.8	37.7	33.9	28.1	24.2		32.3	5
1983	24.9	26	26.9	28	32.8	34.4	36.7	34.7	35.2	33.3	28.1	25		30.5	12
1984	23.3	25	28	29.7	34.5	34.1	34	34.7	34.3	30.6	27.3	23		29.9	12
1985	21.7	23.4	25.4	29.9	32.5	34.7	35.4	36.6	35.7	32.4	28.1	24.9		30.1	12
1986	26	26.1	29.2	30.5	32.1	33.8	35.9	36.5	34.9	32.4	28.6	23.4		30.8	12
1987	23.7	24.2	26.3	30.1	30.4	36.2	37.3	37	36.1	34.8	29.2	24.6		30.8	12
1988	24.2	25.8	28.2	29.1	31.8	34.9	35.8	36.2	36.2	33.2	28.6	24.1		30.7	12
1989	21.6	23.1	26.8	31.6	32.8	35	35.7	35.9	36	32.7	29.8	24		30.4	12
1990	23.7	23.4	26.8	30	32.9	36	35.1	35.2	35.3	33.5	27.8	22.8		30.2	12
1991	22.8	25.3	25.4	29.4	31.5	34.6	35.4	36.5	34.2	34.1	27.8	22.8		30	12
1992	21.9	24.4	26	30.7	32.6	36.1	36.3	35.6	35.4	33.3	27.7	23.1		30.3	12
1993	23.8	23.3	27.9	30.6	32	35.4	35.3	35.9	33.6	32.5	26.8	23.6		30.1	12
1994	25	24.2	27.2	29.4	31.9	35	37.1	35.5	36.2	32.5	27.3	22.9		30.4	12
1995	23.7	25.7	27.7	29.6	31.4	35.5	37.3	36.1	35.8	34.4	29.7	25.7		31	12
1996	25.7	26.8	28.5	31.5	34.1	36.2	36.5	35.5	33.6	33.1	28.7	25.5		31.3	12
1997	23.7	24.6	28.7	29.7	35	36.4	38	37.6	36	33.2	30	24.2		31.4	12
1998	26.4	25.3	27.4	29	31.8	36.1	37.9	37.4	36.9	34	29.6	24.9		31.4	12
1999	25.7	26.5	27.4	28.9	33.3	35.6	37	37.5	36.8	35.9	30.4	24.7		31.6	12
2000	25.6	25.9	26.6	30.7	33.4	35.2	37.2	36.3	35.5	32	25.7	25.2		30.8	12
2001	23	24.6	26.1	28.8	34.4	36.2	37.7	37.7	36.3	33.1	30	24.9		31.1	12
2003	26.9	25.3	27.7	29.1	33.1	35.6	36.9	35.8	35	33.8	28.3	24.5		31	12
2004	22.4	23.4	29.3	29.2	33.2	36.6	36.6	37.4	35.3	32.1	26.6	24.4		30.5	12
2005	24.2	24.2	26.9	29.5	32.4									27.4	5
2009											29.3	24.8		27	2
2010	25.2	25.1	27.3	28.8	32.2	35.1	35.8	36.9	36.5	32.4	27.9	25.4		30.7	12
2011	24	24.3	28.6	31	31.8	35.9	37.2	38	37.7	34.6	27.6	23.2		31.2	12
2014	25.9		28.5	31	34.3	37.3	37.1	37.4	34.6	33.7	30.2	25.9		32.4	11
2015	24.2	27	28.8	29.6	31.1	34.3	34.8	36.3	34.6	32.7	28.9	25.5		30.6	12
2016	25.2	28.9	29.5	30.4	32	36.3	37.1	36.9	35.3	35.4	29.9			32.4	11
2017	24.3	26.8	29.9	32	32.6	35.1	36.8	37.7	34.9	35.9	32.6	26.3		32.1	12
2018	27.2	25.6	28.1	32.1	33.6	35.5	37.2	37.3	37.1	32.7	29	25.8		31.8	12
2019	25.2	24.5	27.9	31.3	31.3	35.8	37.3	37.9	35.5	33.7	28.9	24.5		31.1	12
2020	24.5	26.3	26	30.8	34.4	37	37.5	38	37.9	35.5	30.5	24.7		31.9	12
2021	24	26	27.3	31.5	33.6	37.4	36.1	37.9	36.4	33.7	31.2	26.3		31.8	12
2022	25.7	25.3	28.5	30.4	33.7	35.5	37.2	37	34.5	32.9	27.8			31.7	11
MÍNIMA	19.7	20.5	21.4	21.2	22.1	23.8	26.5	27.5	27.9	26.8	25.7	22.8		21.6	2
MÁXIMA	27.2	28.9	29.9	32.1	35	37.4	38	38	37.9	35.9	32.6	26.3		32.4	12
MEDIA	24.2	25.1	27.4	29.7	32.4	34.9	36	36.2	35.3	33.1	28.7	24.5		30.3	10.9
DESV.ST	1.6	1.5	1.6	2.2	2.1	2.7	2.3	2.2	1.9	1.9	1.4	1		2.2	2.7

TEMPERATURA MÁXIMA EXTREMA
AÑO	ENE	FEB	MAR	ABR	MAY	JUN	JUL	AGO	SEP	OCT	NOV	DIC	ACUM	PROM	MESES
1948						32	34	34	36	32	31	30		32.7	7
1949	25	25	26	29	27	30	32	31	44	32	30	32		30.2	12
1950	29			25										27	2
1982								41	40.2	36.4	32.4	27		35.4	5
1983	27.4	28.1	32	35.3	36.8	38.4	39.7	39.3	38.9	35.9	32.3	28.2		34.4	12
1984	25.6	27.4	31.5	35.3	40	38	37.8	38.8	37.1	33	31.9	26.7		33.6	12
1985	24.3	28.6	30.4	33.7	36.8	38	40	39.3	37.2	38.5	33.6	28		34	12
1986	30	32.2	32.6	38	36.4	38.2	40.5	40.3	37.1	34.8	33	28.1		35.1	12
1987	29.7	29	30.8	36.7	33.5	41.8	42.1	39	41.8	37.5	34.1	29.7		35.5	12
1988	31	30.1	35.2	33.3	39.4	40.4	40.4	40.7	42.3	40.2	36.9	29		36.6	12
1989	28.9	29.9	32.8	38.8	38.8	39.2	39.5	38.2	37.8	36.9	37.8	27.4		35.5	12
1990	28.9	27.6	31.8	35.5	38.5	39.5	38.5	37.5	37.5	36.6	32.7	27.4		34.3	12
1991	27.5	30.5	30.3	35	36.5	39.8	38.4	39.3	37.5	39	32.5	25.5		34.3	12
1992	24.5	28.5	30.2	38	37.5	41	39.5	37.5	39.2	39.3	33	27.2		34.6	12
1993	28	28	36	35.2	35.8	39.5	40	40.7	39.6	37	31	27.6		34.9	12
1994	30	28.5	32.2	35.5	38	38.3	39.8	39.6	39	37	33.5	26		34.8	12
1995	28.2	30	34	34	36.5	40	39.5	40.2	39.6	39.3	34.2	29.8		35.4	12
1996	29.8	32	32.7	37.5	38.5	38.6	40.4	38.5	35.9	38.7	33	30.2		35.5	12
1997	28	28.2	35	34.9	39.7	41	41.5	40.4	40.5	38	33.8	28.2		35.8	12
1998	29.6	28.4	34	35.2	38.2	41.5	42	39.5	39	37.6	31.8	28.8		35.5	12
1999	29.7	30.2	33	37.6	38.5	40.7	41	39.8	41.2	40.5	37.5	31		36.7	12
2000	31	29.5	31.5	35.6	37.6	40	41	39.6	39.4	36.6	28	29.8		35	12
2001	28.5	37	34	38	38.9	39.5	40.3	40.9	40	35.9	33.4	29.9		36.4	12
2003	30.5	30.2	33.6	34.5	37.8	40	40.8	39.4	37.6	37.4	31.8	27.5		35.1	12
2004	25.9	30.3	34.7	34.7	36.5	40.5	39.8	39.2	39.9	37	31.7	30.2		35	12
2005	29.5	29.6	30.5	34	37.6									32.2	5
2009											33.3	27		30.1	2
2010	28	30	32.2	34.4	37.7	40	39.5	41	39.2	37	34	29		35.2	12
2011	28.3	30.8	33.5	37	37	39.5	40.8	41	40	38	34.2	28.8		35.7	12
2014	29		32.6	35.5	39	40	41	41	39	36.8	33.4	29		36	11
2015	28.5	30.5	34	34	38.2	39	36.8	38.4	38	36.2	33.2	31		34.8	12
2016	30.2	33	35.3	34.5	39	42.5	40.8	41	38.5	37.8	34.5			37	11
2017	27.8	32.5	34.5	37.2	38.2	39.2	38.5	39.5	37.6	40.8	35.4	29.2		35.9	12
2018	30.4	32.5	32.8	36.2	38.3	39.2	41.1	39.4	39.3	36	34	30		35.8	12
2019	29.1	29.4	32.5	36.2	35	42	40.4	42.3	37.2	38.9	33.6	28.2		35.4	12
2020	26.6	31.6	29.3	39.5	37.8	41.3	41.3	40.5	40.6	38.7	35.6	27.5		35.9	12
2021	27.8	29.4	33.5	36.5	38.5	41	37	40.7	39.1	36.8	33.7	30		35.3	12
2022	28.5	29.7	33.7	35.5	38	38.6	41.9	39	38	35.5	30.8			35.4	11
MÍNIMA	24.3	25	26	25	27	30	32	31	35.9	32	28	25.5		27	2
MÁXIMA	31	37	36	39.5	40	42.5	42.1	42.3	44	40.8	37.8	32		37	12
MEDIA	28.4	29.9	32.6	35.3	37.4	39.4	39.6	39.4	39	37.1	33.2	28.7		34.7	10.9
DESV.ST	1.7	2.1	2	2.6	2.3	2.4	2.1	2.1	1.7	2.1	2	1.5		2	2.7

TEMPERATURA MÍNIMA PROMEDIO
AÑO	ENE	FEB	MAR	ABR	MAY	JUN	JUL	AGO	SEP	OCT	NOV	DIC	ACUM	PROM	MESES
1948						17.6	20.5	21.9	23.3	19.8	15.9	15.9		19.3	7
1949	12.8	12.8	13.8	14.5	14.7	17.2	18.8	20.7	21.3	19.4	18.7	15.4		16.7	12
1950	14.6			14.4										14.5	2
1982								24.2	25	18.9	16.7	13.7		19.7	5
1983	14.7	13.2	14.7	14.8	18.8	21.2	26.3	25.6	26	22	16.8	13.4		19	12
1984	12.2	10.6	12.2	15.5	18.7	22.8	25.1	25.6	24	18.9	14.3	12.8		17.7	12
1985	11.1	10.9	13.4	16.7	17.1	21.6	25	26.2	24	19.8	15.5	11.9		17.8	12
1986	12.6	12.1	13.9	18.4	20.1	22	25	27	24.3	19.6	16.6	12.7		18.7	12
1987	10.2	10.9	11.6	15	17.8	21.5	25.4	26	23.9	22.5	15.9	12.3		17.8	12
1988	10.9	13.8	12.9	14.7	18.6	21.1	25.7	26.2	25.5	20.7	15.9	12.6		18.2	12
1989	11	11.3	13	16.2	18.8	22.1	25.4	27.6	25.8	21.9	17.4	12.9		18.6	12
1990	11.7	11.3	13.2	16.4	19.1	24.7	26.5	25.3	25	21.6	16.9	13.5		18.8	12
1991	11.9	12.7	13.2	15.9	16.3	20.1	24.6	26.6	24.9	22	16.3	13		18.1	12
1992	13	12.9	13.4	15.8	19.8	22.5	25.8	26.4	25	20.6	15.9	13.6		18.7	12
1993	14.1	12.1	14.1	15.9	18.1	21.5	25.1	26.8	24.1	20.6	16.9	13.7		18.6	12
1994	12.3	10.6	13.8	14.7	17.3	22.7	25.9	27.2	26	21.4	16.6	13.5		18.5	12
1995	12.2	13.6	14.1	14	17.4	20.8	26.1	26.5	25.5	19.9	17.3	11.9		18.3	12
1996	10.1	12.7	12.9	14.8	18.3	23.8	26.6	25.8	23.6	19	16.5	12.5		18	12
1997	11.3	12.3	14.7	15.7	20.5	23.3	26.8	27.7	26.7	22.2	16.9	13.9		19.3	12
1998	13	12.3	13.9	15.1	17.7	23.4	27.8	27.6	26	22	15.5	13.3		19	12
1999	10.8	11.8	11.7	14.6	17.9	22.2	26.6	27.1	26.4	21.3	16.5	11.7		18.2	12
2000	10.8	11.9	12.6	16.3	19.2	24	27.1	26.6	25.5	22.2	14.1	12.3		18.6	12
2001	11.3	12.2	12.8	14.8	19.9	24.4	27.2	27.1	26.4	20.2	18.3	12.5		18.9	12
2003	14.2	14.2	14.3	16.6	19.1	22.2	26.9	26.8	25.5	22.2	17.4	12.5		19.3	12
2004	10.6	11.2	14.5	16.6	19.2	23.1	26.8	27	25	21.9	15.9	13.8		18.8	12
2005	13.3	13.5	14.2	16.6	19.4									15.4	5
2009											16.6	13.6		15.1	2
2010	13.5	13.2	14.8	16.3	18.5	23.4	26.5	27.5	27.5	21	14.9	12.4		19.1	12
2011	11.5	10.9	14.1	16.8	18.6	23.6	27.5	28.8	26.9	22.4	16.5	12.3		19.2	12
2014	13.6		15.8	18.2	20.4	26.2	27.5	27.9	26.1	22.7	17.9	14.7		21	11
2015	14.3	13.9	16.1	18.5	19.7	25.2	27.3	28.9	26.8	23.6	18.7	14.2		20.6	12
2016	12.3	15.3	14.5	17.2	19.6	24	27.8	27.6	25.2	23.5	18			20.5	11
2017	12.8	13.4	15.5	17.7	19.2	23.6	27.4	29	25.5	23.7	18.6	15.4		20.1	12
2018	14.1	14.9	14.9	17.5	20	25.1	27.8	28.1	27.7	22.2	16.8	14.4		20.3	12
2019	13.7	13.8	14.1	18.3	18.9	24.5	28.5	28.6	26.3	22.5	19.5	14		20.2	12
2020	12.7	13.9	15.1	17.4	20.7	25.4	27.4	28.3	27.6	22.7	18.1	13.1		20.2	12
2021	12.5	12.8	13.3	17.2	20.8	25.8	25.8	28.4	26.3	22.1	17.5	14		19.7	12
2022	14.2	12.4	13.5	16.5	19.7	24.4	27.5	27.7	25.6	20.9	16.4			19.9	11
MÍNIMA	10.1	10.6	11.6	14	14.7	17.2	18.8	20.7	21.3	18.9	14.1	11.7		14.5	2
MÁXIMA	14.7	15.3	16.1	18.5	20.8	26.2	28.5	29	27.7	23.7	19.5	15.9		21	12
MEDIA	12.5	12.6	13.8	16.2	18.8	22.9	26.1	26.8	25.4	21.4	16.8	13.3		18.7	10.9
DESV.ST	1.3	1.2	1.1	1.3	1.3	2	1.9	1.8	1.3	1.4	1.2	1		1.4	2.7

TEMPERATURA MÍNIMA EXTREMA
AÑO	ENE	FEB	MAR	ABR	MAY	JUN	JUL	AGO	SEP	OCT	NOV	DIC	ACUM	PROM	MESES
1948						15	2	20	20	16	1.5	10		12.1	7
1949	10	10	12	12	13	15	13	18	14	16	16	11		13.3	12
1950	12			12										12	2
1982								14.8	19.9	14.3	13.2	9		14.2	5
1983	9	9.5	11.7	10	13.9	17.4	19	20.6	23.1	19	11.5	9		14.5	12
1984	9	7.8	6.8	10	12	16	21.5	21.5	20.8	14	8.2	7.7		12.9	12
1985	3.9	3.5	8	12.1	12	16	13.9	23.5	19.6	15	10.9	8		12.2	12
1986	8.8	7.8	8.8	12	15	18.5	21.8	25	19.8	10.2	10	8.6		13.9	12
1987	5.8	7.4	8.5	10	15.4	17.8	21.5	23.8	20	20.1	11.4	5.5		13.9	12
1988	7	9.3	7	8.8	12.8	16	23	23.2	22.8	17	10.2	4.4		13.5	12
1989	6.8	8	8.7	3.7	13.2	16.5	3.7	24.5	19	19.3	5.6	7.4		11.4	12
1990	5.9	4.8	8	11.6	15	18	24.1	22.5	21.2	17.5	13	8		14.1	12
1991	8	7.8	9	10.3	12	16	20	23.5	22	18.5	10.2	9		13.9	12
1992	8.8	9	9.8	11.5	17	16.2	23	23	19	11.8	11.2	7.2		14	12
1993	9	8.5	8	11.3	13.2	15	21.4	23.8	20	14.8	10.4	9		13.7	12
1994	5.8	7	9.8	11	12	16.8	17.2	24.5	23.8	17	12.2	7.8		13.7	12
1995	8	8	10	10	12.5	17	19.8	22	21	15.5	11.5	7		13.5	12
1996	5.1	7.8	9	10.5	12.2	19.9	23.5	21	19.7	11.8	11	6		13.1	12
1997	6	7	8	10	15.5	20	23	22.7	22.5	17.7	12.7	8.5		14.5	12
1998	9.5	8.9	7.3	11	14.4	16.8	24.8	24	19.8	14.8	11.4	8.3		14.2	12
1999	6.2	7.6	8.1	10.4	12	16.5	21.4	23.2	21.2	16.4	11	7		13.4	12
2000	5.8	7.3	9	11.5	12.8	18.9	21.9	22.4	22	14.5	8.5	7		13.5	12
2001	7	8.3	6.9	9.3	14.5	20.1	24.7	24.5	21.9	18.1	15	6.9		14.8	12
2003	7.1	10.8	9	10.4	16	17.4	24.1	23.4	20.8	16	11	5.7		14.3	12
2004	7.5	6.3	8.7	13.8	16.4	18.9	21.1	24	20.9	17.2	10.5	6.8		14.3	12
2005	8.8	9.9	10	13	15									11.3	5
2009											10.2	9.8		10	2
2010	9	9.6	8	11.5	10.5	18.9	20	10.5	24.9	16	10.5	9		13.2	12
2011	7	6.5	11	12.5	10	19.3	24.5	26.8	24	18	10.2	7		14.7	12
2014	8		11.5	13.8	15	20	24.5	25.5	24	19.5	12	8.8		16.6	11
2015	8.5	10.5	12.8	15	16.5	21	23	25	24.5	19	14.5	8.8		16.6	12
2016	8	10	11	13	15.5	19.4	24.7	25	22.9	19.5	14			16.6	11
2017	8	9.2	12.2	13.8	15	18.5	23.3	27	22	19	15.2	10.5		16.1	12
2018	8.2	9	7	13	17	22	24	26.5	24.5	19	14	6.7		15.9	12
2019	10	9	11	15	16	20	25.5	24	23	17.5	15	9.2		16.3	12
2020	8.6	7.5	9	13.2	18.2	20.2	25.8	25.9	25.4	15.9	14.1	8.4		16	12
2021	8.7	8.8	9.5	13.5	16.9	21.9	25.1	26	21.9	17.8	14.9	9.5		16.2	12
2022	9.3	8.8	9	13	15.8	18.9	23	24.1	23.3	16.2	11.9			15.8	11
MÍNIMA	3.9	3.5	6.8	3.7	10	15	2	10.5	14	10.2	1.5	4.4		10	2
MÁXIMA	12	10.8	12.8	15	18.2	22	25.8	27	25.4	20.1	16	11		16.6	12
MEDIA	7.8	8.2	9.2	11.5	14.2	18.1	21	23	21.6	16.6	11.5	8		14.1	10.9
DESV.ST	1.6	1.5	1.6	2.1	2	2	5.5	3.3	2.2	2.4	2.8	1.5		1.6	2.7

TEMPERATURA MEDIA MENSUAL
AÑO	ENE	FEB	MAR	ABR	MAY	JUN	JUL	AGO	SEP	OCT	NOV	DIC	ACUM	PROM	MESES
1948						21.6	24.8	25.7	27	23.3	21.2	20.4		23.4	7
1949	16.2	16.6	17.6	18.6	18.4	20.5	22.6	24.1	24.6	23.4	23	19.7		20.4	12
1950	18.3			17.8										18	2
1982								31	31.4	26.4	22.4	19		26	5
1983	19.8	19.6	20.8	21.4	25.8	27.8	31.5	30.2	30.6	27.6	22.5	19.2		24.7	12
1984	17.8	17.8	20.1	22.6	26.6	28.5	29.6	30.2	29.1	24.8	20.8	17.9		23.8	12
1985	16.4	17.1	19.4	23.3	24.8	28.2	30.2	31.4	29.9	26.1	21.8	18.4		23.9	12
1986	19.3	19.1	21.6	24.4	26.1	27.9	30.4	31.8	29.6	26	22.6	18		24.7	12
1987	17	17.6	19	22.6	24.1	28.9	31.3	31.5	30	28.6	22.6	18.5		24.3	12
1988	17.6	19.8	20.6	21.9	25.2	28	30.8	31.2	30.9	27	22.2	18.4		24.5	12
1989	16.3	17.2	19.9	23.9	25.8	28.6	30.6	31.8	30.9	27.3	23.6	18.4		24.5	12
1990	17.7	17.4	20	23.2	26	30.4	30.8	30.2	30.1	27.6	22.4	18.1		24.5	12
1991	17.4	19	19.3	22.6	23.9	27.4	30	31.6	29.6	28	22	17.9		24.1	12
1992	17.4	18.6	19.7	23.2	26.2	29.3	31	31	30.2	27	21.8	18.4		24.5	12
1993	19	17.7	21	23.2	25	28.4	30.2	31.4	28.9	26.6	21.9	18.6		24.3	12
1994	18.6	17.4	20.5	22	24.6	28.9	31.5	31.4	31.1	27	22	18.2		24.4	12
1995	18	19.6	20.9	21.8	24.4	28.1	31.7	31.3	30.6	27.1	23.5	18.8		24.6	12
1996	17.9	19.8	20.7	23.1	26.2	30	31.6	30.6	28.6	26	22.6	19		24.7	12
1997	17.5	18.5	21.7	22.7	27.8	29.9	32.4	32.6	31.4	27.7	23.4	19		25.4	12
1998	19.7	18.8	20.6	22	24.8	29.8	32.9	32.5	31.4	28	22.6	19.1		25.2	12
1999	18.2	19.1	19.5	21.8	25.6	28.9	31.8	32.3	31.6	28.6	23.4	18.2		24.9	12
2000	18.2	18.9	19.6	23.5	26.3	29.6	32.2	31.4	30.5	27.1	19.9	18.8		24.7	12
2001	17.1	18.4	19.5	21.8	27.1	30.3	32.5	32.4	31.3	26.6	24.1	18.7		25	12
2003	20.5	19.8	21	22.9	26.1	28.9	31.9	31.3	30.2	28	22.9	18.5		25.2	12
2004	16.5	17.3	21.9	22.9	26.2	29.9	31.7	32.2	30.1	27	21.2	19.1		24.7	12
2005	18.8	18.9	20.5	23	25.9									21.4	5
2009											23	19.2		21.1	2
2010	19.4	19.1	21	22.6	25.4	29.2	31.1	32.2	32	26.7	21.4	18.9		24.9	12
2011	17.8	17.6	21.4	23.9	25.2	29.8	32.4	33.4	32.3	28.5	22	17.8		25.2	12
2014	19.8		22.1	24.6	27.3	31.8	32.3	32.6	30.4	28.2	24	20.3		26.7	11
2015	19.2	20.4	22.5	24	25.4	29.8	31	32.6	30.7	28.2	23.8	19.9		25.6	12
2016	18.8	22.1	22	23.8	25.8	30.1	32.5	32.2	30.2	29.4	24			26.4	11
2017	18.6	20.1	22.7	24.9	25.9	29.4	32.1	33.4	30.2	29.8	25.6	20.9		26.1	12
2018	20.6	20.2	21.5	24.8	26.8	30.3	32.5	32.7	32.4	27.5	22.9	20.1		26	12
2019	19.4	19.1	21	24.8	25.1	30.1	32.9	33.2	30.9	28.1	24.2	19.2		25.7	12
2020	18.6	20.1	20.6	24.1	27.5	31.2	32.5	33.1	32.8	29.1	24.3	18.9		26.1	12
2021	18.2	19.4	20.3	24.4	27.2	31.6	31	33.1	31.4	27.9	24.4	20.1		25.8	12
2022	20	18.9	21	23.4	26.7	30	32.4	32.4	30	26.9	22.1			25.8	11
MÍNIMA	16.2	16.6	17.6	17.8	18.4	20.5	22.6	24.1	24.6	23.3	19.9	17.8		18	2
MÁXIMA	20.6	22.1	22.7	24.9	27.8	31.8	32.9	33.4	32.8	29.8	25.6	20.9		26.7	12
MEDIA	18.3	18.8	20.6	22.9	25.6	28.9	31.1	31.5	30.4	27.2	22.7	18.9		24.5	10.9
DESV.ST	1.2	1.2	1.1	1.5	1.6	2.3	2.1	1.9	1.5	1.4	1.2	0.8		1.7	2.7
