COMISIÓN NACIONAL DEL AGUA
COORDINACIÓN GENERAL DEL SERVICIO METEOROLÓGICO NACIONAL
BASE DE DATOS CLIMATOLÓGICA NACIONAL 

ESTADÍSTICA MENSUAL
EMISIÓN   : 25/10/2024 

DATOS DISPONIBLES EN LA BASE DE DATOS A: OCTOBER DE 2024; 
CON LA INFORMACIÓN SUMINISTRADA POR LAS UNIDADES ADMINISTRATIVAS 

 ESTACIÓN  : 3045 
 NOMBRE    : PUERTO SAN CARLOS 
 ESTADO    : BAJA CALIFORNIA SUR 
 MUNICIPIO : COMONDÚ 
 SITUACIÓN : OPERANDO 
 CVE-OMM   :   
 LATITUD   : 24.79166667 ° 
 LONGITUD  : -112.1111111 ° 
 ALTITUD   : 10 msnm 


LLUVIA MÁXIMA 24 H.
AÑO	ENE	FEB	MAR	ABR	MAY	JUN	JUL	AGO	SEP	OCT	NOV	DIC	ACUM	PROM	MESES
1967						0	3.1	45	0	22	10	12	92.1	13.2	7
1968	28	18	18	0	0	0	0	0	0	5	0.01	8	77.01	6.4	12
1969		0.4			0		0.5	0					0.9	0.2	4
1970					0	0	0	0	6	5	0	2	13	1.6	8
1971	0	0	0	0	0	0	5	2	0.1	0	0	0.4	7.5	0.6	12
1972	6	0	0	0	0	0	0	0	0	20	6	17	49	4.1	12
1973	6	12	0	0	0	0	0	0	0	0	0	0	18	1.5	12
1974	20	0	0	0	0	0	20	10	0	0	60	11	121	10.1	12
1975	25	0	0	0	0	0	0	2	2	0	0	5	34	2.8	12
1976	0	3	0	0	0	0	0	13	2	0	0	0	18	1.5	12
1977	3	0	0	2	0	0	0	24	0	0	0	0	29	2.4	12
1978	0	4	0	0	0	0	0	0	0	0	0	14	18	1.5	12
1979	30	0	0	0	0	0	0	0	108	0	0	0	138	11.5	12
1980	0	31	0	0		0	1	0				11	43	5.4	8
1981	34.1	5	12	0	0	0	0		7	12	0		70.1	7	10
1982		0	0	0	0	0	0	0	0	0	17	0	17	1.5	11
1983	20.5	5	40	0	0	0	2	112			5		184.5	20.5	9
1984	55	2	0	0	0	0	40.5	13.5	9.5	5.5	2.5	20	148.5	12.4	12
1985	29.5	0	1.5	0	0	0	0	0	0	0	0.4	0	31.4	2.6	12
1986	5.3	0	0	18.5	0	0	0	4.8	1.7	0	0	4.6	34.9	2.9	12
1987	0	2	0	0	0	0	0	0	49	8.5	13	0	72.5	6	12
1988	0	0	0	0		0	0	0	0	0	0	7.5	7.5	0.7	11
1989	4.5	9.5	0	0	0	0	1.5	0	0	0	0	19	34.5	2.9	12
1990	0	0	0	0	0	0	2	11.5	5.5				19	2.1	9
1991	16.5	18.5	0	0	0	0	0	3.5	7.5	0	19	27.5	92.5	7.7	12
1992	73.5	10.3	31.6	0	0	0	0	14.3	10.6	0	0	17.7	158	13.2	12
1993	65.3	11.8	0	0	0	0	0	41.6	4.6	3	28.5	4.3	159.1	13.3	12
1994	0	0	0	0	0	0	0	22	0	5.4	22.3	103.3	153	12.8	12
1995	0	39.5	0	0	0	0	0	3	18.5	0	9.5	6	76.5	6.4	12
1996	6.3	6.5	0	0	0	0	0	6.3	4	0	0	0	23.1	1.9	12
1997	0	0	0	0	0	0	0	10.3	16.5	0	0	0	26.8	2.2	12
1998	0	0	0	0	0	0	0	4.5	0		3.5	0	8	0.7	11
1999	0	0	0	0	0	0	1.5	0	0	0	0	0	1.5	0.1	12
2000	0	0	0	0	0	0	0	0	39.5	0	0	3.5	43	3.6	12
2001	0	0	0	0	0	0	0	0	3.5	0	0	0	3.5	0.3	12
2002	3.5	4.5	0	0	0	0	0	0	2.5	0	29.5	35	75	6.2	12
2003	0	6	0	0	0	0	0	29.5	23.5	0	0	0	59	4.9	12
2004	33.5	0	0	0	0	0	5	0	23	7.5	0	5	74	6.2	12
2005	31	0	0	0	0	0	0	0	3.5	22	0	0	56.5	4.7	12
2006	0	0	0	0	0	0	61.5	0	39	71.5	0	0	172	14.3	12
2007	0	0	0	0	0	0	0	0	0	0	19.5	0	19.5	1.6	12
2008	0	0	0	0	0	0	0	38	7.5	38.5	0	0	84	7	12
2009	0		0	0	0	0	0	0	78	64.5	0	0	142.5	13	11
2010	39	29.5	0	0	0	0	0	0	0	0	0	0	68.5	5.7	12
2011	0	0	0	0	0	0	0	0	0	0	7.5	0	7.5	0.6	12
2012	0	0	0	0	0	0	0	29	29.5	62	0	8	128.5	10.7	12
2013	0	0	0	0	0	0	0	14	0		0	0	14	1.3	11
2014	0	0	0	0	0	0	0	0	46	0	0	0	46	3.8	12
2015	0	29.5	0	0	0	53	0	0	42.5	0	0	0	125	10.4	12
2016	0	0	0	0	0	0	0	9.5	20	0	0	6	35.5	3	12
2017	0	27	0	0	0	0	0	4	3	0	0	0	34	2.8	12
2019	0	0	0.1		0	0	0	0	0	6.2	19	0	25.3	2.3	11
2020												0	0	0	1
2021							0	0	0	0	0		0	0	5
2022	20	0	0	0	0	0	0	0	20	0	0	0	40	3.3	12
2023	0	0	0	0	0	0	0	0	0	0	0	0	0	0	12
MÍNIMA	0	0	0	0	0	0	0	0	0	0	0	0	0	0	1
MÁXIMA	73.5	39.5	40	18.5	0	53	61.5	112	108	71.5	60	103.3	184.5	20.5	12
MEDIA	11.1	5.4	2	0.4	0	1	2.6	8.7	12.2	7.3	5.2	6.8	57.7	5.1	11.1
DESV.ST	18.1	9.8	7.6	2.6	0	7.3	10.1	18.3	21.4	16.9	11.1	15.9	52.2	4.8	2.2

LLUVIA TOTAL MENSUAL
AÑO	ENE	FEB	MAR	ABR	MAY	JUN	JUL	AGO	SEP	OCT	NOV	DIC	ACUM	PROM	MESES
1967						0	3.1	79.4	0	34	17	44.5	178	25.4	7
1968	105.3	67	26.5	0	0	0	0	0	0	48	0.01	11	257.81	21.5	12
1969		0.6			0		0.7	0					1.3	0.3	4
1970					0	0	0	0	10	6	0	4.4	20.4	2.5	8
1971	0	0	0	0	0	0	5	3	0.1	0	0	0.4	8.5	0.7	12
1972	11	0	0	0	0	0	0	0	0	63	6	38	118	9.8	12
1973	14	22	0	0	0	0	0	0	0	0	0	0	36	3	12
1974	20	0	0	0	0	0	20	10	0	0	60	11	121	10.1	12
1975	41	0	0	0	0	0	0	2	2	0	0	7	52	4.3	12
1976	0	5	0	0	0	0	0	13	5	0	0	0	23	1.9	12
1977	3	0	0	2	0	0	0	44	0	0	0	0	49	4.1	12
1978	0	4	0	0	0	0	0	0	0	0	0	32.5	36.5	3	12
1979	69	0	0	0	0	0	0	0	117	0	0	0	186	15.5	12
1980	0	33	0	0		0	1	0				21	55	6.9	8
1981	52.6	5	12	0	0	0	0		7	12	0		88.6	8.9	10
1982		0	0	0	0	0	0	0	0	0	23	0	23	2.1	11
1983	27.5	5	40	0	0	0	2	126.5			5.5		206.5	22.9	9
1984	68.5	6.5	0	0	0	0	57.7	23	13.7	5.5	2.5	53.5	230.9	19.2	12
1985	34	0	1.5	0	0	0	0	0	0	0	0.6	0	36.1	3	12
1986	5.3	0	0	20	0	0	0	4.8	1.7	0	0	9.2	41	3.4	12
1987	0	5	0	0	0	0	0	0	98.1	8.5	13	0	124.6	10.4	12
1988	0	0	0	0		0	0	0	0	0	0	7.5	7.5	0.7	11
1989	12.5	17.5	0	0	0	0	1.5	0	0	0	0	28	59.5	5	12
1990	0	0	0	0	0	0	2	20	5.5				27.5	3.1	9
1991	23.5	32	0	0	0	0	0	3.5	10.5	0	30.5	41	141	11.8	12
1992	129.5	30.2	35.2	0	0	0	0	21	18.3	0	0	35.4	269.6	22.5	12
1993	78.5	34.4	0	0	0	0	0	55.4	4.6	3	28.5	4.3	208.7	17.4	12
1994	0	0	0	0	0	0	0	32.3	0	5.4	28.8	168.1	234.6	19.6	12
1995	0	43	0	0	0	0	0	3	38.3	0	9.5	6	99.8	8.3	12
1996	6.3	6.5	0	0	0	0	0	11.8	7.5	0	0	0	32.1	2.7	12
1997	0	0	0	0	0	0	0	10.3	18.8	0	0	0	29.1	2.4	12
1998	0	0	0	0	0	0	0	7.5	0		3.5	0	11	1	11
1999	0	0	0	0	0	0	1.5	0	0	0	0	0	1.5	0.1	12
2000	0	0	0	0	0	0	0	0	39.5	0	0	3.5	43	3.6	12
2001	0	0	0	0	0	0	0	0	5.5	0	0	0	5.5	0.5	12
2002	3.5	4.5	0	0	0	0	0	0	2.5	0	29.5	40.5	80.5	6.7	12
2003	0	6	0	0	0	0	0	55.5	50.5	0	0	0	112	9.3	12
2004	33.5	0	0	0	0	0	5	0	40.5	7.5	0	11.5	98	8.2	12
2005	34.5	0	0	0	0	0	0	0	3.5	38.5	0	0	76.5	6.4	12
2006	0	0	0	0	0	0	61.5	0	39	71.5	0	0	172	14.3	12
2007	0	0	0	0	0	0	0	0	0	0	26	0	26	2.2	12
2008	0	0	0	0	0	0	0	38	7.5	63.5	0	0	109	9.1	12
2009	0		0	0	0	0	0	0	78	64.5	0	0	142.5	13	11
2010	39	29.5	0	0	0	0	0	0	0	0	0	0	68.5	5.7	12
2011	0	0	0	0	0	0	0	0	0	0	7.5	0	7.5	0.6	12
2012	0	0	0	0	0	0	0	60.5	29.5	120	0	8	218	18.2	12
2013	0	0	0	0	0	0	0	16	0		0	0	16	1.5	11
2014	0	0	0	0	0	0	0	0	47.5	0	0	0	47.5	4	12
2015	0	29.5	0	0	0	53	0	0	81.5	0	0	0	164	13.7	12
2016	0	0	0	0	0	0	0	12.5	20	0	0	11	43.5	3.6	12
2017	0	27.01	0	0	0	0	0	4	3	0	0	0	34.01	2.8	12
2019	0	0	0.1		0	0	0	0	0	6.2	33	0	39.3	3.6	11
2020												0	0	0	1
2021							0	0	0	0	0		0	0	5
2022	20	0	0	0	0	0	0	0	20	0	0	0	40	3.3	12
2023	0	0	0	0	0	0	0	0	0	0	0	0	0	0	12
MÍNIMA	0	0	0	0	0	0	0	0	0	0	0	0	0	0	1
MÁXIMA	129.5	67	40	20	0	53	61.5	126.5	117	120	60	168.1	269.6	25.4	12
MEDIA	16.6	8.1	2.3	0.4	0	1	2.9	12.2	15.9	11.4	6.2	11.7	81.4	7.2	11.1
DESV.ST	29.2	14.6	8.3	2.8	0	7.3	11.5	24.2	26.9	25.3	12.5	26.5	76.2	6.9	2.2

EVAPORACIÓN MENSUAL
AÑO	ENE	FEB	MAR	ABR	MAY	JUN	JUL	AGO	SEP	OCT	NOV	DIC	ACUM	PROM	MESES
1982			146.4	167	170.1	175.7	196.7	185.2	219.9	134.8	137	146	1678.8	167.9	10
1983	147.7	131.8	130.6	162.5	166.7	156.3	161.6	188.1			108.4		1353.7	150.4	9
1984	101.2	116.8	127.6	159.8	146.6	160.2	182	179.3	148	165.6	106.1	104.6	1697.8	141.5	12
1985	88.6	105.2	129.4	168.9	175.8	78.2	98.3		203.1				1047.5	130.9	8
MÍNIMA	88.6	105.2	127.6	159.8	146.6	78.2	98.3	179.3	148	134.8	106.1	104.6	1047.5	130.9	8
MÁXIMA	147.7	131.8	146.4	168.9	175.8	175.7	196.7	188.1	219.9	165.6	137	146	1697.8	167.9	12
MEDIA	112.5	117.9	133.5	164.6	164.8	142.6	159.7	184.2	190.3	150.2	117.2	125.3	1444.4	147.7	9.8
DESV.ST	31.1	13.3	8.7	4.2	12.7	43.7	43.4	4.5	37.6	21.8	17.2	29.3	308.2	15.7	1.7

TEMPERATURA MÁXIMA PROMEDIO
AÑO	ENE	FEB	MAR	ABR	MAY	JUN	JUL	AGO	SEP	OCT	NOV	DIC	ACUM	PROM	MESES
1967						24	27.9	29.2	31.3	30.9	29.2	23		27.9	7
1968	22.5	22.9	25.1	24.6	23.1	23.9	27.6	29.8	32.4	27	24.6	23.9		25.6	12
1969		22.1			23.2		29.1	31.1						26.4	4
1970					24.2	27	31	29.9	30.1	28.4	27.4	24.3		27.8	8
1971	22.2	22	24	22.8	22.4	24.7	27.6	31	33.9	29.9	25.9	21.7		25.7	12
1972	21.5	23	23.7	25.4	23.4	27.1	30.6	34.8	32.5	32	24.9	21.8		26.7	12
1973	21.2	24.4	24.6	23.9	24.2	24.8	27.2	30.3	25.3	26.4	26	22		25	12
1974	22	22.2	22.1	23	23.3	25.2	29	31.4	31	28.6	25.6	23.8		25.6	12
1975	20.9	21.6	21.8	21.7	21.2	22.5	26.2	33.5	32.5	31.8	32.1	27.1		26.1	12
1976	31.7	27	30	31.4	30	29.4	32.8	32.6	33.8	31.1	30.3	27.2		30.6	12
1977	23.9	23.8	23.1	22.1	22.1	21.4	23.8	28.3	28.2	29.2	28	29.2		25.3	12
1978	24.8	24.8	28.7	25.4	22.6	27.8	29.7	32	32.9	28.5	22.7	21.2		26.8	12
1979	22.8	22.7	21.9	21.8	23.1	29.4	28.4	29.3	30	29.3	25.2	24.8		25.7	12
1980	22.8	24.2	23	24.2		25	29.4	36.6				27.9		26.6	8
1981	23.4	24.3	22.8	25	21.4	22.9	24		27.3	29.1	27			24.7	10
1982		21.9	21.7	23.8	23.4	23.9	28.3	29.6	30.6	26.8	30.5	25.2		26	11
1983	23.5	24	23	23.1	23.2	26.3	31.2	32.4			25.5			25.8	9
1984	22.7	23.4	24.6	22.4	24.2	25.5	27.4	29.7	29	26	23.7	21.7		25	12
1985	21.7	21.5	21.6	22	22.3	25.1	29.8	32.4	38	25.7	24.2	22.7		25.6	12
1986	23.4	21.4	21.9	25.2	22.1	23	27.2	28.5	27.9	26.2	26	23		24.6	12
1987	22.1	21.7	21.8	22	22.5	24.1	26.5	30	29.7	29.2	25	22.5		24.8	12
1988	22.5	23.5	22.7	23.1		23.3	24.8	26.5	26.9	26.1	23.3	21.9		24.1	11
1989	19.2	20.9	21.5	22.7	22.3	22.8	26.4	28.9	30.3	28.6	25.5	22.9		24.3	12
1990	21.6	20.4	21.8	22.8	22.9	25.6	29.7	30.3	31					25.1	9
1991	21.8	22.6	21.5	22.4	21	22.7	24.4	28.9	29.7	29.4	26.1	21.8		24.4	12
1992	20.7	22.1	22.5	25.2	25.7	27.7	31.1	30.2	31.1	29.6	26	22.6		26.2	12
1993	22.7	21.4	23	24.1	22.3	25.1	26.5	29.6	30	29.9	25.6	23.5		25.3	12
1994	23.5	21.7	22	23.1	22.1	26.6	29.8	31.3	32	27.9	23.8	22.2		25.5	12
1995	21.3	23.9	23.7	23.5	22.2	22.9	28.5	32.2	32	27.5	25.2	23.6		25.5	12
1996	20.7	22.4	22.5	25.4	27.1	28.2	32.2	34.8	35	34.1	28.3	23.5		27.9	12
1997	21.8	22.3	22.7	26.9	27.5	27.7	34.3	36.8	36.5	34.3	30.1	26.2		28.9	12
1998	27.2	25.4	25.4	24.2	24.9	30.2	36.3	36.5	35.1		23.6	22.1		28.3	11
1999	25	26.3	23.5	20.7	21	23.9	24.5	27.9	31	26.2	22.9	21.2		24.5	12
2000	22.1	23.3	22	23.9	23.4	26.5	29.1	32.3	32.4	27.4	26.3	26.2		26.2	12
2001	23.6	20.4	21.8	24.2	23.7	25	28.5	31.3	32.5	31	27.2	20.3		25.8	12
2002	19.8	19.9	21.5	25.1	24.6	24.4	27.2	25.8	31.9	27.3	24.5	22.3		24.5	12
2003	20.3	20.9	23.9	24.8	21.7	26.5	26.8	31.1	34.1	31.7	28.7	22.8		26.1	12
2004	21.4	21	21.8	25.2	26	26.5	26.7	27.5	32.5	27.8	22	22.9		25.1	12
2005	21.8	22.2	23.1	23	25.7	26.3	27.9	31.9	26.6	24.4	23.8	26.1		25.2	12
2006	28	28	27.6	28.8	29.8	31.4	32.4	33.9	35.5	34.8	27	27.7		30.4	12
2007	27.6	27.9	28.1	27.6	30.3	33	36	37.7	37.2	34.7	30	28.6		31.6	12
2008	28.5	28.6	28.5	29.1	30	33	32.7	33.8	34.9	37.8	40.9	22		31.6	12
2009	20.9		22.3	22.5	28.5	33.3	35.4	36.2	37.2	34.2	31.6	28.9		30.1	11
2010								31	32.5	31.7	30.4	24		29.9	5
2011	24.5	24.2	24.1	26.3	27.3	27.9	30.3	35.5	37.2	37.4	29	22.7		28.9	12
2012	23.4	22.9	23.1	24	28.6	33.8	37.2	38.4	41.5	37.4	28.8	25.2		30.4	12
2013	22.4	21.4	21.4	21.9	22.1	26.2	28.6	32.9	39.3		27.7	25.3		26.3	11
2014	24.7	24.7	25.3	27.7	31.1	34.7	37.9	39.6	44.5	32.4	23.7	24.6		30.9	12
2015	26.7	26.2	28.3	27.4	29.5	33.4	35.3	35.4	37.5	31.8	28.9	25.6		30.5	12
2016	24	28.4	29.4	31.3	32.1	33.8	34.3	34.6	32.8	32.9	32.5	23.5		30.8	12
2017	26.1	27.4	29.9	30.9	25.3	22.2	29.6	30.9	33	32.5	25.3	24.7		28.1	12
2018	19.4	19.1	20.4	19.4	20.3	20.4	24.7	27.5	25.8	22.9	19.9	18.1		21.5	12
2019	17.7	17.9	17.9		19.3	24.3	29.5	31.4	31.7	29.2	27.6	24.7		24.7	11
2020	24.3	23.8	23.4	22.7	24.2	25.4	29.4	30.1	31.7	30.3	26.7	23.1		26.3	12
2021	22.5	21.8	21.7	23.5	23.8	24					28	28.2		24.2	8
2022	29	29.5	29.7	29.7	29.6	29.2	31.5	34.1	34.2	33.9	34			31.3	11
2023						23.6	26.9	33.7	34.2	29	23.4	23.8		27.8	7
MÍNIMA	17.7	17.9	17.9	19.4	19.3	20.4	23.8	25.8	25.3	22.9	19.9	18.1		21.5	4
MÁXIMA	31.7	29.5	30	31.4	32.1	34.7	37.9	39.6	44.5	37.8	40.9	29.2		31.6	12
MEDIA	23.1	23.3	23.7	24.6	24.6	26.4	29.5	31.9	32.6	30	26.9	24		26.8	11.1
DESV.ST	2.7	2.5	2.7	2.7	3.1	3.5	3.4	3.1	3.8	3.4	3.5	2.4		2.3	1.9

TEMPERATURA MÁXIMA EXTREMA
AÑO	ENE	FEB	MAR	ABR	MAY	JUN	JUL	AGO	SEP	OCT	NOV	DIC	ACUM	PROM	MESES
1967						29	34	33	34	33	34	27		32	7
1968	26	26	29	27	26	26	34	38	37	33	32	26		30	12
1969		26			27		34	38						31.2	4
1970					26.5	32	35	32.5	34	30	31	28		31.1	8
1971	27	27	28	27	25	31	32	34	37	32.5	29	29		29.9	12
1972	24	26	29	29	27	30	34	41	34	34	28	27		30.2	12
1973	29	28	28	26	27	27	31	34	27	31	35	25		29	12
1974	24	26	27	29	28	29	31	34	33	32	28	27		29	12
1975	25	25	27	24	25	28	30	40	35	34	34	30		29.8	12
1976	35	31	33	34	33	36	37	35	36	32	32	32		33.8	12
1977	28	27	27	25	25	29	27	33	31	30	30	30		28.5	12
1978	27	29	35	30	26	33	35	34	34	37	24	28		31	12
1979	26	24.5	28	24.5	28	33	32	32	36	34	28	29		29.6	12
1980	25	29	26	29		31.5	34	41				35		31.3	8
1981	30	29	27	34	28	29.5	30		32	35	30			30.4	10
1982		30	24	30	27	28	38	31	34	32	35	32		31	11
1983	28	29	28	25	27	32	35	35			31			30	9
1984	31.5	28	26.5	25	29	29	30	32	32	29	28	27		28.9	12
1985	30	25	26	25	27	33	37	40	41	27.5	28	28.5		30.7	12
1986	25	24	28.5	36	27	27	31	33	31.5	31.5	29	26		29.1	12
1987	33	25	29	29.5	28	29	31	32.5	32	31.5	28	25.5		29.5	12
1988	26	26	26.5	26.5		25.5	30	29	31	32	26.5	28		27.9	11
1989	23.5	26	23.5	29	25.5	27	31	34	32	31	27	27		28	12
1990	27	24	24.5	25.5	25	30	33.5	34.5	33					28.6	9
1991	25.5	25	24.5	26	25	27	27	32	33	33	30	25		27.8	12
1992	24	25	25.5	29	29	34	35	33	33.5	33	29	25		29.6	12
1993	25.5	24.5	27	27.5	27	28	31	33.5	32.5	33	30.5	29		29.1	12
1994	27	23	24	28	27	31	32	35	34.5	32	27	24		28.7	12
1995	25	25.5	26	25.5	25.5	26.5	33	34	35	29	27	26.5		28.2	12
1996	23	24	25	27	28.5	29.5	37	36.5	37	36	32	26		30.1	12
1997	23	24	24.5	29.5	30	32	38	39.5	39	36	32.5	28.5		31.4	12
1998	30.5	28.5	27	26	29.5	34	37.5	39	37.5		25.5	25		30.9	11
1999	27	27.5	26	24.5	23.5	25	26.5	30	34	29.5	24.5	23.5		26.8	12
2000	24.5	26	24.5	26.5	26.5	28	31.5	36	36.5	30	28	28.5		28.9	12
2001	25.5	21.5	22.5	26.5	26.5	27	30	33	34	33	30.5	21.5		27.6	12
2002	21	21	22.5	26.5	29	25.5	31	28.5	33.5	30	27	25		26.7	12
2003	21.5	22	29.5	29.5	23	28	28.5	33.5	36	34	31	24		28.4	12
2004	23	27	24.5	27	27.5	27.5	28	29.5	34.5	31	27.5	26.5		27.8	12
2005	23.5	24	24	25	27.5	28	29.5	34.5	37	28.5	25	28.5		27.9	12
2006	28.5	28.5	28.5	30	30.5	33.5	34	35.5	37	36.5	28	28.5		31.6	12
2007	29	28.5	28.5	28.5	32	34	39	39	37.5	37.5	33.5	29		33	12
2008	29.5	29.5	29.5	29.5	31	34.5	34	34.5	36.5	42	42.5	27.5		33.4	12
2009	22.5		23	23	32.5	34	36.5	37.5	40	38	33	31		31.9	11
2010								32	34.5	33	33	25		31.5	5
2011	25	24.5	24.5	27.5	28.5	28.5	32.5	37.5	38.5	39	33	27		30.5	12
2012	24.5	23.5	24.5	26.5	31	36.5	38	40	42.5	40	33	28		32.3	12
2013	27	23	22	27.5	24	27.5	29.5	38	42		30	26.5		28.8	11
2014	26	25.5	26.5	29	33.5	35.5	39.5	43	46	42	28	27		33.5	12
2015	28	27	29	29.5	32	34.5	36.5	38	38.5	36.5	32	31		32.7	12
2016	27	32	32	36	33	34.5	35	35.5	34	33.5	37	30		33.3	12
2017	31	31	32	44	33	30	36	36	38	39	35	29		34.5	12
2018	23	23	24	21	22	22	34	34	28	28	22	21		25.2	12
2019	22	24	20		23	31	33	34	35	32	33	29		28.7	11
2020	27	28	27	26	27	32	35	33	38	33	31	26		30.2	12
2021	25	25	26	28	27	27					38	29		28.1	8
2022	31	30	30	30	30	30	34	39	35	34	34			32.5	11
2023						28	31	37	39	34	30	29		32.6	7
MÍNIMA	21	21	20	21	22	22	26.5	28.5	27	27.5	22	21		25.2	4
MÁXIMA	35	32	35	44	33.5	36.5	39.5	43	46	42	42.5	35		34.5	12
MEDIA	26.4	26.2	26.6	28	27.7	30	33.1	35.1	35.4	33.4	30.4	27.4		30.1	11.1
DESV.ST	3	2.6	2.9	3.7	2.8	3.2	3.2	3.3	3.5	3.4	3.7	2.6		2	1.9

TEMPERATURA MÍNIMA PROMEDIO
AÑO	ENE	FEB	MAR	ABR	MAY	JUN	JUL	AGO	SEP	OCT	NOV	DIC	ACUM	PROM	MESES
1967						16.4	20.1	21.2	21.9	19.5	17.3	11.4		18.3	7
1968	9.5	11	11.3	12.9	13.8	14.1	17.1	18	18.4	16.1	13.9	9.1		13.8	12
1969		10.3			11.4		15.5	15.2						13.1	4
1970					12.6	14.5	20.7	22.1	21.8	17.3	15	13.1		17.1	8
1971	10.2	10.4	10.1	11.4	13.6	14.1	18.5	22.4	23.2	18.8	14.1	11.6		14.9	12
1972	11.5	10.9	13.3	13.1	11.9	17.3	21.3	22.2	24.5	23	15.7	13.5		16.5	12
1973	12.3	10.7	13.2	12.9	13.2	13.5	19.4	20.9	19.8	17.3	14.7	11		14.9	12
1974	10.9	9.1	10	12.6	13.5	15.1	20.5	20.7	22.6	18.9	11.6	10.9		14.7	12
1975	10.7	11.2	12.1	11.9	13.4	14.4	18.8	15.5	16.3	12.4	11.6	11.5		13.3	12
1976	11.3	11.2	11.6	11.3	12.7	12.2	14.1	20.1	21.6	19.3	15.2	15.4		14.7	12
1977	11.3	11.5	11.1	11.4	10.7	10.9	17.8	17.1	17.2	18.5	16.7	15.7		14.2	12
1978	14.8	14.9	16.8	16.9	17.4	19.6	20.2	19.6	20.7	19	12.2	10.4		16.9	12
1979	11.4	12.2	11.8	13.2	13.5	12.7	11.5	12.2	14.2	20.1	13.7	11.8		13.2	12
1980	11.2	13.8	15.6	13.3		16.4	18.1	21.7				12.9		15.4	8
1981	13.9	12.1	14.4	12.1	12.5	11.1	11		15.2	16.1	15.5			13.4	10
1982		11.5	14.9	16.4	14.2	15	20.4	21.8	21.9	17.9	17	13		16.7	11
1983	12.6	11.9	12.8	14.1	14.8	16.1	21.7	21.8			14.7			15.6	9
1984	11.7	12.4	10.8	15.2	13.9	15.9	21	21.3	18.4	16.4	12.6	11.5		15.1	12
1985	10.4	9.9	11.7	13.4	14.4	15.5	12.9	21.1	12.7	17.3	13.7	10.4		13.6	12
1986	11.6	12.7	12.7	15.2	13.9	15.8	19.7	21.3	20	16.6	15.2	12.1		15.6	12
1987	9.9	11.6	12.2	13.9	14.6	15.7	19	22.5	22.3	21.6	15.8	10.9		15.8	12
1988	11	12.8	13	15		16.2	19.2	19.7	19.9	18.7	13.7	10.5		15.4	11
1989	8.3	10.8	12.2	12	13.9	15.7	18.8	21.2	22.1	20.2	16.7	11.4		15.3	12
1990	9.8	9.7	12.2	14.5	15.5	17.5	21.6	22.6	23					16.3	9
1991	12.8	12	12.4	13.4	13.5	15.3	17.1	20.4	21.5	21.6	13.9	10.8		15.4	12
1992	10.4	11.4	13.2	15.8	17.5	19.5	20.4	22.1	23.1	20.7	15.7	10.8		16.7	12
1993	12.2	12.2	10.9	12.5	11.9	15.9	20.1	21.1	21.4	19.9	15.9	12.9		15.6	12
1994	11	9.7	10.2	12.3	11.5	15.9	18.8	20.5	21.2	19.3	15.3	12.2		14.8	12
1995	10.6	12	12.6	12.2	12.6	14.6	19.1	21.4	21.8	21.5	19.1	15.1		16	12
1996	9.4	10.8	10.9	11.7	14.1	16.3	19.7	20.5	22	21.5	17.1	10.9		15.4	12
1997	8.5	7.4	8.7	13.2	13.7	13.2	17.5	21.3	21.4	19.9	16.8	15.8		14.8	12
1998	14.7	12.4	13.1	12.3	13.3	15.4	17.3	16.7	16.6		14.5	9.8		14.2	11
1999	9.2	8.1	9.6	11.8	13.5	16.4	17.7	20	21.5	19.2	16.3	12.3		14.6	12
2000	10.6	12.7	11.4	11.4	13.2	16.7	19.9	21.8	20.5	15.4	13.9	15.8		15.3	12
2001	12.7	10.2	11.3	14.3	16.3	16.6	17.8	18	17.6	17.3	15.8	10.2		14.8	12
2002	8.8	8.9	10.2	13.9	15.7	16	18.2	18.4	21.1	15.9	13.4	14		14.5	12
2003	9.1	8.4	10.4	14.1	12.4	15.7	16.1	17.1	17.2	16.7	15.6	10.8		13.6	12
2004	10.5	9.7	10.9	14.9	16.9	16.9	17.3	18	20.4	17.9	14.9	13.1		15.1	12
2005	10.5	11.7	12	12.3	14.9	16	17.4	18.6	17.2	16	15.9	11.7		14.5	12
2006	9.5	9.5	10.2	12.2	13.3	14.4	17.8	18.1	19.8	20.7	13.2	11.9		14.2	12
2007	10.4	9.7	10.1	10.9	15.2	19	20.1	20.2	20.5	19.5	18.2	14.4		15.7	12
2008	13.9	13.6	12.4	16.6	18.5	21.7	20.3	21.7	21.7	22.1	21.9	10.6		17.9	12
2009	16.5		16.7	17.1	19.8	21.6	22.1	23.3	23.2	22.1	20.9	19		20.2	11
2010								21.7	21.3	20.9	19.5	12		19.1	5
2011	11.5	9.9	10.2	13.6	16.4	17.2	18.4	20	20.9	20.6	19.5	8.2		15.5	12
2012	13.4	11.8	11.7	11.5	22	24.4	24.2	25	27.3	26.3	15.3	8.5		18.4	12
2013	9.6	10.6	10.8	11.7	12.3	13.4	16.9	19.6	22.4		18.6	12.5		14.4	11
2014	10.9	10.9	11.8	16.9	22.3	24.6	24.8	26.9	27.3	22.8	17.7	13.9		19.2	12
2015	16.4	16.8	17.5	20	22.8	23.3	24.2	24	24.1	18.5	13.9	10		19.3	12
2016	9.6	10.2	13.6	20.2	20.7	21.2	21.3	21.4	22.4	22.6	14.4	8		17.1	12
2017	7.6	8.6	12.3	13.7	9.9	11	19.3	21.8	21.7	21.2	19.3	16.2		15.2	12
2018	17	15.8	16.8	16.9	18.5	18.4	19.4	23.3	23.5	21.2	17.7	15.3		18.6	12
2019	13.7	14.8	14		13.2	15.5	20.3	24.1	24.3	20.8	19.7	14.5		17.7	11
2020	13.4	13.7	15.7	16	17	18.7	21.9	23.8	25.1	23.3	18.2	13		18.3	12
2021	12.8	14.5	14.2	15.8	16.5	17.5					16.1	13.7		15.1	8
2022	11.6	6.8	3	2.9	2.6	2.8	2.8	6.9	8.2	8.2	8.3			5.8	11
2023						17.5	16.4	14.5	13.9	10.6	13.4	13.5		14.3	7
MÍNIMA	7.6	6.8	3	2.9	2.6	2.8	2.8	6.9	8.2	8.2	8.3	8		5.8	4
MÁXIMA	17	16.8	17.5	20.2	22.8	24.6	24.8	26.9	27.3	26.3	21.9	19		20.2	12
MEDIA	11.4	11.3	12.2	13.6	14.6	16.2	18.6	20.3	20.6	19	15.7	12.3		15.5	11.1
DESV.ST	2.1	2	2.4	2.6	3.4	3.5	3.5	3.2	3.5	3.2	2.5	2.2		2.1	1.9

TEMPERATURA MÍNIMA EXTREMA
AÑO	ENE	FEB	MAR	ABR	MAY	JUN	JUL	AGO	SEP	OCT	NOV	DIC	ACUM	PROM	MESES
1967						15	17.5	19	19	16	13	7		15.2	7
1968	6	8	6	10	11	12	13	14	15	13	11	5		10.3	12
1969		7			0		12	11						7.5	4
1970					10	10	18	19	19	13	12	10		13.9	8
1971	4.5	7	7	7	11	12	16	20	20	15	10	7		11.4	12
1972	8	4	10	9	9	15	18	20	23	15	12	10		12.8	12
1973	10	9	10	11	11	12	17	19	18	15	11	9		12.7	12
1974	7	6	8	11	11	11	18	17	20	15	8	8		11.7	12
1975	7	8	8	11	11	12	14	13	14	10	10	10		10.7	12
1976	10	10	11	10	10	10	10	14	20	16	12	11		12	12
1977	10	10	9	10	9	8	11	10	14	12	13	13		10.8	12
1978	14	11	11	14	15	17	16	18	18	13	10	7		13.7	12
1979	9	9	9	10	11	9	10	10	10	12	10	6.5		9.6	12
1980	9	11	11	10		13	14	19				9		12	8
1981	10	9	10	10	10	9	8		10	11	9			9.6	10
1982		9	10	14	10	10	15	17	20	11	10	10		12.4	11
1983	10	10	10	11	11	14	15	19			10			12.2	9
1984	10	10	10	12	9	13	20	20	13	11	9	5		11.8	12
1985	8	8	8	10	11	13	8	18	10	14	10	6.5		10.4	12
1986	9	9.5	11.5	11	10	11	16.5	16	14	13.5	10	10		11.8	12
1987	5	8	9	10	13	10.5	16	20	20	19	12	5.5		12.3	12
1988	6	9.5	10	12		13	17	18	17	14	8	4		11.7	11
1989	4	9	7.5	10	10	10	16.5	20	20	18	10	7.5		11.9	12
1990	7.5	7	9	11	14	14.5	19.5	21.5	21					13.9	9
1991	9.5	9	10	11.5	12	13.5	15	17	19.5	14	10	8		12.4	12
1992	8	9	10	11.5	15	16	18	19	20	18	11	5.5		13.4	12
1993	10.5	9.5	7.5	10	10	12	18	18.5	19	15.5	13	10		12.8	12
1994	9.5	7	8.5	10	9	12	16	19	19	17	12	9.5		12.4	12
1995	8	9	11	9.5	9	12	14	19.5	19	19	17.5	12		13.3	12
1996	4	6.5	9.5	10	12	14.5	14	18	20	19.5	13	9		12.5	12
1997	7	5.5	7.5	9.5	11.5	11	14	19.5	20	18	14.5	13.5		12.6	12
1998	13	11	11	11	12	13.5	15	13.5	14.5		13	7.5		12.3	11
1999	7.5	7	7.5	6.5	11	15.5	15.5	12	19	16	15	9		11.8	12
2000	8	11	8.5	9	12	14.5	17	20	16	13	13	12		12.8	12
2001	10	8	9	12	15	14.5	16	17	15	16	12	8.5		12.8	12
2002	7.5	7.5	9	12	13.5	15	16.5	17	18	14	10	8.5		12.4	12
2003	8	7.5	7.5	12	11	12.5	14	15	15	15.5	14.5	3		11.3	12
2004	9	9	8	12.5	15.5	16	15.5	15.5	19	16.5	9.5	8.5		12.9	12
2005	9	10	10.5	10	12	14	15	17.5	16	14.5	14.5	9		12.7	12
2006	9	9	9	10	12	13	15	17	16.5	19	12	10.5		12.7	12
2007	9.5	9	9	10	10.5	17	18.5	19	20	18	16	13		14.1	12
2008	13	13	10.5	12	17	18.5	19	20	20	20	20	4		15.6	12
2009	15		15.5	12.5	17	20	20	21	22	21	20	17		18.3	11
2010								21	20	20	16.5	10.5		17.6	5
2011	10.5	8.5	9	10.5	13.5	16	17.5	19	20	19.5	18.5	4		13.9	12
2012	10	10.5	10	9	17.5	23.5	23	23.5	26	25.5	10	5		16.1	12
2013	6.5	9.5	10	11	11.5	12	14.5	17	22		15.5	9		12.6	11
2014	10	10	10	12.5	21.5	22.5	24	25	26	21	14	13		17.5	12
2015	14	16	17	18	22	22.5	22.5	21.5	23.5	17	10	6		17.5	12
2016	7	7	9	18	20	20	21	20.5	21.5	22	10	4		15	12
2017	4	6	9	5	5	10	10	18	19	19	17	12		11.2	12
2018	13	12	12	12	17	17	13	18	20	19	13	10		14.7	12
2019	9	10	10		5	5	9	22	22	18	16	9		12.3	11
2020	9	9	11	15	16	17	3	19	23	15	14	10		13.4	12
2021	9	10	12	13	12	7					14	11		11	8
2022	11	3	3	2	2	2	2	2	8	8	8			4.6	11
2023						16	10	10	11	6	9	12		10.6	7
MÍNIMA	4	3	3	2	0	2	2	2	8	6	8	3		4.6	4
MÁXIMA	15	16	17	18	22	23.5	24	25	26	25.5	20	17		18.3	12
MEDIA	8.9	8.8	9.5	10.8	11.9	13.4	15.1	17.5	18.2	15.8	12.3	8.7		12.6	11.1
DESV.ST	2.5	2.1	2.1	2.6	4.1	4.1	4.3	3.9	3.9	3.7	3	2.9		2.3	1.9

TEMPERATURA MEDIA MENSUAL
AÑO	ENE	FEB	MAR	ABR	MAY	JUN	JUL	AGO	SEP	OCT	NOV	DIC	ACUM	PROM	MESES
1967						20.2	24	25.2	26.6	25.2	23.2	17.2		23.1	7
1968	16	17	18.2	18.8	18.5	19	22.4	23.9	25.4	21.6	19.2	16.5		19.7	12
1969		16.2			17.3		22.3	23.1						19.7	4
1970					18.4	20.8	25.9	26	26	22.9	21.2	18.7		22.5	8
1971	16.2	16.2	17	17.1	18	19.4	23	26.7	28.5	24.4	20	16.6		20.3	12
1972	16.5	17	18.5	19.2	17.6	22.2	26	28.5	28.5	27.5	20.3	17.6		21.6	12
1973	16.8	17.5	18.9	18.4	18.7	19.1	23.3	25.6	22.6	21.9	20.4	16.5		20	12
1974	16.4	15.6	16	17.8	18.4	20.1	24.8	26	26.8	23.8	18.6	17.4		20.1	12
1975	15.8	16.4	17	16.8	17.3	18.4	22.5	24.5	24.4	22.1	21.9	19.3		19.7	12
1976	21.5	19.1	20.8	21.4	21.4	20.8	23.4	26.4	27.7	25.2	22.8	21.3		22.6	12
1977	17.6	17.6	17.1	16.8	16.4	16.1	20.8	22.7	22.7	23.9	22.4	22.4		19.7	12
1978	19.8	19.9	22.8	21.1	20	23.7	25	25.8	26.8	23.8	17.4	15.8		21.8	12
1979	17.1	17.4	16.9	17.5	18.3	21	20	20.8	22.1	24.7	19.4	18.3		19.5	12
1980	17	19	19.3	18.8		20.7	23.8	29.1				20.4		21	8
1981	18.6	18.2	18.6	18.6	17	17	17.5		21.2	22.6	21.2			19	10
1982		16.7	18.3	20.1	18.8	19.4	24.4	25.7	26.2	22.4	23.8	19.1		21.4	11
1983	18	18	17.9	18.6	19	21.2	26.4	27.1			20.1			20.7	9
1984	17.2	17.9	17.7	18.8	19	20.7	24.2	25.5	23.7	21.2	18.1	16.6		20	12
1985	16	15.7	16.6	17.7	18.4	20.3	21.4	26.8	25.4	21.5	19	16.6		19.6	12
1986	17.5	17	17.3	20.2	18	19.4	23.4	24.9	24	21.4	20.6	17.6		20.1	12
1987	16	16.6	17	18	18.6	19.9	22.8	26.2	26	25.4	20.4	16.7		20.3	12
1988	16.8	18.1	17.9	19		19.8	22	23.1	23.4	22.4	18.5	16.2		19.7	11
1989	13.8	15.8	16.9	17.4	18.1	19.2	22.6	25	26.2	24.4	21.1	17.1		19.8	12
1990	15.7	15	17	18.6	19.2	21.6	25.6	26.5	27					20.7	9
1991	17.3	17.3	17	17.9	17.2	19	20.8	24.6	25.6	25.5	20	16.3		19.9	12
1992	15.6	16.8	17.9	20.5	21.6	23.6	25.8	26.1	27.1	25.1	20.9	16.7		21.5	12
1993	17.4	16.8	17	18.3	17.1	20.5	23.3	25.4	25.7	24.9	20.8	18.2		20.4	12
1994	17.2	15.7	16.1	17.7	16.8	21.2	24.3	25.9	26.6	23.6	19.6	17.2		20.2	12
1995	15.9	18	18.1	17.9	17.4	18.8	23.8	26.8	26.9	24.5	22.1	19.4		20.8	12
1996	15.1	16.6	16.7	18.5	20.6	22.2	26	27.6	28.5	27.8	22.7	17.2		21.6	12
1997	15.2	14.9	15.7	20	20.6	20.4	25.9	29	29	27.1	23.5	21		21.9	12
1998	21	18.9	19.2	18.2	19.1	22.8	26.8	26.6	25.9		19	16		21.2	11
1999	17.1	17.2	16.6	16.2	17.2	20.1	21.1	24	26.2	22.7	19.6	16.8		19.6	12
2000	16.4	18	16.7	17.6	18.3	21.6	24.5	27	26.4	21.4	20.1	21		20.8	12
2001	18.1	15.3	16.6	19.2	20	20.8	23.1	24.6	25	24.1	21.5	15.2		20.3	12
2002	14.3	14.4	15.8	19.5	20.1	20.2	22.7	22.1	26.5	21.6	19	18.1		19.5	12
2003	14.7	14.6	17.1	19.4	17	21.1	21.5	24.1	25.6	24.2	22.1	16.8		19.9	12
2004	15.9	15.3	16.4	20	21.4	21.7	22	22.8	26.4	22.9	18.4	18		20.1	12
2005	16.1	17	17.6	17.6	20.3	21.1	22.6	25.2	21.9	20.2	19.9	18.9		19.9	12
2006	18.8	18.8	18.9	20.5	21.6	22.9	25.1	26	27.6	27.8	20.1	19.8		22.3	12
2007	19	18.8	19.1	19.2	22.8	26	28	29	28.9	27.1	24.1	21.5		23.6	12
2008	21.2	21.1	20.4	22.9	24.2	27.4	26.5	27.8	28.3	30	31.4	16.3		24.8	12
2009	18.7		19.5	19.8	24.1	27.4	28.8	29.8	30.2	28.2	26.2	24		25.2	11
2010								26.4	26.9	26.3	25	18		24.5	5
2011	18	17	17.1	20	21.9	22.5	24.4	27.8	29	29	24.2	15.4		22.2	12
2012	18.4	17.4	17.4	17.8	25.3	29.1	30.7	31.7	34.4	31.9	22	16.9		24.4	12
2013	16	16	16.1	16.8	17.2	19.8	22.8	26.2	30.8		23.1	18.9		20.3	11
2014	17.8	17.8	18.6	22.3	26.7	29.7	31.4	33.2	35.9	27.6	20.7	19.2		25.1	12
2015	21.5	21.5	22.9	23.7	26.1	28.4	29.8	29.7	30.8	25.1	21.4	17.8		24.9	12
2016	16.8	19.3	21.5	25.8	26.4	27.5	27.8	28	27.6	27.8	23.4	15.8		24	12
2017	16.9	18	21.1	22.3	17.6	16.6	24.5	26.4	27.4	26.9	22.3	20.4		21.7	12
2018	18.2	17.5	18.6	18.1	19.4	19.4	22	25.4	24.6	22	18.8	16.7		20.1	12
2019	15.7	16.4	15.9		16.2	19.9	24.9	27.8	28	25	23.6	19.6		21.2	11
2020	18.9	18.8	19.5	19.4	20.6	22	25.6	27	28.4	26.8	22.4	18		22.3	12
2021	17.6	18.1	18	19.6	20.1	20.8					22	21		19.7	8
2022	20.3	18.1	16.4	16.3	16.1	16	17.1	20.5	21.2	21	21.1			18.6	11
2023						20.6	21.6	24.1	24	19.8	18.4	18.6		21	7
MÍNIMA	13.8	14.4	15.7	16.2	16.1	16	17.1	20.5	21.2	19.8	17.4	15.2		18.6	4
MÁXIMA	21.5	21.5	22.9	25.8	26.7	29.7	31.4	33.2	35.9	31.9	31.4	24		25.2	12
MEDIA	17.3	17.3	17.9	19.1	19.6	21.3	24	26.1	26.6	24.5	21.3	18.1		21.2	11.1
DESV.ST	1.8	1.5	1.7	1.9	2.7	3	2.8	2.4	2.8	2.7	2.4	1.9		1.7	1.9
