COMISIÓN NACIONAL DEL AGUA
COORDINACIÓN GENERAL DEL SERVICIO METEOROLÓGICO NACIONAL
BASE DE DATOS CLIMATOLÓGICA NACIONAL 

ESTADÍSTICA MENSUAL
EMISIÓN   : 25/10/2024 

DATOS DISPONIBLES EN LA BASE DE DATOS A: OCTOBER DE 2024; 
CON LA INFORMACIÓN SUMINISTRADA POR LAS UNIDADES ADMINISTRATIVAS 

 ESTACIÓN  : 3042 
 NOMBRE    : LAS POCITAS 
 ESTADO    : BAJA CALIFORNIA SUR 
 MUNICIPIO : LA PAZ 
 SITUACIÓN : OPERANDO 
 CVE-OMM   :   
 LATITUD   : 24.39166667 ° 
 LONGITUD  : -111.1083333 ° 
 ALTITUD   : 50 msnm 


LLUVIA MÁXIMA 24 H.
AÑO	ENE	FEB	MAR	ABR	MAY	JUN	JUL	AGO	SEP	OCT	NOV	DIC	ACUM	PROM	MESES
1952									16	2.7	4	17.3	40	10	4
1953	0	0.01	0	0	0	0	9	13.5	29.8	18	8.2	17	95.51	8	12
1954	12.5	0	0	0	0	0	54.3	21.6	20	0	0	0	108.4	9	12
1955	27	0	0	0	0	0.01	0	5.5	10	40	1.2	0	83.71	7	12
1956	4.5	0	0	0	0	3	2.5	30	29	2	1.2	0	72.2	6	12
1957	0.01	0	26	0	0	0	2.5	13.5	0.01	10	0	0.01	52.03	4.3	12
1958	17.5	0	7.5	0.01	3.5	0.01	3.5	25	27.1	15	6	0.01	105.13	8.8	12
1959	0.01	0.01	0	0	0	0.01	0.01	62.3	14.5	0	0	42.5	119.34	9.9	12
1960	51	0	0	0	0	0	0	30.5	8	5.5	0	6.2	101.2	8.4	12
1961	12.2	7	0	0	0	0	2.1	20.5		0	0	1	42.8	3.9	11
1962	11.5	0	0	0	0		0	0	79.5	0	0	10.5	101.5	9.2	11
1963	0	0	0	0	0	0	3.5	21	16.5	1	0	4	46	3.8	12
1964	0	0	1	0	0	0	7.5	4	6	37		19	74.5	6.8	11
1965	1	12	3	0	0	0	0.01	17.2	22.5	9.5	0	29	94.21	7.9	12
1966	0	6.5	0	0	0	0	2	23	70	0	0	29.5	131	10.9	12
1967	0	1.2	0	0	0	0	1.5	27.5	0	27	21.5	5	83.7	7	12
1968	8	12.7	57	1	0	0	0.01	1.5	0	48	0	1	129.21	10.8	12
1969		4	0	0		0	7	3	13	11	0	21	59	5.9	10
1970	0	4	1.2	1.2	0	0	0	6	65.3	0	0	4	81.7	6.8	12
1971	0	1.5	0	0	0	0	0	33	30.5	0.3	0	0	65.3	5.4	12
1972	17	0	0	0	2.5	0	20	36	0	100	27	7	209.5	17.5	12
1973	16.5	0	0	0	0	0	0	3.5	50	0	0	0	70	5.8	12
1974	12.5	0	0	0	0	0	14	4	0	0	59	0	89.5	7.5	12
1975	7	11	0	0	0	0	0	12	0	0	0	5	35	2.9	12
1976	0	0	0	0	0	0	0	25.2	20.7	12	0	0	57.9	4.8	12
1977	0	0	0	0	0	0	0	67.5	3	3	2	0	75.5	6.3	12
1978	0	2	0	0	0	0	30.1	0	0	3	0	20	55.1	4.6	12
1979	55	20	0	0	0	0	0	0	65	0	0	0	140	11.7	12
1980		31	0	0	0	0	0	0	0	1.5	0	0	32.5	3	11
1981	100	0	8	0	0	0	3	0	0	2	0	0	113	9.4	12
1982	0	0	0	0	0		1	0	45.5	2.5	7	49	105	9.5	11
1983	6	4	12	0	0	0	10.5	72.5	40	0	1	82	228	19	12
1984	4	0	0	0	0	0	36	22	15	8	0.2	30	115.2	9.6	12
1985	9	0	1.5	0	0	0	0	6.6	6.5	0	6.5	0	30.1	2.5	12
1986		0		0	0	0	0	10.5	20.5	0		12.5	43.5	4.8	9
1987	0	0	0	0	10	0	0	0	4.5	6.7	0		21.2	1.9	11
1988	0	0	0	0	0	0	0	0	6	0	0		6	0.5	11
1989	21.8	23.8	0	0	0	0	0		0	0			45.6	5.1	9
1990	0			0	0	0	0	0	28.8				28.8	4.1	7
1991	28.2	6	0			0	0	0	0	0	16	16	66.2	6.6	10
1992	170	10.3	9	0	0	0	35	37	25	0	0	7	293.3	24.4	12
1993	35	16	0	0	0	0	0	120	0	0	5	7	183	15.2	12
1994	0	0	0	0	0	0	0	8	0	1	0	80	89	7.4	12
1995	0	13	0	0	0	0	0	0	0	0	0	0	13	1.1	12
1996	0	0	0	0	0	0	0	18		0	0	0	18	1.6	11
1997	13	0	0	0	0	0	0	10	19	0	3	10	55	4.6	12
1998	0	3	0	0	0	0	18.5	33.5	24	0	0	0	79	6.6	12
1999	0	0	0	3	0	0	0	0	10		0		13	1.3	10
2000	0	0	3	0	0	3	0	19.5	16.5	23	0	2	67	5.6	12
2001	0	0	0	0	0	0	0	0	85.5	0	0	0	85.5	7.1	12
2002	1.5	16.5	0	0	0	0	1	0	2	0	2.5	2.5	26	2.2	12
2003	16	2.5	0	2.5	0	0	0	8	48	0	0	0	77	6.4	12
2004	0	1.5	0	0	0	0	1.3	4.5	26	0	2	0	35.3	2.9	12
2005	14.3	29	0	0	0	0	0	0	2	39	0	0	84.3	7	12
2006	0	0	0	0	0	5	15	0	120	60	5	0	205	17.1	12
2007	0	0	0	0	0	0	19	0	19.5	0	0	11	49.5	4.1	12
2008	0	0	0	0	0	0	5.1	60	91.5	65	0	0	221.6	18.5	12
2009	0	0	0	0		0	0	77	77	17	0	0	171	15.5	11
2010	0	0	0	0	0	0	0	4.5	0	0	0	0	4.5	0.4	12
2011	0	0	0	0	0	0	0	0	0	0	16	0	16	1.3	12
2012	0	0	0	0	0	0	0	24	11.5	85	0		120.5	11	11
2013	0	0	0	0	0	0	2.5	0.5	0	81.5	0	0	84.5	7	12
2014	0	0	2.5	0	0	0	5.5	2	180	0	0	0	190	15.8	12
2015	0	0	0	0	0	13	12.5	0	100	13	0	0	138.5	11.5	12
2016	0	0	0	4.5	0	0	0	67	72	0	0	0	143.5	12	12
2017	0	9.5	0	0	0	0	0	28	33.5	0	0	0	71	5.9	12
2018	0	2	0	0	0	0	0	8.5	60	0	0	0	70.5	5.9	12
2019	6	0	0	0	0	0	5	0	0	80	0	0	91	7.6	12
2020	0	0	0	0	0	0	0	25	24	3	0	0	52	4.3	12
2021	0	0	0	0	0	0	0	20	2	0	0	0	22	1.8	12
2022	0	0	0	0	0	0	0	21	24	0	0	2	47	3.9	12
2023	3	0	0	0	0	0	0	10	0	0	0	0	13	1.1	12
MÍNIMA	0	0	0	0	0	0	0	0	0	0	0	0	4.5	0.4	4
MÁXIMA	170	31	57	4.5	10	13	54.3	120	180	100	59	82	293.3	24.4	12
MEDIA	10	3.6	1.9	0.2	0.2	0.3	4.7	17.5	26.2	11.9	2.9	8.3	84.5	7.3	11.5
DESV.ST	25.4	7	7.7	0.7	1.3	1.7	10	23.1	34.1	23.4	8.6	16.7	58.4	4.8	1.3

LLUVIA TOTAL MENSUAL
AÑO	ENE	FEB	MAR	ABR	MAY	JUN	JUL	AGO	SEP	OCT	NOV	DIC	ACUM	PROM	MESES
1952									24.61	2.7	4.01	17.31	48.63	12.2	4
1953	0	0.01	0	0	0	0	14.5	13.52	58.8	27.2	8.2	17	139.23	11.6	12
1954	12.5	0	0	0	0	0	59.8	23.61	59.4	0	0	0	155.31	12.9	12
1955	60.5	0	0	0	0	0.01	0	10.7	24.5	40	1.2	0	136.91	11.4	12
1956	4.5	0	0	0	0	3	2.51	53.2	54.8	2	1.2	0	121.21	10.1	12
1957	0.01	0	26.01	0	0	0	2.5	31.51	0.01	15.5	0	0.03	75.57	6.3	12
1958	22.5	0	12.2	0.02	3.5	0.01	6.52	25	78.63	21.5	7.5	0.02	177.4	14.8	12
1959	0.01	0.02	0	0	0	0.01	0.02	62.53	35.71	0	0	61.2	159.5	13.3	12
1960	64.51	0	0	0	0	0	0	53.52	10	5.51	0	12.1	145.64	12.1	12
1961	15.9	7	0	0	0	0	2.1	49.5		0	0	1	75.5	6.9	11
1962	11.5	0	0	0	0		0	0	101	0	0	13.5	126	11.5	11
1963	0	0	0	0	0	0	5	36.9	20.5	1	0	11.2	74.6	6.2	12
1964	0	0	1	0	0	0	7.5	7	10.5	64.8		26.51	117.31	10.7	11
1965	1.01	18.5	3	0	0	0	0.01	46.42	50.02	9.5	0	82.52	210.98	17.6	12
1966	0	8	0	0	0	0	2	57.5	71.5	0	0	37	176	14.7	12
1967	0	1.2	0	0	0	0	1.5	62	0	37.2	27	15.5	144.4	12	12
1968	17.7	26.7	60.5	1	0	0	0.01	2.7	0	49	0	1	158.61	13.2	12
1969		5	0	0		0	7	5	21	11	0	27.2	76.2	7.6	10
1970	0	4	1.2	1.2	0	0	0	9.5	90.6	0	0	5.2	111.7	9.3	12
1971	0	1.5	0	0	0	0	0	50.9	39.5	0.3	0	0	92.2	7.7	12
1972	21	0	0	0	2.5	0	20	66.6	0	130.5	27	13	280.6	23.4	12
1973	19.5	0	0	0	0	0	0	5.5	50	0	0	0	75	6.2	12
1974	20	0	0	0	0	0	21.5	7	0	0	98	0	146.5	12.2	12
1975	7	11	0	0	0	0	0	12	0	0	0	5	35	2.9	12
1976	0	0	0	0	0	0	0	55.7	64.2	19	0	0	138.9	11.6	12
1977	0	0	0	0	0	0	0	132.5	3	3	2	0	140.5	11.7	12
1978	0	2	0	0	0	0	50.6	0	0	3	0	30	85.6	7.1	12
1979	85	30	0	0	0	0	0	0	96	0	0	0	211	17.6	12
1980		31	0	0	0	0	0	0	0	3	0	0	34	3.1	11
1981	139	0	8	0	0	0	3	0	0	2	0	0	152	12.7	12
1982	0	0	0	0	0		1	0	104	2.5	13.5	49	170	15.5	11
1983	14.5	4	21	0	0	0	41.5	169.5	54	0	1	82	387.5	32.3	12
1984	7	0	0	0	0	0	58	65	29	8	0.2	49.5	216.7	18.1	12
1985	20	0	1.5	0	0	0	0	9.3	6.5	0	6.5	0	43.8	3.6	12
1986		0		0	0	0	0	19.7	20.5	0		14	54.2	6	9
1987	0	0	0	0	10	0	0	0	11.7	11.9	0		33.6	3.1	11
1988	0	0	0	0	0	0	0	0	6	0	0		6	0.5	11
1989	60.5	33.3	0	0	0	0	0		0	0			93.8	10.4	9
1990	0			0	0	0	0	0	99.2				99.2	14.2	7
1991	28.2	6	0			0	0	0	0	0	16	52	102.2	10.2	10
1992	223.5	17.3	12	0	0	0	49	73	25	0	0	21	420.8	35.1	12
1993	47	40	0	0	0	0	0	137	0	0	5	7	236	19.7	12
1994	0	0	0	0	0	0	0	24	0	1	0	180	205	17.1	12
1995	0	14	0	0	0	0	0	0	0	0	0	0	14	1.2	12
1996	0	0	0	0	0	0	0	37		0	0	0	37	3.4	11
1997	25	0	0	0	0	0	0	18	46	0	5	14	108	9	12
1998	0	4	0	0	0	0	18.5	36	31.5	0	0	0	90	7.5	12
1999	0	0	0	3	0	0	0	0	22		0		25	2.5	10
2000	0	0	3	0	0	3	0	19.5	40.5	63	0	2	131	10.9	12
2001	0	0	0	0	0	0	0	0	189	0	0	0	189	15.8	12
2002	1.5	16.5	0	0	0	0	1	0	4.5	0	4	4	31.5	2.6	12
2003	33.5	2.5	0	2.5	0	0	0	8	56	0	0	0	102.5	8.5	12
2004	0	1.5	0	0	0	0	1.3	5.9	50	0	2	0	60.7	5.1	12
2005	14.3	32.5	0	0	0	0	0	0	2	39	0	0	87.8	7.3	12
2006	0	0	0	0	0	6	15	0	187	63	5	0	276	23	12
2007	0	0	0	0	0	0	19	0	27.5	0	0	23.5	70	5.8	12
2008	0	0	0	0	0	0	5.1	115.1	135	65	0	0	320.2	26.7	12
2009	0	0	0	0		0	0	81	77	17	0	0	175	15.9	11
2010	0	0	0	0	0	0	0	4.5	0	0	0	0	4.5	0.4	12
2011	0	0	0	0	0	0	0	0	0	0	17.5	0	17.5	1.5	12
2012	0	0	0	0	0	0	0	93	11.5	152.5	0		257	23.4	11
2013	0	0	0	0	0	0	2.5	0.5	0	181.5	0	0	184.5	15.4	12
2014	0	0	2.5	0	0	0	10	2	205.5	0	0	0	220	18.3	12
2015	0	0	0	0	0	20	12.5	0	135	18	0	0	185.5	15.5	12
2016	0	0	0	4.5	0	0	0	71	72	0	0	0	147.5	12.3	12
2017	0	9.5	0	0	0	0	0	28	48.5	0	0	0	86	7.2	12
2018	0	2	0	0	0	0	0	10.5	107	0	0	0	119.5	10	12
2019	6	0	0	0	0	0	5	0	0	83	0	0	94	7.8	12
2020	0	0	0	0	0	0	0	31	24	3	0	0	58	4.8	12
2021	0	0	0	0	0	0	0	20	2	0	0	0	22	1.8	12
2022	0	0	0	0	0	0	0	21	48.5	0	0	2	71.5	6	12
2023	9.5	0	0	0	0	0	0	31.5	0	0	0	0	41	3.4	12
MÍNIMA	0	0	0	0	0	0	0	0	0	0	0	0	4.5	0.4	4
MÁXIMA	223.5	40	60.5	4.5	10	20	59.8	169.5	205.5	181.5	98	180	420.8	35.1	12
MEDIA	14.6	4.7	2.2	0.2	0.2	0.5	6.3	28.7	40.6	16.5	3.7	13.3	126.6	11	11.5
DESV.ST	35	9.6	8.4	0.7	1.3	2.5	13.8	37	48.5	35.6	12.9	28.4	85.1	7.1	1.3

TEMPERATURA MÁXIMA PROMEDIO
AÑO	ENE	FEB	MAR	ABR	MAY	JUN	JUL	AGO	SEP	OCT	NOV	DIC	ACUM	PROM	MESES
1952									35.5	35.2	28	24.7		30.9	4
1953	27.8	25.5	26.4	29.8	28.7	32	35.2	33.9	36.1	31.6	27.3	24.4		29.9	12
1954	25.1	27.6	27.2	30.3	27.6	33.6	34.7	34.2	34.3	32.1	31.9	28.7		30.6	12
1955	23.4	26.1	29.5	29.2	30.1	32.8	33.1	33.2	31	31.2	29.6	27.8		29.8	12
1956	26.5	25	27.3	29.6	27.4	29.4	33.6	35.2	34.2	30.5	27.7	21.8		29	12
1957	23.8	25.8	24.9	28.3	31.7	35.1	39.1	38.7	37.7	32.6	25.8	25.2		30.7	12
1958	27.1	30.1	31.8	34.4	39.2	38.9	40.7	40.4	40.2	38.2	32.3	29.2		35.2	12
1959	29.4	29	35.7	30.1	33.4	35.9	36.9	35.7	36.5	30.9	31.6	27.5		32.7	12
1960	22.5	25.7	31	30.9	32.3	34.8	38	36.5	38	34	31	27.2		31.8	12
1961	26	28.9	29.6	30.7	37	37.9	37.4	38.3		36.6	28.7	26.8		32.5	11
1962	27.7	25.9	28.8	34.1	33.4		38.7	39.8	36.9	32.6	31.5	27.4		32.4	11
1963	26.5	22.4	28.9	32.9	32.5	35.6	38	38.1	38.9	36	32.9	29.1		32.6	12
1964	26	22.3	22.1	30.1	34.7	33.9	36.5	36.8	36.2	33.3		26.4		30.8	11
1965	25.1	23.1	28.4	29	32.2	35.8	38	36.2	36.3	36	33.9	27.4		31.8	12
1966	25.7	25.3	26.4	30.8	34	37.4	36.9	36.2	37.1	33.8	33.4	27.4		32	12
1967	27.5	27.4	31.5	30.3	36.8	35.9	38.3	37.9	36.5	35	33.6	26.1		33.1	12
1968	26.8	29	27.5	30.7	34.8	32	36.4	36.7	36.5	34.6	31	28.2		32	12
1969		25.9	28.2	32.4		32.2	36.6	36.6	36.9	32.5	30.7	25.7		31.8	10
1970	23	27.2	28.7	30.7	32.9	33.9	36	36.4	35	32.3	31.7	28.4		31.3	12
1971	27.3	27.8	30.8	29.6	31.6	33	35.7	34.4	34.7	31.7	29.7	27		31.1	12
1972	25.6	27.8	30.2	32.3	33	31.6	36.7	35.5	36.5	33.5	27.1	25.9		31.3	12
1973	23.6	27.7	24.9	29.6	32.8	30.7	34.2	35.2	35	33.5	29.3	27.4		30.3	12
1974	24.6	25.5	27.2	33.4	32.7	33.9	35.2	36.2	34.2	35.8	27.6	29.9		31.4	12
1975	32.2	28.8	27.9	32.8	33.5	35.7	37.1	40.8	40.7	38	28.3	28.2		33.7	12
1976	25.8	27.1	32	32.2	32.5	39.3	37.9	38.2	35	33.6	32.6	33.8		33.3	12
1977	34.3	33.6	28.1	32.2	35.3	36.2	36.2	36.5	36	31.4	33.2	34		33.9	12
1978	33.8	34.2	32.2	34.1	34.1	35.5	37.1	36.5	35.6	32.6	32.1	30.9		34.1	12
1979	31.1	32.7	33.5	32.4	31.4	36.1	36.3		34.4	33.4	33.1	26.7		32.8	11
1980		32.5	33.7	33.4	34.3	34.3	41.2	36.1	34.6	31.6	31.9	28		33.8	11
1981	27.8	29.9	31.5	33.9	33.5	35	37.7	39.3	33.6	32.5	32.5	32.4		33.3	12
1982	28	30.7	30.8	35.2	36.9		39.2	39.7	39	31	29	25.4		33.2	11
1983	26.4	27.5	28	29	35.4	38.4	37.8	36	35.9	34.7	31.4	29.9		32.5	12
1984	27.9	26.3	27	26.8	26.7	26.8	27.5	34.3	35.3	32	30.9	27		29	12
1985	25.5	26.7	31.8	28.7	33.6	31	31.1	36.8	36.6	31.2	29.7	27.5		30.9	12
1986		31.8		34.6	34.2	32.6	34.5	33.5	34	34.7				33.7	8
1987		30.8	32.7	32.2	31.5	33.7	33.4	35	32.5	33.8	31			32.7	10
1988	30.6	30.6	31	30.7	30.9	31.1	31.3	35	35.4	32.8	29.1			31.7	11
1989	21.8	22.9	25.1	31.5	31.1	30.6	30.7		30.5	30.6				28.3	9
1990	30.8			32	32.4	33.3	32.4	33.9	34.7					32.8	7
1991	23.5	24.8	29.4			30.8	32.1	31.5	31.9	21.5	25.6	25.2		27.6	10
1992	23.3	25.8	26.4	30.9	31.1	34.9	36.6	36.4	36.9	35.6	31.6	25.9		31.3	12
1993	28.5	28.9	30.1	30.7	31.4	31.7	31.9	34.5	31.7	34.4	31.6	27.8		31.1	12
1994	26.1	27.5	28.3	28.6	30.7	33.1	31.6	37.5	36.9	30.8	26.5	27.6		30.4	12
1995	26.9	33.1	29.3	30	35.6	36.8	36.2	35.7	36	34.9	33.7	29.3		33.1	12
1996	27.8	29.4	30.3	31.6	35.7	36.2	37.8	36.5		36.2	31.6	27.4		32.8	11
1997	26.1	26.7	30.2	31.3	36.7	37.2	39.4	37	35.4	34.8	30.9	24.7		32.5	12
1998	25.3	28.3	27.8	29.4	33.5	36.8	36.4	37.8	35.3	35.7	28	24.6		31.6	12
1999	27	29.7	29.6	29.6	32.2	34.7	35.5	37.9	37.1		27.4			32.1	10
2000	22.3	24.7	26.2	30.8	31.5	34.7	36.5	38.5	36	28.4	27.8	24.4		30.1	12
2001	26.2	21.3	26.5	29	28.5	39.5	38.1	37.8	32.1	37.5	27.1	23.4		30.6	12
2002	25.3	26.8	27.8	28.7	30.1	31	35.4	33	28.7	29.5	27.3	22.9		28.9	12
2003	20.5	25	26.4	30.3	29.7	30.2	34.6	31.8	34	32.4	30	27.8		29.4	12
2004	23.5	30	27.4	21.4	29.5	38	34.5	30.9	31.2	30.6	28	27		29.3	12
2005	28.6	27.5	28.1	26.8	29.6	33.7	33.3	37.4	31.9	28.2	26.3	29.2		30	12
2006	24.5	22.8	24.8	26.7	27.7	35.2	39.4	38.7	35.4	29.5	31.1	15.7		29.3	12
2007	24.5	16.3	25.3	18.1	27.5	25.6	32.3	30.8	30.7	29.6	22.6	26.1		25.8	12
2008	17.8	18	19.7	20.3	20.4	28.9	35.6	37.2	33.1	28.1	34.6	26.7		26.7	12
2009	19.5	20.3	21.3	18		31.3	29.9	30.1	29.3	38.6	26.6	23.6		26.2	11
2010	22.3	20.6	24.7	26.8	30.7	35.3	34.2	38.5	34	31.3	25.5	28.6		29.4	12
2011	20.1	27.9	26.8	27.6	30.6	32.6	39.9	40.7	38.5	34.2	34.3	24.1		31.4	12
2012	26.2	25.2	27.8	28.2	30.5	35.1	38.1	39.4	29.2	29	29.5			30.7	11
2013	29.9	27.5	28.1	29.4	31.6	34.1	34.5	36.5	40.9	34.4	29.9	31.4		32.4	12
2014	29.4	28.6	30.7	30.1	34.5	40.1	38.7	37.8	37.4	28.3	28.1	28.3		32.7	12
2015	26.3	27.6	28.3	27.8	39.2	36.4	35.5	34.6	35.1	36.5	25.9	25.2		31.5	12
2016	27.7	25	28.6	28.2	29.3	27.5	34.8	34.8	30.2	32.1	28.4	24		29.2	12
2017	23.4	26.4	29.2	33.4	33.8	35.4	35.3	37.9	35.4	27.6	26	25.7		30.8	12
2018	22.6	19.3	28.3	26.3	27.5	32.6	34.1	31.7	39.3	32.5	28.8	26.1		29.1	12
2019	23.3	24.9	17.9	26.2	32.7	30.5	36.5	36.2	35.7	34.3	27.1	28.7		29.5	12
2020	24.8	26.9	29.5	29.3	27.1	38.6	33.8	31.5	36.3	29.7	25.9	25.5		29.9	12
2021	27.9	28.1	28.6	28.2	35.7	37.9	38.2	40.3	39.6	40	27.8	27.4		33.3	12
2022	27.2	28.1	28.2	28.5	29.3	29.7	30.7	34.4	32.4	30.2	28.6	27.1		29.5	12
2023	20.2	26	26.9	28.7	28.3	33.6	29.7	36	39.1		28.9	25.3		29.3	11
MÍNIMA	17.8	16.3	17.9	18	20.4	25.6	27.5	30.1	28.7	21.5	22.6	15.7		25.8	4
MÁXIMA	34.3	34.2	35.7	35.2	39.2	40.1	41.2	40.8	40.9	40	34.6	34		35.2	12
MEDIA	25.9	26.8	28.3	29.7	32	34	35.6	36.2	35.2	32.8	29.6	26.9		31.1	11.5
DESV.ST	3.2	3.5	3.1	3.3	3.2	3.1	2.8	2.5	2.7	3.1	2.6	2.8		1.9	1.3

TEMPERATURA MÁXIMA EXTREMA
AÑO	ENE	FEB	MAR	ABR	MAY	JUN	JUL	AGO	SEP	OCT	NOV	DIC	ACUM	PROM	MESES
1952									40	40	36	33		37.2	4
1953	33	31	35	35	36	40	40	39	42.5	37	32	31		36	12
1954	34	31	35	38	35	40	41	40	41	37	36	35		36.9	12
1955	30	35	34	35	39	40	39	39	36	36	33	32		35.7	12
1956	31	31	34	35	38	38	38	40	38	37	35	31		35.5	12
1957	28	31	33	33	36	40	43	41	41	38	33	30		35.6	12
1958	30	33	36	38	44	42	44	42	44	43	38	36		39.2	12
1959	33	31	38.5	33	43	41	41	39	39	35	35	33		36.8	12
1960	29	29	37	35	35	39	41	41	41	40	39	33		36.6	12
1961	30	36	33	37	42	42	42	42		42	32	31		37.2	11
1962	31	31	33	40	38		41	42	41	36	37	32		36.5	11
1963	34	27	32	37	35	40	42	41	42	40	36	34		36.7	12
1964	29	29	27	35	39	40	40	39	40	39		32		35.4	11
1965	31	28	32	31	37	40	41	40	40	40	37	32		35.8	12
1966	30	30	32	34	40	42	42	40	41	39	38	33		36.8	12
1967	33	31	36	32	43	41	41	41	39	38	37	31		36.9	12
1968	30	33	33	35	37	37	40	41	40	37	36	32		35.9	12
1969		30	34	37		36	41	40	40	37	35	30		36	10
1970	28	30	33	34	36	40	41	42	39	34	36	33		35.5	12
1971	33	32	35	34	36	39	39	40	39	36	34	34		35.9	12
1972	28	33	34	38	39	39	41	39	40	38	31	30		35.8	12
1973	28	32	29	37	38	37	39	41	38	37	36	31		35.2	12
1974	33	30	36	37	38	38	39	40	37	38	33	31		35.8	12
1975	37	33	35	37	37	38	41	44	44	41	32	31		37.5	12
1976	30	33	35	36	37	42	42	41	38	37	36	36		36.9	12
1977	36	36	34	39	39	39	38	39	39	34	36	36		37.1	12
1978	36	35	36	36	36	40	40	39	39	35	35	34		36.8	12
1979	37	35	36	35	33	41	42		40	36	39	32		36.9	11
1980		37	39	39	41	40	44	44	40	38	36	33		39.2	11
1981	33	34	36	38	37	38	40	42	38	37	36	38		37.2	12
1982	31	32	35	39	39		42	42	44	36	34	31.5		36.9	11
1983	30.5	31.5	35.5	32.5	42	49.5	42.5	45	40.5	40.5	36.5	34		38.4	12
1984	32.5	28.5	30.5	29	29	30	33.5	37.5	39.5	36.5	34.5	34.5		33	12
1985	29.5	33.5	38.5	36	38.5	35	34	40.5	41.5	34	36.5	32.5		35.8	12
1986		36		41	40	36	41	41	39	40				39.2	8
1987		33	39	39	38	39	38	40	41	38	34			37.9	10
1988	36	32	38	35	39	37	37	39	41	40	35			37.2	11
1989	31	31	31	36	40	35	34		35	33				34	9
1990	33			37	39	39	38	40	40					38	7
1991	29	33	35			36	36	38	38	25	30	30		33	10
1992	26	31	32	37	36	39	42	40	41	39	37	31		35.9	12
1993	32	32	35	37	35	35	36	39	36	37	36	33		35.2	12
1994	30	30	32	34	34	39	35	40	39	38	29	30		34.2	12
1995	29	39	33	35	39	39	39	39	39	38	37	34		36.7	12
1996	32	34	35	36	38	38	41	39		40	36	33		36.5	11
1997	30	30	35	36	40	42	45	41	39	39	37	29		36.9	12
1998	31	35	32	35	39	42	42	41	41	39	32	33		36.8	12
1999	32	32	35	36	41	42	40	41	41		34			37.4	10
2000	31	31	31	36	38	39	41	41	41	32	32	31		35.3	12
2001	30	30	31	35	32	44	42	44	39	42	31	32		36	12
2002	30	32	34	33	33	37	40	39	33	33	34	31		34.1	12
2003	27	30	34	38	34	39	41	38	39	38	38	32		35.7	12
2004	30	38	32	29	34	43	40	37	36	36	32	30		34.8	12
2005	32	30	30	31	35	39	39	41	39	32	31	31		34.2	12
2006	29	28	29	30	31	39	43	42	41	34	35	22		33.6	12
2007	29	27	29	23	31	32	41	40	39	36	29	29		32.1	12
2008	25	25	27	25	29	40	40	41	40	31	41	30		32.8	12
2009	23	23	30	23		37	36	35	31	41	31	29		30.8	11
2010	27	26	29	29	39	41	39	43	40	38	34	32		34.8	12
2011	23	30	31	30	37	39	45	45	43	43	38	29		36.1	12
2012	30	29	31	33	35	41	40	43	31	32	32			34.3	11
2013	33	31	32	32	35	38	39	42	45	39	33	37		36.3	12
2014	33	33	38	32	43	44	42	41	41	31	30	30		36.5	12
2015	30	30	30	30	42	41	39	39	39	39	29	28		34.7	12
2016	31	28	30	33	31	30	41	41	35	36	35	27		33.2	12
2017	29	36	31	37	36	38	37	41	39	30	31	30		34.6	12
2018	31	22	30	32	30	36	38	39	42	36	31	29		33	12
2019	28	27	27	29	37	36	41	39	39	39	30	30		33.5	12
2020	28	29	37	30	30	41	36	35	39	32	29	29		32.9	12
2021	30	30	30	32	39	40	41	45	42	43	30	29		35.9	12
2022	30	30	30	31	31	32	35	36	38	33	31	30		32.2	12
2023	26	30	30	30	30	40	38	40	41		33	28		33.3	11
MÍNIMA	23	22	27	23	29	30	33.5	35	31	25	29	22		30.8	4
MÁXIMA	37	39	39	41	44	49.5	45	45	45	43	41	38		39.2	12
MEDIA	30.5	31.2	33.1	34.2	36.8	38.9	39.9	40.4	39.5	37	34.2	31.5		35.7	11.5
DESV.ST	2.9	3.2	3	3.7	3.6	3.1	2.5	2	2.6	3.4	2.8	2.5		1.7	1.3

TEMPERATURA MÍNIMA PROMEDIO
AÑO	ENE	FEB	MAR	ABR	MAY	JUN	JUL	AGO	SEP	OCT	NOV	DIC	ACUM	PROM	MESES
1952									22.1	17.9	11.6	7.9		14.9	4
1953	7.1	5.9	9	10.7	10.1	14.3	20.4	20.7	21.2	18.3	13	6.6		13.1	12
1954	5.7	8.3	8.6	11.3	11.7	14.5	19.7	20.8	22.3	17.4	10.7	8.2		13.3	12
1955	6.5	5.6	9	9.5	11.8	14.3	17.2	21.1	19.9	14.7	9.7	6.7		12.2	12
1956	7.1	5.7	6.6	9.9	15.7	18.4	23.2	24.4	24.5	19.7	13.7	9.5		14.9	12
1957	10.7	11.1	10.6	12.1	13.6	16.2	21.6	24.2	22.1	17.8	12	10.1		15.2	12
1958	9.1	11	11.2	12.7	16.9	19.5	23.7	24.4	24.2	21.3	14.2	11.8		16.7	12
1959	9.4	10.4	15.3	14.1	13.4	18.3	22	22.7	21.6	15.9	12.2	9.7		15.4	12
1960	6.5	6.1	9.2	9.8	11.5	15.2	20.5	20.8	21.7	17.4	12.1	7.3		13.2	12
1961	8.5	5.9	7.9	8.4	11.3	14.5	19.8	21.2		17	8.4	6.6		11.8	11
1962	5.8	6.9	5.8	9	10.1		19.5	20.2	19.8	15.8	11.5	8.8		12.1	11
1963	6	6.4	6.5	10.2	12.2	13.8	19.9	21	21.1	18.2	10.7	9.5		13	12
1964	3.8	4.7	6.1	8.8	10.7	13.2	19	19.5	20.7	17.8		7.2		12	11
1965	8.3	5.6	7.8	9.9	10.8	13.1	19	21.8	20.3	15.4	13	9.1		12.8	12
1966	6.8	5.3	7.9	10.8	13.2	15.2	18.3	21.5	20	14.3	11.3	8.1		12.7	12
1967	5.2	6.1	8.9	10.8	11.8	15.8	18.6	19.7	20	17.2	13	10.2		13.1	12
1968	8.6	11	8.2	10	11.7	14	19.7	19.7	18.9	15.9	10	7.6		12.9	12
1969		8.6	6.6	10.9		12.7	20.5	21.4	21.3	15.1	13.1	9.6		14	10
1970	6.4	6.5	6.1	9.6	11.5	14.2	20	21.6	20.8	15.7	11.1	9		12.7	12
1971	6.3	4.8	8	8.5	10.8	14	19	21.3	21.6	17.5	10.5	7.6		12.5	12
1972	8.5	7.8	10.6	10.3	12.3	15.3	20	21.9	21.1	18.3	11.6	9.5		13.9	12
1973	7.8	7.1	9.2	9.2	13.4	14.2	19.1	20.2	18.2	14.7	9.5	6.9		12.5	12
1974	8.3	5.4	8.5	10.7	11.8	14.6	18.7	20.2	17	15.8	11.8	7.8		12.6	12
1975	7	8.8	7.2	10	8.8	11.8	19.2	13.2	12.6	10	8	6.8		10.3	12
1976	6.9	8.8	10.8	9.3	9	10.4	19.5	12.9	12.5	10.1	9.4	8.6		10.7	12
1977	8	8.8	6.6	10.6	10.4	11.3	10.2	11.2	10	10.4	10.3	10.1		9.8	12
1978	9.5	10.3	14.1	10.8	10.3	10.7	12.5	10.4	10.5	11.3	10.7	10.3		10.9	12
1979	10.5	11	10.1	10.2	10.8	12.1	11.3		21.3	12.6	16.2	12.6		12.6	11
1980		16.5	16.6	17.5	16.6	16.6	18.4	21.3	18.2	15	13.7	8.7		16.3	11
1981	11.3	12	12.6	15.4	14.6	15	17	14.9	12	12.6	11.9	8.7		13.2	12
1982	7.4	10	9.8	11.8	10.8		13.9	16.6	24.7	18.5	13.5	10.8		13.4	11
1983	9.3	7.9	10.4	10.1	12.8	16.3	18.5	17.3	17.9	12.4	6.5	8.4		12.3	12
1984	10	9.9	10.1	10.3	9.7	10.6	12.2	22.1	21.9	17	13.2	11.9		13.2	12
1985	8.2	8	9.7	11.2	9.8	14.4	13.7	22	21.7	14.4	14.3	12.8		13.3	12
1986		16.4		14.3	15.3	16	17.5	18.2	18.4	17.3				16.7	8
1987		17	17.1	16.4	15.4	14.9	16.9	18	18.2	17	15.1			16.6	10
1988	17.3	17.3	17.5	16.2	16.6	17.4	17.9	19	18.9	17	12.1			17	11
1989	7.9	7.2	10.2	12.7	15.5	16.6	17.9		17.7	17.1				13.6	9
1990	15.9			15.5	15.5	15.7	17	18.2	19.5					16.8	7
1991	8.6	8.6	10.6			15.3	17.1	17.5	17.4	11.5	12.1	10.6		12.9	10
1992	7.5	7.5	6.9	9.6	10.1	14.5	12.7	11.9	13.5	13	7.4	6.8		10.1	12
1993	7.5	6.4	8.2	8.5	11.1	6.5	6.4	6.9	7.1	7.6	7.5	6.5		7.5	12
1994	12.2	12	15	15.5	16.4	14.5	16.2	17	15.4	13.3	12.7	11.2		14.3	12
1995	11.8	11.1	7.5	7	6.7	12.2	16.6	16.8	17.4	13.4	14.4	11.3		12.2	12
1996	10.4	8	7	8.7	8.5	10.5	18.3	17.4		16.8	11.3	10.6		11.6	11
1997	8.2	8.9	11.7	9.8	12.1	11.5	15	16.5	16.5	16.5	15.2	9.5		12.6	12
1998	10.9	10	9.4	11.2	13.4	18.4	21.5	23.5	21.5	18.3	11.4	8.3		14.8	12
1999	7.1	7.7	8.2	11	12.4	14.9	17.5	19.4	20.3		15			13.3	10
2000	7.2	4.9	10.2	10.2	12	18.4	18.5	17.4	20.7	18.7	16.2	11		13.8	12
2001	9.6	11.3	15.2	10	15.4	21	22.4	23.1	17.3	23.5	10	6.6		15.4	12
2002	5.2	8.6	9.6	11.4	17.9	14.6	17.2	19.2	16	15.1	10.7	8.5		12.8	12
2003	10.1	10.9	11.1	11.7	11.6	15.7	20.4	20.5	18.2	18.4	12.2	9.9		14.2	12
2004	12.2	15.8	9.4	10.6	12.3	16.8	14.4	18.8	18.1	15.7	13.5	8.7		13.9	12
2005	5.8	12.5	15.1	11.7	11.5	14.8	15.3	20.4	14.9	14.1	13.6	11.5		13.4	12
2006	11.2	10.6	11.8	14.4	13.1	15.6	17.9	16.3	13.5	14.3	20.5	8.8		14	12
2007	18.6	9.6	20.3	9.4	15.7	17.6	17.3	18	17.2	23.4	12.1	12.4		16	12
2008	10.9	10.7	10.7	13	11.7	13.8	19	20.8	19.7	12.8	17.1	10.6		14.2	12
2009	10.9	11.6	15.1	9.9		14	13.3	15.9	18.3	20	11.9	9.4		13.7	11
2010	7.8	9.7	10	10.9	11.6	16.8	9.7	16.9	13.1	11.5	10.1	11.1		11.6	12
2011	8.8	11.1	11.8	10.2	18.6	12.4	19.5	20	18.3	14	12.2	11.6		14	12
2012	11.7	9.2	11	12.4	15.2	15.1	18.9	19.1	11.6	15.7	12.3			13.8	11
2013	11.2	11.3	13.8	12.3	17.2	12.6	17.4	20	17.2	19.3	12.5	19.2		15.3	12
2014	14.9	11.9	12.3	13	13.5	19.7	19.8	17.6	12.8	16.5	11.1	13.6		14.7	12
2015	14.4	11.6	15.3	12.8	20.1	19.5	12.5	19.5	13.2	18.8	11.3	9.9		14.9	12
2016	12.2	10.5	12.2	10.3	11.2	10.8	13.7	16.6	16.8	17.3	10.2	12.2		12.8	12
2017	9.1	9.5	12.5	13.2	11.2	10.3	11.4	10.9	10.3	12.8	11	11.5		11.1	12
2018	10.1	8.6	10.7	11.4	10	12	14	10.4	14.9	11.6	13.1	11.6		11.5	12
2019	9.4	10	8.7	10.1	10.7	10.7	12.5	12.3	15.3	15.1	11.2	15.8		11.8	12
2020	11	9.8	10.5	10.6	11.4	11.6	11.4	16.6	16.7	10.4	10.8	10.2		11.8	12
2021	13.2	10.8	16.5	11.1	16.6	20.8	20.1	13	18.1	15.2	9.4	9.5		14.5	12
2022	9.6	10.2	11.3	11.1	11.4	10.8	10.8	12.6	10.6	11.4	13.2	9.2		11	12
2023	9	9.6	9.9	10.9	15.6	9.4	10.3	12.9	9.4		12.3	9.6		10.8	11
MÍNIMA	3.8	4.7	5.8	7	6.7	6.5	6.4	6.9	7.1	7.6	6.5	6.5		7.5	4
MÁXIMA	18.6	17.3	20.3	17.5	20.1	21	23.7	24.4	24.7	23.5	20.5	19.2		17	12
MEDIA	9.3	9.4	10.6	11.2	12.7	14.5	17.1	18.3	17.7	15.6	12	9.7		13.3	11.5
DESV.ST	2.9	2.9	3.1	2.1	2.7	2.9	3.6	3.8	4	3.1	2.3	2.3		1.8	1.3

TEMPERATURA MÍNIMA EXTREMA
AÑO	ENE	FEB	MAR	ABR	MAY	JUN	JUL	AGO	SEP	OCT	NOV	DIC	ACUM	PROM	MESES
1952									19	13	6	3		10.2	4
1953	-2	-1	3	5	7	10.5	14	14	19	12	6	0		7.3	12
1954	-2	5	5	8	8	11	17	19	20	12	6	0		9.1	12
1955	0	0	0	5	9	11	12	19	12	8	6	4		7.2	12
1956	4	-2	1	4	11	16	21	22	23	13	9	5		10.6	12
1957	5	8	6	9	11	13	16	22	18	13	6	5		11	12
1958	5	8	7	8	11	15	21	23	21	16	8	5		12.3	12
1959	2	6	11	11	9	14	20	20	19	12	7	5		11.3	12
1960	2	2	5	5	8	12	18	19	19	10	5	2		8.9	12
1961	4	2	3	3	8	11	16	20		13	2	3		7.7	11
1962	2	3	2	0	7		15	17	18	12	5	0		7.4	11
1963	0	2	3	6	9	10	16	19	20	16	7	4		9.3	12
1964	0	2	1	5	8	10	14	17	19	13		3		8.4	11
1965	2	0	2	7	8	10	16	18	17	11	8	3		8.5	12
1966	1	1	4	8	10	12	16	19	19	10	6	4		9.2	12
1967	1	1	6	8	9	11	16	15	18	14	10	5		9.5	12
1968	4	4	0	7	8	5	15	16	11	11	6	4		7.6	12
1969		5	1	7		10	16	20	15	10	9	2		9.5	10
1970	3	2	1	7	8	12	16	19	17	12	0	6		8.6	12
1971	0	2	2	6	8	9	16	19	19	14	6	2		8.6	12
1972	5	5	6	6	9	12	17	20	18	9	9	3		9.9	12
1973	4	4	6	4	11	12	17	19	16	11	5	3		9.3	12
1974	3	2	3	5	8	11	16	17	13	10	8	5		8.4	12
1975	4	5	4	8	6	10	16	10	10	7	6	5		7.6	12
1976	2	6	7	7	7	7	11	9	8	7	7	6		7	12
1977	4	5	2	8	8	9	8	9	9	9	7	9		7.2	12
1978	6	8	10	10	9	9	9	9	9	10	9	7		8.8	12
1979	9	10	9	9	10	10	10		16	11	9	5		9.8	11
1980		12	12	12	12	12	12	17	15	11	11	4		11.8	11
1981	7	8	7	10	10	10	10	11	10	10	9	4		8.8	12
1982	5	7	6	9	8		10	12	20	14	10	4		9.5	11
1983	4.5	4.5	6.5	5.5	6.5	12	14.5	12	16	8.5	3.5	3.5		8.1	12
1984	4	7	7.5	6.5	7.5	7	7.5	17.5	19.5	12.5	8.5	6		9.2	12
1985	3.5	3.5	4	8.5	5.5	11	8	17	18	11	1	5		8	12
1986		10		10	10	10	11	13	15	14				11.6	8
1987		12	10	10	10.5	10	10	14	16	14	10			11.7	10
1988	15	10	10	10	10	14	16	16	14	12	7			12.2	11
1989	2	2	6	8	10	12	12		16	14				9.1	9
1990	10			9	12	10	13	15	16					12.1	7
1991	2	2	5			12	15	15	16	8	7	6		8.8	10
1992	5	4	4	5	7	12	9	10	10	9	4	3		6.8	12
1993	3	3	6	5	7	4	4	4	5	6	6	2		4.6	12
1994	6	9	12	8	12	11	10	14	12	9	9	6		9.8	12
1995	7	7	5	5	5	10	12	14	14	11	12	10		9.3	12
1996	7	6	5	5	6	7	14	13		14	7	7		8.3	11
1997	5	6	7	4	7	9	10	12	14	11	9	5		8.2	12
1998	6	6	6	7	10	15	18	21	18	12	5	4		10.7	12
1999	5	5	5	4	9	8	12	15	17		6			8.6	10
2000	0	0	2	5	8	12	15	13	17	14	13	5		8.7	12
2001	6	7	10	2	11	15	18	17	11	18	5	1		10.1	12
2002	0	3	3	9	14	10	14	15	12	12	7	3		8.5	12
2003	3	5	3	6	7	9	17	17	13	12	7	5		8.7	12
2004	7	5	3	7	8	12	8	13	11	11	9	1		7.9	12
2005	2	10	12	9	9	10	10	14	10	9	10	10		9.6	12
2006	10	9	10	11	10	12	14	10	10	10	19	7		11	12
2007	12	7	17	3	7	11	12	12	11	18	10	9		10.8	12
2008	7	7	9	7	7	9	17	18	15	9	10	6		10.1	12
2009	8	9	9	7		9	10	9	13	15	9	5		9.4	11
2010	4	7	8	7	9	12	6	9	9	9	8	7		7.9	12
2011	6	9	7	7	15	9	15	17	16	10	9	7		10.6	12
2012	9	6	7	9	10	11	11	13	7	9	7			9	11
2013	8	8	9	9	14	10	10	12	10	11	9	16		10.5	12
2014	9	9	9	9	9	17	18	15	5	9	7	9		10.4	12
2015	11	9	9	9	18	13	9	17	11	14	9	8		11.4	12
2016	9	7	9	7	9	9	9	9	9	12	7	9		8.8	12
2017	4	5	9	9	9	9	7	9	9	9	9	9		8.1	12
2018	2	1	1	6	8	9	10	9	9	8	10	9		6.8	12
2019	5	8	5	9	9	9	10	9	9	12	9	12		8.8	12
2020	9	7	9	9	9	10	9	12	13	9	8	9		9.4	12
2021	9	9	12	9	11	17	17	9	11	12	1	1		9.8	12
2022	8	7	9	9	9	9	9	9	9	9	7	7		8.4	12
2023	5	5	7	9	13	6	7	9	1		9	7		7.1	11
MÍNIMA	-2	-2	0	0	5	4	4	4	1	6	0	0		4.6	4
MÁXIMA	15	12	17	12	18	17	21	23	23	18	19	16		12.3	12
MEDIA	4.7	5.4	6.1	7.2	9.2	10.7	13	14.6	13.9	11.3	7.5	5.2		9.2	11.5
DESV.ST	3.4	3.2	3.5	2.3	2.3	2.5	3.8	4.2	4.5	2.5	2.8	3		1.5	1.3

TEMPERATURA MEDIA MENSUAL
AÑO	ENE	FEB	MAR	ABR	MAY	JUN	JUL	AGO	SEP	OCT	NOV	DIC	ACUM	PROM	MESES
1952									28.8	26.6	19.8	16.3		22.9	4
1953	17.4	15.7	17.7	20.2	19.4	23.1	27.8	27.3	28.6	25	20.1	15.5		21.5	12
1954	15.4	18	17.9	20.8	19.6	24	27.2	27.5	28.3	24.8	21.3	18.4		21.9	12
1955	14.9	15.9	19.2	19.4	21	23.5	25.1	27.2	25.4	23	19.6	17.2		21	12
1956	16.8	15.3	17	19.8	21.5	23.9	28.4	29.8	29.4	25.1	20.7	15.7		22	12
1957	17.2	18.4	17.8	20.2	22.6	25.6	30.4	31.5	29.9	25.2	18.9	17.6		22.9	12
1958	18.1	20.6	21.5	23.5	28	29.2	32.2	32.4	32.2	29.8	23.2	20.5		25.9	12
1959	19.4	19.7	25.5	22.1	23.4	27.1	29.4	29.2	29	23.4	21.9	18.6		24.1	12
1960	14.5	15.9	20.1	20.4	21.9	25	29.2	28.6	29.9	25.7	21.6	17.2		22.5	12
1961	17.2	17.4	18.8	19.6	24.1	26.2	28.6	29.8		26.8	18.6	16.7		22.2	11
1962	16.8	16.4	17.3	21.6	21.8		29.1	30	28.4	24.2	21.5	18.1		22.3	11
1963	16.2	14.4	17.7	21.5	22.4	24.7	29	29.6	30	27.1	21.8	19.3		22.8	12
1964	14.9	13.5	14.1	19.5	22.7	23.5	27.8	28.1	28.5	25.5		16.8		21.4	11
1965	16.7	14.4	18.1	19.4	21.5	24.4	28.5	29	28.3	25.7	23.4	18.2		22.3	12
1966	16.2	15.3	17.1	20.8	23.6	26.3	27.6	28.9	28.6	24	22.4	17.8		22.4	12
1967	16.4	16.8	20.2	20.6	24.3	25.9	28.4	28.8	28.2	26.1	23.3	18.1		23.1	12
1968	17.7	20	17.9	20.4	23.2	23	28	28.2	27.7	25.2	20.5	17.9		22.5	12
1969		17.2	17.4	21.6		22.5	28.6	29	29.1	23.8	21.9	17.6		22.9	10
1970	14.7	16.9	17.4	20.1	22.2	24	28	29	27.9	24	21.4	18.7		22	12
1971	16.8	16.3	19.4	19	21.2	23.5	27.4	27.9	28.2	24.6	20.1	17.3		21.8	12
1972	17	17.8	20.4	21.3	22.6	23.5	28.4	28.7	28.8	25.9	19.4	17.7		22.6	12
1973	15.7	17.4	17	19.4	23.1	22.4	26.7	27.7	26.6	24.1	19.4	17.1		21.4	12
1974	16.5	15.4	17.9	22	22.2	24.2	27	28.2	25.6	25.8	19.7	18.8		21.9	12
1975	19.6	18.8	17.6	21.4	21.1	23.8	28.1	27	26.7	24	18.1	17.5		22	12
1976	16.4	18	21.4	20.8	20.8	24.8	28.7	25.6	23.8	21.9	21	21.2		22	12
1977	21.1	21.2	17.4	21.4	22.8	23.8	23.2	23.9	23	20.9	21.8	22		21.9	12
1978	21.6	22.2	23.2	22.5	22.2	23.1	24.8	23.4	23	22	21.4	20.6		22.5	12
1979	20.8	21.9	21.8	21.3	21.1	24.1	23.8		27.9	23	24.6	19.6		22.7	11
1980		24.5	25.2	25.4	25.4	25.4	29.8	28.7	26.4	23.3	22.8	18.4		25	11
1981	19.6	21	22	24.6	24	25	27.4	27.1	22.8	22.6	22.2	20.5		23.2	12
1982	17.7	20.4	20.3	23.5	23.9		26.6	28.2	31.9	24.8	21.2	18.1		23.3	11
1983	17.9	17.7	19.2	19.6	24.1	27.4	28.1	26.6	26.9	23.6	19	19.1		22.4	12
1984	19	18.1	18.6	18.6	18.2	18.7	19.9	28.2	28.6	24.5	22	19.4		21.1	12
1985	16.9	17.4	20.8	20	21.7	22.7	22.4	29.4	29.1	22.8	22	20.1		22.1	12
1986		24.1		24.5	24.8	24.3	26	25.9	26.2	26				25.2	8
1987		23.9	24.9	24.3	23.4	24.3	25.1	26.5	25.4	25.4	23			24.6	10
1988	24	24	24.2	23.4	23.8	24.2	24.6	27	27.1	24.9	20.6			24.3	11
1989	14.9	15	17.6	22.1	23.3	23.6	24.3		24.1	23.9				21	9
1990	23.4			23.8	24	24.5	24.7	26	27.1					24.8	7
1991	16	16.7	20			23	24.6	24.5	24.6	16.5	18.9	17.9		20.3	10
1992	15.4	16.6	16.6	20.2	20.6	24.7	24.6	24.1	25.2	24.3	19.5	16.3		20.7	12
1993	18	17.6	19.1	19.6	21.2	19.1	19.1	20.7	19.4	21	19.6	17.1		19.3	12
1994	19.1	19.8	21.6	22	23.5	23.8	23.9	27.2	26.1	22	19.6	19.4		22.3	12
1995	19.4	22.1	18.4	18.5	21.2	24.5	26.4	26.2	26.7	24.1	24	20.3		22.6	12
1996	19.1	18.7	18.6	20.1	22.1	23.4	28	27		26.5	21.5	19		22.2	11
1997	17.1	17.8	21	20.6	24.4	24.4	27.2	26.8	26	25.6	23	17.1		22.6	12
1998	18.1	19.1	18.6	20.3	23.4	27.6	29	30.6	28.4	27	19.7	16.5		23.2	12
1999	17	18.7	18.9	20.3	22.3	24.8	26.5	28.6	28.7		21.2			22.7	10
2000	14.8	14.8	18.2	20.5	21.8	26.6	27.5	28	28.4	23.5	22	17.7		22	12
2001	17.9	16.3	20.9	19.5	22	30.2	30.2	30.4	24.7	30.5	18.6	15		23	12
2002	15.2	17.7	18.7	20	24	22.8	26.3	26.1	22.4	22.3	19	15.7		20.9	12
2003	15.3	18	18.8	21	20.6	23	27.5	26.1	26.1	25.4	21.1	18.9		21.8	12
2004	17.9	22.9	18.4	16	20.9	27.4	24.4	24.9	24.6	23.1	20.8	17.9		21.6	12
2005	17.2	20	21.6	19.2	20.6	24.2	24.3	28.9	23.4	21.1	20	20.4		21.7	12
2006	17.9	16.7	18.3	20.6	20.4	25.4	28.6	27.5	24.4	21.9	25.8	12.2		21.6	12
2007	21.6	12.9	22.8	13.8	21.6	21.6	24.8	24.4	24	26.5	17.4	19.2		20.9	12
2008	14.4	14.3	15.2	16.6	16	21.4	27.3	29	26.4	20.5	25.9	18.6		20.5	12
2009	15.2	15.9	18.2	13.9		22.6	21.6	23	23.8	29.3	19.2	16.5		19.9	11
2010	15.1	15.2	17.4	18.9	21.1	26	22	27.7	23.6	21.4	17.8	19.9		20.5	12
2011	14.5	19.5	19.3	18.9	24.6	22.5	29.7	30.4	28.4	24.1	23.2	17.9		22.8	12
2012	19	17.2	19.4	20.3	22.9	25.1	28.5	29.2	20.4	22.4	20.9			22.3	11
2013	20.5	19.4	21	20.9	24.4	23.4	26	28.2	29	26.9	21.2	25.3		23.8	12
2014	22.1	20.2	21.5	21.6	24	29.9	29.2	27.7	25.1	22.4	19.6	21		23.7	12
2015	20.4	19.6	21.8	20.3	29.7	28	24	27	24.1	27.6	18.6	17.6		23.2	12
2016	20	17.8	20.4	19.2	20.2	19.1	24.2	25.7	23.5	24.7	19.3	18.1		21	12
2017	16.2	18	20.9	23.3	22.5	22.9	23.3	24.4	22.9	20.2	18.5	18.6		21	12
2018	16.4	13.9	19.5	18.9	18.8	22.3	24	21	27.1	22	21	18.9		20.3	12
2019	16.4	17.4	13.3	18.1	21.7	20.6	24.5	24.2	25.5	24.7	19.1	22.2		20.6	12
2020	17.9	18.4	20	20	19.2	25.1	22.6	24	26.5	20	18.4	17.9		20.8	12
2021	20.5	19.5	22.6	19.6	26.2	29.4	29.2	26.6	28.9	27.6	18.6	18.4		23.9	12
2022	18.4	19.1	19.8	19.8	20.4	20.2	20.8	23.5	21.5	20.8	20.9	18.1		20.3	12
2023	14.6	17.8	18.4	19.8	22	21.5	20	24.4	24.2		20.6	17.4		20.1	11
MÍNIMA	14.4	12.9	13.3	13.8	16	18.7	19.1	20.7	19.4	16.5	17.4	12.2		19.3	4
MÁXIMA	24	24.5	25.5	25.4	29.7	30.2	32.2	32.4	32.2	30.5	25.9	25.3		25.9	12
MEDIA	17.6	18.1	19.4	20.5	22.4	24.2	26.3	27.2	26.4	24.2	20.8	18.3		22.2	11.5
DESV.ST	2.3	2.6	2.4	2.1	2.1	2.3	2.8	2.3	2.6	2.4	1.8	1.9		1.3	1.3
