COMISIÓN NACIONAL DEL AGUA
COORDINACIÓN GENERAL DEL SERVICIO METEOROLÓGICO NACIONAL
BASE DE DATOS CLIMATOLÓGICA NACIONAL 

ESTADÍSTICA MENSUAL
EMISIÓN   : 25/10/2024 

DATOS DISPONIBLES EN LA BASE DE DATOS A: OCTOBER DE 2024; 
CON LA INFORMACIÓN SUMINISTRADA POR LAS UNIDADES ADMINISTRATIVAS 

 ESTACIÓN  : 3030 
 NOMBRE    : LA RIBERA 
 ESTADO    : BAJA CALIFORNIA SUR 
 MUNICIPIO : LOS CABOS 
 SITUACIÓN : OPERANDO 
 CVE-OMM   :   
 LATITUD   : 23.59722222 ° 
 LONGITUD  : -109.5861111 ° 
 ALTITUD   : 15 msnm 


LLUVIA MÁXIMA 24 H.
AÑO	ENE	FEB	MAR	ABR	MAY	JUN	JUL	AGO	SEP	OCT	NOV	DIC	ACUM	PROM	MESES
1946										0	0	5.5	5.5	1.8	3
1947	0	0	0	0	0	0	0	42.5	17	0	2	8	69.5	5.8	12
1948	0	0	0	0	0	0	42	0	13	20	11	5	91	7.6	12
1949	49	5	0	0	0	0	0	8	198	10.5	0	3	273.5	22.8	12
1950	11	0	0	0	0	0	53.5	4.6	1.5	1.9	0	1.6	74.1	6.2	12
1951	0	0	7.5	0	0	0	32.8	39.3	70.7	19.4	0	12	181.7	15.1	12
1952	0	0	0	25.9	0	4.8	55.5	20.5	7.4	0	2.2	5	121.3	10.1	12
1953	0	0	0	0	0	0	20.2	62.8	6.4	38.6	0.2	0	128.2	10.7	12
1954	1	0.5	0	0	0	1	82.9	10.6	14	27.5	0	0	137.5	11.5	12
1955	28	0	0	0	0	0	0	14	40.6	63	0	0	145.6	12.1	12
1956	0	0	0	7.5	0	1	18	2.9	18.4	20.2	0	0	68	5.7	12
1957	2.6	0	0	0	0	0	0	0	47.8	7.2	0	16.2	73.8	6.1	12
1958	8	2.2	0	0	0	0	46	9	59	52.2	3.6	9.7	189.7	15.8	12
1959	2.3	6.4	0	0	0	0.3	21.5	24.6	121	0.1	0.3	6	182.5	15.2	12
1960	20.7	0	0	0	0	0	8.2	20.8	26.9	47	0	2.4	126	10.5	12
1961	36.4	0	0	0	0	0	3.1	38.9	3.1	29.4	1.5	5.2	117.6	9.8	12
1962	0.3	0.2	0	0	0	0	0.1	0.8	131.4	30.7	0	13.6	177.1	14.8	12
1963	3.7	0	0	0	0	0	27.6	17.7	4	1.5	21.5	1.9	77.9	6.5	12
1964	0	0	0	0	0	0	32	7	61.6	74.3	0	0	174.9	14.6	12
1965	2.5	1	1	0	0	0	3.8	34.8	46.5	0	0	18	107.6	9	12
1966	5.7	0	0	0	0	0	6.6	34.4	30.2	0	0	9.3	86.2	7.2	12
1967	0	0	0	0	0	0	0	91.5	13.3	22.4	22.3	9	158.5	13.2	12
1968	24.2	39.4	28.9	0	0	0	2.8	32	36.2	2.1	0	0	165.6	13.8	12
1969	0	5	0	0	0	0	0	5.4	0.6	7	0	12.6	30.6	2.5	12
1970	8.6	5.1	0.5	0	0	0	11.5	0.3	18.6	0	8	0	52.6	4.4	12
1971	1.2	0	0	0	0	0	15	64.1	36.8	36.8	0.5	5.4	159.8	13.3	12
1972	11.4	0	0	0	22.1	6.6	0.4	28	11.1	49.4	5.1	24.5	158.6	13.2	12
1973	3.3	19.5	0	0	0	0	1.4	6.5	47.2	3.7	0	0	81.6	6.8	12
1974	0	0	2	0	0	0	27.5	19	1	0.6	72.6	9.2	131.9	11	12
1975	14	0	0	0	0	0	0	46	22	19	0.4	0	101.4	8.4	12
1976	0.2	0	0	0	0	0	0	15.2	85.8	60.1	35.3	10.5	207.1	17.3	12
1977	0.1	0	0	0	0	0	0	60.1	0	33.1	5.2	0	98.5	8.2	12
1978	0	0	0	0	0	0.7	29.3	10.3	104.1	24.2	0	0	168.6	14	12
1979	3.4	9	0	0	12	0	6	34	51.2	0	0	3	118.6	9.9	12
1980	0	0	1	0	0	2.5	3	38.8	0	7	0	0	52.3	4.4	12
1981	36	0.5	1	0	0	0	4.5	23.5	157.5	84.5	0.3	0	307.8	25.6	12
1982	0	1.3	0	0	0	0	0.7	2.3	187.7	0	14.2	62	268.2	22.3	12
1983	28.5	11.7	4.2	4.7	0	0	17.5	33	20.5	13.7	3.2	10.2	147.2	12.3	12
1984	24.4	0	0	0	0	0	13.5	9.2	26.7	10.5	0	45.3	129.6	10.8	12
1985	26.4	0	0.9	0	0	0	29.5	21	29.8	30.5	1.2	0	139.3	11.6	12
1986	0	0	0	3.8	0	0	10.8	31.8	16.8	61.1	0	0	124.3	10.4	12
1987	0	0	0	2.4	0	0	26.3	0	10.1	148.2	7.6	7.5	202.1	16.8	12
1988	0	0	0	0	0	0	0.5	12.3	0	17.9	0	0	30.7	2.6	12
1989	42.5	1.2		0	0	0	13.8	196	11.4	37.7	24.5	25.4	352.5	32	11
1990	3.2	0	0	1	0		22.4	72.2	41.8	116.3	2.5	30.5	289.9	26.4	11
1991	3	5	0	0	0	0	0	0	145	15.5	150	6	324.5	27	12
1992	23	0	3.4	0	0	0	13.5	4.5	33	0	2	74.4	153.8	12.8	12
1993	20.5	0	0	0	0	2.5	11.7	10.9	53.6	2.2	76	0	177.4	14.8	12
1994	0	0	0	0	0	0	1	9.8	7.3	0	30.8	14.5	63.4	5.3	12
1995	0.3	0.9	0	0	0	1.2	0	4.4	132	0	1	0	139.8	11.7	12
1996	0	0	0	0	0	0	0	52.4	45.2	0	1.8	0	99.4	8.3	12
1997	26	0	0.5	2.5	0	0	8.5	41	86.7	0	5.4	0	170.6	14.2	12
1998	0.01	0.01	0.01	0	0	0.01	52	62.5	386.5	6	0.01	0	507.05	42.3	12
1999	0	0	0	0.01	0	0.01	37	60	30.5	0	0	0	127.52	10.6	12
2000	0	0	0	0	0	0.5	8.2	7.5	126	27.5	12.9	0.01	182.61	15.2	12
2001	0.01	0.01	6.3	0	1	0.01	10	75.5	220.3	2	0.01	0.01	315.15	26.3	12
2002	0	4.3	0.01	0	0	0	0.01	3.5	6.7	13.5	7	0.5	35.52	3	12
2003	1.3	13	0	0.01	0	0	12.8	47	184.6	0	0	0	258.71	21.6	12
2004	77.5	0.01	0	0	0	0	5	12.5	31	33.5	0	0	159.51	13.3	12
2005	1	44	0	0.01	0	0	0.01	6.5	2.6	7	0		61.12	5.6	11
2006	3	0	0	0	0	0	100.6	41.5	141.8	38	0	0	324.9	27.1	12
2007	12.8	0	0	0	0	0	0	21	122.8	5.3	19	19	199.9	16.7	12
2008	0.01	0	0	0	0	0	39	67	31.4	0.01	0	0	137.42	11.5	12
2009	0	0	0.01	0.01	0.01	12	0.01	13.5	59.5	23	0	26	134.04	11.2	12
2010	0.01	12.2	2	0	0	0	1	4.5	35	0	0.01	0.01	54.73	4.6	12
2011	0.01	0	0	0	0	0.01	1.4	18	28	0.01	12	0	59.43	5	12
2012	0	1.5	0	0	0.01	0	0.01	51.5	81.5	49.5	0	9.5	193.52	16.1	12
2013	0	0	0	0	0	0.01	3	35.5	35	80	2	0	155.51	13	12
2014	0.01	0	0	0	0.01	0	39.5	27	98	7.5	4	0.01	176.03	14.7	12
2015	2.5	47.5	1.5	0.01	0.01	2	8	27.4	27.7	20.2	48.4	0.01	185.23	15.4	12
2016	0	0.01	0	0.01	0.5	0	12	75.5	43.5	0.5	0.01	1	133.03	11.1	12
2017	1.5	1	1	0	0	0	1	207.5	12.5	0	0	5	229.5	19.1	12
2018				0	0			11		0			11	2.8	4
2019	3.5	0	0					72	87.1	42.9	82.5	0	288	36	8
2020	2.3	14.6	0.01	0.01	0	13	0.01	26.3	10.2	5.9	0.01	0.01	72.35	6	12
2021	0												0	0	1
2022	0	0.01	0	0	0	0.5	8.9	4	55.1	0	0.01	0	68.52	5.7	12
2023	0	0.01	0.6	0	0.01	0	5.4	23.2	17.2	0	2.5	0.01	48.93	4.1	12
2024	0.01	0.01	0.01	0	0	9.8	0.5	8.8	121	0			140.13	14	10
MÍNIMA	0	0	0	0	0	0	0	0	0	0	0	0	0	0	1
MÁXIMA	77.5	47.5	28.9	25.9	22.1	13	100.6	207.5	386.5	148.2	150	74.4	507.05	42.3	12
MEDIA	7.5	3.3	0.8	0.6	0.5	0.8	14.3	30.9	57.2	20.6	9.2	7.1	147.8	12.6	11.5
DESV.ST	14	9.1	3.5	3.2	2.9	2.5	19.8	36	65.8	28.3	23.5	13.3	89.5	7.9	1.9

LLUVIA TOTAL MENSUAL
AÑO	ENE	FEB	MAR	ABR	MAY	JUN	JUL	AGO	SEP	OCT	NOV	DIC	ACUM	PROM	MESES
1946										0	0	9.4	9.4	3.1	3
1947	0	0	0	0	0	0	0	46.9	51	0	4	19	120.9	10.1	12
1948	0	0	0	0	0	0	79	0	23	31.9	11	8	152.9	12.7	12
1949	186.5	5	0	0	0	0	0	9	388	13	0	4.5	606	50.5	12
1950	20.5	0	0	0	0	0	59.7	4.6	1.5	2.9	0	1.6	90.8	7.6	12
1951	0	0	7.5	0	0	0	32.8	42.3	81	35.5	0	24	223.1	18.6	12
1952	0	0	0	35.9	0	4.8	56.5	21.5	13.9	0	3.9	11.4	147.9	12.3	12
1953	0	0	0	0	0	0	33.9	64.4	7.9	69.1	0.2	0	175.5	14.6	12
1954	1.6	0.5	0	0	0	1	83.9	24.4	62.7	61	0	0	235.1	19.6	12
1955	46.7	0	0	0	0	0	0	44.3	81.3	81.8	0	0	254.1	21.2	12
1956	0	0	0	7.5	0	2	26	7.1	41.2	26.6	0	0	110.4	9.2	12
1957	2.6	0	0	0	0	0	0	0	81.5	15.1	0	17.2	116.4	9.7	12
1958	11.2	2.2	0	0	0	0	55.5	12.1	150.3	119.8	9.1	14.8	375	31.2	12
1959	2.6	6.4	0	0	0	0.3	22.2	66.3	174.5	0.1	0.4	13.8	286.6	23.9	12
1960	45.9	0	0	0	0	0	8.2	40.8	40.8	49.6	0	7.1	192.4	16	12
1961	47.7	0	0	0	0	0	4.2	48.2	3.6	41	1.5	5.2	151.4	12.6	12
1962	0.4	0.2	0	0	0	0	0.1	0.9	206.5	69.6	0	13.6	291.3	24.3	12
1963	3.7	0	0	0	0	0	68.9	39.3	7	4	48.5	3.7	175.1	14.6	12
1964	0	0	0	0	0	0	35.5	13	94.7	159.6	0	0	302.8	25.2	12
1965	2.5	1	1	0	0	0	3.8	82.1	129.1	0	0	36.5	256	21.3	12
1966	5.7	0	0	0	0	0	6.6	50.9	89.4	0	0	9.3	161.9	13.5	12
1967	0	0	0	0	0	0	0	117.03	15.7	33.5	22.3	18	206.53	17.2	12
1968	29	68.2	33.51	0	0	0	2.8	52.8	60.9	2.1	0	0	249.31	20.8	12
1969	0	5	0	0	0	0	0	6.3	0.6	12.1	0	12.6	36.6	3	12
1970	9.8	5.6	0.5	0	0	0	14.6	0.3	56.7	0	18.6	0	106.1	8.8	12
1971	1.2	0	0	0	0	0	15	96	37.5	48.1	0.5	11.8	210.1	17.5	12
1972	18.9	0	0	0	38.6	8.3	0.4	119.3	13.8	105.5	5.1	27.2	337.1	28.1	12
1973	4.3	22.6	0	0	0	0	1.4	10.7	104.5	3.7	0	0	147.2	12.3	12
1974	0	0	2	0	0	0	66.8	19.4	1.6	0.6	136.8	15.1	242.3	20.2	12
1975	19.6	0	0	0	0	0	0	49.3	42.2	25.4	0.4	0	136.9	11.4	12
1976	0.2	0	0	0	0	0	0	21.2	279.9	93	62.5	16.2	473	39.4	12
1977	0.1	0	0	0	0	0	0	119.2	0	50.8	5.2	0	175.3	14.6	12
1978	0	0	0	0	0	0.7	30.5	10.7	261.8	40.2	0	0	343.9	28.7	12
1979	6.4	13.9	0	0	12	0	6	43.7	127.7	0	0	4	213.7	17.8	12
1980	0	0	1	0	0	2.5	3	58.8	0	12	0	0	77.3	6.4	12
1981	75.5	0.5	1	0	0	0	7	56.7	182.5	120.1	0.3	0	443.6	37	12
1982	0	1.3	0	0	0	0	0.7	2.3	251.1	0	15.4	73.4	344.2	28.7	12
1983	55.4	11.7	4.7	4.7	0	0	29	80.8	76.4	13.7	3.2	10.2	289.8	24.1	12
1984	64.9	0	0	0	0	0	36.4	19	31.2	21.5	0	47.7	220.7	18.4	12
1985	29.6	0	0.9	0	0	0	31.5	42.8	54.9	30.5	2.7	0	192.9	16.1	12
1986	0	0	0	3.8	0	0	10.8	85.2	37.3	122.7	0	0	259.8	21.7	12
1987	0	0	0	2.4	0	0	43.7	0	16.3	149.2	7.6	8	227.2	18.9	12
1988	0	0	0	0	0	0	0.9	24.3	0	21.7	0	0	46.9	3.9	12
1989	52.7	1.2		0	0	0	22.3	266.7	11.4	37.7	27	27.7	446.7	40.6	11
1990	5.5	0	0	1	0		50.4	113.7	70.2	132.1	2.5	44.4	419.8	38.2	11
1991	3	5.2	0	0	0	0	0	0	228	22.8	230.5	10.8	500.3	41.7	12
1992	70.3	0	3.4	0	0	0	15.2	7.1	73.2	0	2.5	78.11	249.81	20.8	12
1993	25.5	0	0	0	0	2.5	15.5	23.6	91.3	4.2	152.51	0	315.11	26.3	12
1994	0	0	0	0	0	0	1	26	10.4	0	39.1	20.5	97	8.1	12
1995	0.6	0.9	0	0	0	1.2	0	8.2	216.6	0	1	0	228.5	19	12
1996	0	0	0	0	0	0	0	122.1	84	0	1.8	0	207.9	17.3	12
1997	54.7	0	0.7	6	0	0	13	52.2	188.8	0	11.9	0	327.3	27.3	12
1998	0.01	0.01	0.01	0	0	0.02	57.33	93.01	460.91	10.6	0.02	0	621.92	51.8	12
1999	0	0	0	0.01	0	0.02	37.01	110.04	33.53	0	0	0	180.61	15.1	12
2000	0	0	0	0	0	0.54	8.23	10.71	139.51	37.01	13.92	0.02	209.94	17.5	12
2001	0.04	0.03	6.3	0	1.01	0.02	10	75.72	328.82	2.01	0.01	0.03	423.99	35.3	12
2002	0	9.81	0.01	0	0	0	0.01	5.31	6.75	16.51	13.5	0.51	52.41	4.4	12
2003	1.31	13.01	0	0.01	0	0	12.8	115.62	277.63	0	0	0	420.38	35	12
2004	109.2	0.01	0	0	0	0	11.2	13.51	78	59.91	0	0	271.83	22.7	12
2005	2.5	84.01	0	0.01	0	0	0.01	10.02	2.61	11.5	0		110.66	10.1	11
2006	6.03	0	0	0	0	0	151.62	73.1	152.61	71.22	0	0	454.58	37.9	12
2007	19.12	0	0	0	0	0	0	27.01	167.8	5.3	21	34.01	274.24	22.9	12
2008	0.01	0	0	0	0	0	39.01	81.3	62.21	0.01	0	0	182.54	15.2	12
2009	0	0	0.02	0.01	0.01	12	0.01	16.5	85.5	77.51	0	26	217.56	18.1	12
2010	0.02	21.3	2.01	0	0	0	1.01	5.5	51.31	0	0.02	0.01	81.18	6.8	12
2011	0.01	0	0	0	0	0.01	1.41	26.01	28.01	0.01	14	0	69.46	5.8	12
2012	0	1.5	0	0	0.01	0	0.01	107.01	147.8	54	0	15.5	325.83	27.2	12
2013	0	0	0	0	0	0.02	5.71	49.5	87.04	89.51	2.02	0	233.8	19.5	12
2014	0.01	0	0	0	0.01	0	105	70.02	255.01	9.02	6.02	0.01	445.1	37.1	12
2015	7.56	55.5	1.54	0.02	0.03	2	19.62	27.44	80.61	34.54	68.11	0.01	296.98	24.7	12
2016	0	0.01	0	0.01	1.02	0	16.02	93.24	64.53	0.5	0.02	1.02	176.37	14.7	12
2017	1.51	1	1.01	0	0	0	1.01	237.52	22.04	0	0	6.01	270.1	22.5	12
2018				0	0			11		0			11	2.8	4
2019	3.5	0	0					173.4	142.7	57.7	239.7	0	617	77.1	8
2020	2.3	14.62	0.02	0.04	0	13.01	0.02	32.81	10.82	5.91	0.02	0.02	79.59	6.6	12
2021	0												0	0	1
2022	0	0.01	0	0	0	0.52	8.91	7.65	156.63	0	0.01	0	173.73	14.5	12
2023	0	0.01	0.6	0	0.02	0	6.6	65.4	38	0	2.54	0.01	113.18	9.4	12
2024	0.03	0.03	0.01	0	0	9.82	0.51	8.8	140.42	0			159.62	16	10
MÍNIMA	0	0	0	0	0	0	0	0	0	0	0	0	0	0	1
MÁXIMA	186.5	84.01	33.51	35.9	38.6	13.01	151.62	266.7	460.91	159.6	239.7	78.11	621.92	77.1	12
MEDIA	13.7	4.6	0.9	0.8	0.7	0.8	19.8	49.6	97.1	31.1	15.9	9.4	236.5	20.2	11.5
DESV.ST	29.7	14.2	4	4.3	4.6	2.6	28.3	51.5	97.3	40.4	44.6	15.7	139.6	12.8	1.9

EVAPORACIÓN MENSUAL
AÑO	ENE	FEB	MAR	ABR	MAY	JUN	JUL	AGO	SEP	OCT	NOV	DIC	ACUM	PROM	MESES
1958									69.3	135.35	98	101.35	404	101	4
1959	84.4	97.1	183.6	190.1	234.8	265	272.9	186.71	183.09	137.1	117.8	85.3	2037.9	169.8	12
1960	88.99	134.4	171.6	197.56	249.5	244.9	274.7	241.6	188.3	137.36	120.9	92.8	2142.61	178.6	12
1961	82.78	120.8	160.7	170.2	207.2	231.16	235.5	200.2	185.1	149.2	110.7	81.11	1934.65	161.2	12
1962	94.6	112.5	170.8	192.5	248.8	269.1	264.2	251.1	160.82	118.1	107.4	82.9	2072.82	172.7	12
1963	92.4	116.7	141.9	179.4	220.1	232.1	227.9	186.4	191.2	190.2	123	91.5	1992.8	166.1	12
1964	101.3	152.6	166.1	172.56	207.9	229.6	254.5	204	193.01	129.55	117.9	90.3	2019.32	168.3	12
1965	97.6	97.8	163.4	196	230.9	231.2	257.2	218.83	187.72	155.2	136.7	122	2094.55	174.5	12
1966	90.7	99.1	148	177.1	241.4	233.89	256.1	205.32	178.07	163.3	50.8		1843.78	167.6	11
1967					176.8	224.1	253.5	203.47	176.6	148.6	114.5	99.3	1396.87	174.6	8
1968	86.94	91.9	133.5	163.3	213.3	230.4	237	197.76	173.5	157.27	124.8	97.2	1906.87	158.9	12
1969	93.8	105.3	174.6	199.2	217.6	234.4	259.2	230.4	188.7	148.77	123.3	95	2070.27	172.5	12
1970	101.8	101.6	143.4	182.7	212.4	236.5	235.3	223.5	169.1	171	104.88	89.73	1971.91	164.3	12
1971	112.6	107.3	185.9	193.4	216.7	243.9	262.6	192.75	169.3	163.7	117.7	103.2	2069.05	172.4	12
1972	81.9	112.2	178.5	195.44	225.3	240.9	264.2	223.9	163	162.97	117.1	102.5	2067.91	172.3	12
1973	106.8	77.6	84.2	112.4	137.9	153.6	186.9	168.6	171.3	172	118.2	98	1587.5	132.3	12
1974	100.8	120.3	152.5	204.6	228.4	249.2	233.1	230.7	172.1	175.9	112.95	96.9	2077.45	173.1	12
1975	102.92	97.93	167.2	180.9	206.6	232.9	239.6	232.5	162.56	164.4	124.4	99.9	2011.81	167.7	12
1976	107.6	123.3	152.8	173.4	205.2	250.4	250.9	223.6	155.91		70.78	91.8	1805.69	164.2	11
1977	85.8	128.21	166.41	177.8	192	240	265.9	193.86	193.3	151.6	122	99.8	2016.68	168.1	12
1978	104.4	122.6	174.4	196.7	225.2	237.3	233.1	224.5	167.11	116.9	108	91.5	2001.71	166.8	12
1979	83	94.4	158.4	174.5	191.3	218.3	157.6	223.6	182.94	160.7	136.7	95.6	1877.04	156.4	12
1980	92.9	121.8	155.5	172.9	201.6	223.02	257.4	218.9	212.3	163.74	122.7	95.7	2038.46	169.9	12
1981	74.5	98.5	145.8	192.6	191	223.4	250.1	216.7	154.6	113.4	106.9	89.6	1857.1	154.8	12
1982	99.2	111.4	169.2	188.3	216.1	231	246.9	238.8	192.74	143.6	110.5	91.18	2038.92	169.9	12
1983	88.5	117	165.3	192.3	230.3	243.5	239.4	188.5	142.4	156.9	125.4	99.4	1988.9	165.7	12
1984	86.07	72.5											158.57	79.3	2
1986				162.4	193.9	232.1	249.9	232.9	187.3	124.2	123.9	91.7	1598.3	177.6	9
1987	83.5	80.6	160.1	169.7	182.1	233	249.5	217.9	203.6	149.4	116.5	87.5	1933.4	161.1	12
1988	104.7	132.8	168.6	66.4									472.5	118.1	4
1990											52.1	91.8	143.9	72	2
1991	87.75	123.1	155.8	179.17	184.2		234.92	24.78	155.1	129.1	96.55	75.2	1445.67	131.4	11
1992	62	73.3	119.7	163.4	211.6	201.5	218.15	201.7	157.1	148.1	114.5	90	1761.05	146.8	12
1993	64.55	93.9	121.4	132.6	135.8	155.5	94.3	101.8	127.5				1027.35	114.2	9
1997											1.23	9.26	10.49	5.2	2
1998	8.91	10.08	14.3		18.14	20.96	16.79	14.33				10.83	114.34	14.3	8
1999	7.18	10.06	13.8	14.53	14.88	14.94	15.83	17.02	14.74	8.37	11.19	3.41	145.95	12.2	12
2002				82.52	150.39	122.3	122.78	224.33	178.66	123.28	90.95		1095.21	136.9	8
2003	74.3	98.37	143.74	146.02	198.78	212.83	226.03	204.31	158.33	129.79	107.14	85.94	1785.58	148.8	12
2004	80.03	102.35	155.31	161.59	207.5	229.12	235.34	232.16	165.36	136.98	111.08	84.84	1901.66	158.5	12
2005	77.53	77.68		161.53	190.25	196.13	248.44	187.94	205.34	151.37	104.04		1600.25	160	10
2006	78.16	108.61	137.43	172.1	218.07	242.44	207.24	178.31	135.68	130.91	91.93	90.59	1791.47	149.3	12
2007	72.01	99.43	179.01	178.5	204.06	250.88	235.31	196.52	184.78	147.51	117.31	75.93	1941.25	161.8	12
2008	91.88	112.75	164.7	186.33	197.51	220.13	230.02	196.34	148.76	154.11	107.38	88.41	1898.32	158.2	12
2009	89.57	98.63	142.77	179.82	219.63	250.78	267.38	256.09	242.58	138.07	107.33	91.37	2084.02	173.7	12
2010	100.79	96.53	144.73	186.13	219.54	219.2	242.77	247.28	166.05	153.85	107.85	82.3	1967.02	163.9	12
2011	84.7	101.25	166.65	182.9	201.9	245.05	248.75	204.65	193.4	164.3	112.9	83.35	1989.8	165.8	12
2012	94.1	100.55	156.9	194.75	220.55	246.67	233.98	186.8	159.75	145.12	99.52	81.93	1920.62	160.1	12
2013	82.55	104.75	150.3	205.8	243.5	229.3	235.22	208.55	145.87	146.9	86.9	82.85	1922.49	160.2	12
2014	84.9	109.56	159.87	185.3	223.62	249.6	209.37	183.7	103.85	134.85	106.9	83.55	1835.07	152.9	12
2015	73.57	112.02	139.18	166.3	179.63	218.8	209.51	204.59	143.32	132.55	121.92	73	1774.39	147.9	12
2016	91.15	122.75	157.1	177.33	186.35	236.27	242.15	166.34	148.05	135.47	107.54	81.42	1851.92	154.3	12
2017	77.19	105.07	116.31	102.38	186.22	204.53	212.98	184.26	143.82	93.53	95.87	80.65	1602.81	133.6	12
2019									0.06				0.06	0.1	1
MÍNIMA	7.18	10.06	13.8	14.53	14.88	14.94	15.83	14.33	0.06	8.37	1.23	3.41	0.06	0.1	1
MÁXIMA	112.6	152.6	185.9	205.8	249.5	269.1	274.7	256.09	242.58	190.2	136.7	122	2142.61	178.6	12
MEDIA	85.4	102.3	148.5	168.8	198.3	218.8	225	195.8	162.3	142.7	104.8	85.3	1613	144.1	10.5
DESV.ST	20	25.5	35.1	37.3	45.6	50.4	55.8	53.1	42.5	27.3	26.7	22.2	646.2	44.9	3.1

TEMPERATURA MÁXIMA PROMEDIO
AÑO	ENE	FEB	MAR	ABR	MAY	JUN	JUL	AGO	SEP	OCT	NOV	DIC	ACUM	PROM	MESES
1946										31.6	28.7	25.1		28.5	3
1947	22.4	23.8	26.3	28.5	29.6	33.3	38.1	36.6	35.8	32.8	30.6	26.9		30.4	12
1948	25.7	26.8	28.8	32.5	35.5	36.7	37.9	38.7	37.5	33.3	30	27.3		32.6	12
1949	23.1	24	28	31.9	33.5	37	37.7	38.5	36.2	34.3	32.9	28		32.1	12
1950	26.1	28.6	30.1	33.5	34.4	37.4	36.7	37.8	38	36.5	33.5	27.5		33.3	12
1951	23.8	24.4	25.4	29.1	28.8	33.7	35.1	35.4	38	36.2	32.2	28.4		30.9	12
1952	27.2	28.5	28.5	29.8	34.9	37.2	38.7	38.6	38	37.2	32.1	27.2		33.2	12
1953	24.5	23.7	26	28.1	29.4	33.5	35.2	36	34	32	29	24.2		29.6	12
1954	23.1	25.9	25.6	30.1	30.3	33.6	34.5	33.7	33.8	31.3	29.6	24.8		29.7	12
1955	20.6	21.2	25.7	28	30.3	33.4	34.6	33.2	32.6	31.1	28	24.6		28.6	12
1956	24.2	22.9	26.1	27.8	32	34.1	34.6	35.3	34.2	31.5	27.5	23.5		29.5	12
1957	23.5	25	25.2	29.4	29.4	32.6	35.6	35.5	34.6	30.4	27.2	25		29.4	12
1958	23.9	25.6	25.9	29	32.7	34.7	35.5	34.7	32.6	30.8	27.5	25.2		29.8	12
1959	24.3	24.2	27.1	28.8	30.6	35.2	35	33.3	35.1	31.5	28.2	24.1		29.8	12
1960	21.2	22.3	26.7	28.9	30.8	33.6	36.1	34.3	34.4	31.5	28.4	23.6		29.3	12
1961	22.4	24.1	25.5	29	32.1	34.6	35.1	35.4	34.7	32.9	27	24.2		29.8	12
1962	23.3	24.8	24.7	28.9	32	34.4	36.8	37.2	33.5	31.6	29.6	25.4		30.2	12
1963	24.3	25.5	25.2	28.3	32.9	34.2	36	34.3	35.1	33	28.6	25.1		30.2	12
1964	22.2	22.2	23.7	27.9	30.8	32.3	36	33.7	33.7	31	27.6	23.8		28.7	12
1965	23.1	22.6	24.3	28	33.4	32.7	36	35.5	33	32.4	30.6	26.6		29.9	12
1966	22.8	22.8	26.1	29.2	34.6	36.6	35.7	34.8	35.2	30.7	28.3	25.2		30.2	12
1967	24.9	24.2	26.5	27.5	31.2	33.4	35.5	34.8	33.6	33.1	29.4	24.5		29.9	12
1968	22.3	24.4	25.3	27.6	31.9	35.2	34.1	34	33	31.9	28.3	24.1		29.3	12
1969	24.7	23.2	25.1	29.1	30.4	31.9	35.5	35.8	34.8	31.3	28	24.5		29.5	12
1970	23.4	23.9	24.7	27.8	30.3	33.5	34.6	34.7	33.6	30.7	27.5	24.5		29.1	12
1971	23.8	23.1	26.5	27.4	30.8	33.5	34.6	32.8	33.5	30.5	27.1	23.4		28.9	12
1972	21.8	24.2	28.6	29.3	31.1	33.5	35.3	34.2	33.4	32	26.2	24.6		29.5	12
1973	23.2	24.2	23.9	26.4	30.2	32.1	35	34	33.4	31.5	27.8	24.2		28.8	12
1974	22.7	22.6	24.4	28.7	30.5	34.9	33.4	35.5	33	31.8	27.1	23		29	12
1975	21.7	21.8	25	25.3	29.1	32.4	33.5	34.4	33.6	30.9	27.7	23.3		28.2	12
1976	22.5	24.8	24.5	26.3	30.5	34.5	34.9	36.1	32.6		25.3	24.3		28.8	11
1977	23.3	25.2	24.4	27.6	29.6	34	35.5	34.2	34.4	32.4	29.2	26.4		29.7	12
1978	24.5	24.3	27.3	28.5	30.4	34.2	35.3	34.7	33.3	31.6	28	23.5		29.6	12
1979	21.7	22.5	25.1	27.5	28.7	33.1	35.1	34.5	33.1	32.6	27.3	24.5		28.8	12
1980	23.8	25.6	26	28.4	29.6	35.2	36.8	34.4	34.5	31.6	27.6	25.1		29.9	12
1981	23.1	24.9	25	29	29.4	32.8	34.8	34.6	32.9	29.5	28.1	25		29.1	12
1982	22.9	23.8	25.6	29.1	29.6	33.9	34.9	34.9	34.3	30.7	27.4	24		29.3	12
1983	23.7	24.6	25.8	26.2	30.4	33.2	35.2	33	32.7	31.5	28.1	25.4		29.2	12
1984	23.4	24.3	26.7	27.7	30.8	33.8	32.9	33.6	32.8	29.7	27.1	24.2		28.9	12
1985	21.3	22.4	25	27.4	30.3	34.1	34.6	34.2	33	30.8	27.6	24.5		28.8	12
1986	24.7	24.6	28.2	29.6	30.5	33.5	34.7	34.7	33.5	29.3	27.9	24.3		29.6	12
1987	22.2	23.2	24.4	28.4	29.5	33.6	35.4	34.8	35	32.2	27.9	23.6		29.2	12
1988	22.8	24.8	26	27.2	29.6	33.2	34.9	35	35.1	31.8	28	23.6		29.3	12
1989	20.2	23.7		31	31.7	33.2	34.4	34.5	32.7	31.3	26.8	23.5		29.4	11
1990	22.2	21.8	25.5	28.9	31.2		33.9	32.9	32.6	30.3	27.5	23.6		28.2	11
1991	22	23.8	24.1	27.3	29.4		33.1	35.1	32.5	30.8	25.9	22.7		27.9	11
1992	21.7	23.4	25	28.2	30.7	33.1	35	33.8	33.6	32.2	27.2	23.2		28.9	12
1993	23.3	23.5	25.6	28.9	29.8	33.8	33.6	34.7	31.4	31.3	26.2	23.7		28.8	12
1994	23.3	23.1	25.8	25.7	30.8	34.2	36.2	35.1	34.8	31.7	25.9	23.4		29.2	12
1995	23.2	25.6	26.4	29	30.9	34.5	36	34.1	32.9	31.3	28.8	25.1		29.8	12
1996	24.3	25.4	26.5	29.3	32.4	33.1	35.8	34.1	30.8	31.9	28.2	24.1		29.7	12
1997	23.1	23.4	27.8	27.6	33.3	34.6	36.2	35.5	33.5	31.7	28.5	25		30	12
1998	25.3	25.2	26.5	27.6	30.8	35.1	35	34.5	32.1	32.5	28.2	24.2		29.8	12
1999	24.1	24.7	26.1	27.7	31.8	33.9	34.9	35.1	33	33.6	29.5	24.4		29.9	12
2000	23.8	25.4	25.8	30.2	32	35.8	36.3	35.7	34	31.9	26.3	25		30.2	12
2001	23.3	24.1	25.1	27.6	31.5	33.7	34.9	34.7	34	31.3	29.7	24.4		29.5	12
2002	23.4	23.9	25.4	28.8	31.6	32.4	34.4	34.6	34.3	31.5	28.6	25.3		29.5	12
2003	25.7	25.4	26.4	27.3	30.7	33.1	34.3	33.9	31.9	31.6	27.1	23.7		29.3	12
2004	22.5	22.1	26.9	26.9	30.6	34.1	34.3	34.4	32.2	30.5	26.7	24.3		28.8	12
2005	23.8	23.3	25.1	27.5	29.1	30.4	33.9	34	34.7	30.9	28.4			29.2	11
2006	23	24.7	25.1	28.8	31.1	34	33.9	33.2	31.7	30.7	28	24		29	12
2007	21.2	23.1	26.6	26.4	29.7	32.6	33.3	33.3	32.4	31.9	28.1	22.7		28.4	12
2008	22.1	22.7	25	28.1	29.3	31.8	32.9	32.8	32.4	32.2	28.4	25.2		28.6	12
2009	23.9	24.5	25.9	26.8	31.8	33.2	34.7	35.1	35.4	30.1	28.6	24.6		29.6	12
2010	23.9	23.8	25	26.5	30	31.1	33.8	34.8	32.8	30.7	27	24		28.6	12
2011	22.1	22.2	25.5	27.3	29.1	33	34.1	34.3	34.2	32.2	26.9	22		28.6	12
2012	22.6	22.9	23.8	27.4	30	33.6	33.6	33.4	32.4	30.3	28	24.4		28.5	12
2013	22.1	22.4	25.3	27.3	29.9	32.8	32.8	34	31.7	30.5	27.3	24.3		28.4	12
2014	24.3	26.1	26.9	28.6	31.5	34.5	33	33.6	31	30.6	27.4	24.6		29.3	12
2015	23.2	24.9	26.4	27.6	28.6	33.5	33.9	34.6	32.6	31.3	27.9	24.3		29.1	12
2016	24	26.1	27.4	27.7	29.3	33.8	34	32.7	32.9	32.7	29.6	25.3		29.6	12
2017	23.7	25.4	28.1	29	29.6	32.6	34.5	34.8	31.8	29.7	29.7	25.8		29.6	12
2018	25.4	24.6	26.3	28.8	30.9	32.4	34.8	33.9	32.2	31.1	27.7	25.4		29.5	12
2019	24.4	24.8	27.3	28.8	29.4	32.7	35.5	35.6	32.1	31	27.9	25		29.5	12
2020	23.8	24.4	25.9	28.1	30.1	32.9	34.9	34.3	33.9	33.4	30.3	24.6		29.7	12
2021	23.2	24.7	25.7	29.3	31.8	34.3	33.9	33.6	32.2	32	29.2	26.5		29.7	12
2022	24.2	23.7	26.3	28.2	29.5	32	34.6	33.6	31.8	30.9	27.1	24.5		28.9	12
2023	23.5	22.8	25.7	28	30.3	33.6	36.2	35.5	34.9	29.5	29.3	26.9		29.7	12
2024	24.9	26	27.4	29	33.1	34.5	35.3	36.1	34.5	34.1				31.5	10
MÍNIMA	20.2	21.2	23.7	25.3	28.6	30.4	32.8	32.7	30.8	29.3	25.3	22		27.9	3
MÁXIMA	27.2	28.6	30.1	33.5	35.5	37.4	38.7	38.7	38	37.2	33.5	28.4		33.3	12
MEDIA	23.3	24.1	26	28.3	30.8	33.7	35	34.7	33.6	31.7	28.3	24.7		29.5	11.8
DESV.ST	1.3	1.4	1.2	1.4	1.5	1.3	1.2	1.2	1.5	1.4	1.5	1.2		1	1.1

TEMPERATURA MÁXIMA EXTREMA
AÑO	ENE	FEB	MAR	ABR	MAY	JUN	JUL	AGO	SEP	OCT	NOV	DIC	ACUM	PROM	MESES
1946										36	33.5	33		34.2	3
1947	25	26	33	36	35	39	42	39	40	40	35	34		35.3	12
1948	31	31	37	40	40	41	42.5	42	43.5	38	33	31		37.5	12
1949	29	29	33	37	41	42	42	45.5	42	37	36	33.5		37.2	12
1950	30	33	35.5	40	41.5	41.5	48.5	42	42	40	36	33.5		38.6	12
1951	27.5	27.5	35	37.5	35.5	39	38.5	40	42.5	41	36	32		36	12
1952	31	38.5	38.5	35	41	43	44	43	41.5	40	36.5	33.5		38.8	12
1953	32	28	32	34	36.5	40	41	39.5	38	36.5	38	27.5		35.2	12
1954	28	31	34	38	37.5	38	40	36	38	38	38	29		35.5	12
1955	29	30	32	32	39	40	38.5	36.5	39	36	32	27		34.2	12
1956	28	29.5	34	32	37	39	39	39.5	38	35.5	38	27		34.7	12
1957	28	29	31	36.5	35	38.5	39.5	39	38	34	31	28.5		34	12
1958	26	29	29.5	36	38	39	42.5	37	36.5	35	30	29		34	12
1959	28	30	31	35	35	40	38	39	37	35.5	30.5	26.5		33.8	12
1960	25	26	35	35	37	40	40	39	38.5	38	32	28		34.5	12
1961	24	29	30	34	37	39	39	39.5	38.5	36.5	34	27.5		34	12
1962	29.5	32	31	31.5	38	39	40	40	39.5	36	33	30		35	12
1963	27	30	31	33.5	36	38.5	40	37	39.5	38	33	29		34.4	12
1964	25	27	28	34	35	39.5	39.5	39	37.5	34.5	30.5	26.5		33	12
1965	29.5	28	28.5	35.5	37.5	37.5	40.5	38.5	37.5	37.5	34.5	32.5		34.8	12
1966	26.5	26	31	33	39.5	40.5	40.5	39	38.5	32	33.5	30		34.2	12
1967	27.5	29.5	32	32	35.5	39	39.5	37.5	37.5	39.5	31.5	30		34.2	12
1968	27.5	28.5	33	32	38	38.5	37	39.5	35.5	34.5	31	28		33.6	12
1969	27.5	26	31	35	37.5	38	41.5	40.5	38	36	30.5	27.5		34.1	12
1970	29	26.5	29	31	35.5	38	38.5	36.5	38.5	33	30.5	27		32.8	12
1971	30	29	33	34.5	35	39	38	38.5	36.5	33	31	28		33.8	12
1972	25.5	30.5	33.5	34.5	35	39	39.5	38	36	37	28.5	27		33.7	12
1973	27.5	32	27.5	31.5	36.5	38	40	39.5	38	34.5	32	29.5		33.9	12
1974	26	28.5	33.5	35	35	39.5	39.5	39	38	35	29.5	28.5		33.9	12
1975	26	28.5	30.5	29.5	35	40.5	39.5	37	36	33.5	32	27		32.9	12
1976	26	29	29	30.5	37	39	39	39	35		27	27		32.5	11
1977	27	29	28	34	37	39	40	39	38	36.5	32	28		34	12
1978	26.5	28.5	35	36.5	36.5	38.5	38.5	39	38	38.5	33	29.5		34.8	12
1979	27	28	31	34.5	36	39.5	39	39.5	37	35.5	30	27		33.7	12
1980	27.5	32	30	33	34	40.5	41	38.5	37	35	32	27		34	12
1981	26.5	28.5	32.5	34	33.5	39	38.5	38	37.5	33	30.5	29		33.4	12
1982	26	26.5	31.5	33	33.5	41	39.5	39	38.5	36.5	29.5	26.5		33.4	12
1983	27	30.5	29.5	32.5	37	37.5	39.5	37	38.5	33.5	30	28.5		33.4	12
1984	27.5	28	29.5	35.5	36	39	39	37	35	33.5	33	31		33.7	12
1985	23.5	25	30.5	34.5	36	38	40	40	38	35	30	27.5		33.2	12
1986	28	30	34.5	35.5	36	38.5	39.5	39	37.5	33.5	30.5	27.5		34.2	12
1987	24	27.5	30.5	33.5	37.5	40.5	39.5	37.5	40.5	35	31.5	28		33.8	12
1988	27.5	33	35	32.5	39	38	40.5	39	39.5	39	33	27.5		35.3	12
1989	24.5	33		37.5	37.5	39	39	38	36.5	35.5	29.5	25.5		34.1	11
1990	26.5	25.5	31.5	34.5	36.5		40	37	36	33.5	32	28		32.8	11
1991	25.5	29.5	27.5	31	35		37	37.5	40.5	34	29	26		32	11
1992	24.5	26	33	39	37	38	39	38	37	35	31	28		33.8	12
1993	28	29	31	33	34.5	37.5	40	40	34	38	30	27		33.5	12
1994	27	28	29.5	29.5	36	39.5	40	39	37.5	34	35	30		33.8	12
1995	29.5	30.5	32	34.5	36.5	40	39	38	37	34	33	29		34.4	12
1996	28.5	30	35	33.5	38	39.5	40.5	40	35	36	30	27		34.4	12
1997	27.5	27	34.5	36	38	39	41	40	37.5	35	31	28		34.5	12
1998	30	28	37.5	35.5	36	41.5	39.5	39.5	37.5	38	32.5	27.5		35.2	12
1999	31	30	32	37	39	39.5	40	40.5	36	37.5	33	30		35.5	12
2000	26.5	29	30	34.5	36	40	40	39.5	38	39	30.5	28		34.2	12
2001	27.5	30	30	36	37	38	39	38	38.5	34	34	28		34.2	12
2002	25.5	28	31.5	33.5	36	38	38.5	38.5	37	35	30.5	30.5		33.5	12
2003	28	33	31.5	30.5	35	38.5	38	38.5	37	36	31.5	28		33.8	12
2004	29	29	34	34	35.5	39.5	39.5	37.5	36	35	29	29		33.9	12
2005	27	27	30	31.5	32	37	38	37	39	35	31.5			33.2	11
2006	28	31	30	33	38	38.5	38	37	34.5	34	30	27		33.2	12
2007	25	26	34	32	37	38	36.5	37	36.5	37	34	26.5		33.3	12
2008	28	28	32	33	33	38	37	37	39	39	32	27		33.6	12
2009	26	30	32	31.5	36	36	39.5	39	39	34	36	27		33.8	12
2010	26	25	30	29	35	37	38	39	36.5	34	30	26		32.1	12
2011	25	28	30	33	35.5	40	40	38.5	38	35	32	27		33.5	12
2012	27.5	27	28	34	36	38	37	41	35	34	31	27		33	12
2013	27	25	30	33	34	37	37	38	35	39	31	31		33.1	12
2014	28	31	32	33	36	38	36	38.5	36	32	34	28		33.5	12
2015	25	28	32	32	34	39	38	39	35	35	30	27		32.8	12
2016	26	31	35	32	35	40	39	36	35.5	34.5	33	28		33.8	12
2017	27	31	33	39	39	37	38	38	35	32	32	31		34.3	12
2018	29	29	29	36.5	36	37	40	38	36	34	31	28		33.6	12
2019	26	29	31	34	33.5	37.5	39.5	39.5	35	36	31.5	27		33.3	12
2020	26	28	31	36	36	36.5	42	39.5	37.5	38.5	36.5	29.5		34.8	12
2021	27	29	32.5	36	36	39	37.5	36.5	35	36	33	29.5		33.9	12
2022	27	27	32.5	33.5	36	40.5	38	36	35	33	30	28		33	12
2023	26.5	25	30	33	36.5	39	39.5	41.5	39	31	32	29		33.5	12
2024	28	32	32	35	40	39	38.5	42.5	38	36.5				36.1	10
MÍNIMA	23.5	25	27.5	29	32	36	36	36	34	31	27	25.5		32	3
MÁXIMA	32	38.5	38.5	40	41.5	43	48.5	45.5	43.5	41	38	34		38.8	12
MEDIA	27.2	28.9	31.8	34.1	36.4	39	39.5	38.8	37.6	35.7	32.1	28.5		34.1	11.8
DESV.ST	1.8	2.3	2.3	2.3	1.8	1.3	1.8	1.7	1.9	2.2	2.3	1.9		1.2	1.1

TEMPERATURA MÍNIMA PROMEDIO
AÑO	ENE	FEB	MAR	ABR	MAY	JUN	JUL	AGO	SEP	OCT	NOV	DIC	ACUM	PROM	MESES
1946										18.6	14.9	12.5		15.3	3
1947	12.8	9.8	12.5	12.8	14.8	18.3	21.9	21.5	21	15.6	13.5	10.6		15.4	12
1948	9	9	9.9	10.1	10.3	14.1	14.3	10.4	16.2	17	13.3	12.3		12.2	12
1949	11.6	9.6	10	10.2	13.3	18.7	22.9	24.2	23.5	19.3	12.4	12.1		15.7	12
1950	10.5	8.3	9.1	10.8	14.7	19.6	21.6	22.8	22.6	20.7	14.9	10.1		15.5	12
1951	9.7	8.7	10.7	12.7	13.5	18.2	24.2	24.5	23.7	21.4	18.7	13.3		16.6	12
1952	9.5	10.1	10.4	12.7	13.7	20.5	23	24.4	23.6	19.5	17.2	12.2		16.4	12
1953	8.3	9	11	12	13.4	18.6	24.2	24.4	22.6	20.8	15.2	10.2		15.8	12
1954	9.9	9.6	10.3	12.4	15.7	18.7	23.2	23.7	23.2	19.9	13.7	11.3		16	12
1955	10.1	8	9	9.6	13.7	17.2	20.6	23.1	23.4	17.6	13.3	8.4		14.5	12
1956	7.5	6.7	6.7	11.3	16.5	21	23.3	23.9	23	20	14.4	11.1		15.4	12
1957	11.9	11.1	10.3	11.8	13.8	16.2	23.9	24.8	23.2	19.2	14.1	12.8		16.1	12
1958	11.1	10.6	11	12.8	16.6	21.9	24.3	23.9	23.9	20.7	16.8	14.2		17.3	12
1959	11.2	13	10.7	14.4	17.2	22	24.6	24.3	25.4	19.2	16.1	14		17.7	12
1960	11.1	8.2	9	11.6	14.2	18.5	24.5	24.4	23.8	19.4	13.7	11.6		15.8	12
1961	11.5	8.7	9.4	13	15.3	21.5	24.5	25.2	24.2	21.4	14.9	13.1		16.9	12
1962	8.9	10.4	9.8	12.4	15.6	18.6	24.5	25.5	24.2	20	16.1	14.6		16.7	12
1963	11.9	9.6	10.2	13.6	15.5	21.2	25.1	24.8	24.7	21.3	17.2	14.1		17.4	12
1964	9.6	8.9	9.7	12	14	18.3	24.4	23.9	23.7	20.3	14.6	11.9		15.9	12
1965	10.8	8.1	9.2	12.6	14.6	19.1	23.9	24.4	23.2	18.2	15.9	14		16.2	12
1966	11.2	8.9	10.1	12.9	18.4	21	24	25	23.9	19	14.8	12.9		16.8	12
1967	8.1	9.2	10.5	13.5	16.5	20.9	23.4	24.7	24.1	19.8	17.1	14.1		16.8	12
1968	11.2	12.1	11.4	13.9	15.1	19.1	23.2	23.1	22.3	19.6	14.7	12.5		16.5	12
1969	10.8	11.9	10.4	12.7	15.2	17.5	24.5	26.2	24.2	19.7	16.9	12.7		16.9	12
1970	10	11.4	11	11.4	14.7	19.8	24	25.1	23.6	19	14.9	11.4		16.4	12
1971	10	7.1	9.4	11.1	14.4	20.6	23	23.7	23.1	19.8	14.4	11.7		15.7	12
1972	9.9	8.2	10.9	12.5	16	22	24.3	23.7	23.5	21.9	15.9	13.8		16.9	12
1973	11.9	11.3	10.9	10.6	16.2	18.2	23.5	24.3	23.3	19.3	13.6	9.3		16	12
1974	9.9	7.1	9.1	12.1	14.7	20.5	23.8	24.3	23.1	20.5	15.5	10.6		15.9	12
1975	9	8.9	9.2	9.9	13.6	17.5	24	23.9	23.6	18.3	14.7	10.6		15.3	12
1976	8.7	9.3	9.5	11.7	15	20.4	22.8	23.7	22.7		15.4	11.8		15.5	11
1977	11.9	8.3	9.8	11.9	15.7	19.9	22.7	24.2	24.2	21.9	16.1	11.9		16.5	12
1978	12.2	10.1	12.5	13.3	15	21.5	24.4	24.3	22.9	20.5	16	12.7		17.1	12
1979	11.5	9.4	10.5	11.8	14.3	19.3	24.2	24.3	23.5	19	13.7	11.2		16.1	12
1980	9.3	11.5	12.4	12.3	14.9	22	24.1	24.9	24.7	21.1	14.6	11.2		16.9	12
1981	12.9	11.2	9.8	13.9	16.6	19.9	25.1	25.1	23.4	20	14.2	11.2		16.9	12
1982	9.9	8.8	10.8	13.7	15.6	18	24.4	24.9	24.8	18.3	16	12.6		16.5	12
1983	12.2	10.6	11.2	11.8	14.5	19.2	24.4	24.2	23.6	20.6	15.5	12.5		16.7	12
1984	10.9	9.7	10.6	13.3	16.8	21.4	23.4	24.3	23.2	18.6	14.2	13.1		16.6	12
1985	10.1	8.1	11.3	12.8	14.2	19.2	23.1	24	22.8	19	16	10.5		15.9	12
1986	8.7	9.5	11.2	14.8	16.2	18.5	23.4	24.5	22.1	18.3	15	11.7		16.2	12
1987	9	9	8.7	12.1	15.4	18.4	23.6	24.9	23.7	20.6	15.3	11.5		16	12
1988	8	9.9	9.5	12.1	14.3	17.2	22.8	23.8	24	20.7	14.6	9.6		15.5	12
1989	7.9	8.4		12.2	14.6	18.8	23	23.2	23.4	19.1	16.1	11.1		16.2	11
1990	9.7	7.9	9.4	12.2	15.4		24	23.2	22.6	19.8	16	13.7		15.8	11
1991	9.2	9.5	9.5	11.1	12.6		21.7	24.1	23.3	19.7	13.7	10.5		15	11
1992	11.6	10	10.7	11.8	15.3	19	23.8	24.1	23.3	19.7	15.6	14		16.6	12
1993	11.6	9.3	9.5	11.3	12.9	18.3	22.1	24	22.6	18.7	15.6	12.1		15.7	12
1994	8.7	8.1	10.1	10.4	13.3	18.8	23.2	24.2	23.6	19.7	16.5	12.6		15.8	12
1995	8.4	11.5	11	9.5	13.9	17.6	23.8	24.6	23.6	17	15.4	9.9		15.5	12
1996	6.6	8.9	9.3	11	13.9	19.1	23.7	24.1	21.3	18.6	14.1	9.5		15	12
1997	8.5	8.1	9.9	11.1	14.8	21	24.4	25	23.5	19.2	14.2	11.9		16	12
1998	9.9	8.7	12	10.9	13.6	21.6	24.2	24.2	22.6	20.3	14.1	10.6		16.1	12
1999	6.3	6.9	7.3	10.5	12.8	18.8	22.8	23	21.9	17.8	13	8		14.1	12
2000	6.6	7.4	8.8	10.2	12.3	19.4	22.2	23.7	22.2	19.7	13.1	9.1		14.6	12
2001	9.8	9.4	8.6	11.5	14.4	19	23.4	23.6	23.7	17.9	16.1	9.5		15.6	12
2002	8.2	8.4	9.5	14.5	15.3	18.7	21.6	23.1	23.5	19.9	14.3	10.7		15.6	12
2003	10.6	11.9	10.7	12.9	15.7	19.2	23.3	24	23.4	20.2	16	9.8		16.5	12
2004	10.8	8.2	11	12.9	15	20	23.7	23.4	22.5	19.1	14.5	11		16	12
2005	11.5	11.6	9.4	12.4	14.9	18	24.3	24.2	24.8	20.7	14.5			16.9	11
2006	8.9	9.1	10.1	13	16.2	21.1	24.3	24.2	22.7	20.5	15	11		16.3	12
2007	10	10.4	11.2	12.3	15.9	19.8	22.3	24.2	23.5	18.3	14.2	11.2		16.1	12
2008	8.8	7.4	8.9	11.6	15.7	20.6	24.3	24.2	22.7	20	16.1	14.2		16.2	12
2009	12	9.5	12.5	13.2	17.4	20.8	25.4	26.1	26.1	21.3	15.8	11.4		17.6	12
2010	11	11.3	10.9	13.9	15.6	20	23.3	25.8	24.9	19.4	13.9	10.7		16.7	12
2011	8.7	7.3	10.3	12.8	15.9	20.9	25.2	25.6	25.2	20.8	15.1	10.8		16.6	12
2012	8.6	9.3	9.9	12.8	15.6	21.2	24.6	25.6	24	19.8	16	13		16.7	12
2013	10.7	9.9	10.5	11.7	14.7	20.5	23.7	25.1	22.9	18.9	16.4	12.6		16.5	12
2014	9.6	10.1	12.2	14.5	17.4	23.8	24.6	24.6	23.8	20.5	16.1	12.5		17.5	12
2015	13	11.5	13.1	15.7	17.5	22.3	24.3	25.8	24.6	21.2	17.2	11.9		18.2	12
2016	9.3	10.8	11.7	14.4	18.5	22.1	24.4	24.7	23.6	21.5	18.1	13.9		17.8	12
2017	10.5	9.1	11.4	12.8	15	21.1	24.4	26.1	24	16	16.2	15.9		16.9	12
2018	9.8	9.8	11.7	13.1	16.8	22.1	25	25.4	24.6	20.7	15.5	12.5		17.2	12
2019	11.4	11.5	11.6	13.8	16.1	21	25	25.3	24.3	21.2	18.5	13.4		17.8	12
2020	10	11.1	13.3	14	15.4	21.7	25.4	25.9	25.3	22.3	18.5	11.2		17.8	12
2021	9.2	9.6	11	14.1	18	22.6	24.9	25.3	23.6	21	15.8	13.6		17.4	12
2022	11.5	9.4	9.5	13.8	16.3	20.9	25	25.5	24.4	19.6	15.6	11.5		16.9	12
2023	9.6	10.4	12.1	13.3	17.5	21.4	28	27.4	25.7	19.1	18.2	13.8		18	12
2024	11.3	11.6	13.2	14.4	16.7	21.6	26.1	26.7	24.4	22.5				18.9	10
MÍNIMA	6.3	6.7	6.7	9.5	10.3	14.1	14.3	10.4	16.2	15.6	12.4	8		12.2	3
MÁXIMA	13	13	13.3	15.7	18.5	23.8	28	27.4	26.1	22.5	18.7	15.9		18.9	12
MEDIA	10.1	9.5	10.4	12.4	15.2	19.8	23.7	24.3	23.5	19.7	15.3	11.9		16.3	11.8
DESV.ST	1.5	1.4	1.3	1.3	1.5	1.7	1.5	1.9	1.2	1.3	1.4	1.6		1	1.1

TEMPERATURA MÍNIMA EXTREMA
AÑO	ENE	FEB	MAR	ABR	MAY	JUN	JUL	AGO	SEP	OCT	NOV	DIC	ACUM	PROM	MESES
1946										15	9.5	9		11.2	3
1947	6	5	10	10	11	10	20	18.5	18.5	12	10	7		11.5	12
1948	3.5	7	7	7.5	6	11	7.5	6.5	6	8	8	8.5		7.2	12
1949	5.5	6	5	6	9.5	12	21	22	22	11	8.5	7.5		11.3	12
1950	5.5	4.5	5.5	7.5	10	15	19.5	20	20.5	15.5	10	6.5		11.7	12
1951	6	4.5	6	8	8.5	12.5	18.5	21	20	16	16.5	6.5		12	12
1952	4.5	4	5	8.5	11	15	20.5	22.5	20	16	12	6.5		12.1	12
1953	4.5	5	7.5	8	9	11	21	23	17.5	17	10	5.5		11.6	12
1954	5	5	6	7	11	10	18.5	22	20	15	7.5	5		11	12
1955	4.5	3	4	6	9.5	13	14	21	21.5	14	9	5		10.4	12
1956	4	3	3	6	10	15	19	22	21	15	10	5.5		11.1	12
1957	7.5	7	6	6.5	9.5	7.5	21	22.5	20	14.5	9	10		11.8	12
1958	6.5	5	8	10	10.5	13	22	22	21	16.5	12	7.5		12.8	12
1959	7	8	6	10	13	13	21.5	22	24	10.5	11.5	8.5		12.9	12
1960	6.5	3	5	8	11	9	22	22	20	8	7	7		10.7	12
1961	4.5	6	6	8.5	10.5	15.5	22	23	22	17.5	8	8		12.6	12
1962	3.5	7	6	8	11	12	21	20	22	17	11	10		12.4	12
1963	7.5	4.5	6	7.5	11	14	23	23	22.5	18.5	14.5	8		13.3	12
1964	7	4	5	8	10	14	21	22.5	22	16.5	10.5	6.5		12.2	12
1965	3	3	2	8	12	14	22	22	20	13	12	10		11.8	12
1966	6.5	5	7.5	10	15	15.5	20.5	23	22	13	11.5	8		13.1	12
1967	4.5	5.5	7	9.5	10.5	17.5	21	22	23	11.5	12	8.5		12.7	12
1968	5	8	7	8.5	11.5	14	19.5	20	19.5	16	7	8		12	12
1969	5.5	8	4	9	12	15	22	24	21.5	14.5	12	8.5		13	12
1970	6.5	7.5	6	7.5	8.5	13	22	23	21.5	14	11	9		12.5	12
1971	6	3.5	3.5	8	11.5	15	20.5	21	17.5	16	10	5.5		11.5	12
1972	5.5	4	6.5	8	12.5	18	22	22	21	17.5	12	9		13.2	12
1973	6	8	5.5	6	12	14	20	23	20.5	14.5	10.5	5.5		12.1	12
1974	4	3.5	5	7.5	11.5	13	21.5	21.5	20	17	9.5	6		11.7	12
1975	4	5.5	5	7	11	11	20	21	18	15	8	6		11	12
1976	4	5	6	7	12	14	20	21	20		13	10		12	11
1977	9	5.5	5	7	12	15	20	21.5	21	18	11.5	8		12.8	12
1978	9	5.5	8	9	11	13	22.5	22.5	20	14	9.5	8.5		12.7	12
1979	6.5	5.5	6.5	6	10	16	19.5	20	20	12.5	8	7		11.5	12
1980	6	7	8	8.5	11.5	18	20	23.5	22.5	17	9	8		13.2	12
1981	8	8	6.5	10	13	15	22.5	23	19	15	8.5	8.5		13.1	12
1982	4.5	4	8	10.5	9	13.5	22	23	22	15.5	12.5	7.5		12.7	12
1983	7	8	8	8.5	11	15.5	19.5	20	20.5	17.5	10	9		12.9	12
1984	6.5	6	7	9.5	10.5	13.5	21	22.5	19.5	14	10.5	8		12.4	12
1985	7.5	6	6.5	6	9.5	15	20.5	22	20	13.5	10	7		12	12
1986	6	5.5	6.5	10.5	12	12.5	20	22.5	18	13	8.5	6.5		11.8	12
1987	6	4	4	6	11.5	14	19	23.5	18.5	18	10	7.5		11.8	12
1988	4.5	6	4.5	7	8	12	20.5	20	22	17	9.5	5.5		11.4	12
1989	3.5	5		8.5	10	12.5	20	20	16.5	11	12	7.5		11.5	11
1990	6	2.5	5.5	9.5	7.5		20	20	21	16.5	11.5	9		11.7	11
1991	4.5	5	5	8.5	9		18	22	20.5	13	9.5	7.5		11.1	11
1992	9.5	6	6.5	8	11	15	20	22	20	16	10	7		12.6	12
1993	6	6.5	5.5	8	9.5	12	18.5	20	20	13	10	7		11.3	12
1994	4	4	5	5	8	11	21	20	20.5	15.5	12	8		11.2	12
1995	5	7	7.5	6	10	12.5	19.5	21	21.5	14.5	10.5	6		11.8	12
1996	3.5	6	5.5	8.5	11	14	21	21	18	14	8.5	5.5		11.4	12
1997	4	3	3.5	6.5	10	18	20	22.5	20	12	10	7.5		11.4	12
1998	7	6	7.5	7	10	17	21.5	22	18	16.5	10	5		12.3	12
1999	3	3	4.5	7	9	13.5	18.5	18.5	14.5	13	6	5		9.6	12
2000	2	4	4.5	3.5	8	13	19	21.5	20	14	5	6		10	12
2001	5	6	5	7.5	11	14	21	21	20	14.5	11	5		11.8	12
2002	5	5.5	6	10	13	15	20	20	20	17	10	5		12.2	12
2003	7.5	8	7.5	5.5	11	10	20	22	22	16	12	5		12.2	12
2004	7	3.5	7	10	10	17	17	20	19	16	11	7		12	12
2005	7	7	7.5	8	11	13	22	22	23	15.5	9			13.2	11
2006	5	7	7	10	11	15.5	20	22	21	17	11.5	6.5		12.8	12
2007	6	6	7.5	9	11.5	14	21	22	21	14	11	6.5		12.5	12
2008	5	5	5	9	11	17	21	20	16.5	16	13	9		12.3	12
2009	7	7	9	10	14	16	21	24	24	14	14	7		13.9	12
2010	8.5	7	8.5	10	10	16	18	25	23	16	12	10		13.7	12
2011	6	3	8	11	13.5	17	23.5	24	24	17.5	11	6		13.7	12
2012	5	7	7	9.5	13	16	23	23.5	21	17	12	9		13.6	12
2013	8	5	7	9	12	16	22	24	17	13	12	8		12.8	12
2014	5.5	8	8	11	13	21	22	23	23	12	10	7.5		13.7	12
2015	7.5	9	9.5	12	15	20	21	24	22.5	14	12	7.5		14.5	12
2016	6	8	8	10	14.5	18	21	22	21	19	15	8		14.2	12
2017	7	7	9	9	13	17	21	24	20	10	13	13		13.6	12
2018	6	6	6	9	15	17	23	24	23	18	12.5	8		14	12
2019	7	8.5	9	9	14	19	17	17	21	16	15	8		13.4	12
2020	8	4	9.5	10	12.5	19.5	21	23.5	24	16	11.5	7		13.9	12
2021	5	7	8	9	13	13	16	18	19	18	13	9		12.3	12
2022	1	6	6	12	13	14	23	23	23	13.45	8	7		12.5	12
2023	7	6	7	9	13	17	25	25	24	18	15	10		14.7	12
2024	7	8	10	11.5	13	17	22	24	21	20				15.3	10
MÍNIMA	1	2.5	2	3.5	6	7.5	7.5	6.5	6	8	5	5		7.2	3
MÁXIMA	9.5	9	10	12	15	21	25	25	24	20	16.5	13		15.3	12
MEDIA	5.7	5.7	6.4	8.4	11.1	14.4	20.4	21.7	20.4	15	10.6	7.4		12.3	11.8
DESV.ST	1.6	1.6	1.7	1.7	1.8	2.6	2.3	2.4	2.5	2.4	2.1	1.6		1.2	1.1

TEMPERATURA MEDIA MENSUAL
AÑO	ENE	FEB	MAR	ABR	MAY	JUN	JUL	AGO	SEP	OCT	NOV	DIC	ACUM	PROM	MESES
1946										25.1	21.8	18.8		21.9	3
1947	17.6	16.8	19.4	20.6	22.2	25.8	30	29	28.4	24.2	22	18.8		22.9	12
1948	17.4	17.9	19.4	21.3	22.9	25.4	26.1	24.6	26.9	25.1	21.6	19.8		22.4	12
1949	17.4	16.8	19	21	23.4	27.9	30.3	31.4	29.9	26.8	22.6	20		23.9	12
1950	18.3	18.5	19.6	22.1	24.5	28.5	29.2	30.3	30.3	28.6	24.2	18.8		24.4	12
1951	16.8	16.5	18	20.9	21.1	26	29.6	30	30.9	28.8	25.5	20.9		23.8	12
1952	18.4	19.3	19.4	21.2	24.3	28.9	30.9	31.5	30.8	28.4	24.6	19.7		24.8	12
1953	16.4	16.4	18.5	20	21.4	26	29.7	30.2	28.3	26.4	22.1	17.2		22.7	12
1954	16.5	17.8	18	21.2	23	26.1	28.9	28.7	28.5	25.6	21.6	18		22.8	12
1955	15.4	14.6	17.4	18.8	22	25.3	27.6	28.2	28	24.4	20.6	16.5		21.6	12
1956	15.8	14.8	16.4	19.6	24.2	27.6	29	29.6	28.6	25.8	21	17.3		22.5	12
1957	17.7	18	17.8	20.6	21.6	24.4	29.8	30.1	28.9	24.8	20.6	18.9		22.8	12
1958	17.5	18.1	18.4	20.9	24.7	28.3	29.9	29.3	28.2	25.8	22.1	19.7		23.6	12
1959	17.8	18.6	18.9	21.6	23.9	28.6	29.8	28.8	30.2	25.4	22.1	19		23.7	12
1960	16.1	15.2	17.9	20.2	22.5	26	30.3	29.3	29.1	25.4	21	17.6		22.6	12
1961	17	16.4	17.4	21	23.7	28	29.8	30.3	29.5	27.1	21	18.6		23.3	12
1962	16.1	17.6	17.2	20.6	23.8	26.5	30.6	31.4	28.9	25.8	22.9	20		23.4	12
1963	18.1	17.6	17.7	21	24.2	27.7	30.6	29.5	29.9	27.1	22.9	19.6		23.8	12
1964	15.9	15.6	16.7	20	22.4	25.3	30.2	28.8	28.7	25.6	21.1	17.9		22.4	12
1965	17	15.4	16.8	20.3	24	25.9	30	30	28.1	25.3	23.2	20.3		23	12
1966	17	15.9	18.1	21	26.5	28.8	29.9	29.9	29.6	24.9	21.6	19		23.5	12
1967	16.5	16.7	18.5	20.5	23.9	27.1	29.4	29.8	28.9	26.5	23.2	19.3		23.4	12
1968	16.8	18.2	18.4	20.8	23.5	27.2	28.6	28.6	27.6	25.8	21.5	18.3		22.9	12
1969	17.8	17.6	17.8	20.9	22.8	24.7	30	31	29.5	25.5	22.4	18.6		23.2	12
1970	16.7	17.6	17.9	19.6	22.5	26.6	29.3	29.9	28.6	24.9	21.2	18		22.7	12
1971	16.9	15.1	18	19.2	22.6	27	28.8	28.2	28.3	25.1	20.8	17.5		22.3	12
1972	15.9	16.2	19.8	20.9	23.6	27.8	29.8	29	28.4	27	21	19.2		23.2	12
1973	17.6	17.8	17.4	18.5	23.2	25.1	29.2	29.1	28.4	25.4	20.7	16.8		22.4	12
1974	16.3	14.9	16.8	20.4	22.6	27.7	28.6	29.9	28	26.1	21.3	16.8		22.4	12
1975	15.3	15.4	17.1	17.6	21.4	25	28.8	29.1	28.6	24.6	21.2	17		21.8	12
1976	15.6	17	17	19	22.8	27.4	28.9	29.9	27.6		20.4	18		22.1	11
1977	17.6	16.8	17.1	19.8	22.6	27	29.1	29.2	29.3	27.1	22.6	19.1		23.1	12
1978	18.4	17.2	19.9	20.9	22.7	27.9	29.8	29.5	28.1	26	22	18.1		23.4	12
1979	16.6	15.9	17.8	19.6	21.5	26.2	29.6	29.4	28.3	25.8	20.5	17.9		22.4	12
1980	16.6	18.6	19.2	20.4	22.2	28.6	30.4	29.6	29.6	26.4	21.1	18.1		23.4	12
1981	18	18	17.4	21.4	23	26.3	30	29.9	28.1	24.8	21.1	18.1		23	12
1982	16.4	16.3	18.2	21.4	22.6	26	29.6	29.9	29.5	24.5	21.7	18.3		22.9	12
1983	18	17.6	18.5	19	22.4	26.2	29.8	28.6	28.2	26	21.8	19		22.9	12
1984	17.1	17	18.6	20.5	23.8	27.6	28.1	29	28	24.1	20.6	18.6		22.8	12
1985	15.7	15.2	18.1	20.1	22.2	26.6	28.9	29.1	27.9	24.9	21.8	17.5		22.3	12
1986	16.7	17	19.7	22.2	23.4	26	29	29.6	27.8	23.8	21.4	18		22.9	12
1987	15.6	16.1	16.5	20.2	22.4	26	29.5	29.8	29.4	26.4	21.6	17.6		22.6	12
1988	15.4	17.4	17.8	19.6	22	25.2	28.9	29.4	29.6	26.2	21.3	16.6		22.4	12
1989	14.1	16		21.6	23.1	26	28.7	28.9	28	25.2	21.5	17.3		22.8	11
1990	15.9	14.9	17.4	20.5	23.3		29	28	27.6	25	21.8	18.6		22	11
1991	15.6	16.6	16.8	19.2	21		27.4	29.6	27.9	25.2	19.8	16.6		21.4	11
1992	16.6	16.7	17.9	20	23	26	29.4	29	28.5	26	21.4	18.6		22.8	12
1993	17.4	16.4	17.6	20.1	21.4	26	27.9	29.4	27	25	20.9	17.9		22.2	12
1994	16	15.6	18	18	22	26.5	29.7	29.6	29.2	25.7	21.2	18		22.5	12
1995	15.8	18.6	18.7	19.2	22.4	26	29.9	29.4	28.2	24.1	22.1	17.5		22.7	12
1996	15.4	17.1	17.9	20.1	23.1	26.1	29.8	29.1	26	25.2	21.1	16.8		22.3	12
1997	15.8	15.8	18.9	19.4	24	27.8	30.3	30.2	28.5	25.4	21.4	18.4		23	12
1998	17.6	17	19.2	19.2	22.2	28.4	29.6	29.4	27.4	26.4	21.1	17.4		22.9	12
1999	15.2	15.8	16.7	19.1	22.3	26.4	28.9	29	27.4	25.7	21.2	16.2		22	12
2000	15.2	16.4	17.3	20.2	22.1	27.6	29.2	29.7	28.1	25.8	19.7	17		22.4	12
2001	16.6	16.8	16.9	19.6	23	26.4	29.1	29.2	28.9	24.6	22.9	17		22.6	12
2002	15.8	16.1	17.4	21.6	23.5	25.5	28	28.9	28.9	25.7	21.5	18		22.6	12
2003	18.1	18.6	18.5	20.1	23.2	26.1	28.8	29	27.6	25.9	21.6	16.8		22.9	12
2004	16.6	15.2	19	19.9	22.8	27	29	28.9	27.4	24.8	20.6	17.6		22.4	12
2005	17.6	17.4	17.2	20	22	24.2	29.1	29.1	29.8	25.8	21.4			23.1	11
2006	15.9	16.9	17.6	20.9	23.6	27.6	29.1	28.7	27.2	25.6	21.5	17.5		22.7	12
2007	15.6	16.8	18.9	19.4	22.8	26.2	27.8	28.8	28	25.1	21.1	17		22.3	12
2008	15.5	15.1	17	19.9	22.5	26.2	28.6	28.5	27.5	26.1	22.2	19.7		22.4	12
2009	18	17	19.2	20	24.6	27	30	30.6	30.8	25.7	22.2	18		23.6	12
2010	17.4	17.6	18	20.2	22.8	25.6	28.5	30.3	28.8	25	20.4	17.4		22.7	12
2011	15.4	14.8	17.9	20	22.5	27	29.6	30	29.7	26.5	21	16.4		22.6	12
2012	15.6	16.1	16.9	20.1	22.8	27.4	29.1	29.5	28.2	25	22	18.7		22.6	12
2013	16.4	16.1	17.9	19.5	22.3	26.6	28.2	29.6	27.3	24.7	21.9	18.4		22.4	12
2014	17	18.1	19.5	21.6	24.4	29.1	28.8	29.1	27.4	25.6	21.8	18.6		23.4	12
2015	18.1	18.2	19.8	21.6	23	27.9	29.1	30.2	28.6	26.2	22.5	18.1		23.6	12
2016	16.6	18.5	19.5	21	23.9	28	29.2	28.7	28.2	27.1	23.9	19.6		23.7	12
2017	17.1	17.2	19.8	20.9	22.3	26.9	29.4	30.4	27.9	22.9	23	20.9		23.2	12
2018	17.6	17.2	19	21	23.9	27.2	29.9	29.6	28.4	25.9	21.6	19		23.4	12
2019	17.9	18.1	19.4	21.3	22.8	26.9	30.2	30.5	28.2	26.1	23.2	19.2		23.6	12
2020	16.9	17.8	19.6	21	22.8	27.3	30.1	30.1	29.6	27.9	24.4	17.9		23.8	12
2021	16.2	17.1	18.4	21.7	24.9	28.4	29.4	29.5	27.9	26.5	22.5	20		23.5	12
2022	17.9	16.6	17.9	21	22.9	26.4	29.8	29.6	28.1	25.2	21.4	18		22.9	12
2023	16.6	16.6	18.9	20.6	23.9	27.5	32.1	31.4	30.3	24.3	23.8	20.4		23.9	12
2024	18.1	18.8	20.3	21.7	24.9	28	30.7	31.4	29.4	28.3				25.2	10
MÍNIMA	14.1	14.6	16.4	17.6	21	24.2	26.1	24.6	26	22.9	19.7	16.2		21.4	3
MÁXIMA	18.4	19.3	20.3	22.2	26.5	29.1	32.1	31.5	30.9	28.8	25.5	20.9		25.2	12
MEDIA	16.7	16.8	18.2	20.4	23	26.8	29.4	29.5	28.6	25.7	21.8	18.3		22.9	11.8
DESV.ST	1	1.1	1	0.9	1	1.1	0.9	0.9	1	1.1	1.1	1.1		0.7	1.1
