COMISIÓN NACIONAL DEL AGUA
COORDINACIÓN GENERAL DEL SERVICIO METEOROLÓGICO NACIONAL
BASE DE DATOS CLIMATOLÓGICA NACIONAL 

ESTADÍSTICA MENSUAL
EMISIÓN   : 25/10/2024 

DATOS DISPONIBLES EN LA BASE DE DATOS A: OCTOBER DE 2024; 
CON LA INFORMACIÓN SUMINISTRADA POR LAS UNIDADES ADMINISTRATIVAS 

 ESTACIÓN  : 3031 
 NOMBRE    : LA SOLEDAD NTE 
 ESTADO    : BAJA CALIFORNIA SUR 
 MUNICIPIO : LA PAZ 
 SITUACIÓN : OPERANDO 
 CVE-OMM   :   
 LATITUD   : 24.8125 ° 
 LONGITUD  : -110.9805556 ° 
 ALTITUD   : 340 msnm 


LLUVIA MÁXIMA 24 H.
AÑO	ENE	FEB	MAR	ABR	MAY	JUN	JUL	AGO	SEP	OCT	NOV	DIC	ACUM	PROM	MESES
1961	12	0	0	0	0	0	2.5	20	4	0	0	0	38.5	3.2	12
1962	11.5	1	0	0	0	0	0	0	220	0.5	0.1	40	273.1	22.8	12
1963	0	0	0	0	0	0	52	80.5	10	2	28.5	5	178	14.8	12
1964	0	0	2	0	0	0		6.5	12.5	15	0	20	56	5.1	11
1965	2	10.5	1.5	0	0	0	3.5	35	0	4		24	80.5	7.3	11
1966	0		0	0	0	0		43	19	0	0	13.5	75.5	7.6	10
1967	0	4	0	0.5	0	0	4.5				11	23	43	4.8	9
1968	4.5	13	7	0.5	0	0	10	38	0	140	0	15	228	19	12
1969		9					9.5	12		4.5	0	28	63	10.5	6
1970	1	0	1			0	9	15.5	8.5		0	3	38	4.2	9
1971	0	0	0	0	0	0	0	65	1.5	25.5	0	1.5	93.5	7.8	12
1972	11	0	0	0	0	0	34	16.5	45	40	2.3	6	154.8	12.9	12
1973	17	24	0	0	0	0	10	1	70	0	0	0	122	10.2	12
1974	10.5	0.3	0	0	0	0	22.5	49.5	20	0	79	3	184.8	15.4	12
1975	10.5	0	0	0	0	0	0	0	56	0	0	8	74.5	6.2	12
1976	0	0	0	12	0	0	2	28	73.5	15.5	43.5	3	177.5	14.8	12
1977	2.5	0	0	0	0	0		137	0.5	22	0	0	162	14.7	11
1978	0.5	5	1	0	0	0	0	31	9.5	9	0	18.5	74.5	6.2	12
1979	24	10	0	0	12	0	4.5	4.5	50	0	0	0	105	8.8	12
1980	0	10.5	0	0	0	0	3	23.5	7.5	28	0	9	81.5	6.8	12
1981	19	4	8.5	0	0	0	0	19.5	6	34	0	0	91	7.6	12
1982	0.5	0.5	0	0	0	0	13	43.5	68.5	0	3	60.5	189.5	15.8	12
1983		0	28	0	0	0	37.5	52.5	22.5	25	0	42	207.5	18.9	11
1984	13	0	0	0	0	37	88.5	49.5	39	20	0	20	267	22.2	12
1985			1.5	0.5	0	4.5	13	15	0.5	3	3.5	0	41.5	4.2	10
1986	5	0	0	20.5	0	0	3	9	7.5	20	0	0	65	5.4	12
1987	0	4	0		0	0	35	32.5	43	5.5		0	120	12	10
1988	0	0	0		0	0	0	3.5	49	0	0	1.5	54	4.9	11
1989	19.5	79.5	0.5		0	0	5.5	40	22	3.5	30.5	41	242	22	11
1990	1	1.5	4.5	0	0	0	38	30	17				92	10.2	9
1991	8	6.5	0	0	0	0	0	37.5	38	35.5	91.5	26	243	20.2	12
1992	35	9.5	12	25	0	0	21	21	0	25	1	31.5	181	15.1	12
1993	57.5	18.5	0	0	0	0	0	37	46	6.5	16	6	187.5	15.6	12
1994	0	0	0	0	0	0	1	5	20.5	0	13.5	61.5	101.5	8.5	12
1995	0	26	0	0	0	0	1	7	64	0			98	9.8	10
1996		0	0	19.5	0		0	106.5	81		0	0	207	23	9
1997	38	0	0	0	6	0	32	55	36	3	4	3	177	14.8	12
1998	0	5	0	0	0	0	2	49.5	14	0	10	0	80.5	6.7	12
1999	0	0	0	0	0	10	18	24	38.5	0	0	0	90.5	7.5	12
2000	0	0		0	0	0	0	9.5		195	0	2.5	207	20.7	10
2001	0	0	0	0	15.2	0	0	20	180	1.5	0	0	216.7	18.1	12
2002	4	17.2	0	0	0	0	15.5	1	58.5	0	21	9.5	126.7	10.6	12
2003	6	32	0	2.5	0	0	2.5	364	360	14	0	0	781	65.1	12
2004	16	6	3	0	0		0	5	26	13	0		69	6.9	10
2005	20	33	6.5	0	0	0	23	12	23	4	0	0	121.5	10.1	12
2006					0	0	28	71	200				299	59.8	5
2007	19	0	0	0	0	0	1	4.5	245	1	18	0	288.5	24	12
2008	0	0	0	0	0	0	0	86	100.9	23.5	0	0	210.4	17.5	12
2009	0	0	1	0	0	0	0	12	170	5	0	0	188	15.7	12
2010	1.5	3.5	0	0	0	0	0	0	70	0	0	0	75	6.2	12
2011	0	0	0	0	0	0	4.5	21	0	0	36	0	61.5	5.1	12
2012	0	0	0	0	0	0	0	25.5	22	105	0		152.5	13.9	11
2013	0	0	0	0	0	0	0	3	52	40.5	0	0	95.5	8	12
2014	0	0	14	0	0	0	54	34	250	0	0	0	352	29.3	12
2015	10	15	11	2	0	15	60	18	43	15	0	0	189	15.8	12
2016	1	0	0	5	0	0	4	20	160	0	0	5	195	16.2	12
2017		11	0	0	0	0	11	280	65	0	0	0	367	33.4	11
2018	0	4	0	0	0	29	2.8	1	42	15.5	0	28	122.3	10.2	12
2019	7	0	47	0	0	0	0	24	40	88	20	2.5	228.5	19	12
2020	0	0	0	0	0	0	0	11	4	4	7	8	34	2.8	12
2021	35	0	0	0	0	0	0	0	58	0	0		93	8.5	11
2022	0	1	0	0	0	0	0	1	44	15	0	0	61	5.1	12
2023	0	1	0	0	0	0	0	0	0	0	0	0	1	0.1	12
MÍNIMA	0	0	0	0	0	0	0	0	0	0	0	0	1	0.1	5
MÁXIMA	57.5	79.5	47	25	15.2	37	88.5	364	360	195	91.5	61.5	781	65.1	12
MEDIA	7.4	6.1	2.5	1.5	0.5	1.6	11.4	36.6	57.2	17.7	7.6	10	152	13.8	11.3
DESV.ST	11.8	12.6	7.5	5.1	2.6	6.4	18.1	59.6	73.3	35.1	17.8	15.3	115.2	11.2	1.4

LLUVIA TOTAL MENSUAL
AÑO	ENE	FEB	MAR	ABR	MAY	JUN	JUL	AGO	SEP	OCT	NOV	DIC	ACUM	PROM	MESES
1961	16.5	0	0	0	0	0	6	94.5	6.5	0	0	0	123.5	10.3	12
1962	12	1	0	0	0	0	0	0	513.5	0.5	0.1	44.5	571.6	47.6	12
1963	0	0	0	0	0	0	58.5	100.5	19	2	29.5	10	219.5	18.3	12
1964	0	0	4	0	0	0		11	26.5	32.5	0	24	98	8.9	11
1965	3.5	16.5	1.5	0	0	0	5.5	86.5	0	4		52.6	170.1	15.5	11
1966	0		0	0	0	0		104	40	0	0	16.5	160.5	16	10
1967	0	7	0	0.5	0	0	4.5				11	36	59	6.6	9
1968	16.5	23	16	0.5	0	0	16	39.5	0	215.5	0	16	343	28.6	12
1969		13					13.5	13.5		5	0	28	73	12.2	6
1970	1	0	1			0	15.5	29	20		0	7.5	74	8.2	9
1971	0	0	0	0	0	0	0	148	2.5	36.5	0	3	190	15.8	12
1972	14.5	0	0	0	0	0	34	50.5	130.5	49.6	2.3	13.5	294.9	24.6	12
1973	19	29.5	0	0	0	0	12	2	70	0	0	0	132.5	11	12
1974	14	0.3	0	0	0	0	68	74.5	44	0	101	6	307.8	25.6	12
1975	17.5	0	0	0	0	0	0	0	129.5	0	0	8	155	12.9	12
1976	0	0	0	12	0	0	2	62	169	16	43.5	3	307.5	25.6	12
1977	3.5	0	0	0	0	0		248.5	0.5	33	0	0	285.5	26	11
1978	0.5	10.5	1.5	0	0	0	0	42	31.5	15.5	0	43.5	145	12.1	12
1979	65	15.5	0	0	13	0	10.5	4.5	109	0	0	0	217.5	18.1	12
1980	0	19	0	0	0	0	3	80.5	22	29	0	14	167.5	14	12
1981	62.5	4.5	9	0	0	0	0	59.5	18	60	0	0	213.5	17.8	12
1982	0.5	0.5	0	0	0	0	14	43.5	134.5	0	4	65	262	21.8	12
1983		0	32.5	0	0	0	54.5	168	35	25	0	42	357	32.5	11
1984	24	0	0	0	0	52	114	144	105	20	0	21	480	40	12
1985			1.5	0.5	0	4.5	26	19	0.5	3	4	0	59	5.9	10
1986	5	0	0	20.5	0	0	3	13.5	9.5	29	0	0	80.5	6.7	12
1987	0	6.5	0		0	0	39.5	32.5	81	5.5		0	165	16.5	10
1988	0	0	0		0	0	0	6	50.5	0	0	1.5	58	5.3	11
1989	39.5	81	0.5		0	0	7.5	83	32	3.5	41.5	48	336.5	30.6	11
1990	1	2.5	8.5	0	0	0	133	50.5	30				225.5	25.1	9
1991	8	20	0	0	0	0	0	74.5	100	35.5	93.5	56.5	388	32.3	12
1992	102.5	13	17.5	25	0	0	38.5	73	0	25	1	44	339.5	28.3	12
1993	67	29.5	0	0	0	0	0	126	108	7	19	6	362.5	30.2	12
1994	0	0	0	0	0	0	1	9.5	60	0	14	145	229.5	19.1	12
1995	0	27.5	0	0	0	0	2.5	14	119	0			163	16.3	10
1996		0	0	19.5	0		0	266	94.5		0	0	380	42.2	9
1997	44	0	0	0	6	0	49	121.5	51.5	3	4	5	284	23.7	12
1998	0	5	0	0	0	0	2.5	110.5	25.5	0	12.5	0	156	13	12
1999	0	0	0	0	0	10	18	25	55	0	0	0	108	9	12
2000	0	0		0	0	0	0	19.5		209	0	2.5	231	23.1	10
2001	0	0	0	0	15.2	0	0	21	553.5	1.5	0	0	591.2	49.3	12
2002	4	19.2	0	0	0	0	18.5	1	74.5	0	33	11.5	161.7	13.5	12
2003	6	32.5	0	4.5	0	0	2.5	448	413.5	14	0	0	921	76.8	12
2004	20.5	6	4	0	0		0	7	48.4	25	0		110.9	11.1	10
2005	41	37.01	6.5	0	0	0	27	29	43	4	0	0	187.51	15.6	12
2006					0	0	46	88.51	360.5				495.01	99	5
2007	37	0	0	0	0	0	1	13.1	250.1	1	18.01	0	320.21	26.7	12
2008	0	0	0	0	0	0	0	90.5	129.4	35	0	0	254.9	21.2	12
2009	0	0	1	0	0	0	0	24	170	11	0	0	206	17.2	12
2010	1.5	7	0	0	0	0	0	0	119	0	0	0	127.5	10.6	12
2011	0	0	0	0	0	0	5.5	25	0	0	37	0	67.5	5.6	12
2012	0	0	0	0	0	0	0	60.5	42	119.2	0		221.7	20.2	11
2013	0	0	0	0	0	0	0	6	102	82	0	0	190	15.8	12
2014	0	0	14	0	0	0	95	146	353	0	0	0	608	50.7	12
2015	10	15	28	2	0	15	77	27	113	26.5	0	0	313.5	26.1	12
2016	1	0	0	5	0	0	4	49	244	0	0	10	313	26.1	12
2017		13	0	0	0	0	12	316	67	0	0	0	408	37.1	11
2018	0	7.4	0	0	0	30	2.8	1	85	18.5	0	28	172.7	14.4	12
2019	7	0	47	0	0	0	0	24	88	94	40	2.5	302.5	25.2	12
2020	0	0	0	0	0	0	0	11	9	4	7	8	39	3.2	12
2021	48	0	0	0	0	0	0	0	58	0	0		106	9.6	11
2022	0	1	0	0	0	0	0	1	135	15	0	0	152	12.7	12
2023	0	1	0	0	0	0	0	0	0	0	0	0	1	0.1	12
MÍNIMA	0	0	0	0	0	0	0	0	0	0	0	0	1	0.1	5
MÁXIMA	102.5	81	47	25	15.2	52	133	448	553.5	215.5	101	145	921	99	12
MEDIA	12.5	7.7	3.2	1.6	0.6	1.9	17.4	65.1	98.4	22.7	8.9	14.4	242	22	11.3
DESV.ST	21.6	13.8	8.7	5.1	2.6	8	29.3	83	120.4	43.6	20.6	24.9	161.6	16.5	1.4

EVAPORACIÓN MENSUAL
AÑO	ENE	FEB	MAR	ABR	MAY	JUN	JUL	AGO	SEP	OCT	NOV	DIC	ACUM	PROM	MESES
2017	0.18												0.18	0.2	1
MÍNIMA	0.18												0.18	0.2	1
MÁXIMA	0.18												0.18	0.2	1
MEDIA	0.2												0.2	0.2	1
DESV.ST															

TEMPERATURA MÁXIMA PROMEDIO
AÑO	ENE	FEB	MAR	ABR	MAY	JUN	JUL	AGO	SEP	OCT	NOV	DIC	ACUM	PROM	MESES
1961	24	26.8	27.3	32.2	36.9	36.9	36.5	35	33.6	33.7	26.7	24.4		31.2	12
1962	24.4	26.4	26.8	33.1	33.3	35.9	37.8	38.1	33.7	32	29.4	24.3		31.3	12
1963	20.2	23.6	28.4	32.1	35.5	35.3	36.6	35.3	36	33.1	26.6	25.2		30.7	12
1964	22.3	23.3	26.2	30.3	35.1	35.9		35.4	34.9	32.1	28.2	25.1		29.9	11
1965	24	25.1	27.1	31.9	32.7	35.1	37	35.3	33.7	34.1		23.2		30.8	11
1966	22.3		28.9	30.3	34.9	37.3		34.9	34.1	31.8	31	23.9		30.9	10
1967	24.4	24.5	27	31.3	34.6	35.4	36.8				29.5	22.8		29.6	9
1968	23.4	25.9	27.3	28	33.9	35.6	36.4	35.5	34.8	32.2	26.6	25.4		30.4	12
1969		23.5					37.5	37.2		30.9	29.6	25.4		30.7	6
1970	22	26.7	28.8			37	36	35.6	32.4		28.9	27.1		30.5	9
1971	24.3	25.4	30.7	28.9	32.7	35.1	36.6	33	33.7	31.1	28.3	24.6		30.4	12
1972	18.9	25.8	29.7	30.8	33.6	33.5	36.7	35.2	34.7	31.2	24.5	23.5		29.8	12
1973	24	25.5	26.9	28.5	34.5	35.1	36.6	37	35.8	34.7	25.6	27.7		31	12
1974	25.8	26.7	29.3	33	34.4	37.4	34.5	35.7	32.1	32.3	27.6	23.5		31	12
1975	23.2	24.3	26.6	30.6	32.6	37.1	37.7	38.6	34.3	32	27.9	24.9		30.8	12
1976	25.6	27	27.1	27.7	32.3	37.2	36.2	35.9	32.8	28.9	27.3	24.1		30.2	12
1977	23.5	27.2	26.3	29.4	31.5	36.8		34.3	34.5	32.3	28.7	28.8		30.3	11
1978	25.2	26.8	29.5	31	31.7	36.9	36.3	35.6	32.7	31.4	26.9	22		30.5	12
1979	22.2	23.4	26	30	30.3	36.2	36.5	35.8	33.5	33.7	26.4	27.2		30.1	12
1980	24.5	27	26.9	30.4	31.5	37.9	37.2	34.9	35.3	32.2	29.2	26.8		31.1	12
1981	24.2	26.9	25.3	29.1	32.3	35.8	36.3	36.2	35.1	31.3	30.8	27.5		30.9	12
1982	25.1	28	29.2	33.9	31.8	38	36.7	37.2	36.1	33.4	27.7	22.6		31.6	12
1983		27.1	27.2	28.3	34.5	37.2	37.1	33.7	34.2	33.1	27.1	25.1		31.3	11
1984	23.1	25.8	29.7	30.6	35.5	35.4	33.3	33.3	32.8	29	28.7	20.4		29.8	12
1985			27	30.2	35.2	36.9	35.9	36.2	35.4	32.6	27.7	26.8		32.4	10
1986	27.2	27.9	27.5	33.2	32.9	36	36.3	37	35.1	31.9	29.7	26.4		31.8	12
1987	25.5	24	26.7		30.9	36.1	36.9	34.6	35.2	33.1		25.4		30.8	10
1988	29.3	28.7	32.8		33.2	37.9	38.5	36.6	35.5	33.1	27.8	24.9		32.6	11
1989	21.4	26.4	29.4		33.9	32.5	36.9	35.1	35.1	32.7	27.5	23.3		30.4	11
1990	23.2	24	27.3	31.9	33.7	37.4	33.9	34.1	34.4					31.1	9
1991	21.9	23.2	25	29.6	32.3	34.5	37.7	38	32.5	29.8	27.6	20.1		29.4	12
1992	19.5	22.3	25.6	27.9	33.2	33.1	35.7	34.9	35.9	32.6	27	20.4		29	12
1993	24.6	23.6	28.1	32.1	30.8	37.5	35.1	35.4	32.5	34.2	27.1	25.6		30.6	12
1994	26.2	27	28.3	32.5	34.1	36.6	37.9	36	33.4	33.2	28.7	24.5		31.5	12
1995	23.6	27.8	29.1	31.2	32.2	33.9	36.6	36.1	34.6	34.3				31.9	10
1996		29.2	30.2	33	36.7		38.6	36.1	33.3		30.5	28.3		32.9	9
1997	23.4	24.9	31.5	29.7	37	37.7	39.1	36.4	34.4	33.1	26.9	22.9		31.4	12
1998	27.1	24.8	27.4	31.9	35.5	39.2	37.8	36.4	35.3	34.9	29	23.7		31.9	12
1999	25.8	28.4	27.5	31.5	35.3	37.7	31.3	36	34.8	35.9	32.2	26.7		31.9	12
2000	29.2	29.5		31.8	33.5	36.8	38.5	37.2		31.5	25.4	28.3		32.2	10
2001	24.5	27.1	28.3	30.3	35.7	38.4	38.5	38.9	36	28.7	31.8	28.5		32.2	12
2002	26.9	27.8	34.8	37.3	38.1	37.3	38.6	38.9	36.8	32.6	31	24.4		33.7	12
2003	28.8	27.4	29.8	32.7	36.4	36.5	38.7	37.8	35.8	34.6	31.7	28		33.2	12
2004	23.1	24.7	31.7	31.4	36.4		39.6	38	35	32.5	27.8			32	10
2005	25.4	24.8	28.5	31.7	34.8	37.4	37.5	36.5	37.1	32.3	31	25.7		31.9	12
2006					33.7	34.7	33.2	35.2	33.2					34	5
2007	23.5	26.9	28.8	29.9	33	37	36.4	34.9	32.3	31.3	30.4	24		30.7	12
2008	25	25.5	28.5	30.8	30.9	34.6	33.9	32.9	30.8	31.4	30.2	25		30	12
2009	25.6	26.8	28.2	29.4	33.8	35.5	36.1	35.6	33.4	28.4	28.7	22.5		30.3	12
2010	23.9	25.5	27.5	26.8	32.3	34.1	37.3	37.8	35.3	31.4	28.5	25.1		30.5	12
2011	23.6	24.6	30.3	29.3	32.3	38.2	35.4	37.1	34.5	34.3	24.9	20.1		30.4	12
2012	25.3	24.4	27.5	28.8	34.7	35.4	35.8	32.4	32.4	29.3	29.7			30.5	11
2013	22.4	22.6	28	28.1	31	35	34.3	34	34.3	29.2	24.9	23		28.9	12
2014	26.5	26.6	27.9	28.8	33.8	37	32.8	31.6	32.6					30.8	9
2015	25.1	27.1	25.8	31.4	31.9	34.6	33.3	36	32.5	31.6	28.9	23.5		30.1	12
2016	25.6	28.3	28.3	30.2	32.5	35.7	35.6	31.5	33	32.6	26.7	30.7		30.9	12
2017	25.2	24.5	29.5	32.5	32.4	32.2	36.8	33.8	30.7	32.6	30.9	25.9		30.6	12
2018	25.3	22.8	28.7	28.8	34.5	32.6	33.6	31.3	32.4		27.2	24.4		29.2	11
2019	24.1	24.1	29.3	28.5	28.3	35.9	34.6	34.5	31.1	29.2	26.2	21.3		28.9	12
2020	22.7	24.1	24	26.8	30.5	36.1	35.1	31.5	32	31.7	28.7	21.4		28.7	12
2021	20.9	24	26.1	31.8	30.1	33.4	31.8	32.9	32.5	31.5	31.2			29.7	11
2022	24.8	26.2	28.7	30.7	31.7	36.2	34.3	34.9	29.8	29.7	23.5	23		29.5	12
2023	23.5	24.5	27.9	28.8										26.2	4
MÍNIMA	18.9	22.3	24	26.8	28.3	32.2	31.3	31.3	29.8	28.4	23.5	20.1		26.2	4
MÁXIMA	29.3	29.5	34.8	37.3	38.1	39.2	39.6	38.9	37.1	35.9	32.2	30.7		34	12
MEDIA	24.2	25.7	28.2	30.6	33.4	36	36.2	35.5	33.9	32.1	28.3	24.7		30.8	11.1
DESV.ST	2.1	1.8	1.9	1.9	2	1.6	1.8	1.8	1.6	1.7	2	2.3		1.3	1.7

TEMPERATURA MÁXIMA EXTREMA
AÑO	ENE	FEB	MAR	ABR	MAY	JUN	JUL	AGO	SEP	OCT	NOV	DIC	ACUM	PROM	MESES
1961	28	34	33	38	41	41	38	40	39	38.5	32	30		36	12
1962	30	32	33	38	37.5	41	40	40	37	36	35	30		35.8	12
1963	26	29	36	36	40	41	40	40	40	37	34	34		36.1	12
1964	27	29	31	36	39	39		38	39	36	35	31		34.5	11
1965	28	32	31	42	38	39	39	39	37.5	39		31		36	11
1966	29		35	34	40	40.5		38.5	38	35	35	31		35.6	10
1967	29	29	33	35.5	39	39	40				33	28		33.9	9
1968	29	33	34	32	38	41	40	40	38	35	31	30		35.1	12
1969		28.5					42	41		37	33	31		35.4	6
1970	28	30	33			39	40	38	37		33	34		34.7	9
1971	31	33	34.5	33	37	40	40	38	37	35	35	31		35.4	12
1972	27	29	33	38	38	40	41	39	38	38	29	29		34.9	12
1973	30	35	34	33	39	39	40	43	40	38	29	33		36.1	12
1974	35	32	35	37	40	42	40	39	37	35	32	29		36.1	12
1975	29	31	31	35	38	42	40	40	39	36	34	31		35.5	12
1976	30	31	34	33	38	42	39	41	37	32	34	31		35.2	12
1977	30	31	34	35	37	40		39	38	35	34	34		35.2	11
1978	29	32	35	35	39	40	41	38	38	36	33	30		35.5	12
1979	26	31	32	34	35	41	41	40	39	37	31	34		35.1	12
1980	30	34	31	37	35	42	40	38	38	37	36	35		36.1	12
1981	35	34	31	34	37	39	39	40	39	35	37	33		36.1	12
1982	31	33	34	39	37	41	41	40	41	37	33	26		36.1	12
1983		30	36	36	39	41	41	38	38	38	33	30		36.4	11
1984	26	31	35	36	40	39	37	38	37	33	35	30		34.8	12
1985			35	35	41	45	41	39	39	40	33	32		38	10
1986	31	36	35	38	37	41	40	40	40	37	37	32		37	12
1987	29	31	32		35	42	41	38	42	38		36		36.4	10
1988	34	36	39		40	41	46	40	44	39	36	31		38.7	11
1989	28	35	36		40	39	41	37	38	38	32	30		35.8	11
1990	32	31	35	37	39	40	39	38	38					36.6	9
1991	25	28	32	33	36	39	41	41	38	33	34	25		33.8	12
1992	24	31	30	38	38	42	39	37	39	37	35	29		34.9	12
1993	30	28	36	38	36	42	39	40	37	39	32	32		35.8	12
1994	31	32	32	39	41	41	41	40	38	37	34	30		36.3	12
1995	30	34	32	36	36	38	42	40	39	38				36.5	10
1996		35	36	38	40		43	41	39		36	33		37.9	9
1997	30	30	35	36	42	43	42	40	39	37	38	29		36.8	12
1998	32	34	33	37	42	43	43.5	40	39	40	33	30		37.2	12
1999	32	33	34	40	42	43	39	42	42	40	38	34		38.2	12
2000	36	33		38	39	42	41	42		38	31	32		37.2	10
2001	32	34	35	36	39	41	41	42	41	34	35	33		36.9	12
2002	31	35	41	42	41	41	41	43	40	39	36	31		38.4	12
2003	34	35	37	38	42	41	43	42	40	39	38	35		38.7	12
2004	28	35	38	38	40		42	42	38	40	35			37.6	10
2005	33	30	33	38	39	42	40	40	41	38	37	30		36.8	12
2006					40	39	38	39	36					38.4	5
2007	30	31	31	33	39	41.5	42	40	40	35	35	29		35.5	12
2008	34	31	38	37	38	39	40	39	34	36	36	32		36.2	12
2009	31	35	39	35	38	40	42	41	41	35	38	29		37	12
2010	30	32	35	32	39	42	43	41	40	39	39	30		36.8	12
2011	29	33	35	35	40	44	43	41	39	40	30	28		36.4	12
2012	30	30	39	35	40	42	39	39	39	38	36			37	11
2013	30	30	33	35	36	39	39	40	40	35	30	27		34.5	12
2014	32	35	33	34	39	42	39	36	39					36.6	9
2015	32	32	32	37	40	41	38	41	39	38	35	33		36.5	12
2016	33	36	37	36	38	43	41	37	39	37	31	39		37.2	12
2017	35	33	37	37	40	38	41	38	37	38	36	33		36.9	12
2018	31	29	39	35	41	41	42	38	36		30	33		35.9	11
2019	31	31	34	35	34	42	40	41	36	38	32	30		35.3	12
2020	28	32	30	35	37	42	42	40	39	38	35	28		35.5	12
2021	27	33	32	38	34	39	34	41	37	37	35			35.2	11
2022	33	32	35	35	41	39	39	38	36	34	28	29		34.9	12
2023	30	32	34	39										33.8	4
MÍNIMA	24	28	30	32	34	38	34	36	34	32	28	25		33.8	4
MÁXIMA	36	36	41	42	42	45	46	43	44	40	39	39		38.7	12
MEDIA	30.2	32.1	34.3	36.2	38.7	40.8	40.4	39.7	38.6	37	34	31.1		36.1	11.1
DESV.ST	2.6	2.2	2.5	2.2	2	1.5	1.8	1.5	1.7	1.9	2.5	2.5		1.2	1.7

TEMPERATURA MÍNIMA PROMEDIO
AÑO	ENE	FEB	MAR	ABR	MAY	JUN	JUL	AGO	SEP	OCT	NOV	DIC	ACUM	PROM	MESES
1961	9.6	7.8	8.5	12.4	14.6	18.2	21.5	22	20	17.7	10.4	8		14.2	12
1962	8.1	8.7	8.1	12.3	12.6	15.6	21.5	22.4	21.4	15.5	11.8	9.4		13.9	12
1963	7.9	7.6	9.1	11.7	14.6	16	21.9	21.6	21.5	17.4	12.2	10.2		14.3	12
1964	5.7	7.2	7.4	10.8	13.5	15.3		20.7	20.1	17.5	11.9	9.8		12.7	11
1965	8.5	8.6	9.6	11.4	11.9	15.4	21.7	22	19.8	15.9		10.5		14.1	11
1966	7.5		9.7	11.6	15.4	18.1		21.9	20.8	14.8	14.6	8.8		14.3	10
1967	6	6.2	9.6	11.9	14.9	17.5	22.1				15.3	8.3		12.4	9
1968	8.6	13.1	15	14.2	17.4	20	21.1	20.6	19.4	16	10.9	8.5		15.4	12
1969		9.4					22	22.9		15.2	14.2	9.1		15.5	6
1970	5.9	8.7	10.2			18.5	21.8	21.9	21		11.3	9.4		14.3	9
1971	7.5	7.5	10.8	9.1	12.3	15.9	21.1	20.9	21.1	15.5	10.9	8.7		13.4	12
1972	6.7	7.6	8.6	11	14.4	16.2	22	21.5	20.1	18.7	11.8	10.5		14.1	12
1973	10.3	9.2	13.6	9.7	15.3	15.2	20.6	20.3	19.1	16.5	11.9	6.9		14.1	12
1974	8.2	6.9	8.6	9.1	10.9	17	18.3	20.9	20.2	15.5	11.6	6.6		12.8	12
1975	7.3	7.5	9.3	9.5	10.8	11.9	13.2	13.5	20.1	14.2	10.3	8.5		11.3	12
1976	7.1	8.6	9.6	10	12.2	18	19.5	21.7	19	15.1	10.7	8.5		13.3	12
1977	8.1	8.6	8.4	10.4	12.1	17.8		21.7	20.4	17.2	11.9	8.8		13.2	11
1978	8.8	8.4	11.9	11.2	12.2	19	22.6	21.2	19.5	17.7	13.1	8.7		14.5	12
1979	7.5	7	8.7	10.5	11.5	17.5	21	20.8	20.8	14.7	10.1	7.4		13.1	12
1980	7.3	11	11	11.1	12.4	20.4	23	21.8	20.4	16.8	11.4	8.9		14.6	12
1981	9.2	9.5	8.5	12.8	12.9	17.1	21.9	22.5	20.2	16.4	11.3	8.8		14.3	12
1982	8.4	8.1	10.1	14.4	11.8	16.1	22.4	22.5	21.4	15.3	12.2	10		14.4	12
1983		8	9.9	9.1	12.2	16.4	21.9	21.3	22	16.8	10.5	7.6		14.2	11
1984	7.2	7.1	9.2	10.6	15	18.3	20.9	20.8	20	14.1	9.1	8.4		13.4	12
1985			10.5	10	13.9	17.1	21.3	21.2	19.7	15.1	12.3	7.9		14.9	10
1986	9.3	8.4	9.9	15.5	13.9	17.4	20.3	22.4	19.4	15.1	13.3	8.7		14.5	12
1987	8.6	9.8	8.7		11.5	14.2	17.1	17.5	12.9	14.5		11.2		12.6	10
1988	9.3	11.1	12.1		13	17.3	19.2	20.4	20.5	16.6	9.2	7.6		14.2	11
1989	6	8.6	9		12.8	13.1	21.1	21.3	21	17	12	7.6		13.6	11
1990	7.2	6.4	9.2	11.7	13.5	20.1	21.3	20.6	20.7					14.5	9
1991	7	8	8.5	8.9	11.2	13.4	17.1	21.6	17.4	12.3	10.8	6.6		11.9	12
1992	6.6	6.8	9.4	10.1	13.7	14.8	20.4	21.7	21.7	15.4	11.6	8.5		13.4	12
1993	10	7.4	9.1	10.3	10.7	17.2	18.8	21.8	18.9	16.3	12.5	9.8		13.6	12
1994	6.9	8.1	9.3	10.6	12	16.6	20.9	22	18	15.5	12.9	9.4		13.5	12
1995	6	10.2	9.6	8.4	12	15.5	20.7	21.8	21.6	15.6				14.1	10
1996		9.2	9.6	11.8	14.3		22.4	22.2	18.8		12	8.6		14.3	9
1997	6.6	6.9	10.8	9.7	15.5	17.9	21.8	22.5	21.7	16.3	9.3	8.2		13.9	12
1998	6.9	7	9.4	10.7	13.5	19.9	22.9	22.1	19.6	17.5	10.1	7.1		13.9	12
1999	7.4	8.5	9.2	10.9	12.2	17.8	12.6	16.8	21.3	16.3	11.1	7.3		12.6	12
2000	7.2	8.2		10.6	12.8	19	21.8	22.1		12.7	7.6	7.2		12.9	10
2001	7	8.8	9.2	8.9	11.2	12.3	18	17.7	15.9	10.7	13.9	10.7		12	12
2002	10.2	12	12.2	13.4	17.7	19	22.7	22.7	23.5	16.5	13.3	10.7		16.2	12
2003	10.9	12.2	12.4	14.3	16.4	16.8	23.4	24.1	22.3	19.1	13.4	11		16.4	12
2004	10.5	11.6	11.8	13.2	15.5		21.5	23.6	23.1	17.9	13.9			16.3	10
2005	11.7	12	11.5	13.3	15.7	18.9	24.5	23.1	23.6	20.1	16.8	11.1		16.9	12
2006					18.2	21.4	23	22.8	20.2					21.1	5
2007	8	7.2	10	11.8	14.5	19.4	21.8	23.7	22.2	17.1	13	10.1		14.9	12
2008	10.4	10.6	11.4	14.2	15.9	20.4	22.7	22.9	21.6	19.2	14.4	11.4		16.3	12
2009	12.1	11.5	12.8	13.8	17.5	19.6	23.4	23.8	22.1	18.3	13.1	10.3		16.5	12
2010	11.2	10.7	11.2	12.6	14.7	17.8	21.8	22.9	22.4	16.7	12.7	10		15.4	12
2011	9	8.9	11.8	13.2	14.9	19	22.5	23.6	22	19.3	13.5	9.9		15.6	12
2012	11.7	10.3	13.1	13	16.2	19.7	22.8	23.9	22.7	17.4	14			16.8	11
2013	10	11.3	13.7	12.5	15.3	18.9	21.5	23.4	19.4	16.2	14.2	11.2		15.6	12
2014	12	11.9	12.7	14.2	17.3	20.4	22.6	21.9	21.2					17.1	9
2015	12.8	12	12.4	14.4	15.1	19.8	21.8	23.1	22.6	18.5	15.2	11.6		16.6	12
2016	9.4	13.9	12.4	13.6	15	19.7	22.9	22.3	20.4	18.5	15.8	13.1		16.4	12
2017	12.3	10.7	13	14.4	14.2	17.8	19.3	23.6	20.8	19.6	15.3	13		16.2	12
2018	11.5	12.7	12.9	14.4	16.1	20	23.4	23.4	22.3		13.3	10.9		16.4	11
2019	11	10.6	12.2	14.6	13.7	18.7	24.1	24.5	22	17.9	16	10.2		16.3	12
2020	9.7	11.9	13	14	16.2	20.5	23.6	24.1	22.8	18.3	16.7	9.9		16.7	12
2021	10.1	10.7	11	13.9	16.4	20.6	23.4	23.8	21.6	18.6	15.9			16.9	11
2022	12.1	8.9	11.3	14.4	15.8	21.3	24.2	24.1	22.6	16.5	12.9	10.3		16.2	12
2023	9.4	11.3	12.7	12.7										11.5	4
MÍNIMA	5.7	6.2	7.4	8.4	10.7	11.9	12.6	13.5	12.9	10.7	7.6	6.6		11.3	4
MÁXIMA	12.8	13.9	15	15.5	18.2	21.4	24.5	24.5	23.6	20.1	16.8	13.1		21.1	12
MEDIA	8.8	9.3	10.6	11.9	14	17.7	21.3	21.9	20.7	16.5	12.5	9.3		14.6	11.1
DESV.ST	1.9	1.9	1.7	1.9	1.9	2.2	2.3	1.9	1.8	1.8	2	1.5		1.7	1.7

TEMPERATURA MÍNIMA EXTREMA
AÑO	ENE	FEB	MAR	ABR	MAY	JUN	JUL	AGO	SEP	OCT	NOV	DIC	ACUM	PROM	MESES
1961	4	4	5	7	8	10	18	20	14	14	4	4		9.3	12
1962	3	4	3	8	9	10	17	21	18	9	6	3		9.2	12
1963	1	4	4	8	10	10	18.5	18	19	13	8	5		9.9	12
1964	2	1	1	6	8.5	10		18	17	11	6	4		7.7	11
1965	3	2	5	6	9	10	19	19	16	12		1		9.3	11
1966	4		3.5	8	11	12		18	18.5	11	9	3		9.8	10
1967	2	2	5	6	10	10	20				8	5		7.6	9
1968	3	7	10	10	14	15	17	16	15	12	3	4		10.5	12
1969		5					19	20		10	9	3		11	6
1970	4	4	6			9	19	20	18		9	4		10.3	9
1971	3	3	3	4	8	10	18	19	18	12	6	3		8.9	12
1972	3	5	4	7	9	12	19	18	15	11	8	4		9.6	12
1973	2	5	2	6	7	10	16	16	15	12	10	4		8.8	12
1974	2	4	5	6	8	10	15	18	16	9	8	1.5		8.5	12
1975	2	3	4	5	7	9	10	8	15	9	7	4		6.9	12
1976	2	3	5	5	6	9	17	18	14	10	8	3		8.3	12
1977	4	5	3	4	8	12		20	17	10	9	4		8.7	11
1978	5	2	6	7	6	10	21	18	15	12	8	5		9.6	12
1979	4	3	4	7	9	9	17	17	16	11	6	3		8.8	12
1980	4	8	6	7	8	16	20	20	18	9	5	3.5		10.4	12
1981	6	5	5	7	10	12	19	19	16	12	5	2		9.8	12
1982	2	3	5	10	8	13	20	20	17	13	9	7		10.6	12
1983		6	6	5	8	12	15	15	20	12	5	4		9.8	11
1984	4	4	3	6	7	9	17	18	15	9	5	5		8.5	12
1985			0	5	9	10	19	19	15	10	7	4		9.8	10
1986	4	3	5	6	10	11	17	20	10	10	7	6		9.1	12
1987	6	6	1.5		7	8	9	8	8	7		4		6.4	10
1988	2	7	9		9	9	12	14	17	11	5	4		9	11
1989	0.5	4	4		6	9	15	18	16	12	9	3.5		8.8	11
1990	3	2	4	8	8	10	12	18	17					9.1	9
1991	3	3	5	5	9	9	14	20	12	10	6	5		8.4	12
1992	4	4	6	5	9	10	14	19	20	10	5	4		9.2	12
1993	6	3	4	6	7	8	12	19	14	10	6	6		8.4	12
1994	1	5	5	7	7	7	17	17	12	10	7	4		8.2	12
1995	3	6	6	4	7	12	15	19	18	9				9.9	10
1996		5	6	8	9		18	15	11		7	3		9.1	9
1997	2	3	4	5	10	10	19	20	18	12	4	4		9.2	12
1998	4	3	5	5	9	12	19	18	13	10	5	2		8.8	12
1999	4	5	4	4	5	11	6	8	12	11	6	4		6.7	12
2000	2	4		5	9	14	18	17		8	5	3		8.5	10
2001	5	5	7	6	7	8	11	11	5	7	6	6		7	12
2002	6	7	10	10	12	13	21	20	20	12	10	7		12.3	12
2003	6	9	9	11	10	12	18	19	15	13	9	5		11.3	12
2004	8	6	10	10	12		18	21	18	14	10			12.7	10
2005	8	7	6	10	12	14	22	20	20	15	10	6		12.5	12
2006					12	17	20	20	16					17	5
2007	5	4	6	7	10	13	19	20	19	10	8	4		10.4	12
2008	5	7	5	10	11	15	20	20	18	15	10	8		12	12
2009	7	8	8	9	11	15	20	22	20	12	9	7		12.3	12
2010	9	8	7	10	10	12	14	19	18	11	8	7		11.1	12
2011	5	5	8	9	11	15	19	22	19	15	10	6.5		12	12
2012	9	7	9	10	12	15	18	20	20	14	11			13.2	11
2013	5	8	9	9	11	13	18	20	15	8	10	6		11	12
2014	8	7	10	10	10	12	20	14	14					11.7	9
2015	10	7	7	11	10	15	17	21	20	11	11	7		12.2	12
2016	6	7	9	9	10	15	20	19	19	11	10	10		12.1	12
2017	6	6	10	11	10	11	17	20	13	15	13	7		11.6	12
2018	7	5	5	11	11	15	21	20	20		10	8		12.1	11
2019	7	5	7	11	11	12	16	23	17	11	10	3		11.1	12
2020	6	4	6	8	13	11	21	21	16	12	10	5		11.1	12
2021	7	7	2	11	11	11	19	20	17	15	10			11.8	11
2022	8	1	7	10	11	15	20	23	20	11	10	6		11.8	12
2023	4	5	7	8										6	4
MÍNIMA	0.5	1	0	4	5	7	6	8	5	7	3	1		6	4
MÁXIMA	10	9	10	11	14	17	22	23	20	15	13	10		17	12
MEDIA	4.5	4.8	5.6	7.5	9.3	11.5	17.2	18.3	16.2	11.2	7.8	4.6		9.9	11.1
DESV.ST	2.2	1.9	2.4	2.2	1.9	2.4	3.2	3.2	3.1	2	2.2	1.8		1.9	1.7

TEMPERATURA MEDIA MENSUAL
AÑO	ENE	FEB	MAR	ABR	MAY	JUN	JUL	AGO	SEP	OCT	NOV	DIC	ACUM	PROM	MESES
1961	16.8	17.3	17.9	22.3	25.8	27.5	29	28.5	26.8	25.7	18.6	16.2		22.7	12
1962	16.2	17.5	17.4	22.7	23	25.8	29.6	30.2	27.6	23.8	20.6	16.9		22.6	12
1963	14.1	15.6	18.8	21.9	25	25.6	29.2	28.4	28.8	25.2	19.4	17.7		22.5	12
1964	14	15.2	16.8	20.6	24.3	25.6		28	27.5	24.8	20	17.5		21.3	11
1965	16.2	16.9	18.4	21.6	22.3	25.2	29.4	28.6	26.8	25		16.9		22.5	11
1966	14.9		19.3	21	25.1	27.7		28.4	27.5	23.3	22.8	16.4		22.6	10
1967	15.2	15.3	18.3	21.6	24.8	26.4	29.4				22.4	15.6		21	9
1968	16	19.5	21.1	21.1	25.6	27.8	28.8	28	27.1	24.1	18.8	17		22.9	12
1969		16.4					29.8	30		23	21.9	17.2		23	6
1970	13.9	17.7	19.5			27.8	28.9	28.8	26.7		20.1	18.2		22.4	9
1971	15.9	16.4	20.8	19	22.5	25.5	28.9	27	27.4	23.3	19.6	16.6		21.9	12
1972	12.8	16.7	19.1	20.9	24	24.9	29.4	28.4	27.4	25	18.1	17		22	12
1973	17.1	17.4	20.2	19.1	24.9	25.1	28.6	28.6	27.4	25.6	18.8	17.3		22.5	12
1974	17	16.8	19	21	22.6	27.2	26.4	28.3	26.1	23.9	19.6	15.1		21.9	12
1975	15.2	15.9	18	20	21.7	24.5	25.5	26	27.2	23.1	19.1	16.7		21.1	12
1976	16.4	17.8	18.4	18.9	22.2	27.6	27.9	28.8	25.9	22	19	16.3		21.8	12
1977	15.8	17.9	17.4	19.9	21.8	27.3		28	27.4	24.8	20.3	18.8		21.8	11
1978	17	17.6	20.7	21.1	22	28	29.4	28.4	26.1	24.5	20	15.3		22.5	12
1979	14.8	15.2	17.4	20.2	20.9	26.9	28.8	28.3	27.1	24.2	18.2	17.3		21.6	12
1980	15.9	19	19	20.8	22	29.1	30.1	28.4	27.8	24.5	20.3	17.9		22.9	12
1981	16.7	18.2	16.9	21	22.6	26.4	29.1	29.4	27.6	23.9	21	18.1		22.6	12
1982	16.8	18	19.6	24.1	21.8	27	29.6	29.9	28.8	24.4	20	16.3		23	12
1983		17.6	18.6	18.7	23.4	26.8	29.5	27.5	28.1	25	18.8	16.4		22.8	11
1984	15.2	16.4	19.4	20.6	25.2	26.9	27.1	27	26.4	21.6	18.9	14.4		21.6	12
1985			18.8	20.1	24.6	27	28.6	28.7	27.5	23.9	20	17.4		23.7	10
1986	18.2	18.1	18.7	24.4	23.4	26.7	28.3	29.7	27.2	23.5	21.5	17.5		23.1	12
1987	17	16.9	17.7		21.2	25.1	27	26	24	23.8		18.3		21.7	10
1988	19.3	19.9	22.4		23.1	27.6	28.9	28.5	28	24.9	18.5	16.2		23.4	11
1989	13.7	17.5	19.2		23.4	22.8	29	28.2	28	24.9	19.8	15.4		22	11
1990	15.2	15.2	18.2	21.8	23.6	28.8	27.6	27.4	27.5					22.8	9
1991	14.4	15.6	16.8	19.2	21.8	24	27.4	29.8	25	21	19.2	13.4		20.6	12
1992	13.1	14.6	17.5	19	23.5	24	28	28.3	28.8	24	19.3	14.4		21.2	12
1993	17.3	15.5	18.6	21.2	20.8	27.4	27	28.6	25.7	25.2	19.8	17.7		22.1	12
1994	16.6	17.6	18.8	21.6	23	26.6	29.4	29	25.7	24.4	20.8	17		22.5	12
1995	14.8	19	19.4	19.8	22.1	24.7	28.6	29	28.1	25				23	10
1996		19.2	19.9	22.4	25.5		30.5	29.1	26		21.2	18.4		23.6	9
1997	15	15.9	21.1	19.7	26.2	27.8	30.5	29.4	28	24.7	18.1	15.5		22.7	12
1998	17	15.9	18.4	21.3	24.5	29.6	30.3	29.2	27.4	26.2	19.6	15.4		22.9	12
1999	16.6	18.4	18.4	21.2	23.8	27.8	22	26.4	28	26.1	21.7	17		22.3	12
2000	18.2	18.9		21.2	23.1	27.9	30.1	29.7		22.1	16.5	17.8		22.6	10
2001	15.8	18	18.8	19.6	23.5	25.4	28.2	28.3	26	19.7	22.9	19.6		22.1	12
2002	18.5	19.9	23.5	25.3	27.9	28.1	30.6	30.8	30.1	24.6	22.1	17.5		24.9	12
2003	19.9	19.8	21.1	23.5	26.4	26.6	31	31	29	26.9	22.6	19.5		24.8	12
2004	16.8	18.1	21.8	22.3	26		30.6	30.8	29	25.2	20.9			24.1	10
2005	18.5	18.4	20	22.5	25.2	28.1	31	29.8	30.4	26.2	23.9	18.4		24.4	12
2006					26	28	28.1	29	26.7					27.6	5
2007	15.8	17	19.4	20.9	23.8	28.2	29.1	29.3	27.2	24.2	21.7	17		22.8	12
2008	17.7	18	20	22.5	23.4	27.5	28.3	27.9	26.2	25.3	22.3	18.2		23.1	12
2009	18.9	19.1	20.5	21.6	25.6	27.6	29.8	29.7	27.8	23.4	20.9	16.4		23.4	12
2010	17.5	18.1	19.4	19.7	23.5	26	29.5	30.3	28.8	24	20.6	17.6		22.9	12
2011	16.3	16.8	21	21.2	23.6	28.6	29	30.4	28.2	26.8	19.2	15		23	12
2012	18.5	17.4	20.3	20.9	25.5	27.5	29.3	28.1	27.5	23.4	21.9			23.7	11
2013	16.2	17	20.9	20.3	23.1	27	27.9	28.7	26.8	22.7	19.5	17.1		22.3	12
2014	19.2	19.2	20.3	21.5	25.5	28.7	27.7	26.8	26.9					24	9
2015	19	19.6	19.1	22.9	23.5	27.2	27.5	29.6	27.6	25	22	17.6		23.4	12
2016	17.5	21.1	20.4	21.9	23.8	27.7	29.2	26.9	26.7	25.6	21.2	21.9		23.7	12
2017	18.8	17.6	21.2	23.4	23.3	25	28	28.7	25.8	26.1	23.1	19.4		23.4	12
2018	18.4	17.8	20.8	21.6	25.3	26.3	28.5	27.4	27.4		20.2	17.6		22.8	11
2019	17.6	17.4	20.8	21.6	21	27.3	29.4	29.5	26.6	23.5	21.1	15.8		22.6	12
2020	16.2	18	18.5	20.4	23.4	28.3	29.4	27.8	27.4	25	22.7	15.6		22.7	12
2021	15.5	17.4	18.6	22.9	23.2	27	27.6	28.4	27	25	23.6			23.3	11
2022	18.4	17.6	20	22.6	23.8	28.8	29.2	29.5	26.2	23.1	18.2	16.6		22.8	12
2023	16.4	17.9	20.3	20.8										18.9	4
MÍNIMA	12.8	14.6	16.8	18.7	20.8	22.8	22	26	24	19.7	16.5	13.4		18.9	4
MÁXIMA	19.9	21.1	23.5	25.3	27.9	29.6	31	31	30.4	26.9	23.9	21.9		27.6	12
MEDIA	16.5	17.5	19.4	21.2	23.7	26.9	28.8	28.7	27.3	24.3	20.4	17		22.7	11.1
DESV.ST	1.6	1.4	1.4	1.4	1.6	1.4	1.4	1.1	1.1	1.4	1.6	1.5		1.2	1.7
