COMISIÓN NACIONAL DEL AGUA
COORDINACIÓN GENERAL DEL SERVICIO METEOROLÓGICO NACIONAL
BASE DE DATOS CLIMATOLÓGICA NACIONAL 

ESTADÍSTICA MENSUAL
EMISIÓN   : 25/10/2024 

DATOS DISPONIBLES EN LA BASE DE DATOS A: OCTOBER DE 2024; 
CON LA INFORMACIÓN SUMINISTRADA POR LAS UNIDADES ADMINISTRATIVAS 

 ESTACIÓN  : 3067 
 NOMBRE    : YENEKA 
 ESTADO    : BAJA CALIFORNIA SUR 
 MUNICIPIO : LOS CABOS 
 SITUACIÓN : OPERANDO 
 CVE-OMM   :   
 LATITUD   : 23.27083333 ° 
 LONGITUD  : -109.7791667 ° 
 ALTITUD   : 160 msnm 


LLUVIA MÁXIMA 24 H.
AÑO	ENE	FEB	MAR	ABR	MAY	JUN	JUL	AGO	SEP	OCT	NOV	DIC	ACUM	PROM	MESES
1961					0	0	48	53	41.5	39	0	16.5	198	24.8	8
1962	0.01	0	0	0	0	0	0.01	34.5	126	32	0.01	10.5	203.03	16.9	12
1963	0.01	0	0	0	0	0	20.5	49.5	42	22.5	0.4	4	138.91	11.6	12
1964	0.01	0	0	0	0	0	31	65	64	70	0	0.01	230.02	19.2	12
1965	0	2	1	0	0	0	0.5	70	62.5	0	0	17	153	12.8	12
1966	4	5.7	0	0	0	0	23.5	34.5	61.5	0	9.5	1.5	140.2	11.7	12
1967	9	0	0	0.01	0	0	0	240	28	10.5	1.5	4	293.01	24.4	12
1968	42.5	29	16	0	0	0	0	40	13.4	14	8.5	6.5	169.9	14.2	12
1969	0	0			0	0	40	19		30	0	45	134	14.9	9
1970	8.5	8.5	0	0	0	0	49	22	43	0	9.5	0	140.5	11.7	12
1971	0	0	0	0	0	0	0	44.5	46.5	30	0	4	125	10.4	12
1972	20.5	0	0	0	4.5	0	5.5	50.5	51.5	67.5	4.5	60	264.5	22	12
1973	3.5	30.5	0	0	0	0	0	50	49	10	0	0	143	11.9	12
1974	0	0	0	0	0	0	56.5	22.5	14.5	12.5	112	20	238	19.8	12
1975	16.5	13.5	0	0	0	0	67	26.5	29	0	0	0	152.5	12.7	12
1976	0	0	0	0		0	42	35	180	34	15	11	317	28.8	11
1977	1.5	0	0	0	0	0	4.5	260	7.5	38.5	10	9.5	331.5	27.6	12
1978	1	0	0	0	0	0	60.5	29	109	22	0	9	230.5	19.2	12
1979	13	6	0	0	5	0	29	67	100	0	0	0	220	18.3	12
1980	0	0	0	0	0	0	1	9.2	40	7.5	0	0	57.7	4.8	12
1981	34.5	0	1	0	0	0	8	96	80	167	0	0	386.5	32.2	12
1982	0	0	0	0	0	0	11	40	38	0	0	0	89	7.4	12
1983	1	0	7	0	0	0	40	60	56	18	2.5	5	189.5	15.8	12
1984	33		0	0	0	0	26	26	50	18	0	26	179	16.3	11
1985	45	0	0	0	0	0	20	40	36	60	0	0	201	16.8	12
1986	0	10.5	0	9	0	0	16.5	64	30	54.5	0	0	184.5	15.4	12
1987	5	0.01	0	0	0	0	60	16.5	20	52	25	16	194.51	16.2	12
1988	0	0	0	0	0	20	20	9.5	20	10	0	0	79.5	6.6	12
1989	53	0		0	0	0	35	93		0	33	34	248	24.8	10
1990	0	0	0	0	0	0	64	26	50				140	15.6	9
1991	0	5.5	0	0	0	0	0	16	168	60	20	20	289.5	24.1	12
1992	15	0			0	0	0.01	80	60	15		20	190.01	21.1	9
1993	15.5	0	0	0	0	0	0	64	90	20	175	0	364.5	30.4	12
1994	0		0	0		0	0	36	20		18.5	20	94.5	10.5	9
1995	0	0	0	0	0	0	0	9	194	0	0	2	205	17.1	12
1996	0	0	0	0	0	0	0	60	130	2	17	0	209	17.4	12
1997	27	4		0	0	0	72	28.5	160	20			311.5	34.6	9
1998	0	0	0	0	0		4	40	360	25			429	47.7	9
2000	0	0	0	0	0	8				0	0	0	8	0.9	9
2001	0	0	0	0	0	0	0	6	360	0	0	1	367	30.6	12
2002	0	0	0	0	0	0	0	0	50	20	20	0	90	7.5	12
2003	0	10	0	0	0	0	10	200	330	0	0	0	550	45.8	12
2004	90	0	0	0	0	0		23	65	21	0	0	199	18.1	11
2005	10	55	0	0	0	0		30	30	0	0	0	125	11.4	11
2006	0	0	0		0	0	125	20	170		0	5	320	32	10
2007	0	0	0	0	0	20	0	60	164	0	60	5	309	25.8	12
2008	0	0	0	0	0	0	10	42	30	0	0	3	85	7.1	12
2009	0	0	0	0	0	20	40	60	40	60	0	0	220	18.3	12
2010	0	0	0	0	0	0	20	20	50	0	0	0	90	7.5	12
2011		0	0	0	0	0	0	20	10	0	10	0	40	3.6	11
2012	0	0	0	0	0	0			35	20	0	20	75	7.5	10
2013	0	0	0	0	0	0	15	30	30	20	0.01	0	95.01	7.9	12
2014	0	0	0	0	0	0	20	60	230	30	20	0	360	30	12
2015	20	0	0	0	0	35	8		90	0	0	0	153	13.9	11
2016	0	0	0			0	30	20	90	20	10	0	170	17	10
2017		3			0	0	10	420	40	0	0	3	476	52.9	9
2018	0	0	0	0	0	70	22	20	60	0	0	0	172	14.3	12
2019	0	0	0			0	0	120	35	90	180	0	425	42.5	10
2020	2	20	0	0	0	0	0	100	10		0	0	132	12	11
2021	0	0	0	0	0	0	0	100	120	32	0	0	252	21	12
2022	0	0	0	0	0	0	15	0	0	0	0	0	15	1.2	12
2023	0	0	0	0	0	0	21	59	3	163	0	0	246	20.5	12
2024	0	0	0	0	0								0	0	5
MÍNIMA	0	0	0	0	0	0	0	0	0	0	0	0	0	0	5
MÁXIMA	90	55	16	9	5	70	125	420	360	167	180	60	550	52.9	12
MEDIA	7.9	3.4	0.4	0.2	0.2	2.8	20.7	58.2	79.9	24.8	13.1	6.8	203.8	18.4	11.2
DESV.ST	16.5	9.3	2.3	1.2	0.9	10.7	25	69.4	82	34.5	35.9	11.9	115.4	11.1	1.4

LLUVIA TOTAL MENSUAL
AÑO	ENE	FEB	MAR	ABR	MAY	JUN	JUL	AGO	SEP	OCT	NOV	DIC	ACUM	PROM	MESES
1961					0	0	61.5	88.5	104.5	55	0	30	339.5	42.4	8
1962	0.01	0	0	0	0	0	0.01	53.5	506	57.7	0.01	14.53	631.76	52.6	12
1963	0.03	0	0	0	0	0	56.02	218.5	136	53	0.62	6.03	470.2	39.2	12
1964	0.01	0	0	0	0	0	38.22	104.5	139.82	201	0	0.02	483.57	40.3	12
1965	0	3	1	0	0	0	0.5	216.9	123.5	0	0	28.2	373.1	31.1	12
1966	5	5.7	0	0	0	0	41.5	96.02	99.41	0	9.5	1.5	258.63	21.6	12
1967	9.21	0	0	0.01	0	0	0	366.61	87	10.5	1.5	9.6	484.43	40.4	12
1968	44.02	63.7	23	0	0	0	0	84.9	34.4	14	8.5	6.5	279.02	23.3	12
1969	0	0			0	0	41.5	39.5		50	0	45	176	19.6	9
1970	8.5	11	0	0	0	0	81.5	50	186.5	0	17.5	0	355	29.6	12
1971	0	0	0	0	0	0	0	140.6	138	50.5	0	4	333.1	27.8	12
1972	25	0	0	0	4.5	0	9	175	225	119.5	4.5	63.5	626	52.2	12
1973	5	37	0	0	0	0	0	116.5	93.7	10	0	0	262.2	21.9	12
1974	0	0	0	0	0	0	187.8	66	53.5	26	211.5	35	579.8	48.3	12
1975	23.5	13.5	0	0	0	0	161.5	37.5	112.5	0	0	0	348.5	29	12
1976	0	0	0	0		0	68	62	317.5	65.5	35	16.5	564.5	51.3	11
1977	1.5	0	0	0	0	0	4.5	379.5	14	112.3	10	9.5	531.3	44.3	12
1978	1	0	0	0	0	0	73.5	81	193.5	65	0	14.5	428.5	35.7	12
1979	23	9	0	0	5	0	52.6	80.5	226	0	0	0	396.1	33	12
1980	0	0	0	0	0	0	1	21.2	59	23	0	0	104.2	8.7	12
1981	62.1	0	1	0	0	0	11	128	120.5	228	0	0	550.6	45.9	12
1982	0	0	0	0	0	0	20	60	114	0	0	0	194	16.2	12
1983	1	0	11	0	0	0	112.5	66.2	198	27.5	3.5	5	424.7	35.4	12
1984	78		0	0	0	0	115.5	82.5	129.5	18	0	51	474.5	43.1	11
1985	51	0	0	0	0	0	26.5	81	124	60	0	0	342.5	28.5	12
1986	0	10.5	0	9	0	0	27.51	207.01	61	119.5	0	0	434.52	36.2	12
1987	5	0.01	0	0	0	0	100	46.5	49.2	79	38.5	20.5	338.71	28.2	12
1988	0	0	0	0	0	20.01	20.01	22.5	30.5	10	0	0	103.02	8.6	12
1989	54	0		0	0	0	35	216		0	38.5	38	381.5	38.1	10
1990	0	0	0	0	0	0	153	71.6	58				282.6	31.4	9
1991	0	5.5	0	0	0	0	0	16	396.5	75	43	23	559	46.6	12
1992	43.5	0			0	0	0.01	125	130	15		22	335.51	37.3	9
1993	15.5	0	0	0	0	0	0	163	383.2	40	350	0	951.7	79.3	12
1994	0		0	0		0	0	102.5	41.5		28	26	198	22	9
1995	0	0	0	0	0	0	0	14.5	280	0	0	2	296.5	24.7	12
1996	0	0	0	0	0	0	0	192	269	2	17	0	480	40	12
1997	53.5	4		0	0	0	115	69	350	39.5			631	70.1	9
1998	0	0	0	0	0		6	99	473	25			603	67	9
2000	0	0	0	0	0	8				0	0	0	8	0.9	9
2001	0	0	0	0	0	0	0	9	859.5	0	0	1	869.5	72.5	12
2002	0	0	0	0	0	0	0	0	100	54	30	0	184	15.3	12
2003	0	10	0	0	0	0	10	546	555	0	0	0	1121	93.4	12
2004	120	0	0	0	0	0		58	160	76	0	0	414	37.6	11
2005	10	80	0	0	0	0		101	50	0	0	0	241	21.9	11
2006	0	0	0		0	0	288	80	323		0	8	699	69.9	10
2007	0	0	0	0	0	30	0	140	374	0	60	5	609	50.8	12
2008	0	0	0	0	0	0	10	132	115	0	0	3	260	21.7	12
2009	0	0	0	0	0	20	40	190	80	105	0	0	435	36.2	12
2010	0	0	0	0	0	0	20	50	110	0	0	0	180	15	12
2011		0	0	0	0	0	0	100	25	0	10	0	135	12.3	11
2012	0	0	0	0	0	0			160	35	0	30	225	22.5	10
2013	0	0	0	0	0	0	15	95.02	125.02	65.02	0.01	0	300.07	25	12
2014	0	0	0	0	0	0	75	129	601	70.03	20.01	0	895.04	74.6	12
2015	45	0	0	0	0	65	8		155	0	0	0	273	24.8	11
2016	0	0	0			0	50	55	175	30	10	0	320	32	10
2017		3			0	0	15.01	583	105	0	0	3	709.01	78.8	9
2018	0	0	0	0	0	90	27	40	230	0	0	0	387	32.2	12
2019	0	0	0			0	0	173	111.01	120	305	0	709.01	70.9	10
2020	3	20	0	0	0	0	0	223.01	10		0	0	256.01	23.3	11
2021	0	0	0	0	0	0	0	281	210	63	0	0	554	46.2	12
2022	0	0	0	0	0	0	25	0	0	0	0	0	25	2.1	12
2023	0	0	0	0	0	0	43	116	3	249	0	0	411	34.2	12
2024	0	0	0	0	0								0	0	5
MÍNIMA	0	0	0	0	0	0	0	0	0	0	0	0	0	0	5
MÁXIMA	120	80	23	9	5	90	288	583	859.5	249	350	63.5	1121	93.4	12
MEDIA	11.5	4.6	0.6	0.2	0.2	3.8	38.7	124.4	181.3	43.4	21.6	8.8	409.9	36.6	11.2
DESV.ST	23.6	14.1	3.4	1.2	0.9	14.8	56	115.5	165.6	56.3	65.7	14.7	225.4	20.3	1.4

EVAPORACIÓN MENSUAL
AÑO	ENE	FEB	MAR	ABR	MAY	JUN	JUL	AGO	SEP	OCT	NOV	DIC	ACUM	PROM	MESES
1961					189.6	275.2	223.8	164.1	160.6	107.1	82.3	77.6	1280.3	160	8
1962	87.5	111.1	154	188.4	208	211.5	252	224.5	100.4	117.6	77	70	1802	150.2	12
1963	60.3	105.1	140.2	180.9	216.9	219	235.4		142.8	203.3	87.6	76.7	1668.2	151.7	11
1964	80.8	130.1	151.8	191.4	224.6	233.6	251.3	183.6	167.2	106.3	81.6	61.4	1863.7	155.3	12
1965	79.8	88.4	168.1	184.5	218.9	236.9	239.5	156.7	115.6	127.4	111.8	97.6	1825.2	152.1	12
1966	77.1	104.4	176.2	202.4	229.9	253.9	217.7	164.5	134.4	129.4	91.7	77.2	1858.8	154.9	12
1967	99	113	190.2	194.4	225.8	264.3	268.7	122	123.5	108.4	98.2	68.8	1876.3	156.4	12
1968	89.1	99.8	100.5	142	223.7	236.7	250.7	188.7	178.8	152.7	95.6	68.3	1826.6	152.2	12
1969	88.9	89.4			219.1	208.2	222.5	190.1		105.3	89.1	71.3	1283.9	142.7	9
1970	71.3	97.7	141.5	186	231.3	226.5	186.7	196.8	131.5	135.3	117.1	64.5	1786.2	148.8	12
1971	77.5	111.2	199.5	211.2	196.8	222.5	237.2	214	208.6	145.3	133.8	108.5	2066.1	172.2	12
1972	96.3	130.1	171.5	196.5	201.5	236	236	243.2	179.5	167.6	122.6	142	2122.8	176.9	12
1973	103.4	94.1	125.6	153.9	217.6	236	283.5	242.4	236.9	205.7		10.1	1909.2	173.6	11
1974	99.7	121.4	157.5	226.7	217.6	253.6	228.7	178.5	135.9	159.5	110	81.1	1970.2	164.2	12
1975	63.8	85	160.1	183.1	215.7	227.1	225.5	193.2	155.6	167.2	108.6	88	1872.9	156.1	12
1976	95.1	130.5	169	178.9		262.8	264	226.2	126.6	126.6	100.2	55.7	1735.6	157.8	11
1977	70.3	130.7	171.9	212.8	222.5	284.7	262.9	188.9	179.7	152.6	115.9	98.1	2091	174.2	12
1978	102.1	111.8	192.6	209.5	235.2	261.4	225	229.7	183.3	124.5	101.5	84	2060.6	171.7	12
1979	74	101.8	161.9	210.7	232.1	256.3	246.4	224.7	147.5	190.3	124.9	93	2063.6	172	12
1980	99.8	138.3	167.1	208.9	224.2	280.8	276.4	174.6	185.2	142.6	119.5	104.4	2121.8	176.8	12
1981	77.2	100.3	146.3	203.2	222.1	150.7	235.1	206.2	150.4	116.2	118	86.9	1812.6	151.1	12
1982	95.9	121	159.3	193.8	227.2	265.7	200.2	211.5	229.4	122.9	78.2	39	1944.1	162	12
1983		118.2	180.7	206.3	288.7	277.7	225.1	139.3	123.8	128.3	106.4	111.2	1905.7	173.2	11
1984	68.6		185	209.1	270.3	261.9	174.8	132.9		133.1	104.1		1539.8	171.1	9
1985	5.5	97.7	168	194.9	250.2	267.3	195.1	175.7	168.1	146.6	90.6	112	1871.7	156	12
1986	140.4	127.3	182	197	235.3	249.4	222	178.2	131.6	102.1	111	91.6	1967.9	164	12
1987	103.9	108.2	173.7	225.7	265.3	295.8	289.1	189.6	185.8	121.4	123.3	71.6	2153.4	179.4	12
1988	112.2	141.3	189.9	181.1	245.7	303	310.3	276.7	252.5	158.6	105.3	89.8	2366.4	197.2	12
1989	86.6	115.6		255.4	268.7	285.7	255.8	128.5				92.5	1488.8	186.1	8
1990	92.8	90.6	193.9	244.3	290.5	282.6	180.4	184.4	158.4				1717.9	190.9	9
1991	81.6	107.2	209.9	247.8	304.3	294.1	265	231.4	129	139.2	79.7	63	2152.2	179.3	12
1992	52.8	89.1			272.9	246.5	292.2	183.8	163.6	138.4		68	1507.3	167.5	9
1993	78.1	122.9	161.4	231.1	249.3	265.3	243	198.7	120.5	138.7	74.6	63.1	1946.7	162.2	12
1994	73.2		150	193		303.5	326.8	200.4	185.2		75.9	74.3	1582.3	175.8	9
1995	10.3	9.1	14.1	20.78	23.42	28.18	26.18	3.13			8.6	9.73	153.52	15.4	10
1997	7.62	5.71		14.33									27.66	9.2	3
1998								10.16	7.84	15.51			33.51	11.2	3
2000	17.47	66.28	147.47	238.27	272.58	231.81						101.4	1075.28	153.6	7
2001	103.36	109.16	127.47	210.66	223.14		276.32						1050.11	175	6
MÍNIMA	5.5	5.71	14.1	14.33	23.42	28.18	26.18	3.13	7.84	15.51	8.6	9.73	27.66	9.2	3
MÁXIMA	140.4	141.3	209.9	255.4	304.3	303.5	326.8	276.7	252.5	205.7	133.8	142	2366.4	197.2	12
MEDIA	78.4	103.5	160.3	192.3	230.3	247.1	237.5	181.6	156.2	135.5	98.2	78.6	1676.5	153.8	10.5
DESV.ST	29.5	29.2	34.9	49.8	45.3	48.8	50	55.3	45.2	34.5	23.5	26.4	551.2	43.3	2.4

TEMPERATURA MÁXIMA PROMEDIO
AÑO	ENE	FEB	MAR	ABR	MAY	JUN	JUL	AGO	SEP	OCT	NOV	DIC	ACUM	PROM	MESES
1961					36.6	37.1	35.8	35.1	34.5	34.4	29.4	26.6		33.7	8
1962	26.5	28.4	28.7	34.1	34.8	35.6	37.4	36.7	32.4	32.1	31.9	26.9		32.1	12
1963	25.5	20.5	26.1	32.4	35.6	36.4	34.7	34.6	35.1	34	29.4	26		30.9	12
1964	24.1	25.1	27	31.4	34.3	34.7	36	34.6	34.1	31.4	28.8	26.4		30.7	12
1965	26.1	24.4	28.1	31.1	33.5	35.5	36.6	33.4	33.6	33.6	31.8	25.7		31.1	12
1966	24.3	25.5	29.6	31	34.5	36.7	35.9	34.2	33.4	33.2	31.4	26.2		31.3	12
1967	26.4	28.8	30.8	31.8	34.6	36	36.1	34.8	33.2	32.4	31.7	25.2		31.8	12
1968	25.8	26.7	27.1	30.4	33.4	33.3	34.9	34.3	34.6	34	30.1	25.9		30.9	12
1969	28.5	26			33.3	34	36	36.2		32.6	30.2	26.3		31.5	9
1970	26.6	26.5	28.5	31.4	33.7	35.3	34	34.5	32.5	32.8	30.2	28.1		31.2	12
1971	27	27.4	31	30.3	33.9	35.5	36.1	33.6	32.5	31.7	29.2	25.6		31.1	12
1972	25.2	28.7	32.3	33	34	34.7	36.4	34.6	34.7	32.8	27.4	27.9		31.8	12
1973	25.3	26.5	27	31.2	35.4	37.1	38.2	36	36.2	34	30.9	28.3		32.2	12
1974	24.3	27.7	29	35.5	35	37.7	34.6	35.5	33.7	33.9	28.8	23.9		31.6	12
1975	24.5	26.4	29.5	31.9	33.2	35.6	35.4	35.5	34.5	33.7	29.8	27.7		31.5	12
1976	27.2	28.5	29.5	32.3		38.6	37.2	38	33.9	30.9	28.7	26.3		31.9	11
1977	25.3	30	28.6	32.6	34.2	37.5	37.9	36.1	35.6	32.9	30.7	30.7		32.7	12
1978	28.1	28.3	32.4	34.2	35.1	38.4	37.2	37	33.1	31.7	30.3	27.2		32.8	12
1979	24.9	26.9	29.6	32.4	34.4	37.9	38.8	37.6	34.7	35.6	29.9	26.5		32.4	12
1980	27.1	30.1	30.3	33.4			39.7	37.3	38.4	36.1	32.5	30.5		33.5	10
1981	26.9	29.5			34.9	37.3	37	36.5	35.8	33.9	32	29.6		33.3	10
1982	27.2	30.9	32	37.6	37.5	41.2	39.6	39.4	38.2			28		35.2	10
1983	27	29.6	30.3	33.6	38.6	40.3	37	35.5	34.5	34.8	31	30.4		33.5	12
1984	26.5		34.4	34.8		39.9	35	34.8	33.1	32	29.5	28.3		32.8	10
1985	25.2	27.6	31.4	34.2	38.8	39.9	39.4	35.5	34.1	32.2	29.2	28.8		33	12
1986	28.7	28.8	31.9	35.7	35.3	34.5	37.1	36.9	34.5	31.2	29.7	26.4		32.6	12
1987	26.4	26.5	29.2	33	36.6	39.1	40.5	38.4	36.7	34.3	31.1	26.2		33.2	12
1988	27	29.1	31	31.1	35.6	39.8	39.8	37.3	38.9	36.8	31.9	30.2		34	12
1989		25.3		38	38.2			36.3		35.8	32			34.3	6
1990							35.7	36.5	35.9					36	3
1991	25.1	29.7	32.7	35	36.5	38.5	36.5	37.6	34	32.6	27.8	23.6		32.5	12
1992	22.8	25.5			37.9	38.7	37.5	35	35.2	33.6		23.8		32.2	9
1993	25.1	24.6	30.5	28.3	29.5	30.7	36.6	33.9	33.5	32.4	27.5	25		29.8	12
1994	26		30.8	33.1		39.3	38.9	36.7	37.1		29.7	25.8		33	9
1995	26.6	29.1	30.2	31.1	32.7	37.7	37.4	34.7	34.2	33.4	30.6	26.8		32	12
1996	26.3	28.9	28	34.9	36.9	37.1	36.9	34.2	31.1	33	29.6	26.1		31.9	12
1997	24.3	26.9		32	34.2	36.8	36.7	36.4	33.1	31.9				32.5	9
1998	27.2	26.9	29	27.8	29		36.5	35	32.7	31				30.6	9
2000	28.4	30.4	31.7	36.9	36.7	34.7				32	26.7	25.8		31.5	9
2001	32.5	34.1	30.9	35.9	37.5	40.7	42	41.8	40.1	39.2	35.3	30.5		36.7	12
2002	25.9	24.7	25.4	29.9	32.1	37	39	35.1	34.8	32.4	27.2	24.6		30.7	12
2003	25.8	26.1	26.6	29.2	29.2	34.8	35.2	34.5	38.5	33.7	25.5	26.6		30.5	12
2004	27.9	28	30.9	30.7	31.4	34.8		39.6	39.9	39.5	28.9	26.6		32.6	11
2005	27.3	26	27.5	27	27.5	35.6		36.5	35.1	33.1	27.7	25.8		29.9	11
2006	27.4	29.6	33.3		39.7	42	41.5	39	39.7		35.2	30.1		35.8	10
2007	31.5	31.6	33.2	34.1	37.3	42.5	41.7	36.5	43.5	34.8	30.2	31.9		35.7	12
2008	28.7	30.1	30	33.2	37.4	41.8	44.8	44.2	43.4	42.1	40.5	27.2		37	12
2009	15.7	15	23.3	33.7	37.4	40.7	44.6	40.9	43.1	40.2	33	22.2		32.5	12
2010	14.4	16.7	17.4	19.5	33.4	39.1	40.6	44.1	45.3	40.7	29.8	20.5		30.1	12
2011		13.7	23.8	35.9	37.6	42.3	44.2	43.9	44.5	43.1	27.7	17.2		34	11
2012	23.2	21.9	22.5	30.7	37.7	41.1			42.2	36.3	26.9	21.7		30.4	10
2013	21.6	23.4	30.5	32.8	35.4	39.6	39.8	41.6	43.2	40.6	32.8	22.4		33.6	12
2014	17.5	20.6	29.2	35.7	36.5	36.7	40.5	44.4	37.6	39	35.8	20		32.8	12
2015	23.5	22.9	24.3	30.4	35.8	37.3	38		36.6	35.9	34.4	25.9		31.4	11
2016	19.9	13.3	18.7			35.6	38.6	38.2	34.5	36.1	33.7	27.2		29.6	10
2017		29.4			34	36.4	38.2	39.3	36.8	35.8	34.2	21.9		34	9
2018	17.2	23.6	29	34.4	37.1	37.9	41	39.4	38.5	37.7	32.6	18.9		32.3	12
2019	12.1	12.6	16.6			37.6	39.3	39.3	36.7	36.3	30.6	21.5		28.3	10
2020	24.3	24.1	29.9	33	34.9	37.1	39.7	41.7	40.7		33.4	24.5		33	11
2021	10.8	14.9	17.1	32.5	36.9	36.3	38	38.8	40.2	37.8		18.4		29.2	11
2022	17.7	20.8	22.7	28.1	36	36.8	38.3	39.2	34.6	26	19.5	15.6		27.9	12
2023	15.8	20.3	25.5	32.7	35.1	35.3	38.4	39.7		36.8	34.3	24.4		30.8	11
2024	15.9	11.2	18.9	24.8	35.9									21.3	5
MÍNIMA	10.8	11.2	16.6	19.5	27.5	30.7	34	33.4	31.1	26	19.5	15.6		21.3	3
MÁXIMA	32.5	34.1	34.4	38	39.7	42.5	44.8	44.4	45.3	43.1	40.5	31.9		37	12
MEDIA	24.4	25.4	28.1	32.3	35.1	37.5	38.1	37.3	36.4	34.6	30.5	25.7		32.1	10.9
DESV.ST	4.5	5.1	4.3	3.2	2.5	2.4	2.5	2.8	3.5	3.2	3.1	3.4		2.3	1.8

TEMPERATURA MÁXIMA EXTREMA
AÑO	ENE	FEB	MAR	ABR	MAY	JUN	JUL	AGO	SEP	OCT	NOV	DIC	ACUM	PROM	MESES
1961					40	40.5	39	40.5	36.5	38.5	33	31		37.4	8
1962	30	32	33.5	39	39.5	40.5	40	39	37	38.5	38.5	30.5		36.5	12
1963	33.5	26	31.5	38.5	39	39.5	38.5	38.5	38	40.5	34	30.5		35.7	12
1964	28.5	29	31.5	35.5	37.5	38.5	40	37	37	34.5	34.5	29.5		34.4	12
1965	31	29	38.5	36.5	37.5	38.5	39.5	39.5	37.5	36	34.5	30.5		35.7	12
1966	29.5	30	34.5	39.5	37	40	39.5	36.5	35.5	35.5	39.5	31.5		35.7	12
1967	31.5	32.5	35.5	35	38.5	38	39	39.5	37	35.5	34.5	29		35.5	12
1968	29.5	31.5	35	35.5	36	37.5	38.5	38.5	37.5	36.5	34.5	29.5		35	12
1969	31.5	31.5			39.5	36.5	40.5	40		35.5	34.5	30.5		35.6	9
1970	31.5	29.5	32.5	34	36.5	37.5	37.5	38.5	36.5	34.5	33	33		34.5	12
1971	32.5	32.5	36	36.5	37.5	39	38.5	37.5	35.5	35	34.5	32		35.6	12
1972	29.5	33	36	36.5	37.5	39	39	38.5	36.5	36.5	31	36.5		35.8	12
1973	30.5	34	31.5	35.5	40	40.5	42	40.5	41.5	36.5	35	33.5		36.8	12
1974	28.5	35	34.5	39	38.5	41.5	40	38.5	37.5	36.5	33.5	29		36	12
1975	29	30.5	36.5	36.5	37.5	40.5	39.5	37.5	37.5	36.5	33	36		35.9	12
1976	31.5	31.5	33	37		42	40	40.5	37	34	32.5	29.5		35.3	11
1977	29	34	32	39	39	41.5	40	41	39	36	34	32.5		36.4	12
1978	31	33	37.5	38	40	41	40.5	40	39	39	32	36		37.2	12
1979	29	31.5	35	39.5	37	42	43	41	39	38	35	32		36.8	12
1980	30	34	34.5	40			43	42	42	41	37.5	34		37.8	10
1981	32	34			41	40	41	42	38.5	37.5	34.5	35		37.5	10
1982	32	36	36	41	41.5	42.5	44	43	44			31.5		39.1	10
1983	30	35	37	38	42	43	41.5	39	39	38	35	35		37.7	12
1984	30		39	39		41	43	40	37.5	35.5	34.5	31.5		37.1	10
1985	28	34	36	40	43	43	42	39	38	35	36	36		37.5	12
1986	32	34	38	40	40	40.5	41	41.5	39.5	36	34	31.5		37.3	12
1987	34	30.5	33.5	40	39.5	43.5	42.5	41	41	38.5	35.5	29.5		37.4	12
1988	31.5	33	38.5	37.5	41	42	42	42	42	40.5	38	36		38.7	12
1989		33		42	40			44		41	37			39.5	6
1990							42	39	38					39.7	3
1991	30	33	37	37	40	42	40	40	40	36	32	28		36.2	12
1992	28	28			41	41	41	39	40	37		29		36	9
1993	28	32	38	34	35	34	42	40	39	36	32	29		34.9	12
1994	30		35	37		41	41	41	40		33	30		36.4	9
1995	32	33	33	35	36	41	39	39	38	37	34	33		35.8	12
1996	33	31	29	39	39	39	39	38	35	39	33	29		35.2	12
1997	29	29		38	39	39	39	38	38	35				36	9
1998	30	30	31	29	30		41	38	35	34				33.1	9
2000	30	32	36	39	38	40				34	32	29		34.4	9
2001	37	37	36	39	40	44	45	43	45	41	40	37		40.3	12
2002	30	27	30	34	38	40	40	36	40	38	34	30		34.8	12
2003	29	29	31	32	31	39	38	40	43	40	31	33		34.7	12
2004	35	31	35	33	33	39		42	43	43	36	30		36.4	11
2005	31	30	29	29	31	41		41	38	37	35	29		33.7	11
2006	31	33	37		42	43	45	42	42		37	33		38.5	10
2007	33	37	37	35	43	44	45	41	47	38	37	36		39.4	12
2008	31	32	33	36	42	44	47.7	46	45	44	42	33		39.6	12
2009	20	16	29	38	40	44	47	44	46	43	37	28		36	12
2010	16	19	19	21	38	43	42	46	46	46	37	22		32.9	12
2011		20	25	38	39	44	46	46	46	45	36	20		36.8	11
2012	24	24	24	34	40	42			45	40	39	27		33.9	10
2013	24	28	33	34	39	41	44	44	45	45	37	26		36.7	12
2014	25	24	36	37	38	40	46	46	41	40	40	29		36.8	12
2015	29	25	27	34	37	39	42		38	38	37	30		34.2	11
2016	22	23	26			37	41	42	39	39	36	31		33.6	10
2017		33			35	38	40	41	39	37	35	24		35.8	9
2018	22	25	33	36	38	39	45	40	40	40	34	20		34.3	12
2019	13	14	18			38	40	40	38	37	35	22		29.5	10
2020	26	27	32	35	37	39	42	45	44		36	35		36.2	11
2021	12	17	18	36	37	38	39	40	41	40		20		30.7	11
2022	20	21	24	35	37	37	39	40	36	29	21	18		29.8	12
2023	21	28	29	35	38	41	42	42		39	35	27		34.3	11
2024	18	12	23	28	40									24.2	5
MÍNIMA	12	12	18	21	30	34	37.5	36	35	29	21	18		24.2	3
MÁXIMA	37	37	39	42	43	44	47.7	46	47	46	42	37		40.3	12
MEDIA	28.4	29.3	32.4	36.2	38.3	40.4	41.3	40.6	39.8	38	34.9	30.2		35.7	10.9
DESV.ST	5.1	5.6	5.2	3.6	2.7	2.2	2.4	2.4	3.2	3.1	3	4.4		2.6	1.8

TEMPERATURA MÍNIMA PROMEDIO
AÑO	ENE	FEB	MAR	ABR	MAY	JUN	JUL	AGO	SEP	OCT	NOV	DIC	ACUM	PROM	MESES
1961					12.8	19	21.7	21.9	20.8	17.8	9.9	8.9		16.6	8
1962	6	7.3	6.7	10.3	12.7	15.2	22.1	23.2	21.6	20.8	16.2	10.8		14.4	12
1963	7.8	6.7	7.7	12.1	12.9	18.5	23.1	22.8	22.3	18.5	13.3	10.3		14.7	12
1964	5.5	5.3	7.6	10.6	12	16.3	23.1	22.1	21.5	17.4	10.8	8.2		13.4	12
1965	7.6	4.3	6.5	10.3	12.3	16.8	21.9	22.4	20.9	15	12.7	10.7		13.4	12
1966	6.2	4.3	8.3	10.9	16.8	19.2	22.6	22.7	21.4	16.3	11.7	9.8		14.2	12
1967	4.3	6.8	9.1	12.5	13.7	18.9	22.1	23.1	21.6	17.5	14	9.7		14.4	12
1968	9	11.6	7.2	11.3	10.8	14	18.1	16.6	15.5	12.4	7.1	6.4		11.7	12
1969	4.1	6			10	12.2	19	20.4		12.4	9.9	5.9		11.1	9
1970	3.4	4.9	5.1	9.8	10.6	13.6	17.9	18.5	17.4	10.9	7.2	5.6		10.4	12
1971	4.1	3.2	10.2	8.6	9	14.4	17.7	18.5	17.6	13.7	9.5	7.7		11.2	12
1972	4.5	6.8	11.4	8.2	11.1	16.4	19.2	19.9	17.6	15.9	8.5	9.8		12.4	12
1973	8.8	9.6	7.9	8.7	16.2	18.4	23.1	22.6	21.7	17.7	11.3	6.7		14.4	12
1974	9.5	5.6	8.8	11.7	13.9	20	21.8	21.7	21.1	16.8	12.9	7.9		14.3	12
1975	7.1	6.9	8.1	9.7	12.4	17.1	22.1	21.7	20.9	15	11.8	8.9		13.5	12
1976	5.5	7.8	8.7	10.9		17.8	22	22.5	20.7	16.9	11.5	9.3		14	11
1977	8	5.9	8	9.6	14.3	18.5	20.9	21.4	21.1	19	12.6	8		13.9	12
1978	8.2	6.5	9.9	10.7	12.9	20.1	22.9	22.1	20.4	17.7	12.1	8.9		14.4	12
1979	8	7.6	8.3	8.4	11.9	18	22	21.1	20.6	14.8	8.5	7.2		13	12
1980	6.1	8.5	10.6	11.4			22.5	22.6	21.6	18.5	10.6	8.2		14.1	10
1981	9.1	7.2			14.5	18	22.6	22.4	20.7	17.4	10.5	7		14.9	10
1982	3.9	6.5	7.7	12.2	13.3	16.1	22	21.9	17.3			7.2		12.8	10
1983	8.3	6.9	8.2	8.5	12.1	17	22.4	21	21	18.1	11.8	8.8		13.7	12
1984	8.8		7.7	9.5		20.4	20.9	21.7	20.4	14.5	10	9.8		14.4	10
1985	7.3	6.6	9.7	10.5	13.2	17.5	19.7	21.3	19.7	16.5	11.9	6.2		13.3	12
1986	6.2	7.2	9	14.3	15	17.2	20.6	22	20.4	16.8	11.5	8		14	12
1987	5.7	6.2	6.1	10	11.7	17	21.8	22.5	20.5	17.8	13.3	9.2		13.5	12
1988	6.9	8.7	8.9	11.4	14.4	20.2	20	18.1	19	18.2	10.6	8.2		13.7	12
1989		11.9		19.9	22.8			20.3		17.4	12.7			17.5	6
1990							21.5	20.1	20.4					20.7	3
1991	7.1	9.8	7.5	11.1	11.7	19.2	23.1	22.8	22	17.7	11	9		14.3	12
1992	10.4	8.4			18.9	18.9	24	22.6	21.7	16.5		12.1		17.1	9
1993	9.4	8.2	9.2	11.7	13.7	18.2	21.5	22.8	21.4	17.5	13	10.8		14.8	12
1994	7.4		10.3	10.1		19.2	21.6	23.2	21.1		14.6	11.2		15.4	9
1995	7	12.6	10.2	10.8	15.9	21.2	22.4	22.4	21.5	14.4	13.8	9.5		15.1	12
1996	6.2	7.7	10.3	10.7	14.7	18.7	20.9	23	20.3	16.7	12.4	8.4		14.2	12
1997	6.5	8		10.7	17	20.7	22.5	22.4	21.7	16.5				16.2	9
1998	6.2	7.4	7	6.8	6.6		22.9	21.8	21.4	19.6				13.3	9
2000	6.4	8.2	7.8	10	11.9	20.6				18.2	9.6	6.6		11	9
2001	6.6	7.2	7.5	10.3	13.9	17.5	21.6	22.4	21.4	20.4	11.8	6.7		13.9	12
2002	8.8	7.3	11.4	13.2	13.1	14.9	14.4	20.5	18.2	15.5	13.7	8.4		13.3	12
2003	7.3	9	9.6	10.7	12.6	15.1	22.2	22.3	21.8	21.2	15.2	7.2		14.5	12
2004	7.8	6	10.7	17	18.2	19.2		22.8	22.6	19.3	15.6	7.9		15.2	11
2005	9	10.6	9.3	11.7	15.9	19.4		20.2	21.8	18.2	11.3	7.2		14.1	11
2006	6.5	10.9	14.7		20.6	22	22.6	21.5	21.9		11.2	4.7		15.7	10
2007	8.2	10.6	12.4	11.8	18	24.9	29.5	25.2	25.4	21.9	16.2	7.5		17.6	12
2008	8.4	9.6	10.5	12.5	16.4	21.7	24.6	23	23.3	22.3	21.6	10		17	12
2009	8.5	10.5	13.5	24.5	29.4	30.5	28.6	25	21.7	23.2	15.6	9		20	12
2010	5.2	8.9	10.1	14	17.7	21.2	21.5	24.9	33	32.1	17.6	7.4		17.8	12
2011		4.2	14.2	21.6	21.7	30.9	32.1	32.3	33.5	32.2	22.2	5.9		22.8	11
2012	3.6	10.8	11.4	18.6	25.5	30.8			29.3	25.3	20.1	12.2		18.8	10
2013	4.4	4.8	10.5	12.3	21.7	25.4	25.7	29.7	23.8	22.7	19.8	12.2		17.8	12
2014	10	10.9	16.9	21.1	22.4	23.1	24.3	27.8	27.1	25.6	23.7	10		20.2	12
2015	9.2	10.9	18.4	21.4	23.1	23.3	21.9		23.9	23.2	22.2	10.5		18.9	11
2016	8.7	9.3	10.3			21.5	27.8	21.6	18.1	17.9	17	8.1		16	10
2017		7.2			23.3	25.6	28.1	24.6	24.8	23.5	22.4	9.8		21	9
2018	7.4	13	15.5	23.9	27.3	27.6	29.9	30.7	25.3	25.4	22.5	14.9		22	12
2019	7.2	8.7	10.6			25.3	27.2	28.3	26.2	25.9	21.9	16.9		19.8	10
2020	9.2	11.7	15.7	18.7	20.8	27.2	28.6	31.1	31.1		13.7	12.6		20	11
2021	6	9.5	11.5	19.5	22	22.4	22.5	27.7	30.3	27.7		8.5		18.9	11
2022	6.6	10.7	12.9	20	31.1	32.1	34.4	34.2	27.9	19.2	14.5	9		21	12
2023	7.7	11.9	13.1	18.8	18.5	21.9	24.3	26.4		26.5	22	15.5		18.8	11
2024	9.5	6.9	10.9	16.1	25.6									13.8	5
MÍNIMA	3.4	3.2	5.1	6.8	6.6	12.2	14.4	16.6	15.5	10.9	7.1	4.7		10.4	3
MÁXIMA	10.4	13	18.4	24.5	31.1	32.1	34.4	34.2	33.5	32.2	23.7	16.9		22.8	12
MEDIA	7.1	8.1	10	13	16.3	20.1	22.9	23.1	22.2	19.1	13.9	9		15.5	10.9
DESV.ST	1.7	2.3	2.8	4.4	5.3	4.4	3.5	3.4	3.7	4.5	4.3	2.4		2.9	1.8

TEMPERATURA MÍNIMA EXTREMA
AÑO	ENE	FEB	MAR	ABR	MAY	JUN	JUL	AGO	SEP	OCT	NOV	DIC	ACUM	PROM	MESES
1961					7.5	14	19	19	16	13	3	5		12.1	8
1962	1.5	2.5	2.5	6	7	9	19	21	19.5	18.5	6	6		9.9	12
1963	0	2	4	7	8	11	20.5	21	19.5	15	10	3.5		10.1	12
1964	1.5	1	-1.5	5.5	7.5	10.5	20	19.5	19	12	6	3		8.7	12
1965	-1	-5	0	4.5	9	12.5	19.5	18.5	18.5	9	7	3		8	12
1966	2	1	4	8	13	12	19.5	16.5	19	11.5	4.5	1		9.3	12
1967	1	1	5	7	6.5	10.5	19.5	20	20.5	11.5	10	4		9.7	12
1968	2	7.5	2	5	6	9	15	11	11	7	2	-2		6.3	12
1969	1	1.5			5.5	7.5	16	18.5		5.5	5	1.5		6.9	9
1970	1	1	1	4	6.5	7.5	14	16.5	15	5.5	3.5	1.5		6.4	12
1971	1	1.5	2.5	3.5	6.5	7	14.5	16.5	13	7.5	5.5	3.5		6.9	12
1972	1.5	1.5	7	3	7.5	11	16.5	16	15	10	3.5	7		8.3	12
1973	2.5	5	3	3.5	12	13.5	17.5	20	18.5	13.5	6.5	3		9.9	12
1974	4	2	3.5	6.5	9.5	10.5	19	19	17.5	13	9	4		9.8	12
1975	1.5	2	3.5	6	8.5	12	20	19.5	15	11.5	7	1.5		9	12
1976	1.5	3.5	5.5	8		11	17	20	17	11	7	4		9.6	11
1977	5.5	3	3	4.5	11	13	17.5	17	18	13.5	7.5	4		9.8	12
1978	4	1	4	7	8	13.5	20	18	16	13	6.5	2.5		9.5	12
1979	2	2.5	3	4.5	8	11	18	14	14	8	3	2		7.5	12
1980	2.5	4	6	5			19.5	20	19	14	3	2		9.5	10
1981	4	4.5			10	10	11.5	10.5	15	10	5	1.5		8.2	10
1982	2	3	4	8	8	12	12	11.5	10			1		7.2	10
1983	2	3.5	2.5	1	6	14	15	11.5	11.5	15	4	4		7.5	12
1984	3.5		3.5	6		12	19	19	16	9	4	6		9.8	10
1985	4	4	5	4.5	9	11.5	15	10.5	16	11	6.5	2.5		8.3	12
1986	2.5	3.5	5	8	12	10.5	18	20	17	5	4.5	2.5		9	12
1987	0	2.5	3	3	9	12.5	16.5	20.5	15.5	14	8	5		9.1	12
1988	2	4.5	4.5	6	9	18.5	18.5	10.5	10.5	14	0	0		8.2	12
1989		6		16	22			11		11	10			12.7	6
1990							19	17	18					18	3
1991	3	1	3	7	9	11	19	20	17	10	7	4		9.2	12
1992	7	4			13	14	20	20	19	14		5		12.9	9
1993	4	4	4	8	10	13	17	20	19	10	7	7		10.2	12
1994	2		6	6		15	19	21	19		10	5		11.4	9
1995	4	5	7	4	10	16	19	19	19	11	10	6		10.8	12
1996	2	5	5	8	10	14	18	20	16	10	9	3		10	12
1997	1	4		5	10	18	16	20	19	12				11.7	9
1998	3	4	5	4	5		20	20	16	14				10.1	9
2000	5	5	5	5	9	15				14	5	4		7.4	9
2001	1	1	4	8	11	14	18	21	18	15	9	2		10.2	12
2002	4	5	9	10	10	12	13	18	14	11	10	2		9.8	12
2003	3	3	6	7	10	10	20	19	19	18	10	2		10.6	12
2004	3	2	5	13	15	11		20	20	14	9	1		10.3	11
2005	5	8	6	8	12	16		18	20	11	6	2		10.2	11
2006	3	7	11		20	20	21	20	20		10	2		13.4	10
2007	5	9	10	10	12	22	26	24	21	17	10	3		14.1	12
2008	2	7	8	10	10	20	22	22	22	21	20	8		14.3	12
2009	7	9	11	23	28	29	26	23	20	20	10	4		17.5	12
2010	1	7	9	11	16	19	21	22	30	29	12	5		15.2	12
2011		-2	11	19	21	29	30	31	32	29	13	2		19.5	11
2012	1	9	9	14	22	29			26	23	10	8		15.1	10
2013	3	2	8	10	18	23	21	20	21	20	16	9		14.2	12
2014	3	9	13	18	20	20	20	24	19	15	16	3		15	12
2015	6	9	16	19	20	20	18		17	20	20	7		15.6	11
2016	7	7	9			20	24	17	15	14	14	4		13.1	10
2017		5			22	24	27	21	24	23	22	8		19.6	9
2018	2	10	13	22	26	24	27	30	24	24	22	14		19.8	12
2019	3	7	10			25	27	28	25	25	17	15		18.2	10
2020	3	8	14	17	19	25	27	30	30		12	9		17.6	11
2021	3	8	10	16	22	22	22	24	30	26		7		17.3	11
2022	3	10	11	16	29	31	34	33	20	17	12	6		18.5	12
2023	3	10	12	17	14	19	20	20		18	21	14		15.3	11
2024	8	6	9	13	20									11.2	5
MÍNIMA	-1	-5	-1.5	1	5	7	11.5	10.5	10	5	0	-2		6.3	3
MÁXIMA	8	10	16	23	29	31	34	33	32	29	22	15		19.8	12
MEDIA	2.8	4.4	6.3	8.9	12.6	15.6	19.6	19.5	18.6	14.3	9	4.4		11.5	10.9
DESV.ST	1.8	3.1	3.8	5.3	6.2	6.1	4.3	4.8	4.6	5.6	5.2	3.3		3.7	1.8

TEMPERATURA MEDIA MENSUAL
AÑO	ENE	FEB	MAR	ABR	MAY	JUN	JUL	AGO	SEP	OCT	NOV	DIC	ACUM	PROM	MESES
1961					24.7	28	28.8	28.5	27.6	26.1	19.6	17.8		25.1	8
1962	16.2	17.8	17.7	22.2	23.8	25.4	29.8	30	27	26.5	24	18.9		23.3	12
1963	16.6	13.6	16.9	22.2	24.2	27.4	28.9	28.7	28.7	26.2	21.4	18.1		22.7	12
1964	14.8	15.2	17.3	21	23.1	25.5	29.6	28.4	27.8	24.4	19.8	17.3		22	12
1965	16.9	14.3	17.3	20.7	22.9	26.1	29.2	27.9	27.2	24.3	22.2	18.2		22.3	12
1966	15.2	14.9	19	21	25.6	28	29.2	28.5	27.4	24.8	21.5	18		22.8	12
1967	15.3	17.8	20	22.1	24.1	27.4	29.1	29	27.4	25	22.9	17.4		23.1	12
1968	17.4	19.1	17.2	20.9	22.1	23.6	26.5	25.4	25	23.2	18.6	16.1		21.3	12
1969	16.3	16			21.6	23.1	27.5	28.3		22.5	20	16.1		21.3	9
1970	15	15.7	16.8	20.6	22.2	24.4	26	26.5	25	21.8	18.7	16.9		20.8	12
1971	15.6	15.3	20.6	19.4	21.4	25	26.9	26	25	22.7	19.4	16.7		21.2	12
1972	14.8	17.8	21.8	20.6	22.6	25.6	27.8	27.2	26.2	24.3	18	18.9		22.1	12
1973	17	18	17.4	20	25.8	27.8	30.7	29.3	29	25.9	21.1	17.5		23.3	12
1974	16.9	16.6	18.9	23.6	24.4	28.9	28.2	28.6	27.4	25.4	20.9	15.9		23	12
1975	15.8	16.6	18.8	20.8	22.8	26.4	28.8	28.6	27.7	24.4	20.8	18.3		22.5	12
1976	16.4	18.1	19.1	21.6		28.2	29.6	30.2	27.3	23.9	20.1	17.8		22.9	11
1977	16.6	18	18.3	21.1	24.2	28	29.4	28.8	28.4	26	21.6	19.4		23.3	12
1978	18.1	17.4	21.1	22.5	24	29.2	30	29.6	26.8	24.7	21.2	18		23.6	12
1979	16.4	17.2	19	20.4	23.1	28	30.4	29.4	27.7	25.2	19.2	16.9		22.7	12
1980	16.6	19.3	20.4	22.4			31.1	30	30	27.3	21.6	19.4		23.8	10
1981	18	18.4			24.7	27.6	29.8	29.4	28.2	25.6	21.2	18.3		24.1	10
1982	15.5	18.7	19.9	24.9	25.4	28.7	30.8	30.6	27.8			17.6		24	10
1983	17.6	18.2	19.2	21	25.4	28.6	29.7	28.2	27.8	26.4	21.4	19.6		23.6	12
1984	17.6		21	22.1		30.1	28	28.2	26.8	23.2	19.8	19		23.6	10
1985	16.2	17.1	20.5	22.4	26	28.7	29.5	28.4	26.9	24.4	20.6	17.5		23.2	12
1986	17.4	18	20.4	25	25.1	25.9	28.9	29.4	27.4	24	20.6	17.2		23.3	12
1987	16	16.4	17.6	21.5	24.1	28	31.1	30.4	28.6	26	22.2	17.7		23.3	12
1988	17	18.9	20	21.2	25	30	29.9	27.7	29	27.5	21.2	19.2		23.9	12
1989		18.6		29	30.5			28.3		26.6	22.4			25.9	6
1990							28.6	28.3	28.1					28.3	3
1991	16.1	19.8	20.1	23	24.1	28.9	29.8	30.2	28	25.1	19.4	16.3		23.4	12
1992	16.6	17			28.4	28.8	30.8	28.8	28.5	25		18		24.7	9
1993	17.2	16.4	19.9	20	21.6	24.4	29	28.4	27.4	25	20.2	17.9		22.3	12
1994	16.7		20.6	21.6		29.2	30.2	30	29.1		22.1	18.5		24.2	9
1995	16.8	20.9	20.2	21	24.3	29.5	29.9	28.6	27.9	23.9	22.2	18.1		23.6	12
1996	16.2	18.3	19.1	22.8	25.8	27.9	28.9	28.6	25.7	24.9	21	17.2		23	12
1997	15.4	17.4		21.4	25.6	28.8	29.6	29.4	27.4	24.2				24.4	9
1998	16.7	17.1	18	17.3	17.8		29.7	28.4	27	25.3				21.9	9
2000	17.4	19.3	19.8	23.4	24.3	27.7				25.1	18.1	16.2		21.3	9
2001	19.6	20.7	19.2	23.1	25.7	29.1	31.8	32.1	30.8	29.8	23.5	18.6		25.3	12
2002	17.4	16	18.4	21.5	22.6	26	26.7	27.8	26.5	24	20.4	16.5		22	12
2003	16.6	17.6	18.1	20	20.9	25	28.7	28.4	30.1	27.5	20.4	16.9		22.5	12
2004	17.8	17	20.8	23.9	24.8	27		31.2	31.2	29.4	22.2	17.2		23.9	11
2005	18.1	18.3	18.4	19.4	21.7	27.5		28.4	28.5	25.6	19.5	16.5		22	11
2006	17	20.2	24		30.2	32	32	30.2	30.8		23.2	17.4		25.7	10
2007	19.9	21.1	22.8	23	27.6	33.7	35.6	30.9	34.5	28.3	23.2	19.7		26.7	12
2008	18.6	19.9	20.2	22.9	26.9	31.8	34.7	33.6	33.4	32.2	31	18.6		27	12
2009	12.1	12.8	18.4	29.1	33.4	35.6	36.6	33	32.4	31.7	24.3	15.6		26.2	12
2010	9.8	12.8	13.8	16.8	25.5	30.1	31	34.5	39.1	36.4	23.7	13.9		24	12
2011		8.9	19	28.8	29.6	36.6	38.2	38.1	39	37.7	25	11.6		28.4	11
2012	13.4	16.4	17	24.6	31.6	36			35.8	30.8	23.5	17		24.6	10
2013	13	14.1	20.5	22.5	28.5	32.5	32.8	35.6	33.5	31.6	26.3	17.3		25.7	12
2014	13.8	15.8	23	28.4	29.4	29.9	32.4	36.1	32.4	32.3	29.8	15		26.5	12
2015	16.4	16.9	21.4	25.9	29.4	30.3	30		30.2	29.5	28.3	18.2		25.1	11
2016	14.3	11.3	14.5			28.6	33.2	29.9	26.3	27	25.4	17.6		22.8	10
2017		18.3			28.6	31	33.2	32	30.8	29.6	28.3	15.8		27.5	9
2018	12.3	18.3	22.2	29.1	32.2	32.8	35.5	35	31.9	31.6	27.6	16.9		27.1	12
2019	9.7	10.6	13.6			31.5	33.2	33.8	31.5	31.1	26.2	19.2		24	10
2020	16.8	17.9	22.8	25.9	27.9	32.1	34.2	36.4	35.9		23.5	18.6		26.5	11
2021	8.4	12.2	14.3	26	29.4	29.3	30.2	33.2	35.2	32.8		13.4		24	11
2022	12.1	15.8	17.8	24	33.5	34.5	36.3	36.7	31.2	22.6	17	12.3		24.5	12
2023	11.8	16.1	19.3	25.8	26.8	28.6	31.4	33		31.6	28.1	20		24.8	11
2024	12.7	9.1	14.9	20.5	30.8									17.6	5
MÍNIMA	8.4	8.9	13.6	16.8	17.8	23.1	26	25.4	25	21.8	17	11.6		17.6	3
MÁXIMA	19.9	21.1	24	29.1	33.5	36.6	38.2	38.1	39.1	37.7	31	20		28.4	12
MEDIA	15.8	16.7	19.1	22.6	25.7	28.8	30.5	30.2	29.3	26.8	22.2	17.3		23.8	10.9
DESV.ST	2.3	2.7	2.3	2.8	3.3	3	2.6	2.8	3.2	3.5	3.1	1.7		1.9	1.8
