COMISIÓN NACIONAL DEL AGUA
COORDINACIÓN GENERAL DEL SERVICIO METEOROLÓGICO NACIONAL
BASE DE DATOS CLIMATOLÓGICA NACIONAL 

ESTADÍSTICA MENSUAL
EMISIÓN   : 25/10/2024 

DATOS DISPONIBLES EN LA BASE DE DATOS A: OCTOBER DE 2024; 
CON LA INFORMACIÓN SUMINISTRADA POR LAS UNIDADES ADMINISTRATIVAS 

 ESTACIÓN  : 3069 
 NOMBRE    : VILLA INSURGENTES 
 ESTADO    : BAJA CALIFORNIA SUR 
 MUNICIPIO : COMONDÚ 
 SITUACIÓN : OPERANDO 
 CVE-OMM   :   
 LATITUD   : 25.26166667 ° 
 LONGITUD  : -111.7744444 ° 
 ALTITUD   : 30 msnm 


LLUVIA MÁXIMA 24 H.
AÑO	ENE	FEB	MAR	ABR	MAY	JUN	JUL	AGO	SEP	OCT	NOV	DIC	ACUM	PROM	MESES
1967								25	10.5		145		180.5	60.2	3
1968	14	10	1	0.2	0.2	0	10	15	0	0	0	2.5	52.9	4.4	12
1969	2.3	2.7	0	0.2	0	0	1	0.6	6.5	0	0.3	10	23.6	2	12
1970	0.3	0.5	2.5	0.1	0	0	0.2	18	60	0.1	0	0.2	81.9	6.8	12
1971	0.1	0	0	0	0	0	3.5	21	0	0.2	0	1.5	26.3	2.2	12
1972	3.5	0.1	0	0	0	0	0.1	7	1	20	0	35	66.7	5.6	12
1973	12	16	1.5	0	0	0	40	0		0	0	0	69.5	6.3	11
1974	33.5	0	0	0	0	0	3.5	21	100	0	20	9	187	15.6	12
1975	8.5	0	0	0	0	0	0	1	29.1	0	0	5.5	44.1	3.7	12
1976	1	2.5	0	0	0	0	0	37.5	26	0	9.5	0	76.5	6.4	12
1977	1	0	0	0	0								1	0.2	5
1978	2	9.5	2.1	0	0.5	0	16	0	90	5	0	21.5	146.6	12.2	12
1979	45.5	2	3.5	0	0.1	1	17	0	8.5	0	0	5	82.6	6.9	12
1980	0	4.5	2.5	0	0	3	0	0	0	18.5	0	16.5	45	3.8	12
1981	21	2	13	1.4	10	0	3	15	3	3	0	0	71.4	6	12
1982	5.5	0	0	0	0	0	30	0	10.5	0	13.5	8.5	68	5.7	12
1983	15	4	24	3.5	0	0	51.5	58	8	0	2	43	209	17.4	12
1984	40	0	0	0	0	5.5	63.5	33.5	13	7	0	27	189.5	15.8	12
1985	13.5	0	1.5	1	0	0	1	5	57.5	0	2.5	0	82	6.8	12
1986	7	7.5	0	3.5	0	0.01	35.5	5.5	8	0	0	13	80.01	6.7	12
1987	0	6	0	0	0	0	12	0	30	0.3	6		54.3	4.9	11
1988	0	0	0.01	0	0					1	0	8.5	9.51	1.2	8
1989	15	29	2.5	0	0	0	21	0	19	0	2.5	35	124	10.3	12
1990	0.5	0.5	0.5	0	0	2.5	3	4	32				43	4.8	9
1991	50	11	4	0	0	0	0	0	9.5	4	10.5	52	141	11.8	12
1992	39	14	10	7	0	3.3	0	11	20	0	1	27	132.3	11	12
1993	32	9	0	0	0	0	0	46	67	3	17	0	174	14.5	12
1994	0	0	0	0	0								0	0	5
1997	3	0	0	0	0	0	0	38	76.5	0	10	4	131.5	11	12
1998	0	2	0										2	0.7	3
2000	0	0	0	0	0	0							0	0	6
2001			1	0	0.01	0	0	7	24	0	0	0	32.01	3.2	10
2002	4	9	0	0.01	0	0	0	0	42	0	9.5	10.5	75.01	6.3	12
2003	0	8	0	0	0	0	0.6	200	92		0	0	300.6	27.3	11
2004	26.5	18	0.6	0	0	0	4	2	47.5	4.2	4	2.5	109.3	9.1	12
2005	64	15.5	0	0	0.01	0	0	1.8	3	6	0	1	91.31	7.6	12
2006	0.01	0	0	0	0	3	24	44	30	15.5	0	3.5	120.01	10	12
2007	3.3	0	0	0	0	0	14.5	5	17.5	0	8.8	14	63.1	5.3	12
2008	5.5	0	0	0	0	0	0.01	155	14	59	1.8	0.01	235.32	19.6	12
2009	0.01	0.01	0.01	0	0	0.01	0.01	33	9.5	79.5	2.1	1.1	125.25	10.4	12
2010	4.3	6	0	0.01	0	0	0	2	0.01	0	0	0	12.32	1	12
2011	0.01	0	0	0	0	0	0.5	4.5	0	0	19.5	0.01	24.52	2	12
2012	0.01	10.7	0	0	0	0	0	49	54	157	0	2.5	273.21	22.8	12
2013	0.01	0	0.01	0	0	0	0	32.5	50	45	0.6	2.4	130.52	10.9	12
2014	0.01	0	0	0	0.01	0	11	41	140	61	0	0.01	253.03	21.1	12
2015	7.2	33	17.3	6	0.8	12.8	50	12	49	5	0.01	0.01	193.12	16.1	12
2016	0.01	0	8.5	2.5	0	0	2.5	3	69.5	0.01	0	3.5	89.52	7.5	12
2017	0.01	21	0.01	0.01	0	0	0	33	38	0	0	0	92.03	7.7	12
2018	1.5	5.5	0	0	0	0.01	1.5	0.5	24	0.01	0	0.01	33.03	2.8	12
2019	7.8	1.5	6.5	0	0	0	1.5	124	5.5	38.2	30.5	9.8	225.3	18.8	12
2020	0.01	1.5	5.5	0.01	0	0	0.01	5.5	78	0	0	0.01	90.54	7.5	12
2021	21.5	0	0	0	0	0.01	0.01	73	34	0	4.5	12.5	145.52	12.1	12
2022	0	0	0	0	0	0	0	22	104.5	0	0	0	126.5	10.5	12
2023	0	0	0	0	0	0	0	11.5	9.5	0	0	0	21	1.8	12
2024	0	0	0										0	0	3
MÍNIMA	0	0	0	0	0	0	0	0	0	0	0	0	0	0	3
MÁXIMA	64	33	24	7	10	12.8	63.5	200	140	157	145	52	300.6	60.2	12
MEDIA	9.6	5	2	0.5	0.2	0.6	8.8	25	33.8	11.3	6.6	8.3	99.2	9.2	10.9
DESV.ST	15.2	7.5	4.6	1.4	1.4	2.1	15.6	39.9	33.5	28.3	21.2	12.5	75.3	9.4	2.5

LLUVIA TOTAL MENSUAL
AÑO	ENE	FEB	MAR	ABR	MAY	JUN	JUL	AGO	SEP	OCT	NOV	DIC	ACUM	PROM	MESES
1967								60.21	11.53		187.04		258.78	86.3	3
1968	35	30.31	1.88	0.4	0.51	0	10.3	17.1	0	0	0	2.9	98.4	8.2	12
1969	3.1	3	0	0.3	0	0	1.3	0.6	7.5	0	0.5	28	44.3	3.7	12
1970	0.6	0.5	3.9	0.2	0	0	0.5	18.5	85.7	0.3	0	0.4	110.6	9.2	12
1971	0.4	0	0	0	0	0	4.5	41.4	0	0.4	0	1.5	48.2	4	12
1972	5.6	0.2	0	0	0	0	0.3	14	1	40.2	0	67	128.3	10.7	12
1973	15.1	25.6	1.5	0	0	0	100	0		0	0	0	142.2	12.9	11
1974	36.5	0	0	0	0	0	3.5	33	210	0	22	13	318	26.5	12
1975	17.5	0	0	0	0	0	0	1	61.1	0	0	5.5	85.1	7.1	12
1976	1	2.5	0	0	0	0	0	93.5	38	0	9.5	0	144.5	12	12
1977	1	0	0	0	0								1	0.2	5
1978	2	22.7	2.1	0	0.5	0	16	0	100.5	12.5	0	36.6	192.9	16.1	12
1979	111.8	2	3.5	0	0.1	1	24	0	8.5	0	0	5	155.9	13	12
1980	0	5.5	2.5	0	0	3	0	0	0	20.5	0	25	56.5	4.7	12
1981	41.5	2	13	2.7	10	0	3	16	5.5	3	0	0	96.7	8.1	12
1982	5.5	0	0	0	0	0	38	0	21	0	30.5	20	115	9.6	12
1983	26	4	40.5	3.5	0	0	92	93	11	0	2	43	315	26.2	12
1984	52	0	0	0	0	5.5	80.21	71.02	27	7	0	63.5	306.23	25.5	12
1985	21.62	0	1.5	1	0	0	1	6.5	57.5	0	2.5	0	91.62	7.6	12
1986	7.5	7.5	0	7	0	0.01	37	9	13	0	0	18	99.01	8.3	12
1987	0	10	0	0	0	0	12	0	75.51	0.3	6.01		103.82	9.4	11
1988	0	0	0.01	0	0					1	0	8.5	9.51	1.2	8
1989	22	44.5	2.5	0	0	0	22	0	19.5	0	2.5	38	151	12.6	12
1990	0.5	1.5	0.5	0	0	6	9	6	70				93.5	10.4	9
1991	59	14	4	0	0	0	0	0	14.5	4	18.5	82	196	16.3	12
1992	77.5	20	10	7	0	3.3	0	16	22	0	1	67	223.8	18.6	12
1993	36	26	0	0	0	0	0	49	67	3	21	0	202	16.8	12
1994	0	0	0	0	0								0	0	5
1997	5	0	0	0	0	0	0	106.5	89.5	0	14	4	219	18.2	12
1998	0	2	0										2	0.7	3
2000	0	0	0	0	0	0							0	0	6
2001			1	0	0.01	0	0	7	38	0	0	0	46.01	4.6	10
2002	4.01	12.5	0	0.01	0	0	0	0	111.8	0	14.7	10.5	153.52	12.8	12
2003	0	8	0	0	0	0	0.6	204	92		0	0	304.6	27.7	11
2004	39.5	18	0.6	0	0	0	5.51	3.8	89.4	6.9	5.02	7.9	176.63	14.7	12
2005	87.51	23.31	0	0	0.01	0	0	1.81	3.01	6.51	0	1	123.16	10.3	12
2006	0.01	0	0	0	0	3	24.01	95	49	16.81	0	3.51	191.34	15.9	12
2007	7.31	0	0	0	0	0	14.51	5.01	17.5	0	10.32	14	68.65	5.7	12
2008	7.02	0	0	0	0	0	0.01	176.3	26.01	59.8	1.8	0.01	270.95	22.6	12
2009	0.02	0.01	0.01	0	0	0.03	0.01	68.01	9.51	80.7	2.81	1.1	162.21	13.5	12
2010	4.31	6.02	0	0.01	0	0	0	2.02	0.02	0	0	0	12.38	1	12
2011	0.01	0	0	0	0	0	0.5	6.21	0	0	31.8	0.01	38.53	3.2	12
2012	0.01	10.7	0	0	0	0	0	102.53	109.51	212	0	2.5	437.25	36.4	12
2013	0.01	0	0.01	0	0	0	0	36	66	83.01	0.61	3.71	189.35	15.8	12
2014	0.02	0	0	0	0.01	0	32.52	69.12	217.5	89.51	0	0.01	408.69	34.1	12
2015	15.01	36.2	20.5	6.01	1.1	14.3	89.51	12	57	5	0.02	0.02	256.67	21.4	12
2016	0.02	0	10	2.5	0	0	2.51	3.02	69.51	0.01	0	6.52	94.09	7.8	12
2017	0.01	30	0.01	0.01	0	0	0	33.01	56.51	0	0	0	119.55	10	12
2018	1.5	10.02	0	0	0	0.01	1.5	0.5	42	0.01	0	0.02	55.56	4.6	12
2019	7.81	1.52	6.5	0	0	0	1.5	124.01	5.51	46.2	62.3	11.1	266.45	22.2	12
2020	0.01	1.5	10.3	0.01	0	0	0.01	5.53	78.01	0	0	0.01	95.38	7.9	12
2021	21.5	0	0	0	0	0.01	0.02	85.02	34.01	0	4.5	12.51	157.57	13.1	12
2022	0	0	0	0	0	0	0	22.01	181.51	0	0	0	203.52	17	12
2023	0	0	0	0	0	0	0	19.5	9.5	0	0	0	29	2.4	12
2024	0	0	0										0	0	3
MÍNIMA	0	0	0	0	0	0	0	0	0	0	0	0	0	0	3
MÁXIMA	111.8	44.5	40.5	7	10	14.3	100	204	217.5	212	187.04	82	437.25	86.3	12
MEDIA	14.7	7.2	2.5	0.6	0.2	0.7	13.1	35.4	49.6	14.9	9.2	12.8	143.1	13.3	10.9
DESV.ST	24.5	11.1	6.6	1.7	1.4	2.4	25.7	48	52.4	37.4	28.4	20.7	104.7	13.2	2.5

EVAPORACIÓN MENSUAL
AÑO	ENE	FEB	MAR	ABR	MAY	JUN	JUL	AGO	SEP	OCT	NOV	DIC	ACUM	PROM	MESES
1967								160.3	179.3		137.8		477.4	159.1	3
1968	78.4	95.1	105.7	137.7	185	202.3	261.2	229.3	86.2	214.8	133.1	145.3	1874.1	156.2	12
1969	136.4	134.1	174.5	222.3	237	204.9	256.6	251.3	130.1			79.2	1826.4	182.6	10
1970	116.4	136.9	159	189	200.3	264	142.7	275.8	213.9	174	186.1	164.5	2222.6	185.2	12
1971	140.9	125.7	161.3	182.1	169	166.8	225.6	193.8	200.3	166.4	143	118.9	1993.8	166.2	12
1972	135.3	147.6	155.7	157.7	195.6	199.6	233.7	258	189.6	185.6	123.4	110.5	2092.3	174.4	12
1973	86.7	99.5	117.5	125.1	146	162.1	229.2	243.6		26.9			1236.6	137.4	9
1974			119	159.5	161.1	188.9	221.8	235.2	178.1	177.4	132.9	106.9	1680.8	168.1	10
1975	103.3	99.7	124.7	125.7	148.6	154.3	176.5	228	242.3	185.4	124.1	122.6	1835.2	152.9	12
1976	115.6	119	143	144.6	162	201	206	239.9	189.4	154.7	148.7	131.6	1955.5	163	12
1977	105.8	91.9	106.4	140.7	157.5								602.3	120.5	5
1978	90.8	114.1	171.9	202.7	215.3	246.5	274.2	275	203	159.7	111.9	74.1	2139.2	178.3	12
1979	65.4	73.3	121.5	175.5	191.7	218.1	278.1	241.7	217	185.6	128	122.9	2018.8	168.2	12
1980	99.7	126.5	158.4	199.5	219.4	270.9	294	266.7	236.4	191.6	131.1	97.5	2291.7	191	12
1981	80.3	108.2	100.5	166.5	186.2	202.8	244.6	241.7	207.5	159.9	106.2	96.6	1901	158.4	12
1982	89.8	109.4	157.8	200.1	197	203.9	200.8	184.5	202.3	185.8	106.9	90.8	1929.1	160.8	12
1983	90.3	112.5	152	186.7	235.4	264.2	224.7	203.2	188.9	174.5	73.2	101.3	2006.9	167.2	12
1984	99.7	125	177.7	198.3	234.9	225.7	218.6	218.8	189.4	151.1	122.2	92.5	2053.9	171.2	12
1985	83	110.6	159.5	158.1	229.6	240.6	278	241.9	257.2	185.9	134.3	109.6	2188.3	182.4	12
1986	132.9	136.1	171.5	235.1	210.7	188.4	114.6	233.7	167.3	120.8	217	120.7	2048.8	170.7	12
1987	108.5	107.8	153	115.9	138.7								623.9	124.8	5
1991									161.3	142.6	111.3	110.3	525.5	131.4	4
1992	69.4	71.8	101.9	142.2	196.2	223.2	259.7	224.9	207.2	158.6	132.5	113.2	1900.8	158.4	12
1993	85.4	108.7	125	188.1	192	217.9	228.3	222.8	186.4	130.9	88	72.3	1845.8	153.8	12
2000				145	75.85								220.85	110.4	2
MÍNIMA	65.4	71.8	100.5	115.9	75.85	154.3	114.6	160.3	86.2	26.9	73.2	72.3	220.85	110.4	2
MÁXIMA	140.9	147.6	177.7	235.1	237	270.9	294	275.8	257.2	214.8	217	164.5	2291.7	191	12
MEDIA	100.7	112.1	141.7	169.5	186.3	212.3	228.4	231.9	192.1	161.6	129.6	109.1	1659.7	159.7	10.1
DESV.ST	22.2	19.7	25.9	32.3	38.2	33.1	45.2	28.8	37.2	38.7	31	22.9	633.2	20.7	3.3

TEMPERATURA MÁXIMA PROMEDIO
AÑO	ENE	FEB	MAR	ABR	MAY	JUN	JUL	AGO	SEP	OCT	NOV	DIC	ACUM	PROM	MESES
1967								36.2	32.8		30.6			33.2	3
1968	23.7	28	28.5	28.7	31	31.4	35.2	34.1	37.4	32.9	29.4	27		30.6	12
1969	26.9	25.4	26.8	28.4	28.6	28.4	35.2	36.7	36.6	30.8	31.5	25.4		30.1	12
1970	23.2	28.5	28.9	29.2	30.1	32	37.3	36.3	35	31.8	31.5	27.2		30.9	12
1971	25.7	25.4	29	27.4	28.4	30.3	34.4	35.7	35.6	31.1	29.3	25		29.8	12
1972	25.4	28.4	27.9	30.3	28.8	29.7	36.1	37	35.8	32.5	27.6	26.1		30.5	12
1973	23.4	26.2	25.4	27.6	29.2	30	33.4	34.6		32.9	30	27.5		29.1	11
1974	27.7	28.6	26.7	30.1	28.7	33	35.1	36.9	34.6	32.8	27.6	26.4		30.7	12
1975	24.7	25.7	28.1	26.4	28	30.2	33.5	36.3	36.8	32.3	30.8	27.4		30	12
1976	28	28.1	27.6	28.2	29	33.8	34.8	37.2	32.4	32.8	29.1	27.9		30.7	12
1977	26.2	30.4	27.1	28.2	29.4									28.3	5
1978	25.6	25.2	27.7	26.9	26.7	32.2	35	34.6	31.7	31	27	22.5		28.8	12
1979	20.7	22.5	24.7	27.2	26.8	30.9	34.4	33.6	35.4	32.9	28.6	26.8		28.7	12
1980	25.5	27.8	26.1	28.8	26	34.5	35.8	35.4	33.7	31.5	29	26		30	12
1981	23.4	27.6	24.9	30.1	27.7	31.2	35.8	37.4	36.2	32.6	31.3	28.9		30.6	12
1982	25.7	27.9	28.7	31.9	28.2	30.1	36.2	36.8	36.8	34.5	29.3	25.4		31	12
1983	25.7	27.9	26.8	27.6	30.7	32.7	37.7	35.4	36.1	34.4	30.3	26.3		31	12
1984	25.5	27.1	29.8	28.9	30.9	34.9	36.6	36.3	35.6	30.6	28.3	25.1		30.8	12
1985	23.8	25.8	27.7	28.5	30.7	32.3	35.5	38.3	36.9	33.5	29	28.5		30.9	12
1986	29.7	27.5	27.9	34.7	29.4	33	36.3	36.6	34.7	32.7	31	26.2		31.6	12
1987	26.1	26	27.8	30.2	27.5	30.7	37	37.5	35.8	35.7	28.2			31.1	11
1988	26	28.6	27.7	28.9	30.4					33.8	26.4	24.4		28.3	8
1989	22.7	25	27.6	28.1	29.7	29.8	33.8	34.9	35.4	33.1	29.1	25.9		29.6	12
1990	24.9	24.7	27.7	28.5	29	32	32.7	34.1	33.2					29.6	9
1991	22.4	25.3	23.7	27	25.4	26.9	30.3	32.4	33.4	32.2	27	27		27.8	12
1992	20.3	24.1	23.1	28.6	28.5	32	36.8	37.4	39.6	36.5	29.2	25.3		30.1	12
1993	25.5	25.7	30.1	29.7	29.5	32	35.8	37.1	35.8	35.8	30.6	29.2		31.4	12
1994	28.7	29.9	30.8	29.9	29.7									29.8	5
1997	25.7	26.6	32.1	29.9	35.7	36.1	38.1	38.4	35.7	34.3	29.4	25.8		32.3	12
1998	27.9	28	29.8											28.6	3
2000	28.1	28.1	28.4	30.4	29.6	32								29.4	6
2001			26.7	27.7	29.7	32.2	35.8	35.9	34.7	31.3	29.7	24.2		30.8	10
2002	24.4	25.5	27.3	28.1	31.4	35.3	34.6	33.8	35.5	29.8	29.9	23.2		29.9	12
2003	27.2	25.5	26.2	25.5	30.8	30.4	33.9	37.6	35.1		30.4	25.1		29.8	11
2004	23.4	25.8	28	30.6	30.4	30.6	35.4	36	33.7	29.6	26.9	25.3		29.6	12
2005	24.8	23.9	25.4	28.1	28.2	29.6	34	35.7	37.1	29.6	29.6	27		29.4	12
2006	25.9	27.7	26.3	28.4	27.5	32	34.3	34.9	33.2	31.4	30.2	25.4		29.8	12
2007	21.9	24.9	28.6	27.3	26.6	30.7	33	34.3	33.3	31.8	26.4	22.1		28.4	12
2008	23.1	25.5	27.5	27.9	26.9	30.6	34.1	32.4	32.2	32.3	28.3	24.3		28.8	12
2009	26	27.6	27.3	27.7	29.1	30.2	35.3	36.1	36.3	29.4	28	24.2		29.8	12
2010	26.6	24.6	28.3	26.7	28	29.8	31.4	36.5	34.9	29.6	28.6	26.2		29.3	12
2011	24.9	24.2	27	27.2	27.8	30.6	33.4	35.7	35.4	32.6	26.2	23		29	12
2012	26.6	23.9	27.1	26.4	28.5	31.1	34.1	34.8	32.8	29.6	27.5	24.4		28.9	12
2013	23.2	24.2	26.8	26.3	28	30.2	33.2	35.9	30.1	28.8	29.6	28.3		28.7	12
2014	31.3	29.7	31.3	32.7	35.3	38.1	38.2	40.2	36.6	33.9	32	29.8		34.1	12
2015	28.2	30.4	30.9	30.5	30.3	35.4	37.1	39.7	38	34.3	34.5	28.5		33.1	12
2016	29.6	34.7	31	31.3	29.7	35.3	40.3	37.6	37.3	38.4	33.8	27.1		33.8	12
2017	27	29.9	31.8	32.6	29.4	32.4	38.1	40	36.2	38.7	35.8	30.2		33.5	12
2018	32.1	28.8	31.5	32.2		34.5	38.7	39.2	40.7	32.7	30.9	27.9		33.6	11
2019	28	26.5	30.4	30.7	27.5	32.7	38.6	38.4	36.4	35.5	30.3	27.1		31.8	12
2020	27.9	28.1	28.2	29.6	31.3	33.9	38.7	39.4	40.2	37.6	34	30		33.2	12
2021	27.2	28.9	29.8	30.3	31.4	33.9	37.3	38.5	36.4	35.1	32.6	28.9		32.5	12
2022	30.4	29.3	31.9	32.1	30.8	37.7	37.2	40	35		29	28.7		32.9	11
2023	27.5	24.9	28.2	28.8	27.5	35.6	39.7	40	39.3	36.3	33.9	32.7		32.9	12
2024	28	27.8	31.1											29	3
MÍNIMA	20.3	22.5	23.1	25.5	25.4	26.9	30.3	32.4	30.1	28.8	26.2	22.1		27.8	3
MÁXIMA	32.1	34.7	32.1	34.7	35.7	38.1	40.3	40.2	40.7	38.7	35.8	32.7		34.1	12
MEDIA	25.9	26.9	28.1	29	29.2	32.1	35.6	36.5	35.5	32.9	29.8	26.5		30.5	10.9
DESV.ST	2.5	2.2	2.1	1.9	1.9	2.3	2.1	2	2.1	2.4	2.2	2.2		1.6	2.5

TEMPERATURA MÁXIMA EXTREMA
AÑO	ENE	FEB	MAR	ABR	MAY	JUN	JUL	AGO	SEP	OCT	NOV	DIC	ACUM	PROM	MESES
1967								39	36		36.5			37.2	3
1968	30	32	34	35	35	36.5	38.5	39.5	40	38.5	35	30.5		35.4	12
1969	30.5	30	35	34	32.5	35	38.5	40	41	35	36	31		34.9	12
1970	29	31	32	33.5	37.5	36	40.5	40	39.5	35	35.5	33		35.2	12
1971	32.5	32	34	35	35.5	36.5	38.5	39.5	38.5	35.5	34	33.5		35.4	12
1972	31.5	33.5	34.5	36.5	39	40	41	42.5	39.5	38.5	32	31.5		36.7	12
1973	30	34	31.5	34.5	35	36	38	40		38	36	33		35.1	11
1974	34	35	34	36	35.5	38.5	39.5	41	38	39.5	33.5	32		36.4	12
1975	33.5	31	34	32.5	31	38.5	37.5	39	40	35	36	31		34.9	12
1976	33.5	32.5	36	35	33.5	39.5	39	39	36.5	38	34.5	30.5		35.6	12
1977	30	40	33.5	36.5	34									34.8	5
1978	31	31	34.5	36	35	38	38	39	38.5	37	34	28		35	12
1979	26	28	32	37	34	37	38	40	40	40.5	32	31		34.6	12
1980	30	35	36	35	31	42.5	40	40	40	36	34	31		35.9	12
1981	29	33	34	36	31.5	36.5	39.5	41	41	37.5	36	35		35.8	12
1982	31	31	35.5	41.5	34	33.5	39	40.5	44.5	37.5	34.5	31.5		36.2	12
1983	30.5	32	35	36	35	39	41.5	39.5	39.5	41	33	31		36.1	12
1984	29	34	34	34.5	36	42.5	41	40	41	39	36	33		36.7	12
1985	29	31	35.5	36	38	38	40	43.5	41.5	43	33.5	35.5		37	12
1986	33	35	37.5	43	37	39.5	43	39.5	40.5	38	35.5	31.5		37.8	12
1987	36.5	32	36	37	38	40	43	41.5	43.5	42	34.5			38.5	11
1988	32	33.5	34	34.5	40					38	33	33		34.8	8
1989	31	35	32.5	32	39.5	37	37	38	40	39	34	31		35.5	12
1990	32	34	33	33	34	37	36	40	40					35.4	9
1991	28	30	30	33	33	33	36	35	37	38	32	32		33.1	12
1992	24	29	31	37	34	41	43	41	44	40	36	31		35.9	12
1993	30	32	38	34	34	38	40	41	41	40	38	36		36.8	12
1994	33	36	36	39	35									35.8	5
1997	30	29	35	34	40	40	40	41	39	38	34	29		35.8	12
1998	33	37	38											36	3
2000	34	31	35	37	35	38								35	6
2001			33	34	34	38.5	39	38	40.5	36	33	28		35.4	10
2002	30	30	32	31	38	39	38	39	41	33	34	28		34.4	12
2003	33	29	32	27	38	35	37	40	38		33	30		33.8	11
2004	27	34	33	32	35	37	39	39	38	36	31	32		34.4	12
2005	30.5	29	31	35	34	37	38	44	40	38	34	33		35.3	12
2006	32	36	35	40	33	40	39	40	37	38	35	30		36.2	12
2007	29	32	38	36	34	36	37	38	38	38.5	31.5	27		34.6	12
2008	29	31	35	35	38	39	40	37	37.5	36	36	30		35.3	12
2009	30	36	37	37	38	36	40	40	40	34	32	29		35.8	12
2010	30	31	35	34	35	37	38	41	40	34	38	35		35.7	12
2011	30	31	34	37	38	36	39	40	39	38	31	30		35.2	12
2012	32	30	32	31	34	36	38.5	39.5	37	35	34	30		34.1	12
2013	32	31	34	35	35	37	39	40	35.5	34	35	32		35	12
2014	36	38	39	42.5	44	47.5	44	45	43.5	41	38	36.5		41.2	12
2015	33	37	37	35	39	45	43	41	42	39	39.5	38		39	12
2016	36	40	39	38	38	43	44	42.5	43	42	40	37		40.2	12
2017	35	42	37	42	36	41	43	46	42	47	41	39		40.9	12
2018	38	35	40	42		41	45	43	44	40	35	32		39.5	11
2019	38.5	32	37	38.5	32	40	45	43.5	40	42	37.5	34		38.3	12
2020	33	35	37	37	37	42	44	44	45	43	43	34		39.5	12
2021	34	35	41	42	41	39	45	45	42	43.5	38	33		39.9	12
2022	37	38	41	38	42	45	42	42	42		33	35		39.5	11
2023	34	32	34	35	31	45	46	47	45	46	40	36		39.2	12
2024	33	32	37											34	3
MÍNIMA	24	28	30	27	31	33	36	35	35.5	33	31	27		33.1	3
MÁXIMA	38.5	42	41	43	44	47.5	46	47	45	47	43	39		41.2	12
MEDIA	31.7	33.1	35	35.9	35.8	38.8	40.2	40.7	40.2	38.5	35.1	32.2		36.3	10.9
DESV.ST	2.9	3.1	2.5	3.2	2.9	3.1	2.6	2.3	2.4	3.1	2.6	2.7		1.9	2.5

TEMPERATURA MÍNIMA PROMEDIO
AÑO	ENE	FEB	MAR	ABR	MAY	JUN	JUL	AGO	SEP	OCT	NOV	DIC	ACUM	PROM	MESES
1967								21.8	20.8		13.5			18.7	3
1968	9.2	11.1	10.7	10.9	12.5	15.5	20	18.5	20.9	16.8	10.9	7.7		13.7	12
1969	9.9	8.7	8.9	10.8	13.1	13	19.6	21.9	20.5	15.9	15	11.7		14.1	12
1970	8.9	9.5	10.9	10.7	11.9	14.2	20.1	21.3	20.8	14.4	10.2	8.5		13.4	12
1971	7.6	6.3	7.9	8.7	10.3	12.8	17.3	22.5	22.3	16.1	9.9	7.7		12.5	12
1972	7.3	8.8	11.9	10.4	12	15	19.8	22.4	19.7	18.8	11.6	9.6		13.9	12
1973	7.8	10.9	9	9.7	13.7	15.2	18.6	20.4		14.5	10.6	7.3		12.5	11
1974	8.8	7.8	9.6	9.9	12.3	15.8	20.2	21.8	21.8	17.2	12.3	7.2		13.7	12
1975	7.4	7.6	9.6	8.6	11.1	14.6	18.9	20	20.8	14.2	10.7	7.2		12.6	12
1976	6.6	9.1	9.5	10.4	13.6	15.5	18.9	21.5	20.4	16.5	11.6	8.6		13.5	12
1977	9	8.1	8.5	11.6	11.6									9.8	5
1978	7.7	7.4	11.3	10.5	12.4	16.6	20.9	21.3	19.1	18.5	11.4	7.2		13.7	12
1979	7.9	7.1	7.7	10.4	12.1	16	19.7	19.8	21.5	13.9	8.4	6.7		12.6	12
1980	7	10.4	9.5	10	11.3	16.3	21.3	22.6	20	16	10.2	8.5		13.6	12
1981	10.5	8.4	9.7	11.9	13.9	17.1	21.5	20.8	20.9	15.5	12.4	7.8		14.2	12
1982	5.4	8.1	9.2	10.7	11.5	11.7	20.1	20.5	20.6	15.2	12.9	8.9		12.9	12
1983	9.2	8.4	10.7	9.9	12	15.7	21.7	22.7	23.4	17.5	12.3	9.6		14.4	12
1984	9.2	8.2	11.1	12.1	15.2	17.4	21.8	23.1	22.3	15.2	10.2	10.2		14.7	12
1985	8.3	7.2	9.7	12.1	13.3	14.7	21.2	21.9	20.6	16.6	11.7	7.4		13.7	12
1986	9.1	9.8	11.5	13	14.1	16.4	20.1	21.5	19.2	14.6	13	9.5		14.3	12
1987	6.7	8.5	9.4	12.5	13.7	12.5	17.8	21.1	20.7	18.4	10.3			13.8	11
1988	6.8	8.7	7.9	10.7	11.3					14.1	8.5	6		9.2	8
1989	3.4	7.8	9.5	11.2	10.9	13.7	18.7	20.9	21.1	16.6	11.8	7.6		12.8	12
1990	5.4	4.8	7.6	10.6	11.4	15.4	21.9	20.3	20					13	9
1991	8.3	9.9	10	12.3	12.4	13.8	17.7	20.6	21.4	18.7	11.4	11.5		14	12
1992	8.8	9.8	9.7	13.6	16.2	16.6	20.5	22.4	22.3	17.4	10.7	8.5		14.7	12
1993	10.3	8.1	8.8	10.7	12.8	15.3	18.6	19.8	19.9	16.9	15.8	10.9		14	12
1994	10	8	8.5	11.3	12.9									10.1	5
1997	5.6	5.4	8.7	9.5	11.9	13.8	18.6	20.9	20.9	13.8	10.5	5.8		12.1	12
1998	4.9	5.7	6.9											5.8	3
2000	9.1	9.1	9.3	10.4	12	13.2								10.5	6
2001			11.7	11.1	14.3	17	20.4	21.3	20.2	17.6	13	7.5		15.4	10
2002	7	7.7	10.2	10.2	10.5	13.5	16.9	18.8	21.4	13.6	9.2	7.2		12.2	12
2003	9.8	10.5	9.4	7.9	8.7	13.9	19.8	21.4	21.7		8.7	4.6		12.4	11
2004	6.6	5.4	10.2	11.4	11.7	13.4	18.6	19.7	20.8	15	9.9	8.4		12.6	12
2005	9.5	9.4	8.7	9.9	12.3	14.4	19.6	20.5	20.1	16.2	11.4	8.5		13.4	12
2006	5.8	7.8	7.3	9.1	11.8	15.7	20	21	20.6	15.8	11.9	5.6		12.7	12
2007	5.9	6.4	7.8	9.9	11.4	14.4	17.9	20.2	19.6	13.9	11.8	6.3		12.1	12
2008	6	5.7	6.3	7.8	11.2	14.6	18.7	21	20.7	16.9	11.9	8.4		12.4	12
2009	7.1	5.9	9	8.7	11.5	12.9	18.8	19.6	19.3	15.2	9.8	5.6		11.9	12
2010	5.5	5.9	6.9	8.2	8.9	13	15.5	18.5	17.8	12.9	6.6	6.8		10.5	12
2011	4.1	2.8	6.5	8.4	7.8	11.2	16.2	19.4	18.9	12.5	9	4.9		10.1	12
2012	5.4	6.1	5.3	8	9.5	12.2	16.4	19.7	20.1	15.6	10.1	6.6		11.2	12
2013	2.7	3.4	6.6	7.6	9.5	11.9	16.7	17.5	16.9	12.5	13.2	7.6		10.5	12
2014	8.4	9.6	11.8	10.6	13.3	18.6	23.8	25.2	24.8	20.4	13	9.9		15.8	12
2015	9.5	11.9	12.8	13.8	12.8	18.9	22.5	22.3	22.5	18.2	13.5	7.4		15.5	12
2016	6.4	9.7	12.1	11.7	14.4	17.4	21.7	22.6	21.1	18.4	12.9	10.3		14.9	12
2017	6.8	10.4	11.7	12.6	13.4	17.1	20.9	23.3	21.2	18	15	11.8		15.2	12
2018	9	13.2	10.5	12.9		16.4	21.4	23.8	23.8	17.5	12.1	8.7		15.4	11
2019	8.1	9.2	10	12.2	11.9	15.1	20.5	23.2	22.6	17.7	16.5	9.5		14.7	12
2020	9.1	9.6	10.9	12.4	14.9	16.6	21.3	23.5	23.8	19.7	13.7	6.5		15.2	12
2021	6.5	9.1	8.4	11.5	12.8	15.8	20.6	23.7	22.1	17.6	14.1	10.5		14.4	12
2022	9.5	7.1	9.6	12.2	13.8	19.2	18.8	22.6	23.2		10.2	7.5		14	11
2023	6	7.2	10.1	11.4	12.7	16.2	22.9	25.1	22.7	21	13.5	9.5		14.9	12
2024	8.1	10.4	11.5											10	3
MÍNIMA	2.7	2.8	5.3	7.6	7.8	11.2	15.5	17.5	16.9	12.5	6.6	4.6		5.8	3
MÁXIMA	10.5	13.2	12.8	13.8	16.2	19.2	23.8	25.2	24.8	21	16.5	11.8		18.7	12
MEDIA	7.5	8.2	9.4	10.7	12.2	15	19.7	21.4	21	16.3	11.6	8.1		13.1	10.9
DESV.ST	1.8	2	1.7	1.5	1.7	1.9	1.8	1.6	1.5	2	2	1.7		2.1	2.5

TEMPERATURA MÍNIMA EXTREMA
AÑO	ENE	FEB	MAR	ABR	MAY	JUN	JUL	AGO	SEP	OCT	NOV	DIC	ACUM	PROM	MESES
1967								17	17		10			14.7	3
1968	3.5	4	6.5	5	8	9.5	15	14.5	17.5	12.5	4.5	3		8.6	12
1969	6.5	5.5	2	7	7.5	8.5	14	19.5	14	9.5	10	5		9.1	12
1970	5	5.5	7	6	8	11.5	14	18.5	18.5	9.5	7	5		9.6	12
1971	4	3	2	4.5	5	8.5	11	20	18	12	4.5	3		8	12
1972	2.5	5	5.5	4	8	11.5	16	19	14.5	11.5	5.5	4.5		9	12
1973	4	5.5	5	6.5	6.5	11	14	18		8	3.5	3.5		7.8	11
1974	4	4	3	6.5	7.5	10.5	17.5	19.5	19	10.5	9.5	3.5		9.6	12
1975	3	1.5	4.5	5.5	6	11.5	16	18	16.5	9.5	7	3.5		8.5	12
1976	1	5	5	5.5	7	10	15.5	18	16	11.5	6.5	5		8.8	12
1977	4.5	3.5	4.5	6	7.5									5.2	5
1978	1.5	2	4.5	5	8	9	17	18	14	11	5	-3		7.7	12
1979	3	3	3	7	6	11	11	14	19	8	3	0		7.3	12
1980	2	5	5	6	6	11	13	20	16	7.5	3	1		8	12
1981	5	1	7	6	9	10	19	15	15.5	10	7.5	1		8.8	12
1982	0.5	2.5	5	4.5	6	7.5	15	16	15	9.5	10	0		7.6	12
1983	3	6	5.5	3.5	6	11.5	14	17	21	8	4	7		8.9	12
1984	5.5	5	6	7	9.5	10	19	20	18.5	10.5	5	2		9.8	12
1985	5	3	2.5	4.5	8.5	7	17.5	19.5	17.5	13	5.5	1.5		8.8	12
1986	4.5	5.5	5.5	8.5	9.5	12	18	20	13	12	6.5	5		10	12
1987	1	5	4	6	5	7	15	19	16.5	13.5	6			8.9	11
1988	1.5	3.5	2.5	4.5	6					10.5	2	1		3.9	8
1989	-1.5	4	2.5	7	5	8	13	19	14.5	10	6	1.5		7.4	12
1990	1	-1	2	7	8	8	19	12	17					8.1	9
1991	4	5	7	10	9	11	14	17	18	11	7	7		10	12
1992	3	6	8	10	12	12	17	20	20	14	3	4		10.8	12
1993	4	5	4	8	9	10	14	12	15	11	9	3		8.7	12
1994	7	3	2	8	9									5.8	5
1997	-1	2	6	6	8	9	15	18	18	9	7	1		8.2	12
1998	2	3	4											3	3
2000	5.5	6	6	6	8.5	10								7	6
2001			8	8	11	12	17	19	15	16	7	6		11.9	10
2002	1.5	4	6	7	8	10	14	16	18	7	7	3		8.5	12
2003	7	7	5	7	6	11	17	21	20		6	-3		9.5	11
2004	-1.5	3	5	10	9	10	14	17	14	10	4.5	1.5		8	12
2005	4	6	4	5	8	9	16	16	15	12	4	4		8.6	12
2006	0.5	4	2.5	5.5	8	12	15	19	15	9	7	0.5		8.2	12
2007	-1	1.5	2.5	5	7	9	15	17.5	14	9	5	2		7.2	12
2008	1	0	0	4	7	11	14	18	15	12	7	1.5		7.5	12
2009	1.5	2	5	3	8	10	16	17	16	5	5	1		7.5	12
2010	2	2	1	6	5	10	11	16	15	8	1.5	0		6.5	12
2011	1	-3.5	2	3	3	7	12	18	15	9	4	-1		5.8	12
2012	2	2	0.5	3	5	9	12	15	18	11	4	2		7	12
2013	-4	-2	0	3	7	7	14	14	8	9	6	2.5		5.4	12
2014	2	5	7	7	8.5	16	21	22	22.5	16	4	0.5		11	12
2015	2	8.5	9	11	9	17	18	20	20	14	5	0		11.1	12
2016	3	0	7	6.5	10	14	19	20	19	14.5	9	5		10.6	12
2017	1	7	7	9	9	12	18	21	13	12	9	6.5		10.4	12
2018	0	4	5	8		13	18	20	21	12	6	1		9.8	11
2019	0.5	1	5	8	9	11	16	20.5	17	12	12	3.5		9.6	12
2020	2	2	5	8	12	14	19	20	21	10	7	2		10.2	12
2021	1	3	3	8	9	10	18	21.5	16.5	13	10	5		9.8	12
2022	5	2	5	8	11	15	10	21	20		2	2		9.2	11
2023	-1	0	1	7	7	13	19	22	20	15	10	7		10	12
2024	3	4	9											5.3	3
MÍNIMA	-4	-3.5	0	3	3	7	10	12	8	5	1.5	-3		3	3
MÁXIMA	7	8.5	9	11	12	17	21	22	22.5	16	12	7		14.7	12
MEDIA	2.4	3.4	4.5	6.4	7.8	10.6	15.6	18.2	16.8	10.8	6.1	2.6		8.5	10.9
DESV.ST	2.3	2.3	2.2	1.9	1.9	2.2	2.5	2.4	2.7	2.4	2.4	2.4		2	2.5

TEMPERATURA MEDIA MENSUAL
AÑO	ENE	FEB	MAR	ABR	MAY	JUN	JUL	AGO	SEP	OCT	NOV	DIC	ACUM	PROM	MESES
1967								29	26.8		22			25.9	3
1968	16.4	19.6	19.6	19.8	21.8	23.4	27.6	26.3	29.1	24.9	20.1	17.4		22.2	12
1969	18.4	17	17.9	19.6	20.9	20.7	27.4	29.3	28.6	23.4	23.2	18.5		22.1	12
1970	16	19	19.9	20	21	23.1	28.7	28.8	27.9	23.1	20.9	17.9		22.2	12
1971	16.6	15.8	18.4	18	19.4	21.6	25.9	29.1	29	23.6	19.6	16.4		21.1	12
1972	16.3	18.6	19.9	20.4	20.4	22.4	28	29.7	27.8	25.6	19.6	17.9		22.2	12
1973	15.6	18.6	17.2	18.6	21.4	22.6	26	27.5		23.7	20.3	17.4		20.8	11
1974	18.2	18.2	18.1	20	20.5	24.4	27.6	29.4	28.2	25	20	16.8		22.2	12
1975	16	16.6	18.9	17.5	19.6	22.4	26.2	28.1	28.8	23.2	20.8	17.3		21.3	12
1976	17.3	18.6	18.6	19.3	21.3	24.6	26.8	29.4	26.4	24.6	20.4	18.2		22.1	12
1977	17.6	19.2	17.8	19.9	20.5									19	5
1978	16.7	16.3	19.5	18.7	19.6	24.4	28	28	25.4	24.8	19.2	14.8		21.3	12
1979	14.3	14.8	16.2	18.8	19.4	23.4	27	26.7	28.4	23.4	18.5	16.8		20.6	12
1980	16.2	19.1	17.8	19.4	18.6	25.4	28.5	29	26.9	23.8	19.6	17.2		21.8	12
1981	17	18	17.3	21	20.8	24.1	28.6	29.1	28.6	24	21.9	18.3		22.4	12
1982	15.6	18	19	21.3	19.9	20.9	28.2	28.6	28.7	24.9	21.1	17.1		21.9	12
1983	17.4	18.1	18.8	18.8	21.4	24.2	29.7	29	29.8	26	21.3	18		22.7	12
1984	17.4	17.6	20.4	20.5	23	26.1	29.2	29.7	29	22.9	19.2	17.6		22.7	12
1985	16	16.5	18.7	20.3	22	23.5	28.4	30.1	28.8	25	20.4	18		22.3	12
1986	19.4	18.6	19.7	23.9	21.8	24.7	28.2	29	27	23.7	22	17.9		23	12
1987	16.4	17.2	18.6	21.4	20.6	21.6	27.4	29.3	28.2	27	19.2			22.4	11
1988	16.4	18.6	17.8	19.8	20.9					24	17.4	15.2		18.8	8
1989	13	16.4	18.6	19.6	20.3	21.8	26.2	27.9	28.2	24.9	20.5	16.8		21.2	12
1990	15.1	14.8	17.6	19.6	20.2	23.7	27.3	27.2	26.6					21.3	9
1991	15.3	17.6	16.9	19.6	18.9	20.4	24	26.5	27.4	25.5	19.2	19.2		20.9	12
1992	14.6	17	16.4	21.1	22.4	24.3	28.6	29.9	31	27	20	16.9		22.4	12
1993	17.9	16.9	19.5	20.2	21.1	23.6	27.2	28.5	27.8	26.3	23.2	20		22.7	12
1994	19.4	19	19.6	20.6	21.3									20	5
1997	15.6	16	20.4	19.7	23.8	25	28.4	29.6	28.3	24	20	15.8		22.2	12
1998	16.4	16.9	18.4											17.2	3
2000	18.6	18.6	18.9	20.4	20.8	22.6								20	6
2001			19.2	19.4	22	24.6	28.1	28.6	27.5	24.5	21.4	15.8		23.1	10
2002	15.7	16.6	18.8	19.1	21	24.4	25.8	26.3	28.4	21.7	19.5	15.2		21	12
2003	18.5	18	17.8	16.7	19.8	22.1	26.9	29.5	28.4		19.5	14.9		21.1	11
2004	15	15.6	19.1	21	21	22	27	27.9	27.2	22.3	18.4	16.9		21.1	12
2005	17.1	16.6	17	19	20.2	22	26.8	28.1	28.6	22.9	20.5	17.8		21.4	12
2006	15.8	17.8	16.8	18.8	19.6	23.9	27.1	28	26.9	23.6	21	15.5		21.2	12
2007	13.9	15.6	18.2	18.6	19	22.6	25.4	27.2	26.4	22.9	19.1	14.2		20.3	12
2008	14.6	15.6	16.9	17.8	19	22.6	26.4	26.7	26.5	24.6	20.1	16.4		20.6	12
2009	16.6	16.8	18.1	18.2	20.3	21.6	27	27.9	27.8	22.3	18.9	14.9		20.9	12
2010	16	15.2	17.6	17.4	18.4	21.4	23.4	27.5	26.4	21.2	17.6	16.5		19.9	12
2011	14.5	13.5	16.8	17.8	17.8	20.9	24.8	27.6	27.1	22.6	17.6	13.9		19.6	12
2012	16	15	16.2	17.2	19	21.6	25.2	27.2	26.4	22.6	18.8	15.5		20.1	12
2013	12.9	13.8	16.7	17	18.8	21	25	26.7	23.5	20.6	21.4	18		19.6	12
2014	19.9	19.6	21.6	21.7	24.3	28.4	31	32.7	30.7	27.1	22.5	19.9		25	12
2015	18.9	21.1	21.9	22.1	21.6	27.1	29.8	31	30.2	26.2	24	18		24.3	12
2016	18	22.2	21.6	21.5	22	26.3	31	30.1	29.2	28.4	23.3	18.7		24.4	12
2017	16.9	20.1	21.8	22.6	21.4	24.8	29.5	31.6	28.7	28.4	25.4	21		24.4	12
2018	20.6	21	21	22.6		25.4	30	31.5	32.2	25.1	21.5	18.3		24.5	11
2019	18	17.9	20.2	21.4	19.7	23.9	29.6	30.8	29.5	26.6	23.4	18.3		23.3	12
2020	18.5	18.9	19.6	21	23.1	25.2	30	31.4	32	28.6	23.9	18.2		24.2	12
2021	16.9	19	19.1	20.9	22.1	24.9	29	31.1	29.2	26.4	23.4	19.7		23.5	12
2022	20	18.2	20.8	22.1	22.3	28.5	28	31.3	29.1		19.6	18.1		23.5	11
2023	16.8	16	19.1	20.1	20.1	25.9	31.3	32.5	31	28.6	23.7	21.1		23.9	12
2024	18	19.1	21.3											19.5	3
MÍNIMA	12.9	13.5	16.2	16.7	17.8	20.4	23.4	26.3	23.5	20.6	17.4	13.9		17.2	3
MÁXIMA	20.6	22.2	21.9	23.9	24.3	28.5	31.3	32.7	32.2	28.6	25.4	21.1		25.9	12
MEDIA	16.7	17.6	18.8	19.8	20.7	23.6	27.6	28.9	28.2	24.6	20.7	17.3		21.8	10.9
DESV.ST	1.7	1.8	1.5	1.6	1.4	1.9	1.8	1.6	1.6	2	1.9	1.7		1.7	2.5
