COMISIÓN NACIONAL DEL AGUA
COORDINACIÓN GENERAL DEL SERVICIO METEOROLÓGICO NACIONAL
BASE DE DATOS CLIMATOLÓGICA NACIONAL 

ESTADÍSTICA MENSUAL
EMISIÓN   : 25/10/2024 

DATOS DISPONIBLES EN LA BASE DE DATOS A: OCTOBER DE 2024; 
CON LA INFORMACIÓN SUMINISTRADA POR LAS UNIDADES ADMINISTRATIVAS 

 ESTACIÓN  : 3095 
 NOMBRE    : E.T.A. 184 VILLA INSURGENTES 
 ESTADO    : BAJA CALIFORNIA SUR 
 MUNICIPIO : COMONDÚ 
 SITUACIÓN : SUSPENDIDA 
 CVE-OMM   :   
 LATITUD   : 25.26388889 ° 
 LONGITUD  : -111.7763889 ° 
 ALTITUD   : 35 msnm 


LLUVIA MÁXIMA 24 H.
AÑO	ENE	FEB	MAR	ABR	MAY	JUN	JUL	AGO	SEP	OCT	NOV	DIC	ACUM	PROM	MESES
1973												0	0	0	1
1974			0	0	0	0		0	0	0	0	0	0	0	9
1975	26	0						0					26	8.7	3
1977	0	0	0	0	0	0			0	0	0	0	0	0	10
1978	0	0	0	0	0	0	0	0	135	15	0	24	174	14.5	12
1979	58	0	0.5	0	0	0	15	0	10	0	0	0	83.5	7	12
1980	0	5	0	0	0	7	0	0		0.3	0	0	12.3	1.1	11
1981	0	0	0	0	0	0	0	0	0	0.3	0	0	0.3	0	12
1982	0	0		0	0	0	0	0	0	0	20.3		20.3	2	10
1983	3	0	0	0	0	0	22	103	0	0		19	147	13.4	11
MÍNIMA	0	0	0	0	0	0	0	0	0	0	0	0	0	0	1
MÁXIMA	58	5	0.5	0	0	7	22	103	135	15	20.3	24	174	14.5	12
MEDIA	10.9	0.6	0.1	0	0	0.9	6.2	12.9	20.7	2	2.9	5.4	46.3	4.7	9.1
DESV.ST	21.1	1.8	0.2	0	0	2.5	9.8	36.4	50.5	5.3	7.7	10	65.5	5.8	3.9

LLUVIA TOTAL MENSUAL
AÑO	ENE	FEB	MAR	ABR	MAY	JUN	JUL	AGO	SEP	OCT	NOV	DIC	ACUM	PROM	MESES
1973												0	0	0	1
1974			0	0	0	0		0	0	0	0	0	0	0	9
1975	26	0						0					26	8.7	3
1977	0	0	0	0	0	0			0	0	0	0	0	0	10
1978	0	0	0	0	0	0	0	0	197	15	0	43	255	21.2	12
1979	70	0	0.5	0	0	0	15	0	10	0	0	0	95.5	8	12
1980	0	5	0	0	0	7	0	0		0.4	0	0	12.4	1.1	11
1981	0	0	0	0	0	0	0	0	0	0.4	0	0	0.4	0	12
1982	0	0		0	0	0	0	0	0	0	27.3		27.3	2.7	10
1983	3	0	0	0	0	0	42	139.5	0	0		19	203.5	18.5	11
MÍNIMA	0	0	0	0	0	0	0	0	0	0	0	0	0	0	1
MÁXIMA	70	5	0.5	0	0	7	42	139.5	197	15	27.3	43	255	21.2	12
MEDIA	12.4	0.6	0.1	0	0	0.9	9.5	17.4	29.6	2	3.9	7.8	62	6	9.1
DESV.ST	25	1.8	0.2	0	0	2.5	17	49.3	73.9	5.3	10.3	15.7	93.5	8	3.9

TEMPERATURA MÁXIMA PROMEDIO
AÑO	ENE	FEB	MAR	ABR	MAY	JUN	JUL	AGO	SEP	OCT	NOV	DIC	ACUM	PROM	MESES
1973												26.3		26.3	1
1974			33.5	34.5	34.2	35.6		36.3	34.6	31.5	29.6	17.1		31.9	9
1975	24.9	18.9						38.1						27.3	3
1977	29.7	30.6	28.9	32	30.8	33.4			37.2	34.9	30.9	30.5		31.9	10
1978	27.6	27.2	30	29.2	30.3	35	39.5	39.7	36.4	33.4	31.2	24.3		32	12
1979	24.8	26.9	30.4	28	29.1	36.4	38.9	39.6	39.1	33.8	30.3	30.1		32.3	12
1980	28.1	30.6	30.7	31.9	31.4	39.2	43.6	44.9		32.6	29.6	26.6		33.6	11
1981	26.2	25.3	25.7	29.8	30.9	31.6	32	33.1	31.3	32.6	29.6	26.6		29.6	12
1982	26.2	25.3		29.8	30.9	29.8	33.5	27.7	23.9	28.6	29			28.5	10
1983	21.5	29.7	32.8	28.5	29.8	27.6	35.7	34.4	34	29.9		23.6		29.8	11
MÍNIMA	21.5	18.9	25.7	28	29.1	27.6	32	27.7	23.9	28.6	29	17.1		26.3	1
MÁXIMA	29.7	30.6	33.5	34.5	34.2	39.2	43.6	44.9	39.1	34.9	31.2	30.5		33.6	12
MEDIA	26.1	26.8	30.3	30.5	30.9	33.6	37.2	36.7	33.8	32.2	30	25.6		30.3	9.1
DESV.ST	2.5	3.9	2.6	2.2	1.5	3.8	4.3	5.2	5	2.1	0.8	4.2		2.4	3.9

TEMPERATURA MÁXIMA EXTREMA
AÑO	ENE	FEB	MAR	ABR	MAY	JUN	JUL	AGO	SEP	OCT	NOV	DIC	ACUM	PROM	MESES
1973												29		29	1
1974			39	38	36	40		39	37	35	36	22		35.8	9
1975	28	28						41						32.3	3
1977	32	38	35	36	35	39			39	39	36	33		36.2	10
1978	32	34	34	34	38	40	42	42	39	36	35	30		36.3	12
1979	28	32	34	31	34	39	41	41	43	40	34	32		35.8	12
1980	32	37	38	36	35	46	47	48		36	33	29		37.9	11
1981	29	28	28	32	33	36	36	36	34	36	33	29		32.5	12
1982	29	28		32	33	32	38	38	27	33	44			33.4	10
1983	26	32	36	33	32	37	38	36	37	36		26		33.5	11
MÍNIMA	26	28	28	31	32	32	36	36	27	33	33	22		29	1
MÁXIMA	32	38	39	38	38	46	47	48	43	40	44	33		37.9	12
MEDIA	29.5	32.1	34.9	34	34.5	38.6	40.3	40.1	36.6	36.4	35.9	28.8		34.3	9.1
DESV.ST	2.3	4	3.6	2.4	1.9	4	3.9	3.9	5	2.2	3.8	3.5		2.6	3.9

TEMPERATURA MÍNIMA PROMEDIO
AÑO	ENE	FEB	MAR	ABR	MAY	JUN	JUL	AGO	SEP	OCT	NOV	DIC	ACUM	PROM	MESES
1973												5.7		5.7	1
1974			11.5	11	11	11.8		12.7	13.3	13	11.7	6.9		11.4	9
1975	3.5	7.7						15.8						9	3
1977	6	7.3	9.6	10	10.1	13.3			20.4	18.2	12	8.6		11.5	10
1978	8.9	8.9	10.2	11.6	13.2	17	24.4	24.1	14.7	14.4	12.1	7.8		13.9	12
1979	9.3	9.4	11	11.3	13.4	16.2	20.2	19.9	23.3	12.8	10.9	10.2		14	12
1980	9.7	11	11.5	11.1	10.7	16.2	22.5	23		17.2	9.5	6.5		13.5	11
1981	6.6	6.2	6.9	10.9	12.7	11.1	11.1	10.7	10.2	17.2	9.5	6.5		10	12
1982	6.6	6.2		10.9	12.8	10.9	15.4	12.2	15.2	19.5	14.9			12.5	10
1983	9.1	11.2	15.1	19.5	10.9	12.6	23.3	23.6	26.7	23.5		16.1		17.4	11
MÍNIMA	3.5	6.2	6.9	10	10.1	10.9	11.1	10.7	10.2	12.8	9.5	5.7		5.7	1
MÁXIMA	9.7	11.2	15.1	19.5	13.4	17	24.4	24.1	26.7	23.5	14.9	16.1		17.4	12
MEDIA	7.5	8.5	10.8	12	11.8	13.6	19.5	17.8	17.7	17	11.5	8.5		11.9	9.1
DESV.ST	2.2	2	2.5	3.1	1.3	2.5	5.2	5.6	5.9	3.6	1.9	3.4		3.2	3.9

TEMPERATURA MÍNIMA EXTREMA
AÑO	ENE	FEB	MAR	ABR	MAY	JUN	JUL	AGO	SEP	OCT	NOV	DIC	ACUM	PROM	MESES
1973												4		4	1
1974			2	9	9	10		11	12	12	9	4		8.7	9
1975	0.5	-2						10						2.8	3
1977	3	2	4	7	7	9			19	11	8	7		7.7	10
1978	3	4	8	9	10	12	22	22	12	12	5	-4		9.6	12
1979	7	2	9	10	10	12	15	17	20	9	5	8		10.3	12
1980	4	8	8	9	7	13	20	21		10	6	4		10	11
1981	4	4	4	10	10	6	6	9	9	10	6	4		6.8	12
1982	4	4		10	10	10	12	9	10	17	3			8.9	10
1983	5	10	12	17	10	10	22	22	15	20		15		14.4	11
MÍNIMA	0.5	-2	2	7	7	6	6	9	9	9	3	-4		2.8	1
MÁXIMA	7	10	12	17	10	13	22	22	20	20	9	15		14.4	12
MEDIA	3.8	4	6.7	10.1	9.1	10.2	16.2	15.1	13.9	12.6	6	5.2		8.3	9.1
DESV.ST	1.9	3.7	3.5	2.9	1.4	2.2	6.4	6	4.3	3.9	2	5.3		3.3	3.9

TEMPERATURA MEDIA MENSUAL
AÑO	ENE	FEB	MAR	ABR	MAY	JUN	JUL	AGO	SEP	OCT	NOV	DIC	ACUM	PROM	MESES
1973												16		16	1
1974			22.5	22.8	22.6	23.7		24.5	24	22.2	20.6	12		21.7	9
1975	14.2	13.3						27						18.2	3
1977	17.9	19	19.2	21	20.4	23.4			28.8	26.5	21.4	19.6		21.7	10
1978	18.2	18	20.1	20.4	21.8	26	32	31.9	25.5	23.9	21.6	16		23	12
1979	17	18.1	20.7	19.6	21.2	26.3	29.5	29.8	31.2	23.3	20.6	20.1		23.1	12
1980	18.9	20.8	21.1	21.5	21	27.7	33	34		24.9	19.6	16.6		23.6	11
1981	16.4	15.8	16.3	20.4	21.8	21.4	21.6	21.9	20.8	24.9	19.6	16.6		19.8	12
1982	16.4	15.8		20.4	21.9	20.4	24.4	20	19.5	24	22			20.5	10
1983	15.3	20.4	24	24	20.4	20.1	29.5	29	30.4	26.7		19.9		23.6	11
MÍNIMA	14.2	13.3	16.3	19.6	20.4	20.1	21.6	20	19.5	22.2	19.6	12		16	1
MÁXIMA	18.9	20.8	24	24	22.6	27.7	33	34	31.2	26.7	22	20.1		23.6	12
MEDIA	16.8	17.6	20.6	21.3	21.4	23.6	28.3	27.3	25.7	24.6	20.8	17.1		21.1	9.1
DESV.ST	1.6	2.5	2.5	1.5	0.8	2.9	4.4	4.9	4.6	1.5	0.9	2.7		2.5	3.9
