COMISIÓN NACIONAL DEL AGUA
COORDINACIÓN GENERAL DEL SERVICIO METEOROLÓGICO NACIONAL
BASE DE DATOS CLIMATOLÓGICA NACIONAL 

ESTADÍSTICA MENSUAL
EMISIÓN   : 25/10/2024 

DATOS DISPONIBLES EN LA BASE DE DATOS A: OCTOBER DE 2024; 
CON LA INFORMACIÓN SUMINISTRADA POR LAS UNIDADES ADMINISTRATIVAS 

 ESTACIÓN  : 3034 
 NOMBRE    : LAS LAGUNAS 
 ESTADO    : BAJA CALIFORNIA SUR 
 MUNICIPIO : MULEGÉ 
 SITUACIÓN : SUSPENDIDA 
 CVE-OMM   :   
 LATITUD   : 27.6 ° 
 LONGITUD  : -113.5666667 ° 
 ALTITUD   : 20 msnm 


LLUVIA MÁXIMA 24 H.
AÑO	ENE	FEB	MAR	ABR	MAY	JUN	JUL	AGO	SEP	OCT	NOV	DIC	ACUM	PROM	MESES
1943			0	0	0	11	12	63	235	30	30	70.4	451.4	45.1	10
1944	20.4	30	15	0	0.01	0	0.01	30	30	19	7.5	20	171.92	14.3	12
1945	0.01	0	0	0	0	0	30	26					56.01	7	8
1950				0.01	0.01	1	18.1	11	27.8	14.2	0.1	18	90.22	10	9
1951	2.3	0	1.9	0	0	6.2	32	73.5	44.2	20.6	1.9	21	203.6	17	12
1952	0.1	1	1	46.5	0	0.5	51	27.5	44	31	1.4	61.4	265.4	22.1	12
1953	0	1.4	12.4	0	0	0	67.4	47	22.7	38.5	12	8	209.4	17.4	12
1954	10	20	0.01	0	0.01	0	62.5	44.2	43.1	27.7	0.4	0.01	207.93	17.3	12
1955	60	0	0	0	0	0	21.2	53.5	74	78.5		0	287.2	26.1	11
1956	3.2	0	0	6.5	0.01	23	49	21.1	20	44.5	0.8	6	174.11	14.5	12
1957	6.1	0	47.5	0	1.3	0.01	23.5	39	10.5	42	0.01	37	206.92	17.2	12
1958	7.8	8.3	33.4	1.4	0.01	0.01	52.5	47	40.8	36.5	13.5	30.5	271.72	22.6	12
1959	7.2	26	0.01	0	0.7	5	30	64	47	11	22	36.5	249.41	20.8	12
1960	182	1	0	0	0	0.01	26.5	20	23.7	17	0	15	285.21	23.8	12
1961	2	0	0	0	0	0	0	3	8	0	1	3	17	1.4	12
1962	4	11	1	0	0	0	0	0	19	0	0	15	50	4.2	12
1963	2	5	0	0	0	0	0	2	3	0	3	0	15	1.2	12
1964	0	0	0	1	0	0	13	0	3	0	2	0	19	1.6	12
1965	4	11	2	0	0	0	0	12	0	0	0	14	43	3.6	12
1966	4	6	2	0	0	0	2	5	9	4.1	0	12	44.1	3.7	12
1967	1	0	0	0	0	0	3	61.5	4	14	23	33	139.5	11.6	12
1968	0	6	1	0	0	0	0	0	0	0	0	4	11	0.9	12
1969		7			0	0	0	0		0	4	31	42	5.2	8
1970	0	0	2	0	0	0	0	0	4	0	0	0	6	0.5	12
1971	0	0	0	0	0	0	0	28	0	0	0	0	28	2.3	12
1972	0.5	0	0	0	0	0	0	14	0	11	0	8.5	34	2.8	12
1973	0	41	3	0	13	0	0	2	0	0	0	0	59	4.9	12
1974	52	0	2	0	0	0	1	2	0	7	0	5	69	5.8	12
1975	5	0	1	0	0	0	0	0	0	0	1	4	11	0.9	12
1976	0	0	0	0	0	0	0	0	12	0	7	9	28	2.3	12
MÍNIMA	0	0	0	0	0	0	0	0	0	0	0	0	6	0.5	8
MÁXIMA	182	41	47.5	46.5	13	23	67.4	73.5	235	78.5	30	70.4	451.4	45.1	12
MEDIA	13.8	6.2	4.5	1.9	0.5	1.6	16.5	23.2	25.9	15.4	4.7	15.9	124.9	10.9	11.5
DESV.ST	36.7	10.6	10.9	8.7	2.4	4.7	21.4	23.7	45.3	19.1	8.1	18.2	115.7	10.4	1.2

LLUVIA TOTAL MENSUAL
AÑO	ENE	FEB	MAR	ABR	MAY	JUN	JUL	AGO	SEP	OCT	NOV	DIC	ACUM	PROM	MESES
1943			0	0	0	17.5	58.31	205.45	728.12	67.21	54	160.8	1291.39	129.1	10
1944	48.41	30	25	0	0.01	0	0.03	89.11	87.08	37.02	52.5	51.01	420.17	35	12
1945	0.02	0	0	0	0	0	78.31	158.52					236.85	29.6	8
1950				0.02	0.01	1.02	69.75	35.64	59.01	48.3	0.2	18.11	232.06	25.8	9
1951	5.3	0	3.4	0	0	6.2	161.04	153.83	91.54	104.82	3.51	90.1	619.74	51.6	12
1952	0.1	1	1	62.6	0	1	139.1	98.3	145.71	61.01	2.4	109.7	621.92	51.8	12
1953	0	1.6	24.7	0	0	0	153.11	166.32	32.02	120	20.4	12.63	530.78	44.2	12
1954	17	32	0.01	0	0.01	0	166.31	176.32	158.81	52.61	0.8	0.02	603.89	50.3	12
1955	141.5	0	0	0	0	0	35.22	262.14	199.31	86.31		0	724.48	65.9	11
1956	3.5	0	0	8.52	0.04	57.51	162.64	89.07	62.92	118.51	0.8	7.1	510.61	42.6	12
1957	12.83	0	48.92	0	1.3	0.01	112.06	221	40.02	90.5	0.01	46.52	573.17	47.8	12
1958	12.8	15.1	57.1	1.41	0.03	0.04	151.14	434.55	253.01	51.95	37.72	62.12	1076.97	89.7	12
1959	9.23	28.12	0.01	0	0.71	6.54	89.2	232.54	67.31	15	31.8	96.52	576.98	48.1	12
1960	230.52	1	0	0	0	0.01	99.76	94.39	42.6	22	0	43.8	534.08	44.5	12
1961	6.5	0	0	0	0	0	0	3	8	0	1	6	24.5	2	12
1962	10	11	2	0	0	0	0	0	28	0	0	21.9	72.9	6.1	12
1963	6	10	0	0	0	0	0	2	3	0	3	0	24	2	12
1964	0	0	0	1	0	0	13	0	3	0	2	0	19	1.6	12
1965	7.5	17	2	0	0	0	0	12	0	0	0	38	76.5	6.4	12
1966	6	11	2	0	0	0	2	5	18.1	4.1	0	12	60.2	5	12
1967	1	0	0	0	0	0	5	66.5	4	28	44	50	198.5	16.5	12
1968	0	7	1	0	0	0	0	0	0	0	0	4	12	1	12
1969		9			0	0	0	0		0	6	32	47	5.9	8
1970	0	0	2	0	0	0	0	0	10	0	0	0	12	1	12
1971	0	0	0	0	0	0	0	30	0	0	0	0	30	2.5	12
1972	0.5	0	0	0	0	0	0	23	0	30.3	0	16.5	70.3	5.9	12
1973	0	56	3	0	13	0	0	2	0	0	0	0	74	6.2	12
1974	52	0	2	0	0	0	1	2	0	7	0	7	71	5.9	12
1975	11	0	1	0	0	0	0	0	0	0	2	8	22	1.8	12
1976	0	0	0	0	0	0	0	0	19	0	7	15	41	3.4	12
MÍNIMA	0	0	0	0	0	0	0	0	0	0	0	0	12	1	8
MÁXIMA	230.52	56	57.1	62.6	13	57.51	166.31	434.55	728.12	120	54	160.8	1291.39	129.1	12
MEDIA	21.5	8.2	6.3	2.5	0.5	3	49.9	85.4	73.6	32.6	9.6	31.3	313.6	27.6	11.5
DESV.ST	50.7	13.6	14.7	11.7	2.4	10.9	63.6	107.2	144.4	39.7	17.2	39.7	341.9	30.9	1.2

EVAPORACIÓN MENSUAL
AÑO	ENE	FEB	MAR	ABR	MAY	JUN	JUL	AGO	SEP	OCT	NOV	DIC	ACUM	PROM	MESES
1961	97	137.6	174.7	183.8	200.1	192.8	220.8	210.9	156.7	156.1	89.7	66.9	1887.1	157.3	12
1962	101.6	26.4	132.3	169	196.5	193.8	173.3	197.5	151.3	122.8	89.1	60.2	1613.8	134.5	12
1963	62.9	93.9	130.6	152.4	173.4	235.7	213.7	199.9	186.4	145	105.5	101.9	1801.3	150.1	12
1964	121.7	95.6	131.5	180.5	213.4	210.9	208.9	216.1	205	148.6	97.4	79.9	1909.5	159.1	12
1965	88.5	117	159.3	151.6	183.9	194.7	185.4	212	189.6	113.3	102.2	65.5	1763	146.9	12
1966	74.3	80.5	126.3	149	178.3	186.3	199.7	208	170.8	147.1	99.8	84.8	1704.9	142.1	12
1967	100.7	108.3	160.2	157.9	225	197.1	209.9	199.4	142.4	161.3	92.3	94.1	1848.6	154.1	12
1968	73	95.2	143.9	172.9	188.1	183.3	230.1	210.6	189.1	162.3	102.7	98.1	1849.3	154.1	12
1969		81.5			179.1	201.1	197.1	220.8		146.3	105.3	65.7	1196.9	149.6	8
1970	91.2	98	139.2	177.2	196.1	197.2	229.1	221.2	183.3	149.5	121.8	86	1889.8	157.5	12
1971	86.4	108.6	163.5	163.5	193.2	193.3	208.5	253.6	211.3	165.7	105.2	95.4	1948.2	162.3	12
1972	90.3	106.1	151.1	191.7	168.5	192.8	232.9	236.1	202.7	157.7	101.6	88.2	1919.7	160	12
1973	73.1	62.4	93.1	88.1	145.9	147.9	195.1	204.9	179.9	181.4	102.9	102.4	1577.1	131.4	12
1974	78	92.9	115.3	191.4	201.5	194.3	226.7	237.2	187.1	174.5	131.7	111	1941.6	161.8	12
1975	108.9	123.3	164.3	177.4	188	218.6	255.1	232.7	231	176.1	141.2	90.5	2107.1	175.6	12
1976	114.5	133.4	189.1	181.8	215	247	213.1	261.4	183.5	195	164.7	145.5	2244	187	12
MÍNIMA	62.9	26.4	93.1	88.1	145.9	147.9	173.3	197.5	142.4	113.3	89.1	60.2	1196.9	131.4	8
MÁXIMA	121.7	137.6	189.1	191.7	225	247	255.1	261.4	231	195	164.7	145.5	2244	187	12
MEDIA	90.8	97.5	145	165.9	190.4	199.2	212.5	220.1	184.7	156.4	109.6	89.8	1825.1	155.2	11.8
DESV.ST	16.8	27.2	24.7	25.7	19.5	22.2	20.2	19.2	23.2	20.6	20.5	21.1	235	13.8	1

TEMPERATURA MÁXIMA PROMEDIO
AÑO	ENE	FEB	MAR	ABR	MAY	JUN	JUL	AGO	SEP	OCT	NOV	DIC	ACUM	PROM	MESES
1943			19	23	25.4	22.9	23.5	22.3	20.5	20.7	18.4	15.5		21.1	10
1944	15.2	17.4	16.2	19.4	20.9	25.6	25.1	23	22.7	18.6	17.1	16.5		19.8	12
1945	15.9	17.9	22.1	23.7	25.7	27.6	25.2	23.3						22.7	8
1950				23.9	25	25.5	22.5	23.4	22.9	23	22.2	20.9		23.3	9
1951	18.1	20.1	18.8	22.2	23.9	26.3	24.4	23.4	23.6	21.9	20.5	18.7		21.8	12
1952	20	18.5	18.4	20.7	24.7	24.9	24.4	23.2	23.1	23.5	19.3	17.4		21.5	12
1953	20.8	19.3	20.6	22.1	24	25.5	23	23	23.6	22.4	20.6	19.3		22	12
1954	19.9	20.6	21.3	24	23.9	26.3	24	23.3	23.3	21.7	20.5	18.9		22.3	12
1955	16.3	18	20.3	23.4	24.5	25.8	24.9	22.7	22.6	22.1		20		21.9	11
1956	19	20	21.4	22	24.4	24.9	23.2	23.1	22.8	23.2	20.2	18.1		21.9	12
1957	19.8	20.6	18.4	21.4	22.2	26	24.6	23.3	22.8	21.5	20.4	20.6		21.8	12
1958	16.5	18.1	17.4	22.2	25.3	25.3	24.4	22.5	21.4	19.5	18	19		20.8	12
1959	17.9	18	19.7	20.6	26.1	24.8	22.4	22.3	23.5	20.4	19.6	15.5		20.9	12
1960	17.7	17	19.9	22	22.5	25.8	23.1	22.4	24.2	21.3	19.8	16.3		21	12
1961	25.5	25.6	24.7	28.7	26	29.9	34.9	34.4	33.4	31.3	24.7	22		28.4	12
1962	23.2	22.7	23.7	28.6	26.5	28.9	32.6	36.4	31.3	28.6	25.3	23.6		27.6	12
1963	20.8	23.2	25.3	25.4	26.9	28.1	33.7	34.7	36.1	31.1	26.7	22.8		27.9	12
1964	21.2	23.1	23.4	26	27	28.6	34.4	32.6	31.6	30.8	24.4	21.2		27	12
1965	21.8	23.1	23.9	27.5	25.2	26.4	31.9	35	32.3	33	27.6	22.1		27.5	12
1966	21.3	22.1	24.4	26.8	26.8	29.5	33.6	34.5	33.5	31.4	27.4	23.6		27.9	12
1967	22.5	25.6	26.1	23.2	30	28	33.4	35.6	31.2	31	26.7	21		27.9	12
1968	22.6	26.3	25.4	27.2	26.4	29.9	34.5	33.3	32.5	31.1	26.3	23.6		28.3	12
1969		22.6			26.1	27	32.7	34.9		29.9	28	21.9		27.9	8
1970	22.3	24.8	26.2	25.3	27.9	28.7	34.2	34.5	32.3	28.7	26.2	24.2		27.9	12
1971	20.3	22.5	24.7	23.7	25.2	27.7	33.2	35.3	34.2	30.6	25.2	20.7		26.9	12
1972	22.2	25.1	24.5	26.5	26.3	29.9	34.1	35	33.3	27.5	24.9	22.4		27.6	12
1973	22.5	23.8	26.4	25.6	28.4	28.7	31.5	31.9	29	29.5	25.1	24.3		27.2	12
1974	23	25	24.5	25.8	25.5	29.5	32.6	31.8	31.1	28.9	26.1	23.5		27.3	12
1975	23.8	23.1	24	23.1	25.6	27.1	33.7	33.3	33.1	27.5	27	23.7		27.1	12
1976	23.7	24	22.4	24.5	27.4	30.1	32.8	32.5	32.2	29.6	29.8	25.4		27.9	12
MÍNIMA	15.2	17	16.2	19.4	20.9	22.9	22.4	22.3	20.5	18.6	17.1	15.5		19.8	8
MÁXIMA	25.5	26.3	26.4	28.7	30	30.1	34.9	36.4	36.1	33	29.8	25.4		28.4	12
MEDIA	20.5	21.7	22.3	24.1	25.5	27.2	29	28.9	28	26.2	23.5	20.8		24.8	11.5
DESV.ST	2.7	2.9	3	2.4	1.8	1.9	4.9	5.8	5.1	4.5	3.6	2.8		3.1	1.2

TEMPERATURA MÁXIMA EXTREMA
AÑO	ENE	FEB	MAR	ABR	MAY	JUN	JUL	AGO	SEP	OCT	NOV	DIC	ACUM	PROM	MESES
1943			23	28	28	26	28	25.5	24.5	28.5	21.5	27.5		26	10
1944	19	22	20	22	26	33	29.5	27	25.5	22	22	20		24	12
1945	20	22	27	27	28	30	29	27.5						26.3	8
1950				28	28.5	28.5	28	28.3	26.5	25.5	25	26.4		27.2	9
1951	24	24	24.5	27	28	29.5	28.5	29	26	25	23	24.5		26.1	12
1952	25	23	24	28	28	27	28	24.5	25.5	26	23	23		25.4	12
1953	24.5	24	25.5	27.5	28	28	26	26	27	25.5	27	24		26.1	12
1954	23.5	24	26	27	32	34	29	26	27	26	30.5	24		27.4	12
1955	22	23	24	27	28.5	29	29	28	25.5	25		22.5		25.8	11
1956	25	24	25.5	26	27.5	29	27	26.5	26	29	24	22.5		26	12
1957	24.5	25	22.5	24.5	27.5	28	28	26	27	25	24	24		25.5	12
1958	23	24.5	23	27	30	28	27.5	26	24	23.5	24	24		25.4	12
1959	23	23	30	27	28	29.5	27	26	26	25	23	24		26	12
1960	23	24	24	25	29	31	26	29	28	26	25	26		26.3	12
1961	38	33	33	37	36	41	41	41	41	42	31	28		36.8	12
1962	30	31	33	36	34	37	38	40	38	34	33	29		34.4	12
1963	27	29	32	31	32	33	40	38	42	36	38	28		33.8	12
1964	24	28	29	37	36	36	40	38	38	39	34	26		33.8	12
1965	28	31	32	37	30	33	39	41	38	38	34	33		34.5	12
1966	27	27	33	32	31	34	38	41	39	39	37	29		33.9	12
1967	27	31	34	31	40	37	40	42	38	38	32	27		34.8	12
1968	27	32	33	32	34	42	41	41	40	38	31	29		35	12
1969		28			30	33	40	42		36	32	29		33.8	8
1970	27	28	31	32	39	34	41	42	40	35	32	30		34.2	12
1971	28	32	33	32	32	35	38	41	40	38	33	28		34.2	12
1972	28	32	33	35	33	38	42	43	37	35	32	28		34.7	12
1973	32	29	35	32	39	42	38	39	39	36	32	33		35.5	12
1974	30	31	30	34	33	39	37	36	38	33	33	28		33.5	12
1975	30	32	35	27	31	31	39	39	40	34	32	29		33.2	12
1976	29	30	30	30	32	37	38	39	37	34	38	30		33.7	12
MÍNIMA	19	22	20	22	26	26	26	24.5	24	22	21.5	20		24	8
MÁXIMA	38	33	35	37	40	42	42	43	42	42	38	33		36.8	12
MEDIA	26.2	27.4	28.8	29.9	31.3	33.1	34	33.9	33	31.6	29.5	26.8		30.4	11.5
DESV.ST	3.9	3.7	4.5	4.1	3.8	4.6	6	7	6.7	6	5.1	3.1		4.3	1.2

TEMPERATURA MÍNIMA PROMEDIO
AÑO	ENE	FEB	MAR	ABR	MAY	JUN	JUL	AGO	SEP	OCT	NOV	DIC	ACUM	PROM	MESES
1943			3.8	5	7.4	10.8	12.2	12.8	12.1	8.5	4.7	3.3		8.1	10
1944	2.5	2.9	0.9	2.9	6.6	10.7	12.6	13.7	11.9	6.1	3.9	4.6		6.6	12
1945	4.3	3.8	7.3	7.1	10.7	13.1	15.6	15.4						9.7	8
1950				6.5	9.9	12.6	12.8	12.9	11.7	10.1	5.3	4.2		9.6	9
1951	1.6	6	3.3	8.7	9.1	13.9	13.5	13.3	12.7	10.2	7.8	6.1		8.8	12
1952	5.3	3.5	2	7	6.4	12.3	12.9	13.2	12.3	7.9	5.4	3.1		7.6	12
1953	2.3	2	4.2	5.2	6	12.1	12.8	12.5	11.1	10.1	4.2	0.7		6.9	12
1954	2.9	4.6	3.4	7.3	8.6	11.5	12.2	11.8	12.4	10.3	4.5	2.9		7.7	12
1955	1.6	2.5	3.5	5.9	8.1	11.4	13.5	12.5	12	8.7		2.7		7.5	11
1956	1.5	2.7	2.3	6.1	9.3	11	12	11.5	12.4	8.4	6.2	3.4		7.2	12
1957	6.7	5.6	2.1	5	6.7	10.3	13.3	13.5	11	6.9	5.2	6		7.7	12
1958	1.5	1.5	2.2	3.8	10.5	13.2	13.9	12.6	13	9.6	5.1	6.6		7.8	12
1959	4.5	4.1	2.1	5.5	13.7	11.1	13	13.1	13.7	6.7	6.6	2.1		8	12
1960	3.7	0.9	1.5	3.8	4.6	9.7	12.2	12.5	11.4	8.5	5.3	1.6		6.3	12
1961	5.7	6.4	9.2	10.4	11.7	14.4	16.9	18.4	17	13.4	7.4	5.8		11.4	12
1962	5.6	7.8	6.4	11	12	13.3	15.6	16.6	17.4	13.5	11.8	8.4		11.6	12
1963	6.9	9.2	6.8	8.7	13	13.4	17.2	19.4	18.9	15.6	9.7	5.1		12	12
1964	3.4	2.9	4.2	9.4	10.8	13.5	16.2	17.8	16.2	15.7	7.7	5.8		10.3	12
1965	5.8	6.9	8.7	9.4	12	13.1	15.2	18.6	16.9	12.6	11.7	9		11.7	12
1966	3.6	4.2	9.1	11.5	13.8	13.9	16.5	19.2	18.4	12	10.1	4.9		11.4	12
1967	3.2	5.6	8	7.4	11.2	13.8	16.8	19.1	18.8	14.5	13.2	7.4		11.6	12
1968	4.8	8.3	8.7	9.4	11.6	14.2	17.1	17.1	15.6	11.5	7.8	4.3		10.9	12
1969		5.7			11.6	12.8	17.2	18.9		10.9	10.6	8.5		12	8
1970	6.5	6.8	8.1	8.9	11.7	14.4	17.1	19	16.6	13	9.5	5.9		11.5	12
1971	4.8	5.9	7.6	7.3	10.8	13	17	20.7	19	13.3	9	4		11	12
1972	4.8	7.9	10.3	10	12	15.1	17.8	19.5	17.7	14.9	7	6.6		12	12
1973	4.7	7.9	7.8	9.3	12.1	14.4	16.6	17.5	15.3	12.6	7.4	4.7		10.9	12
1974	5.9	5.1	8.7	10.2	12.2	14.2	17.2	16.5	17.8	13.7	9.6	4.3		11.3	12
1975	3.3	5.7	7.5	7.6	11.4	13.4	16.5	16.3	16.4	11	9.3	5.4		10.3	12
1976	4.3	8	6.5	6.9	8.9	12.7	12.7	12.5	16.4	12.5	9.2	5.8		9.7	12
MÍNIMA	1.5	0.9	0.9	2.9	4.6	9.7	12	11.5	11	6.1	3.9	0.7		6.3	8
MÁXIMA	6.9	9.2	10.3	11.5	13.8	15.1	17.8	20.7	19	15.7	13.2	9		12	12
MEDIA	4.1	5.2	5.6	7.5	10.1	12.8	14.9	15.6	14.9	11.1	7.7	4.9		9.6	11.5
DESV.ST	1.6	2.3	2.9	2.3	2.4	1.4	2	2.9	2.8	2.7	2.5	2		1.9	1.2

TEMPERATURA MÍNIMA EXTREMA
AÑO	ENE	FEB	MAR	ABR	MAY	JUN	JUL	AGO	SEP	OCT	NOV	DIC	ACUM	PROM	MESES
1943			-1.5	0	2	4	9.5	9	5	5	-1	-3		2.9	10
1944	-3	-2	-4	-3	0	2.5	9	11	7	3	-4	-3		1.1	12
1945	-2	-3	1	0	7	8	11	10.5						4.1	8
1950				2.3	6.3	5	10	9	7.5	5	1.5	-3		4.8	9
1951	-6	2	-2	-2	3.8	9	11.5	9	8.5	5.5	2.5	-3		3.2	12
1952	-3	-2	-3.5	1	1.5	5	9.5	10	8	4	-3	-4		2	12
1953	-3	-2.5	-1	-2	1	6.5	10	9.5	7	4	-1	-4.5		2	12
1954	-4	0	-1.5	1.5	2	6	7	8	10	5	-1	-2		2.6	12
1955	-4.5	-4	-3	-1	5	7	10	8	6	2		-2		2.1	11
1956	-3	-6	-2	-1	3	4	7.5	8	7	3	0	-3		1.5	12
1957	1	-2	-3	-3	0	3	10	11	6	0	-1.5	-2.5		1.6	12
1958	-5	-5	-2.5	-4	5.5	8	11	10	9	2	-2	-2.5		2	12
1959	-3	-3	-2	0	9.5	8	9	10	10.5	-2	-1	-5		2.6	12
1960	-5	-5	-4	0	-1	3	9	6	6	1	2	-6		0.5	12
1961	0	0	2	7	7	11	13	13	10	3	0	1		5.6	12
1962	0	4	0	7	7	10	14	14	14	7	4	2		6.9	12
1963	0	5	2	4	9	10	12	17	16	12	4	0		7.6	12
1964	0	0	1	3	5	12	12	14	11	12	1	1		6	12
1965	0	0	5	4	7	10	11	16	9	9	7	3		6.8	12
1966	0	1	2	7	11	8	15	15	14	7	5	-2		6.9	12
1967	-2	1	3	2	4	8	14	16	12	9	7	0		6.2	12
1968	1	3	4	3	7	9	13	13	11	6	1	0		5.9	12
1969		1			5	8	14	15		4	2	1		6.2	8
1970	0	3	3	4	7	10	15	17	11	3	4	1		6.5	12
1971	-2	0	2	3	6	11	14	18	16	8	3	0		6.6	12
1972	1	1	7	5	8	12	15	15	14	8	1	1		7.3	12
1973	0	3	4	3	7	10	14	15	11	7	0	0		6.2	12
1974	0	1	2	5	7	12	14	12	15	9	4	0		6.8	12
1975	0	0	0	4	9	12	14	14	13	7	6	1		6.7	12
1976	0	3	2	4	7	11	8	8	11	5	5	1		5.4	12
MÍNIMA	-6	-6	-4	-4	-1	2.5	7	6	5	-2	-4	-6		0.5	8
MÁXIMA	1	5	7	7	11	12	15	18	16	12	7	3		7.6	12
MEDIA	-1.6	-0.2	0.4	1.9	5.3	8.1	11.5	12	10.2	5.3	1.6	-1.2		4.6	11.5
DESV.ST	2.1	2.9	2.9	3.1	3.1	2.9	2.4	3.3	3.2	3.3	3	2.3		2.3	1.2

TEMPERATURA MEDIA MENSUAL
AÑO	ENE	FEB	MAR	ABR	MAY	JUN	JUL	AGO	SEP	OCT	NOV	DIC	ACUM	PROM	MESES
1943			11.4	14	16.4	16.9	17.9	17.6	16.3	14.6	11.5	9.4		14.6	10
1944	8.8	10.1	8.5	11.1	13.8	18.1	18.9	18.4	17.3	12.4	10.5	10.6		13.2	12
1945	10.1	10.8	14.7	15.4	18.2	20.4	20.4	19.4						16.2	8
1950				15.2	17.4	19	17.6	18.1	17.3	16.6	13.8	12.5		16.4	9
1951	9.9	13.1	11.1	15.4	16.5	20.1	19	18.4	18.1	16	14.2	12.4		15.3	12
1952	12.7	11	10.2	13.8	15.6	18.6	18.6	18.2	17.7	15.7	12.4	10.2		14.6	12
1953	11.6	10.7	12.4	13.7	15	18.8	17.9	17.8	17.4	16.2	12.4	10		14.5	12
1954	11.4	12.6	12.3	15.7	16.2	18.9	18.1	17.6	17.9	16	12.5	10.9		15	12
1955	9	10.2	11.9	14.6	16.3	18.6	19.2	17.6	17.3	15.4		11.3		14.7	11
1956	10.2	11.3	11.8	14.1	16.9	18	17.6	17.3	17.6	15.8	13.2	10.8		14.6	12
1957	13.2	13.1	10.2	13.2	14.4	18.1	19	18.4	16.9	14.2	12.8	13.3		14.7	12
1958	9	9.8	9.8	13	17.9	19.2	19.1	17.6	17.2	14.6	11.6	12.8		14.3	12
1959	11.2	11.1	10.9	13.1	19.9	18	17.7	17.7	18.6	13.5	13.1	8.8		14.5	12
1960	10.7	8.9	10.7	12.9	13.6	17.8	17.6	17.4	17.8	14.9	12.6	9		13.7	12
1961	15.6	16	17	19.6	18.9	22.1	25.9	26.4	25.2	22.4	16	13.9		19.9	12
1962	14.4	15.2	15.1	19.8	19.2	21.1	24.1	26.5	24.4	21	18.6	16		19.6	12
1963	13.9	16.2	16	17	20	20.8	25.5	27	27.5	23.4	18.2	13.9		20	12
1964	12.3	13	13.8	17.7	18.9	21	25.3	25.2	23.9	23.2	16	13.5		18.6	12
1965	13.8	15	16.3	18.4	18.6	19.8	23.5	26.8	24.6	22.8	19.6	15.6		19.6	12
1966	12.5	13.2	16.8	19.1	20.3	21.7	25	26.9	26	21.7	18.8	14.2		19.7	12
1967	12.8	15.6	17	15.3	20.6	20.9	25.1	27.4	25	22.8	20	14.2		19.7	12
1968	13.7	17.3	17	18.3	19	22	25.8	25.2	24	21.3	17	14		19.6	12
1969		14.2			18.9	19.9	25	26.9		20.4	19.3	15.2		20	8
1970	14.4	15.8	17.1	17.1	19.8	21.6	25.7	26.8	24.4	20.9	17.9	15.1		19.7	12
1971	12.6	14.2	16.1	15.5	18	20.4	25.1	28	26.6	22	17.1	12.3		19	12
1972	13.5	16.5	17.4	18.2	19.1	22.5	26	27.2	25.5	21.2	15.9	14.5		19.8	12
1973	13.6	15.9	17.1	17.5	20.2	21.6	24	24.7	22.1	21	16.2	14.5		19	12
1974	14.4	15.1	16.6	18	18.9	21.9	24.9	24.1	24.5	21.3	17.9	13.9		19.3	12
1975	13.6	14.4	15.8	15.4	18.5	20.2	25.1	24.8	24.8	19.2	18.1	14.6		18.7	12
1976	14	16	14.4	15.7	18.1	21.4	22.8	22.5	24.3	21	19.5	15.6		18.8	12
MÍNIMA	8.8	8.9	8.5	11.1	13.6	16.9	17.6	17.3	16.3	12.4	10.5	8.8		13.2	8
MÁXIMA	15.6	17.3	17.4	19.8	20.6	22.5	26	28	27.5	23.4	20	16		20	12
MEDIA	12.3	13.4	13.9	15.8	17.8	20	21.9	22.3	21.4	18.7	15.6	12.9		17.2	11.5
DESV.ST	1.9	2.4	2.8	2.3	2	1.6	3.4	4.2	3.9	3.5	3	2.1		2.5	1.2
