COMISIÓN NACIONAL DEL AGUA
COORDINACIÓN GENERAL DEL SERVICIO METEOROLÓGICO NACIONAL
BASE DE DATOS CLIMATOLÓGICA NACIONAL 

ESTADÍSTICA MENSUAL
EMISIÓN   : 25/10/2024 

DATOS DISPONIBLES EN LA BASE DE DATOS A: OCTOBER DE 2024; 
CON LA INFORMACIÓN SUMINISTRADA POR LAS UNIDADES ADMINISTRATIVAS 

 ESTACIÓN  : 3035 
 NOMBRE    : LORETO (DGE) 
 ESTADO    : BAJA CALIFORNIA SUR 
 MUNICIPIO : LORETO 
 SITUACIÓN : OPERANDO 
 CVE-OMM   :   
 LATITUD   : 26.01277778 ° 
 LONGITUD  : -111.3433333 ° 
 ALTITUD   : 20 msnm 


LLUVIA MÁXIMA 24 H.
AÑO	ENE	FEB	MAR	ABR	MAY	JUN	JUL	AGO	SEP	OCT	NOV	DIC	ACUM	PROM	MESES
1938								19					19	19	1
1940										0	0	0	0	0	3
1941	0	1	0	0	0	0	0.5	0	135	0	0	17	153.5	12.8	12
1942	0	0	0	0	0	0	0	11	0	5.5	32	2	50.5	4.2	12
1943	0	0	0	0	0	0	15	22	94	45	0	14	190	15.8	12
1944	0	0	7	0	0	0	0	25	7.5	0	0	5	44.5	3.7	12
1945	0	0	0	0	0	0	0	44	50	10	0	0	104	8.7	12
1946	50	44	0	0	0	0	2	59	25	9	0	3	192	16	12
1947	0	0	0	0	0	0	0	23	20	0	0	0	43	3.6	12
1948	0	16	0	0	0	0	13	0	25	0	0	38	92	7.7	12
1949	11	0	0	0	0	0	4	0	58	0	0	4	77	6.4	12
1950	4	0	0	0	0	0	1.7	0	0	13	0	0	18.7	1.6	12
1951	0	0	11	0	0	0	0	20	0	46	0	22	99	8.2	12
1952	0	9	0	0	0	0	0	2	18	0	0	0	29	2.4	12
1953	0	3	0	0	0	0	3	43	0	0	5	8	62	5.2	12
1954	9	0	0	0	0	0	24	37.5	43.5	20	0	0	134	11.2	12
1955	2.5	0	0	0	0	0	0	33	0	25	5	0	65.5	5.5	12
1956	0	0	0	0	0	0	0	4	28	0	0	0	32	2.7	12
1957	4	0	12	0	0	0	32.5	0	19	34.5	0	13.2	115.2	9.6	12
1958	12	4	4	0	0	0	8.1	33.5	225	165	14	0	465.6	38.8	12
1959	0	0	0	0	0	0	0	9.5	155	0	13	42	219.5	18.3	12
1960	51.5	0	0	0	0	0	0	24.5	2	0	0	12	90	7.5	12
1961	32.5	0	0	0	0	0	1.5	8	4	0	0	0	46	3.8	12
1962		12	0	0	0	0	0	0	79	0	0	17.5	108.5	9.9	11
1963	1.5	0	0	0	0	0	3	50	0	15	0	0	69.5	5.8	12
1964	0	0	0	0	0	0	6.5	20	47	20	0	4.5	98	8.2	12
1965	5	0	1	0	0	0	1.5	14	0	0	0	27	48.5	4	12
1966	0	0	0	0	0	0	0	0	0	0	0	0	0	0	12
1967	0	0	0	0	0	0	0	62.5	7.5	58	65	0	193	16.1	12
1968	2.5	47	2	0	0	0	0	0	0	0		0	51.5	4.7	11
1969	5			0	0	0	0	20	0	0	0	41	66	6.6	10
1970	0	0	1	0	0	0	65	40	45	1	0	0	152	12.7	12
1971	0	0	0	0	0	0	15	44	2.5	20	0	0	81.5	6.8	12
1972	2	0	0	0	5.9	0	2.5	19	17	39	0	85	170.4	14.2	12
1973	16	11	0	0	0	0	0.4	0	20	0	0	0	47.4	4	12
1974	1.5	0	0	0	0	0	7.5	40	85	0	19.5	6.5	160	13.3	12
1975	5	0	0	0	0	0	0	0	7	0	0	0.5	12.5	1	12
1976	0	3.5	0	0	0	0	1	25	37.5	0	7.4	10.2	84.6	7	12
1977	1.4	0	0	0	0	0	0	103	0	19	0	0	123.4	10.3	12
1978	0	20	0	0	0	0	8.5	0	3.6	15.6	0	11.5	59.2	4.9	12
1979	42.8	0	0	0	0	0	4.5	0	276	0	0	0.5	323.8	27	12
1980	0	1.3	0	0	0	0			0	10.9	0	18.5	30.7	3.1	10
1981	25.3	0	8.3	0	0	0	6	5.5	0	11.8	0	0	56.9	4.7	12
1982	0		0	0	0	0	0	0	13	0	0	0	13	1.2	11
1983	8	0	17		0	0	18	45.5	13.5	0	28	28	158	14.4	11
1984	31.5	0	0	0	0	0	64.5	15.3	46	11.5	0	21	189.8	15.8	12
1985	27.5	0	0	0	0	0	0	0	0	21	0	0	48.5	4	12
1986	0	0	0	0	0	0	1		5.5	2	0	13	21.5	2	11
1987	0	0	0	0	0	0	7.5	13.5	5.5	4.1	0	0	30.6	2.5	12
1988	0	0		0.6	0	0	0.4	4.9	0	0	0	0	5.9	0.5	11
1989	33.6	13.7	0	0	0	0	2.3						49.6	7.1	7
1990	0	3.3	0	0	0	5	11.9	46.5	13.3	0	26	56	162	13.5	12
1991	6	13.8	0	0	0	0	0	0.9	19.8	0	30.5	91.2	162.2	13.5	12
1992	28.3	26.7	4	0.5	0	0	13.5	3	55.3	0.3	0.2	6	137.8	11.5	12
1993	30	6	0	0	0.3	0	0	28.4	69	5	10.1	9.5	158.3	13.2	12
1994	0	0	0	0	0	0	0	30.5	0.8	0	12.1	52.8	96.2	8	12
1995	6.2	6.7	0	0	0	0	0	36.8	11.4	0	14.5	0	75.6	6.3	12
1996	0	0.8	0	0	0	0	4	39.5	15	0	0.7	0	60	5	12
1997	12.5	0	0	0	4.4	1.7	6.2	20.9	318.5	0	10.2	4.5	378.9	31.6	12
1998	0	0.01	0.01	0	0	13.7	3.6	33.6	1.6	0	0.01	0.01	52.54	4.4	12
1999	0	0	0	0.01	0	0.01	0.01	0.01	22.1	0	0	0.01	22.15	1.8	12
2000	0	0	0.01	0	0.01	0.01	23.2	66.8	37.2	4.6	0.3	1.2	133.33	11.1	12
2001	0.01	0.01	0.01	0	0.01	0.01	1	17.9	134.4	41.2	0	0	194.55	16.2	12
2002	0.4	6.2	0	0	0.01	0	0.01	0	29.8	0	4.5	5.2	46.12	3.8	12
2003	4.6	0.4	0	0.01	0	0	5	107.5	147.7	16.3	0.4	0.01	281.92	23.5	12
2004	21.2	0.01	0.4	0.01	0	0	33.8	21.1	7.1	13.9	0.8	2.9	101.22	8.4	12
2005	14.1	25.8	0	0.01	0.01	0	0.01	6.8	0.01	2.6	0.01	0	49.35	4.1	12
2006	0.01	0	0	0	0	0.01	3.3	10.3	150	57.1	0	0.01	220.73	18.4	12
2007	2.7	0	0	0	0	0.01	1	15.6	65.3	0	20	5.3	109.91	9.2	12
2008	6.1	0	0.1	0	0	0	0.01	127.1	19.2	120.6	0.01	0	273.12	22.8	12
2009	0.4	0	0.01	0.6	0	3.4	5.4	11.2	92.2	20	0.01	0.01	133.23	11.1	12
2010	0.01	5.6	0	0	0	0	0.01	8.2	29.9	0	0	0	43.72	3.6	12
2011	0.01	0	0	0	0	0	0.01	0.1	0.3	0	6.5	0.01	6.93	0.6	12
2012	0.01	0.7	0	0	0	0	0.01	124.6	66.6	58.4	0	0.01	250.33	20.9	12
2013	0	0	0	0	0.01	0	1.3	53.4	16.8	192.3	0	0.01	263.82	22	12
2014	0.2	0	0	0	0	0	13.2	8.2	158	24.2	0	0.01	203.81	17	12
2015	6.4	10.2	1.4	11.2	0	28.2	29.2	0.2	55.2	5.8	0.01	0.2	148.01	12.3	12
2016	0.2	0	0.01	0.3	0.01	0	0	17	97.9	0	0	2.7	118.12	9.8	12
2017	0	7.8	0	0	0	0	0	9.2	107	0	0	0	124	10.3	12
2019	13.3	0.2	0.01	0	0	0							13.51	2.3	6
2020		0	0		0			0		0	0	0	0	0	7
2021	0												0	0	1
2022	0	0.2	0	0	0	4.3	0.01	13	73.2	0.01	0	0.8	91.52	7.6	12
2023	0.5	5	0	0	0	0	3.6	44	0.6	15.2	0.8	0	69.7	5.8	12
2024	0.01	0	0.01	0	0	0	2.6	2.4	0	0			5.02	0.5	10
MÍNIMA	0	0	0	0	0	0	0	0	0	0	0	0	0	0	1
MÁXIMA	51.5	47	17	11.2	5.9	28.2	65	127.1	318.5	192.3	65	91.2	465.6	38.8	12
MEDIA	6.6	3.8	0.9	0.2	0.1	0.7	6.1	23.4	43.5	14.8	4.1	8.8	105.7	9.1	11.3
DESV.ST	12.1	8.8	2.9	1.3	0.8	3.5	12.2	27.9	63.1	32.6	10.2	17.7	89.5	7.5	2.1

LLUVIA TOTAL MENSUAL
AÑO	ENE	FEB	MAR	ABR	MAY	JUN	JUL	AGO	SEP	OCT	NOV	DIC	ACUM	PROM	MESES
1938								46					46	46	1
1940										0	0	0	0	0	3
1941	0	1	0	0	0	0	0.5	0	233	0	0	17	251.5	21	12
1942	0	0	0	0	0	0	0	16	0	5.5	32	2	55.5	4.6	12
1943	0	0	0	0	0	0	15	24	147	45	0	14	245	20.4	12
1944	0	0	7	0	0	0	0	25	14.5	0	0	5	51.5	4.3	12
1945	0	0	0	0	0	0	0	58	53	20	0	0	131	10.9	12
1946	53	58	0	0	0	0	2	116.01	48	9	0	5	291.01	24.3	12
1947	0	0	0	0	0	0	0	48	32	0	0	0	80	6.7	12
1948	0	16	0	0	0	0	13	0	33	0	0	60	122	10.2	12
1949	37	0	0	0	0	0	4	0	127.5	0	0	4	172.5	14.4	12
1950	4	0	0	0	0	0	1.7	0	0	20	0	0	25.7	2.1	12
1951	0	0	11	0	0	0	0	81.5	0	70	0	27.5	190	15.8	12
1952	0	10	0	0	0	0	0	2	31.5	0	0	0	43.5	3.6	12
1953	0	3	0	0	0	0	5	55.5	0	0	5	8	76.5	6.4	12
1954	17	0	0	0	0	0	38	48.5	51.5	21.5	0	0	176.5	14.7	12
1955	4.5	0	0	0	0	0	0	55	0	40	5	0	104.5	8.7	12
1956	0	0	0	0	0	0	0	4	28	0	0	0	32	2.7	12
1957	4	0	17.5	0	0	0	32.5	0	34	45	0	13.2	146.2	12.2	12
1958	22.5	5	4	0	0	0	8.1	45.5	264.52	183.5	14	0	547.12	45.6	12
1959	0	0	0	0	0	0	0	17	173.5	0	13	83.8	287.3	23.9	12
1960	56.5	0	0	0	0	0	0	44.5	2	0	0	15	118	9.8	12
1961	49.5	0	0	0	0	0	1.5	11.5	4	0	0	0	66.5	5.5	12
1962		12	0	0	0	0	0	0	135	0	0	20.5	167.5	15.2	11
1963	1.5	0	0	0	0	0	5	89	0	26	0	0	121.5	10.1	12
1964	0	0	0	0	0	0	16	32	47	30	0	8.5	133.5	11.1	12
1965	5	0	1	0	0	0	1.5	27.5	0	0	0	49	84	7	12
1966	0	0	0	0	0	0	0	0	0	0	0	0	0	0	12
1967	0	0	0	0	0	0	0	123.2	7.5	105.5	117	0	353.2	29.4	12
1968	8.5	56	2	0	0	0	0	0	0	0		0	66.5	6	11
1969	8			0	0	0	0	45	0	0	0	41	94	9.4	10
1970	0	0	1	0	0	0	65	40	60	1	0	0	167	13.9	12
1971	0	0	0	0	0	0	23	86	3	20	0	0	132	11	12
1972	2	0	0	0	5.9	0	2.5	23	35	77	0	93	238.4	19.9	12
1973	22	19	0	0	0	0	0.4	0	20	0	0	0	61.4	5.1	12
1974	1.5	0	0	0	0	0	13.3	49	144	0	34.5	6.5	248.8	20.7	12
1975	9	0	0	0	0	0	0	0	13	0	0	0.5	22.5	1.9	12
1976	0	6	0	0	0	0	1	52.5	84	0	15.4	12.2	171.1	14.3	12
1977	1.4	0	0	0	0	0	0	128	0	46.5	0	0	175.9	14.7	12
1978	0	22.5	0	0	0	0	11.5	0	3.6	19.1	0	19.6	76.3	6.4	12
1979	82.2	0	0	0	0	0	4.5	0	292	0	0	0.5	379.2	31.6	12
1980	0	1.8	0	0	0	0			0	10.9	0	21	33.7	3.4	10
1981	42.3	0	8.3	0	0	0	6	11	0	21	0	0	88.6	7.4	12
1982	0		0	0	0	0	0	0	13	0	0	0	13	1.2	11
1983	15	0	30		0	0	20.2	91.7	13.5	0	28	28	226.4	20.6	11
1984	34	0	0	0	0	0	66	25.8	68	11.5	0	35	240.3	20	12
1985	49.1	0	0	0	0	0	0	0	0	21	0	0	70.1	5.8	12
1986	0	0	0	0	0	0	1		12	2	0	15.5	30.5	2.8	11
1987	0	0	0	0	0	0	7.5	14.5	9.4	5.1	0	0	36.5	3	12
1988	0	0		0.6	0	0	0.4	9.5	0	0	0	0	10.5	1	11
1989	65.4	13.9	0	0	0	0	2.3						81.6	11.7	7
1990	0	3.3	0	0	0	5	23.5	64.5	18.7	0	46.5	90.8	252.3	21	12
1991	6	17.3	0	0	0	0	0	0.9	58.1	0	53.8	103.4	239.5	20	12
1992	69.9	37.1	7.4	0.5	0	0	13.5	3.7	56.3	0.3	0.2	14.8	203.7	17	12
1993	51	7.9	0	0	0.3	0	0	69.6	136.1	5	23.5	14.2	307.6	25.6	12
1994	0	0	0	0	0	0	0	43.6	0.8	0	12.1	97.3	153.8	12.8	12
1995	6.2	19.2	0	0	0	0	0	38.6	21.5	0	16.7	0	102.2	8.5	12
1996	0	0.8	0	0	0	0	8.8	65.3	21.2	0	0.7	0	96.8	8.1	12
1997	20.5	0	0	0	4.4	1.7	6.2	36	373.82	0	10.2	8.1	460.92	38.4	12
1998	0	0.04	0.02	0	0	13.9	6.1	40.82	1.6	0	0.01	0.01	62.5	5.2	12
1999	0	0	0	0.01	0	0.01	0.01	0.04	31.6	0	0	0.01	31.68	2.6	12
2000	0	0	0.01	0	0.01	0.01	23.24	79.72	82.72	5.92	0.31	1.2	193.14	16.1	12
2001	0.01	0.02	0.01	0	0.01	0.02	1.01	17.92	238.21	68.4	0	0	325.61	27.1	12
2002	0.4	10.3	0	0	0.01	0	0.01	0	29.83	0	10.4	6.2	57.15	4.8	12
2003	4.6	1.04	0	0.01	0	0	5.03	175.51	184.7	17.2	0.6	0.02	388.71	32.4	12
2004	21.2	0.01	0.4	0.02	0	0	39.8	21.11	17.23	22.41	0.81	3.64	126.63	10.6	12
2005	32.11	35.61	0	0.01	0.01	0	0.02	8.11	0.02	2.61	0.01	0	78.51	6.5	12
2006	0.01	0	0	0	0	0.01	3.34	19.34	263.9	68.6	0	0.01	355.21	29.6	12
2007	3.21	0	0	0	0	0.01	1	19.11	74.01	0	20.13	5.3	122.77	10.2	12
2008	6.52	0	0.1	0	0	0	0.02	138.42	30.23	121.02	0.02	0	296.33	24.7	12
2009	0.44	0	0.01	1	0	3.4	14.1	11.21	129.4	34.3	0.03	0.01	193.9	16.2	12
2010	0.01	5.6	0	0	0	0	0.01	8.2	32.3	0	0	0	46.12	3.8	12
2011	0.02	0	0	0	0	0	0.01	0.1	0.31	0	10.7	0.01	11.15	0.9	12
2012	0.01	0.72	0	0	0	0	0.01	198.5	101.62	92.6	0	0.01	393.47	32.8	12
2013	0	0	0	0	0.01	0	1.92	91.82	18.2	198.41	0	0.03	310.39	25.9	12
2014	0.21	0	0	0	0	0	14.41	11.41	233.51	24.8	0	0.01	284.35	23.7	12
2015	16.82	14.21	2.52	11.81	0	41.8	41.8	0.21	115.91	6.62	0.03	0.2	251.93	21	12
2016	0.2	0	0.01	0.31	0.01	0	0	33.2	118.4	0	0	2.93	155.06	12.9	12
2017	0	7.8	0	0	0	0	0	9.22	107	0	0	0	124.02	10.3	12
2019	13.5	0.2	0.01	0	0	0							13.71	2.3	6
2020		0	0		0			0		0	0	0	0	0	7
2021	0												0	0	1
2022	0	0.21	0	0	0	4.3	0.03	25.4	225.21	0.01	0	1.41	256.57	21.4	12
2023	0.5	5	0	0	0	0	3.62	45.61	0.6	33.64	0.83	0	89.8	7.5	12
2024	0.01	0	0.02	0	0	0	4.01	2.41	0	0			6.45	0.6	10
MÍNIMA	0	0	0	0	0	0	0	0	0	0	0	0	0	0	1
MÁXIMA	82.2	58	30	11.81	5.9	41.8	66	198.5	373.82	198.41	117	103.4	547.12	46	12
MEDIA	10.5	4.9	1.2	0.2	0.1	0.9	7.3	35.8	62.8	19.2	6	11.9	150.3	13.2	11.3
DESV.ST	19.1	11.3	4.2	1.3	0.8	4.9	13.5	42.1	84.2	37.8	16.5	24.3	119.8	10.5	2.1

EVAPORACIÓN MENSUAL
AÑO	ENE	FEB	MAR	ABR	MAY	JUN	JUL	AGO	SEP	OCT	NOV	DIC	ACUM	PROM	MESES
1956					91.1	218.8	167.07	195.23	183.92	175.6	128.1	91.5	1251.32	156.4	8
1957	88.33	122.4	151.9	166.2	215.3	192.5	209.8	169.03	172.1	173	118.4	92	1870.96	155.9	12
1958	90.9	90.6	130	174.6	199.6	208.7	217.9	135.5	147.7	135.7	108.1	93.9	1733.2	144.4	12
1959	91.4	98.4	162.5	160.6	218.6	200.7	199.6	179	147.1	183	115.91	81.1	1837.91	153.2	12
1960	79.85	128.5	147.99	186.17	200.66	219.32	199.3	181.05	170.51	168.63	119.85	104.53	1906.36	158.9	12
1961	84.3	137.6	174.7	180.1	222.1	222.2	204.8	168.8	178.8	167.9	106.4	5.4	1853.1	154.4	12
1962					55.8	170.7	177.1	190.8	181.47	142.3	107.11	75.5	1100.78	137.6	8
1963	94.1	103.1	153.2	150.6	226.5	216.2	217.9	201.5	157	162.5	128.3	98	1908.9	159.1	12
1964	100.4	117.7	145.6	131	178.8	214.2	205.1	180.3	179	141.7	121.6	80.5	1795.9	149.7	12
1965	97.8	86.4	129.46	147.1	190	149.56	201.1	143.8	185.55	167.55	125.6	116.2	1740.12	145	12
1966	76.7	83.6	133.7	151.7	203		106.4		193.2	180	129.3	103.3	1360.9	136.1	10
1967	99	133.8	137	102.3	150.41	188.1	200.5	194.24	163.4	127.16	103.7	8.2	1607.81	134	12
1968	86.7	100.3	107.5	153.8	181.6	248.3	180.7	168.4	173.66	141.75		98.1	1640.81	149.2	11
1969	75.29			167.85	171.2	203.3	196.4	164.2	159.39	162.7	140	131.2	1571.53	157.2	10
1970	97.1	105.5	164.6	159.8	232.8	192	190.3	186.5	199.7	41.4	114.7	110.5	1794.9	149.6	12
1971	117.2	107.9	153.8	131.24					54	157.3	88.9	111.4	921.74	115.2	8
1972	100.2	99	136.2	142.1	192.5	229.6	223.3	238.5	164.6	188.4	135.4	128.22	1978.02	164.8	12
1973	94.9	88.5	120	149.1	197.7	213.2	234	259.7	260.2	226.3	165.7	145.3	2154.6	179.6	12
1974	126.1	129.8	155.8	165.2	210	239.9	251.1	256.9	186.2	159.2	94.3	93.7	2068.2	172.3	12
1975	91.5	102.2	146.5	174.9	201.6	249.3	223.6	217.8	195.96	165.8	125.2	91.4	1985.76	165.5	12
1976	103.2	103.6	152.7	164.8	217.9	233	219.4	212.5	172.4	155.7	106.5	84.4	1926.1	160.5	12
1977	78.8	136.5	152.6	193.8	200.9	212.08	222.6	185.7	191.6	143.6	121.3	85.7	1925.18	160.4	12
1978	91.2	107.9	146.5	181.9	213.1	236.7	218.65	214.8	47.15	153	113.5	82.7	1807.1	150.6	12
1979	69.18	90.8	146	189	214.6	211.3	231.8	228.2	162.5	171.9	118.3	97.05	1930.63	160.9	12
1980	84.1	10	135.5	189.9	204	208			172.1	214	181.3	144.7	1543.6	154.4	10
1981	93.6	152.6	169.2	209.09	268.6	258.2	245.9	259.3	200.8	150.3	147.5	120.3	2275.39	189.6	12
1982	45.3			50.9									96.2	48.1	2
1983							197.9	145.2	86.1	88.7	42.4		560.3	112.1	5
1985		90.1	136.9	182.4	172.2	151.3		194.6	245.99	195.07	168.7	125.2	1662.46	166.2	10
1986	145.7	83.1	106.3	54.9	84.8	247.5	262.2					105.9	1090.4	136.3	8
1987	142.7	149	168.6	208.13	259.3	283.9	302.4	252.7	196.2	188	152.5	141.8	2445.23	203.8	12
1988	171.5	119.6		186	222.6	232.4	205	216.7	200.2	162.3	130.6	114.95	1961.85	178.3	11
1989	115.9	116.5	144.5	199.6	227.1	238.8	207.1						1249.5	178.5	7
1990	93	104.69	155.3	194.3	207.28	236.3	192.1	200.3	158.3	164.9			1706.47	170.6	10
1991								232.3	161	195.5	147	71.52	807.32	161.5	5
1992	81.3	94	126.7	118.6	169.8	256.8	246.6	202.2	126.2	149.8	135.8	79	1786.8	148.9	12
1993	81.1	89.9	165.2	205.24	240.8	239	195.4	110.8	101.1	128.1	129.3	102.9	1788.84	149.1	12
1994	145.3	133.4	136.7	103.4	132.9	198.4	245	195.3	205.2	179	127.9	98.6	1901.1	158.4	12
1995	111.4	83.3	151.55	211	222.51	259.8	273.7	232.9	189.5	193.3	118.46	98.8	2146.22	178.9	12
1996	111.9	121.7	192.7	223.2	261	269	249	209	170.1	169.04	130.7		2107.34	191.6	11
1997											97.6	106.1	203.7	101.8	2
1998	11.46	12.3	18.58		20.87	23.84	24.77	23.63	22.8	19.34	12.62	11.44	201.65	18.3	11
1999	12.14	13.9	17.39	21.47	25.16	26.33	26.84	23.81	22.06	21.1	13.93	12.17	236.3	19.7	12
2000	12.03	13.22	19.87	22.19	26.77	23.62							117.7	19.6	6
2005									188.45	158.31	127.83	98.52	573.11	143.3	4
2006	116.58	129.52	163.54	191.58	235.67	238.83	230.8	213.08	158.29	172.71	123.87	111.54	2086.01	173.8	12
2007	89.41	129.45	189.22	202.58	252.53	253.22	241.42	215.65	190.17	180.7	99.15	77.04	2120.54	176.7	12
2008	76.52	130.19	179.84	223.72	238.25	233.71	249.4	205.03	162.5	152.85	103.9	74.23	2030.14	169.2	12
2009	98.11	118.42	159.37	195.24	227.75	225.63	238.84	215.9	174.03	151.04	102.07	73.75	1980.15	165	12
2010	98.35	112.08	184.89	184.16	227.21	231.15	251.54	195.3	181.37	162.54	108	70.55	2007.14	167.3	12
2011	83.54	121.38	177.3	208.27	236.58	232.12	237.01	235.79	207.93	188.85	120.66	91.54	2140.97	178.4	12
2012	105.69	120.36	185.53	212.06	252.85	257.06	248.72	211.82	156.27	142.69	101.56	72.21	2066.82	172.2	12
2013	89.13	131.98	190.75	223.89	245.7	252.9	245.01	204.57	181.9	143.38	105.23	92.91	2107.35	175.6	12
2014	109.06	114.86	156.79	223.23	257.49	278.76	231.76	234.57	161.41	162.75	118.11	79.76	2128.55	177.4	12
2015	79.18	108.83	144.83	175.44	220.57	223.85	235.38	229.55	158.27	145.87	101.92	83.37	1907.06	158.9	12
2016	87.07	147.62	143.28	174.11	198.35	201.17	205.64	193.71	162.48	141.51	91.89	63.18	1810.01	150.8	12
2017	74.61	107.21	163.33	188.36	198.97	203.08	197.24	193.56	165.95	165.23	101.44	73.81	1832.79	152.7	12
2019	75.79	91.58	158.24	211.44	217.47	219.07							973.59	162.3	6
2023										40.75	98.41	73.46	212.62	70.9	3
2024	71.08	100.28	146.86	193.3	215.97	221.39	221.98	211.16	187.77	134.43			1704.22	170.4	10
MÍNIMA	11.46	10	17.39	21.47	20.87	23.62	24.77	23.63	22.06	19.34	12.62	5.4	96.2	18.3	2
MÁXIMA	171.5	152.6	192.7	223.89	268.6	283.9	302.4	259.7	260.2	226.3	181.3	145.3	2445.23	203.8	12
MEDIA	91.3	104.4	144.7	167.5	195.4	213.4	212.1	194.5	164.6	152.9	114.9	90	1587.4	148.7	10.3
DESV.ST	29.4	32.6	37.7	48.1	59.6	54.7	49.2	47.4	46.2	41.7	30.2	30.7	618.1	39.3	2.8

TEMPERATURA MÁXIMA PROMEDIO
AÑO	ENE	FEB	MAR	ABR	MAY	JUN	JUL	AGO	SEP	OCT	NOV	DIC	ACUM	PROM	MESES
1938								35.3						35.3	1
1940										32.9	28.5	27.3		29.6	3
1941	24.2	26.4	26.6	28.8	33.1	34.7	36.9	38	35.2	33.3	30.4	26.5		31.2	12
1942	25.9	25.2	26.8	29.1	33.3	35.6	36.3	36.7	37.4	33.4	30.3	26.4		31.4	12
1943	24.2	26.3	28.5	31.1	33.5	34.9	37.3	35.7	34.5	32.8	27	22		30.6	12
1944	22.3	22.3	25	27.7	30.7	33.2	35.8	35.8	35.4	33.8	27.2	24.5		29.5	12
1945	22.7	24.6	25.4	27.7	31.6	34	35.2	35.3	35	32	27.5	24.6		29.6	12
1946	22.1	22.4	24.3	28.4	29.3	33.2	34	30.4	34.6	31.2	27.6	24.4		28.5	12
1947	22	25.3	26.4	28.7	31.7	34	35.8	35.3	34.9	33.4	26.6	24.6		29.9	12
1948	23.7	21.2	28.3	33.2	31.7	37.4	38.1	41.3	42.6	34.3	28.9	27.1		32.3	12
1949	17.5	20.8	32.5	27.5	38.2	33.7	35.8	36	34	31.8	29.9	23.8		30.1	12
1950	22.1	24.3	26.5	29.6	30.2	34.3	34.7	36.1	36	34.4	30	26.6		30.4	12
1951	23.1	23.8	24.6	27.9	30.7	33.7	36.4	36.4	37	34	28.4	24.5		30	12
1952	23.4	24.4	23.9	27.1	33.1	33.4	35.7	36.4	36.6	36.1	28.1	24.1		30.2	12
1953	25.6	24	26.2	27.8	27.9	32.8	34.6	35.9	36.4	33.6	29	23.7		29.8	12
1954	23	25.8	25.4	30	31.4	33.5	34.9	35.1	35.4	33.2	29.2	24.7		30.1	12
1955	20.3	21.2	26	27.7	29.7	32.8	33.8	34.2	35	32.8	27.1	24.5		28.8	12
1956	24.4	22.5	26.3	27.3	31.7	34.8	35.6	36.5	35.9	32.8	27.2	23.6		29.9	12
1957	23.3	26	25.3	27.5	29.2	34	36.1	36.8	36	31.5	26.3	24.9		29.7	12
1958	23.6	25.7	26.2	28.5	32.6	34.8	35.6	36.2	34.2	32	27.5	25.8		30.2	12
1959	24.3	23.6	27.1	29.3	30.5	34.6	35	34.7	34.7	32.3	27.8	23.3		29.8	12
1960	20.3	22.8	25.8	29	31.3	34.1	35.7	34.8	35.6	31.9	27.7	22.5		29.3	12
1961	21.7	24.4	25.5	27.3	31	33.5	33.9	35.1	34.3	32.4	25.9	23.4		29	12
1962		23.2	23.1	30.1	30.2	33.1	35.5	36.5	34	32.2	29.4	23.8		30.1	11
1963	21.5	24.6	24.9	28.1	32.1	34.2	35.5	35.8	36.1	35.4	30	24.8		30.2	12
1964	22.7	22.9	23.9	26.5	30.2	33.4	34.6	34.4	34.9	33.4	27.8	23.8		29	12
1965	22.9	23.2	24	28.5	32.5	33.6	38.3	39	38.8	36.9	33.9	28.5		31.7	12
1966	25.8	25.5	29.9	32.2	33.2	35.9	35.6	35.1	34.2	35.5	28.5	25.9		31.4	12
1967	22.9	24.2	26.3	25	32.2	33	35.3	35.5	34.6	31.3	28.3	23.7		29.4	12
1968	22	24.7	25.2	26.6	30.7	35.9	34.4	34.3	34.3	31.8		23.4		29.4	11
1969	24.3			29.6	34	35.9	37.1	37.1	35.1	32.1	26.8	24.7		31.7	10
1970	22.8	23.3	25.1	26.2	32.4	32.8	33.4	34.5	33.9	30.8	26	23.6		28.7	12
1971	25.7	25.6	27.1	26	29	32.6	34.8	33.2	36	31	26.9	22.6		29.2	12
1972	21.6	24.5	27	29.6	32.2	34.1	36.3	37	36.7	33.5	28	26.5		30.6	12
1973	24.2	25	25.6	28.3	31.7	33.6	35.3	36.7	36.9	35.1	30.9	27.7		30.9	12
1974	24.9	25.1	26.1	29.9	31.8	35.2	35.1	36.3	34.9	34.4	28.3	25.1		30.6	12
1975	23.5	24	25.6	25.9	29.9	32.9	34.6	35.4	36	33.4	29.4	24.5		29.6	12
1976	24.5	25.7	26.6	28.6	32	35.7	36.2	37.2	33.8	33	28.7	25.7		30.6	12
1977	24.5	28.2	25.2	29.3	30.1	34.4	35.4	35.5	36.4	33.1	29.7	27.5		30.8	12
1978	25	24.5	27.6	28.6	31.7	35.4	35.9	36.5	35.9	34.5	28.4	22.9		30.6	12
1979	21.4	22.8	26.1	29.3	30.9	34.6	36.3	37	36.1	34.8	27.7	24.4		30.1	12
1980	23.7	26.1	26	28.6	29.5	35.2			33.5	28.9	24.8	20.8		27.7	10
1981	21	24.3	23.3	27.2	29.2	33	34.6	36.2	34.8	31.4	27.9	24.1		28.9	12
1982	21.6		24.8	28.8	30	34	35.7	36.9	36.1	32.3	25.8	22.7		29.9	11
1983	22.1	23.5	26.1		30.3	33.5	35	34.4	34.7	32.1	26.3	23.8		29.3	11
1984	21.7	22.9	25.3	34.3	38.1	39	38.5	40.1	40	35	32.6	28		33	12
1985	22.4	22.5	25	30.8	33.1	35.2	36.3	36.6	35.7	32.4	27.2	23.7		30.1	12
1986	25.5	24.7	28.1	30.3	32.5	34.3	35.3		34.1	31.5	27.7	22.8		29.7	11
1987	22.2	23	25.5	29.4	30.2	34.2	36.6	35.6	35	33.3	27.2	23.1		29.6	12
1988	20.3	26.7		29	31.8	34.8	35.7	36.1	36.3	33.1	28	23.8		30.5	11
1989	21.2	23.7	26.9	31.8	32.5	34.5	36.2							29.5	7
1990	23.7	23.5	26.8	29.9	32.7	36	35.1	35	35	33.3	33.4	23		30.6	12
1991	22.7	25.9	25.4	29.7	31.7	34.2	35.2	36.5	34.1	34	27.9	22.8		30	12
1992	22	24.3	25.9	30.7	33.1	36.1	36.1	35.7	35.2	33.1	27.6	23.2		30.2	12
1993	23.9	23.3	28.1	30.6	31.8	35.3	35.3	35.8	33.4	32.4	26.8	23.4		30	12
1994	25	24.2	27	29.4	31.9	35.1	37	35.4	36.4	32.7	27.3	23		30.4	12
1995	23.5	25.7	27.6	29.6	31.3	35.4	37.1	36.1	35.7	34.4	29.6	25.6		31	12
1996	25.7	26.7	28.4	31.4	33.9	36	36.4	35.5	33.4	33	28.6	25.4		31.2	12
1997	23.7	24.8	28.6	29.6	34.5	36.8	37.9	37.5	36	33	29.8	24.2		31.4	12
1998	26.5	25.4	27.4	28.7	31.8	36.3	37.5	37.4	36.9	34	29.7	25		31.4	12
1999	25.8	26.4	27.3	28.7	33	36	37	36.9	36.4	35.9	30.3	24.4		31.5	12
2000	25.4	25.9	26.7	30.9	33.5	35.1	37.3	36.6	35.5	32.1	25.6	25.2		30.8	12
2001	23	24.1	26.6	28.6	34.4	35.9	37.7	37.7	36.5	33.2	30.2	24.8		31.1	12
2002	24.6	25.6	26.2	29.9	33	35.1	36.4	37.6	36.5	33.1	29.4	24.7		31	12
2003	26.8	25.5	27.4	29.1	33	35.4	36.8	36	35.3	33.7	28.1	24.4		31	12
2004	22.3	23.4	29.6	29.5	33.3	36.7	36.3	37	35	32.2	26.4	24.7		30.5	12
2005	24.1	24.2	26.9	29.6	32.5	35	36.5	36.7	37.1	32.9	29.6	25.5		30.9	12
2006	24.5	25.9	25.9	29.1	33.5	36.9	36.4	36.7	34.4	32.8	30	25.2		30.9	12
2007	21.9	25.1	28.4	29	32.7	36.3	35.3	36.1	35.1	32.2	28	22.8		30.2	12
2008	22.3	24.8	27.2	30.6	31.7	34.6	36.3	36.3	36	34.4	29.1	24.9		30.7	12
2009	24.8	26.1	27.5	29.4	34.2	34.6	37.1	37.7	35.8	32.2	29.4	24.8		31.1	12
2010	25.2	25.1	27.4	28.8	32.6	35.2	36.1	37.2	36.4	32.2	28.1	25.2		30.8	12
2011	24	24.3	29.1	30.6	32.2	36	37.3	37.8	37.8	34.4	27.3	23.1		31.2	12
2012	25.4	24.8	28.3	29.9	34.5	36.2	36.5	36.4	35.8	32.4	29.3	24.5		31.2	12
2013	23.2	24.3	28.8	30.3	32.8	35.7	36.1	36.2	35.7	32	28.6	25		30.7	12
2014	25.9	27.3	28.4	31.1	34.4	37.3	36.9	37.1	34.3	33.6	30	25.7		31.8	12
2015	24.5	27	28.8	29.5	31.7	34.1	34.9	36.2	34.5	32.6	28.7	25.6		30.7	12
2016	25.4	29.2	29	30.4	32	36.1	37.2	36.9	35.6	35.4	29.6	24.9		31.8	12
2017	24.4	27.3	29.8	32.1	32.2	35.5	36.9	37.3	35	35.7	32.4	26.2		32.1	12
2018	27.3	25.9	28.4	32.2	33.5	35.5	36.6	37.5	36.8	32.7	29.1	25.9		31.8	12
2019	25.3	24.7	28.1	31.3	31.4	35.9	37.2	37.9	35.5	34	29.1	24.6		31.2	12
2020	24.4	26.3	26.1	30.4	34.6	37.1	37.2	37.9	37.9	35.5	30.5	24.7		31.9	12
2021	23.9	26	27.2	31.3	33.6	37	37.1	38	36.5	33.8	31.2	26.5		31.8	12
2022	25.7	25.3	28.5	30.4	33.7	35.3	37.2	37	34.4	33	27.1	24.5		31	12
2023					31.3	35.8	39	38.2	38.3	33.3	30	26.6		34.1	8
2024	24.5	25.9	27.5	29.8	34.2	36.8	37.6	38.4	38	36.8				33	10
MÍNIMA	17.5	20.8	23.1	25	27.9	32.6	33.4	30.4	33.4	28.9	24.8	20.8		27.7	1
MÁXIMA	27.3	29.2	32.5	34.3	38.2	39	39	41.3	42.6	36.9	33.9	28.5		35.3	12
MEDIA	23.6	24.7	26.7	29.3	32.1	34.9	36.1	36.4	35.7	33.2	28.6	24.6		30.6	11.5
DESV.ST	1.7	1.5	1.6	1.7	1.7	1.3	1.1	1.4	1.5	1.4	1.7	1.4		1.2	1.7

TEMPERATURA MÁXIMA EXTREMA
AÑO	ENE	FEB	MAR	ABR	MAY	JUN	JUL	AGO	SEP	OCT	NOV	DIC	ACUM	PROM	MESES
1938								39						39	1
1940										37	32.5	30		33.2	3
1941	26	30	30	32.5	39	38	39	40.5	38.5	38	35	33.5		35	12
1942	30	31	33	32.5	40	38	40	40.5	39.5	38	34	30		35.5	12
1943	28	32	32.5	38.5	37	40	40	38	38	36	31	24.5		34.6	12
1944	28	26.5	29	30.5	34	37	39	40	38	37	33.5	29.5		33.5	12
1945	26.5	33	32	34.5	35	40	37.5	38	39	37	34.5	28		34.6	12
1946	29	27	29.5	32.8	33	37	40	33.5	38	34.5	30	28		32.7	12
1947	28	29	29.5	34	37	37	37.5	38	37.5	37.5	33	33		34.2	12
1948	28	28	36.5	38	36.5	40	41	44	46	37.5	32	30		36.5	12
1949	22	25.5	36	35	45	41	39	39	38	36	39	28		35.3	12
1950	29	29	32	35	34	39.5	38	38.5	41.5	38	33	31		34.9	12
1951	29	30	31	36	39	36.5	42	40	39	39	31	32		35.4	12
1952	30	28.5	31	31	39.5	37.5	39	42	39.5	39.5	34	29		35	12
1953	30	30.5	30	34	33	39	37	39.5	39	40	32.5	31		34.6	12
1954	30.5	30	32	39.5	36	36	38	38	38.5	37.5	33	29		34.8	12
1955	24	29	31	33	38	38	38	37	37.5	37.5	33	27.5		33.6	12
1956	28.5	27	30	31.5	37.5	39	37.5	38.5	38	38	33.5	27.5		33.9	12
1957	27.5	30.5	30.5	32.5	35	41	39.5	39.5	38.5	36	29.5	28		34	12
1958	29	31	29.5	35.5	37.5	37.5	38.5	38.5	37.5	35	31	29.5		34.2	12
1959	27.5	28	30.5	34	37.5	40.5	38	36.5	38	39.5	30.5	27.5		34	12
1960	24.5	26	29	33.5	35.5	37.5	38	37.5	37	39.5	34	28.5		33.4	12
1961	25	30.5	31	34	35.5	36.5	37	38	37.5	36	29	27		33.1	12
1962		28	27	35.5	38.5	36	38	38.5	37	35.5	33	27		34	11
1963	25	28.5	32	31	35.5	37.5	37.5	38.5	38.5	39	35.5	29		34	12
1964	25	27	27	34	36	38	37.5	39	37	37	32	28.5		33.2	12
1965	26	26	27	35	36	36	41.5	43.5	41	41	38	36.5		35.6	12
1966	31	29.5	32.5	38.5	38	40	39	39	38	38	31	29		35.3	12
1967	27	28	33	29	38	36	37	37	37	35	32	29.5		33.2	12
1968	25	27.5	30	31	36	39	38	37	37	35		27		33	11
1969	29			33	38	39	39	39	39.5	39.5	32	29		35.7	10
1970	28	26.5	29	31	37	37	36	39	39	35	29.5	28		32.9	12
1971	29.5	30.5	36	32.5	34	38	37	37.5	38	35	31	30		34.1	12
1972	25	30	32	34	36	40	40	42	39	38	31	30		34.8	12
1973	28	32	28	33	38	39	39	40	40	38	37	30		35.2	12
1974	29	28	32	33	35	38	38	39	37	38	31	28		33.8	12
1975	27	27	30	30	36	38	38	38	39	37	33	29		33.5	12
1976	28	29	32	35	37	39	39	40	36	37	33	28		34.4	12
1977	28	34	30	34	34	38	38	40	38	36	32	30		34.3	12
1978	28	27	32	33	37	39	39	39	39	39	33	29		34.5	12
1979	27	26	30	34	36	39	39	41	40	39	31	30		34.3	12
1980	27	30	29	33	34	41			37	35	30	23		31.9	10
1981	22	29	30	33	33	38	38	39	39	35	32	29		33.1	12
1982	26		33	34	36	39	40	40	39	35	30	27		34.5	11
1983	29	27	35		34.5	42	37.5	38	39	37	31	26		34.2	11
1984	26	27	29	37	42.5	42.5	42	44	44	39	37.5	33		37	12
1985	27	28	30.5	34	39	40	40.5	39	38	40	33	32		35.1	12
1986	30	33.5	37	38	38	43	40.5		37	34	33	27		35.5	11
1987	29	28	29	36	34	40	40	38	39	37	34	33		34.8	12
1988	28	32		33.5	39	40	40	40.5	42	40.5	36	29		36.4	11
1989	26	31	33.5	38.5	38	39	39.5							35.1	7
1990	28.9	27.8	31.8	35.5	38.5	39.5	39.5	37.5	37.5	36	36	27.5		34.7	12
1991	27.5	30.5	30	35	36.5	37.5	38	39	37.5	39	32.5	25.5		34	12
1992	24.5	28.5	30	38	37.5	41	39.5	37.5	38.5	35.5	33	29.5		34.4	12
1993	28	28	36	35	35.5	39.5	40	40.5	39	37	31	27.5		34.8	12
1994	30	28.5	32	35.5	38	38.5	39.5	39.5	39	37	33.5	26		34.8	12
1995	28	30	34	34	36.5	40	39.5	40	39.5	39	34	30		35.4	12
1996	30	32	32.5	37.5	38.5	38.5	40	38.5	36	38.5	33	30		35.4	12
1997	28	29	35	35	39.5	41	41.5	40.4	40.5	38	33.5	28.2		35.8	12
1998	29.6	29.8	34	35.2	38.2	41.5	42	39.5	39	37.6	32.4	28.8		35.6	12
1999	29.7	30.2	33	37.6	38.5	40.7	41	39.8	41.2	40.5	37.5	31		36.7	12
2000	31	29.5	31.5	38.2	37.6	40	41.5	39.5	39.4	36.6	28	29.8		35.2	12
2001	28.5	31.6	34	38	38.9	38.5	40.3	40.9	40	37.2	34	29.9		36	12
2002	29.4	34	33.8	36.2	36.5	38	39.2	40.6	40.5	36.6	31.5	30.6		35.6	12
2003	30.5	30.2	33.6	34.5	37.8	40	40.8	39.7	37.8	37.4	31.8	27.5		35.1	12
2004	25.7	30.3	34.7	34.7	36.5	40.5	39.8	39.2	39.9	38.5	31.7	33.4		35.4	12
2005	27.5	29.6	30.5	34	37.6	39	38.4	39.5	39.6	35.4	35.7	29		34.6	12
2006	30	30.8	30.5	34.9	40	44.2	39.3	39.6	37.3	37.6	33.8	35.7		36.1	12
2007	26.5	28	35	33.4	37.5	39.6	39.2	39	39.6	35	33.6	27		34.5	12
2008	29.3	28	34.3	36.5	38	38.6	40.8	39.2	38.5	38.8	33.2	28.2		35.3	12
2009	28.4	34.6	34	34.7	37.4	37.1	39.2	41.2	40.8	35.8	33.3	27		35.3	12
2010	28	30	32.2	34.4	37.7	40	39.5	41	39.2	37	34.4	29		35.2	12
2011	28.3	30.8	35.8	37	37	39.5	40.8	41	40	37.9	32.5	27.3		35.7	12
2012	29.5	29.8	33.3	35.6	39.5	39.6	40.2	41	39.3	37.3	33.5	30		35.7	12
2013	29.2	29	35	36.5	37	40.3	41.6	39.7	40.6	35.6	32.8	29.5		35.6	12
2014	29	31.8	32.5	35.5	39	40	41	41	38	36	32.5	29		35.4	12
2015	28.3	30.5	34	34	39.8	39	37.4	38.4	38	36.2	33.2	31		35	12
2016	30.2	33	35	34.5	39	42.5	40.8	41	39	37.6	33.8	29.6		36.3	12
2017	27.8	36.2	34	37.2	38.2	39.2	38.5	39.4	37.5	40.8	35.4	29.2		36.1	12
2018	32.4	32.5	39.8	36.2	38.6	39.2	40.5	39.8	39.3	36	33.6	30		36.5	12
2019	29.1	29.4	32.5	36.2	36.2	42	40.4	42.3	37.2	38.9	33.6	28.2		35.5	12
2020	26.6	31.6	30.3	39	39.5	41.3	41.1	40.5	40.6	38.7	35.6	27.5		36	12
2021	27.8	29.4	33.5	36.5	38.5	41	39	40.7	39.1	36.8	33.7	30		35.5	12
2022	28.5	29.7	33.7	35.5	38	38.6	41.9	39	38	36	30.8	29.5		34.9	12
2023					35.5	41.2	41.5	41.4	40.4	38.4	36.5	31.7		38.3	8
2024	27.7	31	32.5	34.8	38.5	40.8	40	40.5	42	40				36.8	10
MÍNIMA	22	25.5	27	29	33	36	36	33.5	36	34	28	23		31.9	1
MÁXIMA	32.4	36.2	39.8	39.5	45	44.2	42	44	46	41	39	36.5		39	12
MEDIA	27.9	29.6	32	34.7	37.2	39.2	39.3	39.5	38.9	37.4	33	29.2		34.9	11.5
DESV.ST	1.9	2.2	2.5	2.2	2	1.7	1.4	1.6	1.6	1.6	2.1	2.2		1.2	1.7

TEMPERATURA MÍNIMA PROMEDIO
AÑO	ENE	FEB	MAR	ABR	MAY	JUN	JUL	AGO	SEP	OCT	NOV	DIC	ACUM	PROM	MESES
1938								24.8						24.8	1
1940										20.7	18.7	18		19.1	3
1941	13.2	15.4	14.9	16.4	20.2	22.9	28.5	27.6	25.9	22.8	19.4	16.5		20.3	12
1942	15	14.1	15.4	17.4	19.7	24.7	27.7	27.4	27.3	22.8	19.4	15.7		20.6	12
1943	12.9	14.6	15.6	17.3	20.5	24.9	28	27.5	26.6	21.9	15.6	12.2		19.8	12
1944	13	12.7	13.9	15.5	19.1	22	26.3	27.7	25.1	22.2	16.6	14.7		19.1	12
1945	12.2	12.9	12.9	14.8	20.1	22	27.3	28	26.1	22	16.9	14.5		19.1	12
1946	11.5	11.9	12.7	16.6	18	22.9	25.8	26.6	26.2	21.5	17.3	13.6		18.7	12
1947	11.6	13.4	14.6	16	19.5	24.1	27.5	27.2	26.1	22.2	16.7	14.9		19.5	12
1948	12.5	11.6	17.6	21.7	19.3	28.3	31.2	33.2	32.8	24.2	19	19		22.5	12
1949	10.7	10.8	21.8	15.8	25.6	23.4	27.3	27.5	26.5	22.1	17.4	14.5		20.3	12
1950	13.4	12.7	14.7	18	19.7	23.7	26.7	27.3	26.4	23.7	18.8	15.4		20	12
1951	13.1	13.3	14.7	17.7	18.7	23.3	27.1	27.2	26.8	24.4	19.5	15.4		20.1	12
1952	14.4	14.5	13.3	16.2	19.9	23.2	26.4	27.6	26.8	22.8	18.5	14.2		19.8	12
1953	14	13.6	12.8	14.6	14.9	21.6	26.3	26.7	24	23	18	12.2		18.5	12
1954	12.2	13.6	14.8	17.9	21.3	23.9	25.7	26	26.2	23.6	20.4	15.2		20.1	12
1955	10.5	10.9	14.5	16.6	18.6	21.8	24.1	25.7	25.5	21.6	15.2	13		18.2	12
1956	10.8	11	12.5	14.2	20.4	23.8	26.6	26.5	26.1	21.9	16.6	12.6		18.6	12
1957	13.2	14.4	13.5	14.8	17.6	22.8	27.2	27.6	25.1	21.4	16.1	14.6		19	12
1958	12	14	13.7	16.6	20.2	24.8	27.1	27	25.6	22.2	17.5	15.3		19.7	12
1959	13	12.5	14.2	18.4	18.6	24.6	27.1	26.6	25.1	21.1	18.2	13.6		19.4	12
1960	10.1	10.8	13.1	15.7	18.2	23	25.2	26.1	25.1	20.9	16.6	11.1		18	12
1961	12.6	11.3	12.8	15	17.6	23.2	25.3	26.1	23.8	20	13.5	12.2		17.8	12
1962		10	9.8	15.9	15.8	19.2	24.7	26.1	24.5	19.6	16	12.7		17.7	11
1963	9.2	10.8	11	12.6	15.5	20.6	25.3	25	24.6	22.9	16	13.7		17.3	12
1964	9.1	9.4	8.6	13.9	16.2	18.9	23.9	24.3	23.6	19.4	13.9	11.8		16.1	12
1965	10.2	9	9.5	12.4	15.6	18.4	25.5	26.5	24.5	21.1	16	14.6		16.9	12
1966	11.2	10.1	13.4	14.9	18.8	23.6	24.5	22.3	23.6	25.3	13.8	11.5		17.8	12
1967	10.7	8.6	10.7	11.5	18.6	20.8	23.8	25.6	23.8	18.8	14.4	11.7		16.6	12
1968	10.9	10.5	11.5	11.2	16.6	18.6	23.4	23	23.1	17.5		10.3		16.1	11
1969	8.6			13.7	19.9	21.8	24	24.4	23.2	17.7	15.2	10.2		17.9	10
1970	6.9	9.7	11.8	13.1	14.3	19.5	24.3	25.2	23.4	18.1	11.9	11.1		15.8	12
1971	5.4	6.6	9.3	11.4	15	18.9	23.5	24.8	24.8	19.2	13.6	10		15.2	12
1972	9.9	10.5	13	13.9	16.8	21	25.5	24.5	23.6	21.3	13.8	12.7		17.2	12
1973	10.2	11.4	11.3	11.6	17.1	19	24.6	25.6	23.1	17.7	13.3	9.8		16.2	12
1974	9.3	8.4	11	12.7	15.4	20.7	25.3	25.5	23.7	20.1	14.1	9.4		16.3	12
1975	9.5	8.5	9.9	10.3	13.6	19.5	24.1	25	23.6	18.3	12.3	10.7		15.4	12
1976	10.1	9.3	10.1	11.9	15.7	21.5	23.9	24.1	22.7	17.9	14.7	11.8		16.1	12
1977	11.4	11.4	10.9	12.9	15.3	20.9	25.3	26.1	24.9	21.4	16.2	13		17.5	12
1978	12.1	10.6	13.8	13.8	17.4	22.7	25.5	25.2	23.6	20.5	15.2	10.9		17.6	12
1979	9.3	8.6	10.1	12.5	15.6	19.3	24.4	24.1	23.9	18.1	12.6	10.1		15.7	12
1980	8.1	11.4	10.6	12.2	14.4	22.2			23.5	18.7	13.4	9.2		14.4	10
1981	12	11.1	10.7	13	15.7	21	25.6	24.1	23.4	20.1	13.8	10.7		16.8	12
1982	9.2		11	13.7	13.8	18.1	24.8	26.3	25.5	18.4	15.2	11.7		17.1	11
1983	12.1	9.9	12.4		18	20.4	24.8	24.7	25.7	21.6	16.5	13		18.1	11
1984	11.4	10.4	11.4	16	15.7	17.2	21.5	20.3	18.9	16.7	13.4	10.7		15.3	12
1985	10.2	9	11.9	14.5	17.3	21.3	24.4	26.1	24.4	19.4	15.3	11.5		17.1	12
1986	11.1	9.7	13.2	16.6	17.8	22.1	24.6		23.6	19.5	16.6	11.9		17	11
1987	10	11	11.6	14.6	16.6	19.8	25.4	25.6	23.4	21.7	15.2	10.7		17.1	12
1988	8.7	12.4		13.9	18.3	20.8	24.8	25.6	24.6	20.3	15	11.5		17.8	11
1989	9.9	10.5	12	16.1	18.5	22	26.3							16.5	7
1990	11.5	10.1	12.4	16.1	18.6	24.5	25.9	24.9	24.8	21.5	21.8	12.4		18.7	12
1991	11.8	11.8	13.2	15.1	15.8	19.6	24.7	26.4	24.9	21.9	16.1	12.6		17.8	12
1992	12.2	12.2	13.2	15.5	20	22.4	25.7	26.2	25.1	20.8	15.7	13.2		18.5	12
1993	13.9	11.8	13.8	16.1	18	21.6	24.7	26.5	23.6	20.4	16.3	13		18.3	12
1994	12	10.4	13.8	14.6	17.1	22.4	26.2	27	26	21.2	16.5	13.1		18.4	12
1995	11.3	13.5	14	13.8	16.6	20.6	25.7	26.2	25.4	19.3	16.9	11.8		17.9	12
1996	9.9	12.4	12.9	14.7	18.2	23.8	26.6	25.8	23.2	18.8	16.4	12		17.9	12
1997	10.9	12.1	14.3	15.2	19.5	22.6	26.8	27.9	26.6	21.9	16.7	13.5		19	12
1998	13.1	11.8	13.9	14.7	17.3	22.6	26.9	27.2	25.9	21.9	14.5	10.9		18.4	12
1999	9.6	11.3	11	14.1	17.2	21.6	26.3	26.6	26.3	21.4	15.9	11.9		17.8	12
2000	10.5	10.9	11.7	15.9	19.3	24.2	27	26.8	25.4	22.1	14.1	12		18.3	12
2001	11.3	12.2	12.8	14.3	20	24.4	27.2	27.2	26.6	20.2	17.9	12.2		18.9	12
2002	11	11.9	12	16.9	18.2	22.4	25.2	26.4	26.2	20.4	16	12.5		18.3	12
2003	14.1	14.3	14.2	16.6	18.8	22	27	26.8	25.5	22.2	17.4	12.5		19.3	12
2004	10.1	10.1	14.5	16.3	19.2	22.8	26.8	27	24.9	21.8	14.9	13.3		18.5	12
2005	12.4	13	13.5	16.3	19.5	22.3	27	27.4	26.8	21.9	17.3	12.5		19.2	12
2006	11.5	12	13.1	15.8	19.4	25	27.8	27.6	25.2	22.3	16.7	12.4		19.1	12
2007	11.2	12.6	14.4	15.6	18.8	24.2	26.1	27	25.9	20.2	16.6	11.8		18.7	12
2008	11.6	11.1	12.4	16.1	18.5	24.2	26.9	27.3	25.9	21.8	17.3	13.7		18.9	12
2009	12.9	11.9	13.7	15.2	20.6	24	27.9	28	25.6	21.8	17.2	12.8		19.3	12
2010	13.2	12.3	13	15.6	17.1	22.3	26.2	27.6	27	20.9	14.4	11.5		18.4	12
2011	10.2	9.6	12.7	16.1	18.1	22.8	27	28.1	26.7	21.7	15.7	11		18.3	12
2012	11.5	10.9	12.2	15.4	19.2	23.6	26.8	27.4	26.2	20.4	17.3	12.9		18.6	12
2013	11.1	12.4	15.3	16.2	20	24	26.5	26.9	25.1	20	17.7	14.8		19.2	12
2014	13.6	13.4	15.7	18.1	20.3	26.2	27.3	27.9	25.9	22.7	17.8	14.6		20.3	12
2015	13.5	13.5	15.8	17.8	18.8	24.5	26.3	28.3	26.3	23	17.9	13		19.9	12
2016	11.3	14.6	13.9	16.3	18.7	23.1	27.5	27.3	25.1	23.1	17.6	13.6		19.3	12
2017	11.8	11.9	14.7	17.1	18.2	22.8	27.2	28.7	25.3	23.1	16.8	14.5		19.3	12
2018	14.2	15.4	14.9	17.6	19.9	25.1	27.1	28.1	27.5	22.2	17	14.5		20.3	12
2019	13.7	13.8	14.1	18.2	18.9	24.5	28.4	28.6	26.4	22.6	19.5	14		20.2	12
2020	12.5	14	15.1	17.4	20.9	25.4	27.3	28	27.6	22.7	18.1	13.3		20.2	12
2021	12.6	12.8	13.4	12.6	20.8	25.8	27.9	28.3	26.3	22.1	17.2	13.9		19.5	12
2022	14.1	12.5	13.6	16.5	19.7	24.3	27.5	27.7	25.8	21	15.4	13.5		19.3	12
2023					18.1	23.3	29.1	28.8	26.9	22.5	19.6	14.7		22.9	8
2024	12.1	12.7	14.9	17	20	24.7	27.8	28.4	26.4	24.2				20.8	10
MÍNIMA	5.4	6.6	8.6	10.3	13.6	17.2	21.5	20.3	18.9	16.7	11.9	9.2		14.4	1
MÁXIMA	15	15.4	21.8	21.7	25.6	28.3	31.2	33.2	32.8	25.3	21.8	19		24.8	12
MEDIA	11.4	11.7	13.1	15.2	18.2	22.4	26.1	26.5	25.2	21.1	16.3	12.8		18.5	11.5
DESV.ST	1.8	1.8	2	2	2	2.1	1.5	1.7	1.6	1.8	1.9	1.8		1.7	1.7

TEMPERATURA MÍNIMA EXTREMA
AÑO	ENE	FEB	MAR	ABR	MAY	JUN	JUL	AGO	SEP	OCT	NOV	DIC	ACUM	PROM	MESES
1938								21						21	1
1940										17	13	12		14	3
1941	10	11	11	13	14	19	26	25	22.5	18	16	10.5		16.3	12
1942	9	9	10.5	13.5	14.5	18	23	20	23.5	19	15	11		15.5	12
1943	7	9.5	13	10	16	19	25	25	23	18	11	6.5		15.2	12
1944	8.5	9	10.5	12	16	19	21	25	22	20	11.5	11		15.5	12
1945	8	9	8.5	10	15	17.5	21	24.5	22	17.5	11	9.5		14.5	12
1946	5.5	8	8	10.5	15	16.5	23	21.5	22	17.5	13	10		14.2	12
1947	7	8	10	13	16	17	24	23	23.5	17	13	9		15	12
1948	8	6	12	16	17	21	22.5	29	29	20	14.5	14		17.4	12
1949	5.5	7	9.5	10	17	17	23.5	24	23	18	12	10.5		14.8	12
1950	9	10	11	11.5	14	18.5	23	25.5	23	19	15	12		16	12
1951	8.5	10	10	12	13	17	24	23.5	24	21	17	12		16	12
1952	10	11	10	14	17	12	24.5	25	24	19	15	10		16	12
1953	8.5	8.5	9	11.5	10.5	15	23	24	21	17	12.5	8		14	12
1954	8	10	11	11.5	15	19	21.5	23	24	21	14	8		15.5	12
1955	5.5	4	8	12	13	19	20	23	20.5	17	11	9		13.5	12
1956	8	6	7.5	10.5	15	19.5	23	24	22	15.5	11.5	9		14.3	12
1957	10	9	8.5	11.5	14.5	18	24.5	26	21	17	13.5	9		15.2	12
1958	8.5	11.5	11.5	13	14	19	21	23.5	22.5	18	14.5	9.5		15.5	12
1959	8	7.5	10	14	14	21	25.5	24.5	23	18.5	13	8.5		15.6	12
1960	5.5	6	8.5	12	14.5	18	23	24	22	16.5	12	8		14.2	12
1961	9	7.5	9.5	11.5	13	16	21.5	23	20.5	15	9	8		13.6	12
1962		8	6	10	12	15	21.5	23	22	16	11	7		13.8	11
1963	5	7	7	9	12	18	22.5	24	22.5	20	12	8.5		14	12
1964	5	4.5	4.5	9	11	14	20	22	20	16.5	10	7		12	12
1965	7	5	5.5	8	11	15	20	24	21	17.5	12	10		13	12
1966	10	7	10	9.5	12	19.5	21	18	17	23.5	11	8		13.9	12
1967	8	5	5	8	12	14	17	22	21	13	10	8		11.9	12
1968	8	4	7	8	12	14	19	19	19	13		6		11.7	11
1969	2			11	15	19	21	21	18.5	13	11	6.5		13.8	10
1970	3.5	6.5	8.5	8	11	14	22	23.5	21	13	10	7.5		12.4	12
1971	2.5	3	6	6.5	11	15	19	23	21	14	10	6		11.4	12
1972	7	8	10	11	12.5	17	22	22	20	16	10	7		13.5	12
1973	5	8	8	8	11	14	20	24	19	13	7	5		11.8	12
1974	5	5	7	9	11	14	22	24	21	13	8	5		12	12
1975	5	6	6	7	10	13	20	23	20	13	8	6		11.4	12
1976	3	5	6	9	11	15	20	22	19	12	12	9		11.9	12
1977	9	7	5	8	12	17	22	23	20	16	11	8		13.2	12
1978	8	6	8	10	13	15	21	23	19	16	11	6		13	12
1979	5	5	6	9	11	14	20	21	19	13	8	7		11.5	12
1980	5	7	7	9	12	16			20	13	7	6		10.2	10
1981	12	6	8	10	11	16	22	20	16	16	10	6		12.8	12
1982	6		7	10	10	13	21	23	20	14	10	7		12.8	11
1983	7	7	9		13	17.5	21	21	20.5	18.5	11.5	10		14.2	11
1984	9	8	9	13	10.5	12	17.5	16	17	12	10	8		11.8	12
1985	7	3	7	11	13	12	18	22	20	15.5	11	8		12.3	12
1986	8	6	9	10	13	16	21		18	16	10	7		12.2	11
1987	6	7	8	10	12	14	21	23	20	19	10	0		12.5	12
1988	5	9		8.5	12	16	21	23	21	16.5	10	4		13.3	11
1989	6.5	7	8.5	12	12	16.5	24							12.4	7
1990	6.8	4.8	8	11	15	18	20	22	21	17	17.5	8		14.1	12
1991	8	7.5	9	10	12	16	20	23.5	22	18.5	10	9		13.8	12
1992	8.5	9	9.5	11.5	17	16	23	23	19	18.5	11	7		14.4	12
1993	10	8.5	10	11	13.5	16	21	23.5	20	14.5	10	9		13.9	12
1994	5.5	7	10	11	12	16.5	23	24.5	23.5	17	12	7		14.1	12
1995	8	8	10	10	12.5	17	20	22	21	12	11.5	7		13.2	12
1996	5	7.5	9	10.5	12	19.5	23.5	21	20	11.5	11	7		13.1	12
1997	6	7	8	10	15.5	20	23	24.5	22.5	17.5	12	8.5		14.5	12
1998	9.5	5.6	7.3	11	14	16.8	24.3	24.6	19.8	14.8	8	7.9		13.6	12
1999	6.2	7.6	8.1	10.4	12	16.5	21.4	23.2	21.2	16.4	10.7	6.8		13.4	12
2000	5.8	8	9	11.5	14	19	21.9	22.4	22	14.5	8.5	7		13.6	12
2001	7	8.3	8.8	9.3	14.5	20.1	24.7	24.5	24.1	18.1	11.2	6.9		14.8	12
2002	7.9	7	8.4	13	11.5	18	20.6	23	20.8	16	12.1	8.3		13.9	12
2003	7.1	10.8	9	10.4	16	17.4	24.1	23.4	20.8	16	11	5.7		14.3	12
2004	6	6	8.7	13.8	16.4	18.4	21.2	24	20.3	17.2	10	6.8		14.1	12
2005	8.8	9.4	10	13	15	18.9	24	24.2	23.8	18	12.8	9		15.6	12
2006	7.3	9	10	11.1	15.3	19	25.2	25.1	21.3	18	14	8		15.3	12
2007	5.8	8.5	10	12	16	19	24.3	25	23.8	15.5	13	7		15	12
2008	6.1	8.8	9.2	13	15	20.5	24	23.6	21	17	13.5	9.8		15.1	12
2009	9	9.1	10	13	15.3	20.5	24.6	21.8	20.2	16	12.5	9.8		15.2	12
2010	9	9.6	10	10	14	18	22.5	20.5	24	16	10.5	9		14.4	12
2011	7	6.5	11	12.5	15	18	24	26	24	18	10.2	7		14.9	12
2012	8	7	9	12	16	20	23	24	23.5	17	13.6	9		15.2	12
2013	7.3	8	9.5	13	16.9	20	21	24	17.8	14.8	14	8.5		14.6	12
2014	8	9.5	11.5	13.8	15	20	24.5	25.5	21.5	19.5	12	6.8		15.6	12
2015	8.5	10.5	12.8	15	16.3	21	23	25	24	18	14.5	8		16.4	12
2016	8	9	11	13	12.8	18	24.7	25	22.9	19.5	14	9.7		15.6	12
2017	8	9.2	12.2	13.8	13.3	18.5	23.3	27	22	19	12	10.5		15.7	12
2018	8.2	9.9	7	13	17	22	4.1	25.4	23	19	14	7.5		14.2	12
2019	10	9	11	15	16	20	25.5	24	23	17.8	15	9.2		16.3	12
2020	8.6	9	9	13.2	18.2	20.2	25.8	25.8	25.4	15.9	14.1	8.4		16.1	12
2021	8.7	8.8	9.5	8.7	16.9	22.5	25.1	26	21.9	17.8	12	8.5		15.5	12
2022	9.3	8.8	9	13	15.8	18.9	23	24.1	23.4	16	10	9.3		15.1	12
2023					13.9	18.5	26.2	25	21	18.1	14.5	1		17.3	8
2024	6.7	1.2	12	10.7	16.8	20	24	26	22.8	20.2				16	10
MÍNIMA	2	1.2	4.5	6.5	10	12	4.1	16	16	11.5	7	0		10.2	1
MÁXIMA	12	11.5	13	16	18.2	22.5	26.2	29	29	23.5	17.5	14		21	12
MEDIA	7.3	7.5	8.9	11.1	13.8	17.4	22.1	23.4	21.4	16.7	11.7	8		14.2	11.5
DESV.ST	1.9	2	1.8	2	2.1	2.4	2.8	2	2.1	2.4	2.2	2.1		1.7	1.7

TEMPERATURA MEDIA MENSUAL
AÑO	ENE	FEB	MAR	ABR	MAY	JUN	JUL	AGO	SEP	OCT	NOV	DIC	ACUM	PROM	MESES
1938								30						30	1
1940										26.8	23.6	22.6		24.3	3
1941	18.7	20.9	20.8	22.6	26.6	28.8	32.7	32.8	30.6	28	24.9	21.5		25.7	12
1942	20.4	19.6	21.1	23.2	26.5	30.1	32	32	32.4	28.1	24.9	21		25.9	12
1943	18.6	20.4	22	24.2	27	29.9	32.6	31.6	30.6	27.3	21.3	17.1		25.2	12
1944	17.6	17.5	19.4	21.6	24.9	27.6	31	31.8	30.2	28	21.9	19.6		24.3	12
1945	17.4	18.8	19.1	21.2	25.9	28	31.2	31.6	30.6	27	22.2	19.6		24.4	12
1946	16.8	17.1	18.5	22.5	23.6	28	29.9	28.5	30.4	26.4	22.5	19		23.6	12
1947	16.8	19.4	20.5	22.4	25.6	29	31.6	31.2	30.5	27.8	21.6	19.8		24.7	12
1948	18.1	16.4	23	27.5	25.5	32.9	34.6	37.2	37.7	29.2	24	23		27.4	12
1949	14.1	15.8	27.1	21.6	31.9	28.6	31.5	31.8	30.2	27	23.6	19.1		25.2	12
1950	17.8	18.5	20.6	23.8	25	29	30.7	31.7	31.2	29	24.4	21		25.2	12
1951	18.1	18.6	19.6	22.8	24.7	28.5	31.8	31.8	31.9	29.2	24	20		25.1	12
1952	18.9	19.4	18.6	21.6	26.5	28.3	31	32	31.7	29.5	23.3	19.1		25	12
1953	19.8	18.8	19.5	21.2	21.4	27.2	30.5	31.3	30.2	28.3	23.5	18		24.1	12
1954	17.6	19.7	20.1	24	26.4	28.7	30.3	30.6	30.8	28.4	24.8	20		25.1	12
1955	15.4	16	20.2	22.1	24.1	27.3	29	30	30.2	27.2	21.1	18.8		23.4	12
1956	17.6	16.8	19.4	20.8	26	29.3	31.1	31.5	31	27.3	21.9	18.1		24.2	12
1957	18.2	20.2	19.4	21.1	23.4	28.4	31.6	32.2	30.6	26.4	21.2	19.8		24.4	12
1958	17.8	19.9	20	22.6	26.4	29.8	31.4	31.6	29.9	27.1	22.5	20.6		25	12
1959	18.6	18	20.6	23.9	24.6	29.6	31	30.7	29.9	26.7	23	18.4		24.6	12
1960	15.2	16.8	19.4	22.4	24.8	28.6	30.5	30.4	30.4	26.4	22.1	16.8		23.6	12
1961	17.1	17.9	19.1	21.1	24.3	28.4	29.6	30.6	29	26.2	19.7	17.8		23.4	12
1962		16.6	16.5	23	23	26.1	30.1	31.3	29.2	25.9	22.7	18.2		23.9	11
1963	15.3	17.7	18	20.4	23.8	27.4	30.4	30.4	30.4	29.1	23	19.2		23.8	12
1964	15.9	16.1	16.2	20.2	23.2	26.1	29.2	29.4	29.2	26.4	20.9	17.8		22.6	12
1965	16.5	16.1	16.8	20.4	24	26	31.9	32.8	31.6	29	25	21.6		24.3	12
1966	18.5	17.8	21.6	23.6	26	29.8	30	28.7	28.9	30.4	21.1	18.7		24.6	12
1967	16.8	16.4	18.5	18.2	25.4	26.9	29.5	30.6	29.2	25	21.4	17.7		23	12
1968	16.4	17.6	18.4	18.9	23.6	27.2	28.9	28.6	28.7	24.6		16.9		22.7	11
1969	16.4			21.6	27	28.9	30.6	30.8	29.1	24.9	21	17.4		24.8	10
1970	14.9	16.5	18.5	19.6	23.4	26.1	28.9	29.9	28.6	24.5	19	17.4		22.3	12
1971	15.6	16.1	18.2	18.7	22	25.8	29.1	29	30.4	25.1	20.2	16.3		22.2	12
1972	15.8	17.5	20	21.8	24.5	27.6	30.9	30.8	30.2	27.4	20.9	19.6		23.9	12
1973	17.2	18.2	18.5	20	24.4	26.3	30	31.2	30	26.4	22.1	18.8		23.6	12
1974	17.1	16.8	18.6	21.3	23.6	28	30.2	30.9	29.3	27.2	21.2	17.2		23.4	12
1975	16.5	16.2	17.8	18.1	21.8	26.2	29.4	30.2	29.8	25.9	20.9	17.6		22.5	12
1976	17.3	17.5	18.4	20.2	23.9	28.6	30	30.7	28.2	25.4	21.7	18.8		23.4	12
1977	18	19.8	18	21.1	22.7	27.6	30.4	30.8	30.6	27.2	23	20.2		24.1	12
1978	18.6	17.6	20.7	21.2	24.5	29	30.7	30.9	29.8	27.5	21.8	16.9		24.1	12
1979	15.3	15.7	18.1	20.9	23.2	27	30.3	30.6	30	26.4	20.1	17.2		22.9	12
1980	15.9	18.8	18.3	20.4	22	28.7			28.5	23.8	19.1	15		21	10
1981	16.5	17.7	17	20.1	22.4	27	30.1	30.2	29.1	25.8	20.9	17.4		22.9	12
1982	15.4		17.9	21.2	21.9	26	30.2	31.6	30.8	25.3	20.5	17.2		23.5	11
1983	17.1	16.7	19.2		24.1	27	29.9	29.5	30.2	26.9	21.4	18.4		23.7	11
1984	16.6	16.6	18.4	25.1	26.9	28.1	30	30.2	29.4	25.9	23	19.4		24.1	12
1985	16.3	15.8	18.4	22.6	25.2	28.2	30.3	31.4	30	25.9	21.2	17.6		23.6	12
1986	18.3	17.2	20.6	23.5	25.1	28.2	30		28.9	25.5	22.1	17.4		23.3	11
1987	16.1	17	18.6	22	23.4	27	31	30.6	29.2	27.5	21.2	16.9		23.4	12
1988	14.5	19.6		21.4	25	27.8	30.2	30.9	30.4	26.7	21.5	17.6		24.1	11
1989	15.6	17.1	19.4	24	25.5	28.2	31.2							23	7
1990	17.6	16.8	19.6	23	25.7	30.2	30.5	30	29.9	27.4	27.6	17.7		24.7	12
1991	17.2	18.9	19.3	22.4	23.8	26.9	30	31.4	29.5	28	22	17.7		23.9	12
1992	17.1	18.2	19.5	23.1	26.6	29.2	30.9	31	30.2	27	21.6	18.2		24.4	12
1993	18.9	17.6	21	23.4	24.9	28.4	30	31.1	28.5	26.4	21.6	18.2		24.2	12
1994	18.5	17.3	20.4	22	24.5	28.8	31.6	31.2	31.2	27	21.9	18		24.4	12
1995	17.4	19.6	20.8	21.7	24	28	31.4	31.1	30.6	26.9	23.2	18.7		24.4	12
1996	17.8	19.6	20.6	23	26	29.9	31.5	30.6	28.3	25.9	22.5	18.7		24.5	12
1997	17.3	18.4	21.5	22.4	27	29.7	32.4	32.7	31.3	27.4	23.2	18.9		25.2	12
1998	19.8	18.6	20.6	21.7	24.6	29.4	32.2	32.3	31.4	28	22.1	18		24.9	12
1999	17.7	18.9	19.1	21.4	25.1	28.8	31.6	31.8	31.4	28.6	23.1	18.1		24.6	12
2000	18	18.4	19.2	23.4	26.4	29.6	32.1	31.7	30.4	27.1	19.9	18.6		24.6	12
2001	17.1	18.1	19.7	21.5	27.2	30.1	32.5	32.5	31.6	26.7	24	18.5		25	12
2002	17.8	18.8	19.1	23.4	25.6	28.8	30.8	32	31.4	26.8	22.7	18.6		24.6	12
2003	20.4	19.9	20.8	22.9	25.9	28.7	31.9	31.4	30.4	28	22.8	18.4		25.1	12
2004	16.2	16.8	22	22.9	26.2	29.8	31.5	32	30	27	20.6	19		24.5	12
2005	18.2	18.6	20.2	23	26	28.6	31.8	32	32	27.4	23.5	19		25	12
2006	18	19	19.5	22.5	26.4	31	32.1	32.2	29.8	27.5	23.4	18.8		25	12
2007	16.5	18.9	21.4	22.3	25.8	30.2	30.7	31.6	30.5	26.2	22.3	17.3		24.5	12
2008	17	18	19.8	23.4	25.1	29.4	31.6	31.8	31	28.1	23.2	19.3		24.8	12
2009	18.9	19	20.6	22.3	27.4	29.3	32.5	32.9	30.7	27	23.3	18.8		25.2	12
2010	19.2	18.7	20.2	22.2	24.9	28.8	31.1	32.4	31.7	26.6	21.2	18.4		24.6	12
2011	17.1	17	20.9	23.4	25.2	29.4	32.1	33	32.2	28	21.5	17		24.7	12
2012	18.4	17.9	20.2	22.6	26.9	29.9	31.6	31.9	31	26.4	23.3	18.7		24.9	12
2013	17.1	18.4	22	23.2	26.4	29.9	31.3	31.6	30.4	26	23.1	19.9		24.9	12
2014	19.8	20.4	22	24.6	27.4	31.8	32.1	32.5	30.1	28.1	23.9	20.1		26.1	12
2015	19	20.2	22.3	23.6	25.2	29.3	30.6	32.2	30.4	27.8	23.3	19.3		25.3	12
2016	18.4	21.9	21.4	23.4	25.4	29.6	32.4	32.1	30.4	29.2	23.6	19.2		25.6	12
2017	18.1	19.6	22.2	24.6	25.2	29.1	32	33	30.1	29.4	24.6	20.4		25.7	12
2018	20.8	20.6	21.6	24.9	26.7	30.3	31.9	32.8	32.1	27.5	23	20.2		26	12
2019	19.5	19.2	21.1	24.8	25.1	30.2	32.8	33.2	31	28.3	24.3	19.3		25.7	12
2020	18.4	20.1	20.6	23.9	27.8	31.2	32.2	33	32.8	29.1	24.3	19		26	12
2021	18.2	19.4	20.3	22	27.2	31.4	32.5	33.1	31.4	28	24.2	20.2		25.7	12
2022	19.9	18.9	21	23.4	26.7	29.8	32.4	32.4	30.1	27	21.2	19		25.1	12
2023					24.7	29.5	34	33.5	32.6	27.9	24.8	20.6		28.4	8
2024	18.3	19.3	21.2	23.4	27.1	30.8	32.7	33.4	32.2	30.5				26.9	10
MÍNIMA	14.1	15.7	16.2	18.1	21.4	25.8	28.9	28.5	28.2	23.8	19	15		21	1
MÁXIMA	20.8	21.9	27.1	27.5	31.9	32.9	34.6	37.2	37.7	30.5	27.6	23		30	12
MEDIA	17.5	18.2	19.9	22.3	25.2	28.7	31.1	31.4	30.5	27.2	22.4	18.7		24.5	11.5
DESV.ST	1.4	1.4	1.6	1.6	1.7	1.4	1.1	1.3	1.3	1.3	1.5	1.4		1.3	1.7
