COMISIÓN NACIONAL DEL AGUA
COORDINACIÓN GENERAL DEL SERVICIO METEOROLÓGICO NACIONAL
BASE DE DATOS CLIMATOLÓGICA NACIONAL 

ESTADÍSTICA MENSUAL
EMISIÓN   : 25/10/2024 

DATOS DISPONIBLES EN LA BASE DE DATOS A: OCTOBER DE 2024; 
CON LA INFORMACIÓN SUMINISTRADA POR LAS UNIDADES ADMINISTRATIVAS 

 ESTACIÓN  : 3103 
 NOMBRE    : SAN JOSE DE MAGDALENA 
 ESTADO    : BAJA CALIFORNIA SUR 
 MUNICIPIO : MULEGÉ 
 SITUACIÓN : OPERANDO 
 CVE-OMM   :   
 LATITUD   : 27.06111111 ° 
 LONGITUD  : -112.2388889 ° 
 ALTITUD   : 230 msnm 


LLUVIA MÁXIMA 24 H.
AÑO	ENE	FEB	MAR	ABR	MAY	JUN	JUL	AGO	SEP	OCT	NOV	DIC	ACUM	PROM	MESES
1974								10.5	0	0	11.5	6	28	5.6	5
1975	5.5	0	0	0	0	0	0	0	0	0	0	3	8.5	0.7	12
1976	0	6	0	0	0	0	10.5	50	80	0	4	2	152.5	12.7	12
1977	0	0	0	0	0	0	6	62	5	0	0	0	73	6.1	12
1978	0	10.5	4.5	0	0	0	13	8	13.5	50.4	6	8	113.9	9.5	12
1979	19.9	0	0	0	0	0	0	20	12.6	0	0	0	52.5	4.4	12
1980	0	1.5	0	0	0	0	17.9	0	0			27	46.4	4.6	10
1981	17.8	0	3.5	7	0	0	15.5	170.3		5	0	0	219.1	19.9	11
1982	0	0	0		0	0	40	11.3	30.5	0	34.5	2.4	118.7	10.8	11
1983				0	0	0	16.5	36.5	11.5	0	13.4	2	79.9	8.9	9
1984	36	0	0	0	0	0	48	16	51.5	11	7	16.2	185.7	15.5	12
1985	8.4	0	0	4.2	0	0	8	18.2	0	0	7.4	0	46.2	3.9	12
1986	0	0	0	0	0	0	20	14	19	0	19	13	85	7.1	12
1987	0	0	0	0	0	0	42	0	9.8	0	0	0	51.8	4.3	12
1988	0	0	0	0	0	0	60	14	0	0	0	13.3	87.3	7.3	12
1989	8	0	0	0	0	0	13.5	2	0	0	0	3	26.5	2.2	12
1990	0	0	0	0	0	0	32	65		32	0	71.5	200.5	18.2	11
1991	40	25	0	0	0	0	0	20	7.5	0	24.5	6	123	10.2	12
1992	39	3.5	25	11.5	0	0	12.6	23.5	0	0	0	20	135.1	11.3	12
1993	52	12	0	0	0	0	0	23	56	2	6	9.2	160.2	13.3	12
1994	0	0	0	0	0	1	0	20	120	0	57	26.3	224.3	18.7	12
1995	7	11.5	0	0	0	0	0	7	0	0	12	0	37.5	3.1	12
1996	0	7	0	0	0	0	0	19	31	0	7	0	64	5.3	12
1997	8	0	0	0	0	0.01	17	16.2	113.6	0	2.5	6	163.31	13.6	12
1998	0	3	0	0	0	0	11	126	0	0	0	0	140	11.7	12
1999	0	0	0	0	0	10.5	46	6	27.5	0	0	0	90	7.5	12
2000	0	0	0	0	0	0	0	49	7.2	0	0	0	56.2	4.7	12
2001	0	0	3	0	0	0	0	3	125	0	0	0	131	10.9	12
2002	0	6	5	0	0	0	0	3	18	0	4	32	68	5.7	12
2003	0	0	0	5.5	0	0	40	48.5	129.5	65.5	1	0	290	24.2	12
2004	5	8.5	3.8	0	0	0	20	17.3	53.5	0	2.5	1.5	112.1	9.3	12
2005	7.5	13.5	0	0	3.5	0	107	63.5	0	0	0	0	195	16.2	12
2006	0	0	0	0	0	0	14.5	4	313	96.5	0	0	428	35.7	12
2007	0	0	0	0		0	0	4.5	20	6.5	13.4	0	44.4	4	11
2008	1.5	0	0	0	0	0	0	100.3	2.4	1	7.5	0	112.7	9.4	12
2009	4.5	0	0	0	0	6.5	3.5	7.5	200	10	0	0	232	19.3	12
2010	5	41	0	0	0	0	0	25	17	8.5	0	0	96.5	8	12
2011	1	0	0	0	0	0	4	8	23	0	50	0	86	7.2	12
2012	0	34	0	0	0	0	5	44.5	48.5	111.5	0		243.5	22.1	11
2013	7.5	0	0	0	0	0	0	42	24	29.5	0	0	103	8.6	12
2014	0	0	0	0	0	0	10.5	31.5	350	48	0	0	440	36.7	12
2015	6.5	28	7.5	13	0	140.7	29	0	89.5	10	0	0	324.2	27	12
2016	0	0	0	0	0	0	1.5	0	497	0	0	44	542.5	45.2	12
2017							65	107	288.8	0	0	0	460.8	76.8	6
2018	0	5	0	0	0	35.5	0	15	70	45	0	2	172.5	14.4	12
2019	10	0	0	0	0	0	8	9.5	54	0	25	10	116.5	9.7	12
2020	0	150	23.2	150	0	0	6	3.9	0	0	0	7	340.1	28.3	12
2021	3	0	0	0	0	0	0	20	32.2	0	0	34	89.2	7.4	12
2022	0	0	0	0	0	0	0	0	220	48	0	0	268	22.3	12
2023	14.5	4	0	0	0	0	0	175		0		0	193.5	19.4	10
2024	0	0	0	0									0	0	4
MÍNIMA	0	0	0	0	0	0	0	0	0	0	0	0	0	0	4
MÁXIMA	52	150	25	150	3.5	140.7	107	175	497	111.5	57	71.5	542.5	76.8	12
MEDIA	6.4	7.7	1.6	4	0.1	4	15.2	30.8	67.5	11.8	6.6	7.5	154.1	13.9	11.4
DESV.ST	11.9	22.9	5	21.7	0.5	20.8	21.6	40.7	106.8	25.3	12.6	14	122.4	13.1	1.7

LLUVIA TOTAL MENSUAL
AÑO	ENE	FEB	MAR	ABR	MAY	JUN	JUL	AGO	SEP	OCT	NOV	DIC	ACUM	PROM	MESES
1974								23.3	0	0	21.5	7	51.8	10.4	5
1975	14.9	0	0	0	0	0	0	0	0	0	0	5	19.9	1.7	12
1976	0	11.5	0	0	0	0	20.5	106.3	213	0	4	2	357.3	29.8	12
1977	0	0	0	0	0	0	10.5	111	8	0	0	0	129.5	10.8	12
1978	0	15.5	4.5	0	0	0	23.5	8	13.5	55.7	7.3	16.3	144.3	12	12
1979	28	0	0	0	0	0	0	23.5	20.6	0	0	0	72.1	6	12
1980	0	1.5	0	0	0	0	17.9	0	0			27	46.4	4.6	10
1981	17.8	0	3.5	7	0	0	17	170.3		5	0	0	220.6	20.1	11
1982	0	0	0		0	0	43.5	14.3	36.2	0	34.5	3.8	132.3	12	11
1983				0	0	0	16.5	94.3	23	0	15.4	2	151.2	16.8	9
1984	45	0	0	0	0	0	139.3	59.6	81.5	11	7	28.2	371.6	31	12
1985	8.4	0	0	4.2	0	0	10.5	38.3	0	0	7.4	0	68.8	5.7	12
1986	0	0	0	0	0	0	23	23	30.4	0	27	13	116.4	9.7	12
1987	0	0	0	0	0	0	53	0	11.8	0	0	0	64.8	5.4	12
1988	0	0	0	0	0	0	60	14	0	0	0	13.3	87.3	7.3	12
1989	12.5	0	0	0	0	0	13.5	2	0	0	0	4.5	32.5	2.7	12
1990	0	0	0	0	0	0	35	85		56	0	81.5	257.5	23.4	11
1991	40	25	0	0	0	0	0	38	17.8	0	39.5	12	172.3	14.4	12
1992	97.1	5.5	30	11.5	0	0	12.6	50.5	0	0	0	20	227.2	18.9	12
1993	52	20.5	0	0	0	0	0	73.2	116.5	2	6	15.2	285.4	23.8	12
1994	0	0	0	0	0	1	0	20	134	0	57	46.3	258.3	21.5	12
1995	7	16.5	0	0	0	0	0	10	0	0	19	0	52.5	4.4	12
1996	0	7	0	0	0	0	0	42.5	31	0	7	0	87.5	7.3	12
1997	8	0	0	0	0	0.02	31.5	47.2	142.1	0	2.5	6	237.32	19.8	12
1998	0	3	0	0	0	0	18	158	0	0	0	0	179	14.9	12
1999	0	0	0	0	0	10.5	67.2	11.5	28.5	0	0	0	117.7	9.8	12
2000	0	0	0	0	0	0	0	72.7	17.4	0	0	0	90.1	7.5	12
2001	0	0	3	0	0	0	0	3	288.5	0	0	0	294.5	24.5	12
2002	0	16	5	0	0	0	0	3	30	0	6	64	124	10.3	12
2003	0	0	0	5.5	0	0	40	80.8	172.8	78	1	0	378.1	31.5	12
2004	11.5	8.5	4.8	0	0	0	20	27.3	134	0	2.5	1.5	210.1	17.5	12
2005	10.9	13.5	0	0	3.5	0	177.5	117.5	0	0	0	0	322.9	26.9	12
2006	0	0	0	0	0	0	14.5	4	358.7	102	0	0	479.2	39.9	12
2007	0	0	0	0		0	0	4.5	31.5	6.5	20.6	0	63.1	5.7	11
2008	1.5	0	0	0	0	0	0	202.3	2.4	1	7.5	0	214.7	17.9	12
2009	4.5	0	0	0	0	6.5	3.5	10.5	293	10	0	0	328	27.3	12
2010	5	41	0	0	0	0	0	25	36	8.5	0	0	115.5	9.6	12
2011	1	0	0	0	0	0	4	8	25	0	67.5	0	105.5	8.8	12
2012	0	37	0	0	0	0	5	94.5	179	111.5	0		427	38.8	11
2013	7.5	0	0	0	0	0	0	123.3	27	29.5	0	0	187.3	15.6	12
2014	0	0	0	0	0	0	29	74.5	391.3	48	0	0	542.8	45.2	12
2015	16	55.2	7.5	13	0	140.7	52	0	198.5	14	0	0	496.9	41.4	12
2016	0	0	0	0	0	0	1.5	0	499	0	0	50.5	551	45.9	12
2017							65	109	292.1	0	0	0	466.1	77.7	6
2018	0	5	0	0	0	43.5	0	25.5	73	88	0	3.5	238.5	19.9	12
2019	13	0	0	0	0	0	8	13	91	0	60.5	13	198.5	16.5	12
2020	0	150	44.7	150	0	0	6	3.9	0	0	0	7	361.6	30.1	12
2021	3	0	0	0	0	0	0	23.5	42.2	0	0	34	102.7	8.6	12
2022	0	0	0	0	0	0	0	0	620.2	48	0	0	668.2	55.7	12
2023	14.5	4	0	0	0	0	0	182		0		0	200.5	20	10
2024	0	0	0	0									0	0	4
MÍNIMA	0	0	0	0	0	0	0	0	0	0	0	0	0	0	4
MÁXIMA	97.1	150	44.7	150	3.5	140.7	177.5	202.3	620.2	111.5	67.5	81.5	668.2	77.7	12
MEDIA	8.7	9.1	2.1	4	0.1	4.2	21.2	48.6	100.2	13.8	8.8	9.7	217.8	19.4	11.4
DESV.ST	17.7	24	7.7	21.7	0.5	21.1	34.6	53.6	143.5	28.7	16.7	17.8	157.5	15.2	1.7

EVAPORACIÓN MENSUAL
AÑO	ENE	FEB	MAR	ABR	MAY	JUN	JUL	AGO	SEP	OCT	NOV	DIC	ACUM	PROM	MESES
1974								220.2	219.6	168	130	109.8	847.6	169.5	5
1975	112.5	120.3	210.8	161.1	175.4	248.4	278.2	296.2	288	194.6	147.7	134.1	2367.3	197.3	12
1976	126.5	145.8	127.1	195.8	253	322.4	276.2	302.2	178.7	190.2	163.9	101	2382.8	198.6	12
1977	96.8	164.6	176.6	210.8	265.7	312.2	308.7	255.8	244.1	163.5	150.1	133.2	2482.1	206.8	12
1978	96.5	136.1	185.3	278.2	288.5	333.4	320.2	298.3	230.7	97.5	94.9	70.2	2429.8	202.5	12
1979	93.7	116.8	197	256.9	300.9	307.9	270.5	289.9	235	170.5	112	83.4	2434.5	202.9	12
1980	127.5		100.4	257.8	279.3	329.4	342	325.3	222			109.8	2093.5	232.6	9
1981	115.8	140.4	83.4	231.4	326.1	301.4	283.8	111.1		128.9	160.3	128.6	2011.2	182.8	11
1982	93.3								197.5	209.3	103.6	89.8	693.5	138.7	5
1983				221	305.1	319.2	328	199	190	181.5	119.8	112.7	1976.3	219.6	9
1984	99.6	152.2	233.3	273.4	351.7	332.2	257.4	218.7	219.6	178.4	139.5	83.6	2539.6	211.6	12
1985	89.5	140.5	206.9	276.3	345.7	354.2	335.9	323.4	222				2294.4	254.9	9
1986						321.2	324.2	278.8	252.1	204.8	136	94.3	1611.4	230.2	7
1987	135.5	144	192.7	265.6	271.2	339.4	333.9	277.9	234.2	209	112.6	89.9	2605.9	217.2	12
1988	113.5	153.2	138.1										404.8	134.9	3
1991									109.3	224.9	118.6	71.2	524	131	4
1992	67.5	97.4	144.1	222.1	278.2	325.7	319.9	214.5	186.9	179.1	94	21.8	2151.2	179.3	12
1993	53	77.6	208.4	280.3	329.7	236.6	259.1		173.6	154.5	120.5	101.3	1994.6	181.3	11
1994	111.7	118.7	196.9	222.8	263.6	294.1	243.1	300.4	260.2	180.6	95	52.2	2339.3	194.9	12
1995	8.5	12.32	24.53	16.66	21.2	29.25	34.16	29.1	22.08	23.03	12.32	13.39	246.54	20.5	12
1997	10.44	14.99		17.74			25.75	21.85	13.89	14.01	11.07	9.8	139.54	15.5	9
1998	11.87	9.82	1.97	20.39	24.86	29.59	30.21	30.05	22.56	18.1	12.6	10.07	222.09	18.5	12
1999	12.01	13.09	18.69	24.38	26.72	31.53	26.4	25.77	22.43	20.97	15.31	12.48	249.78	20.8	12
2000	130.7	143.12	189.36	243.35	296.4	305.83	279.42	278.03	235.47	161.81	113.54	107.36	2484.39	207	12
2001	94.43	129.92	163.88	225.14	321.66	314.41	308.35	293.2	242.38	151.02	124.99	82.25	2451.63	204.3	12
2002	117.92	143.55	163.45	158.85	279.28	294.14	315.72	296.02	137.53		141.99	90.19	2138.64	194.4	11
2003	113.75	112.61	190.62	194.93	243.39	271.51	231.22	228.95	172.53	173.53	114.89	92.42	2140.35	178.4	12
2004	12.64	12.12	18.34	224.21	279.31	291.91	29.58	245.13	182.96	174.03	94	86.3	1650.53	137.5	12
2005	103.77	90	178.64	217.36	215.26	296.09	288.49	198.14	178.3	184.33	141.92	98.01	2190.31	182.5	12
2006	86.66	119.61	175.47	225.58	262.05	229.99	215.4	235.81	212.28	172.12	114.59	94.97	2144.53	178.7	12
2007							256.86	228.52	199.62	183.88	140.28	75.79	1084.95	180.8	6
2008	100.53	110.42	189.5	213.01	164.89	256.29	219.54	131.4	198.61	177.55	131.07	90.59	1983.4	165.3	12
2009	87.88	120.08	108.07	192.2	236.86	251.37	273.02	256.36	164.53	139.79	118.01	88.77	2036.94	169.7	12
2010	94.2	108.46	161.1	136.21	248.72	267.57	274.63	224.47	175.43	179.39	107.65	69.73	2047.56	170.6	12
2011	88.39	126.85	158.84	155.45	241.93	202.98	168.65	174.4	213.39	200.44	160.1	110.77	2002.19	166.8	12
2012	121.03	90.4	131.35	94.45	210.54	267.56	263.49	226.68	168.79	144.86	107.81		1826.96	166.1	11
2013	97.99	114.87	135.23	185.11	100.14	285.65	282.44	192.17	185.01	142.25	138.38	98.03	1957.27	163.1	12
2014	15.15	66.87	174.67	211.92	270.17	196.18	86.96	159.81	45.34	133.22	77.37	82.56	1520.22	126.7	12
2015	97.83	114.48	91.53	103.5	147.55	195.82	83.07	192.65	57.96	153.33	81.2	89.25	1408.17	117.3	12
2016	118.06	77.92	35.22	208.63	233.97	238.55	292.03	273.94	178.51	205.92	170.53	77.48	2110.76	175.9	12
2020	98.28	121.25	168.04	229.99	189.73	326.58	337.18	308.76	211.63	207.56	168.97	157.86	2525.83	210.5	12
2021	147.01	138.63	113.38	204.05	236.07	222.7	216.73	173.85	183.08	156.03	160.65	117.5	2069.68	172.5	12
2022	157.68	121.19	103.85	167.15	81.98	229.82	264.86	184.05	225.81	197.09	203.95	128.31	2065.74	172.1	12
2024	57.69	97.95	56.19	93.35									305.18	76.3	4
MÍNIMA	8.5	9.82	1.97	16.66	21.2	29.25	25.75	21.85	13.89	14.01	11.07	9.8	139.54	15.5	3
MÁXIMA	157.68	164.6	233.3	280.3	351.7	354.2	342	325.3	288	224.9	203.95	157.86	2605.9	254.9	12
MEDIA	90.2	105.9	139.3	187.3	232.4	262.5	238.1	218.5	178.4	157.7	116.5	86.8	1754.2	165.4	10.5
DESV.ST	39.7	43.5	62.4	75.1	88.4	82	99.5	84	70.4	54	43.9	34.6	763.6	57.3	2.7

TEMPERATURA MÁXIMA PROMEDIO
AÑO	ENE	FEB	MAR	ABR	MAY	JUN	JUL	AGO	SEP	OCT	NOV	DIC	ACUM	PROM	MESES
1974								37.6	36.3	31.8	27.3	22.8		31.2	5
1975	24.4	25	28.4	29.2	32.6	32.2	35.8	38.7	37.1	36.6	27.5	25.9		31.1	12
1976	27.6	27.1	28.5	31.3	34	37.6	36.9	36.9	32	30.2	29.3	24.6		31.3	12
1977	24.4	28	28.6	32.4	32.2	39.2	37.6	38.1	36.9	33.3	29.1	27.5		32.3	12
1978	23.8	23.8	27.9	29	33	39	38.8	38.6	35.5	33.9	25.9	21.9		30.9	12
1979	20.5	22.8	25.9	30.3	32.6	37.3	39	36.2	38	35.9	26.3	23.4		30.7	12
1980	23.4	25.2	24.6	30.3	31.1	38.6	39.2	37.6	38.3			26.3		31.5	10
1981	22.8	26.7	29.7	31.4	35	37.4	38.2	39.5		35.3	30.3	27.3		32.1	11
1982	24.1	25.6	30.1		33.8	37.4	38.2	38.7	35.2	32	24.9	21.2		31	11
1983				26.6	33.3	35.4	38	34.7	35.1	32.5	27	24.6		31.9	9
1984	21.6	24	28.2	29.2	35	35.7	35.1	35	35.1	30	25.9	20.9		29.6	12
1985	19.7	21.4	25.5	30.2	33.4	37.1	37.1	38.1	35.2	31.4	26.1	23.2		29.9	12
1986	25.7	25.4	28.4	31.5	32.9	36.2	36.4	36.9	34.6	31.1	26.6	21.2		30.6	12
1987	21.6	23	25.1	31.1	30.2	36.6	37.8	36.5	36	34	27	21.2		30	12
1988	22	24.7	27.5	28.8	32.1	36.3	36.5	36.6	36.7	32.3	26.9	21.7		30.2	12
1989	19.7	24.4	29	33.6	33.5	36.8	37.9	36.5	37	31.9	27.6	22.3		30.9	12
1990	21.5	22	26.7	30	32.2	38	36.6	35.9		32.2	26.7	21.6		29.4	11
1991	20.6	24.9	24.6	29.8	31.6	35.2	36.8	37	34.7	33.8	26.6	21.2		29.7	12
1992	20.1	23.2	25.2	31	33	37	38	35.6	36.5	33.4	25.4	20.9		29.9	12
1993	22.2	21.3	28	31.9	32.9	36.5	36.9	36.7	33.6	31.8	26.1	21.8		30	12
1994	23.9	22.4	26.8	30.9	31.8	37.2	38.2	37.1	36.5	31.1	23.5	20.4		30	12
1995	21.5	24.8	27.1	30.5	31.6	36	39	37.7	37.4	33.6	29.7	24.6		31.1	12
1996	24.5	26.8	28.5	31.9	35.5	38.5	38.1	36.1	33.6	33.4	27.1	23.7		31.5	12
1997	23.1	24	29.7	29.8	36.3	37.3	39.1	37.9	35.9	31.8	28.6	21.7		31.3	12
1998	24.2	23.4	26.6	28.1	31.8	37.6	39	37.6	36.7	33	28	22.7		30.7	12
1999	24.6	25.4	26.9	28.6	33	36.1	36.1	37.4	35.9	35	29.6	23.8		31	12
2000	25.8	25.9	27.1	32	34.7	36.7	37.3	37.8	36.8	30.3	24	24.5		31.1	12
2001	21.3	23.1	25.9	28.7	35	36.8	38.3	38.2	36.2	32.4	28.2	22.6		30.6	12
2002	22.3	25	26.2	29.9	34	38.1	38.2	38.6	38	31	27.9	22.1		30.9	12
2003	26	24.4	26.9	28.7	33.6	36.3	38.7	37.2	34.6	34.8	25.9	23		30.8	12
2004	21.2	22.4	29.8	28.5	34.2	37.5	37.5	37.6	34.6	31	24.8	22.5		30.1	12
2005	23.1	22.2	26.8	29.7	33.3	36	37.7	36.4	37.9	32.3	28.7	24.5		30.7	12
2006	23.6	25.6	25.9	30	34.2	38.5	38.3	37.7	34.6	31.2	28.9	22.7		30.9	12
2007	20.1	24.3	28	30		37	37.4	37.9	36.1	33.2	29.2	21.7		30.4	11
2008	22.5	25.8	28.2	32.1	34.1	37	37.1	35.2	35.5	34	29.1	23.8		31.2	12
2009	24.5	25.9	29.6	30	35.4	35.5	38.9	38.8	35.8	30.6	29.2	23.2		31.4	12
2010	24.3	24	27.1	28.2	33	36.8	38	38.9	37.1	32	29	26		31.2	12
2011	23.4	23.1	29.9	32	34.1	37.8	38.3	38.5	37.3	34.4	26	20.3		31.3	12
2012	25.2	24	27	33.1	36.1	37.5	36.9	36.6	34.6	32.1	28.4			32	11
2013	20.9	22.3	29.4	30.2	34.7	38.1	37.9	37.5	35.6	31.4	27.9	23.1		30.8	12
2014	22.4	27.5	29.1	31.4	34.7	38.6	36.7	37	34.8	32.9	28.9	24.3		31.5	12
2015	24.1	26.8	29.1	30	31.4	37.3	36.7	38.9	36.2	31.4	28	23.9		31.1	12
2016	23.9	28.6	30.8	29.9	30.2	38	38.4	37.5	35	36.1	29	23.2		31.7	12
2017	21.9	25.6	29.6	30.1	30.8	36	36.5	37.2	32.8	33.5	30.5	24.7		30.8	12
2018	25	23.9	29.4	30.7	31.6	37.2	38.9		36.2	30.2	26.6	23.6		30.3	11
2019	22.5	21.3	25.3	25.9	25	34.9	38.4	37.6	30.3	25.8	23.6	21.6		27.7	12
2020	21.8	22.1	22.7	26.3	33	38.7	36.1	37.9	36.1	31.2	26	22.2		29.5	12
2021	22	24.4	24.3	27.8	28.4	35.6	38.2	37.1	35.5	30.5	27.3	24.8		29.7	12
2022	23.5	22.9	25	23.2	25.3	36.8	37.9	36.4	31	29.2	25.3	21		28.1	12
2023	22.3	24.2	27.4			37.8	41.2	39.9	38.2	34.6		23.3		32.1	9
2024	22.5	24.1	22.6	27.7										24.2	4
MÍNIMA	19.7	21.3	22.6	23.2	25	32.2	35.1	34.7	30.3	25.8	23.5	20.3		24.2	4
MÁXIMA	27.6	28.6	30.8	33.6	36.3	39.2	41.2	39.9	38.3	36.6	30.5	27.5		32.3	12
MEDIA	22.9	24.4	27.4	29.9	32.8	37	37.8	37.4	35.6	32.4	27.3	23.1		30.6	11.4
DESV.ST	1.8	1.8	1.9	1.9	2.3	1.2	1.1	1.1	1.7	2	1.7	1.7		1.3	1.6

TEMPERATURA MÁXIMA EXTREMA
AÑO	ENE	FEB	MAR	ABR	MAY	JUN	JUL	AGO	SEP	OCT	NOV	DIC	ACUM	PROM	MESES
1974								40	40	37	33	29		35.8	5
1975	29	30	34	31	36	36	39	41	41	39	32	30		34.8	12
1976	30	31	32	34	38	41	40	41	35	34.5	33	28		34.8	12
1977	31	31	31	36	38	41	41	41	39	36	32	31		35.7	12
1978	27	28	32.5	35	38	41.5	40.5	41	40	38.5	30.5	28.5		35.1	12
1979	26	29	30	34.5	37	43	49	42	41.5	40	32	29		36.1	12
1980	28.5	30	28	38	34	42	42.5	42	43			29		35.7	10
1981	28.5	32	32	34	40	40.5	41	43		42	32.5	32		36.1	11
1982	28	31	35		37	41	42	42	40.5	36	30	27.5		35.5	11
1983				33	40	40.5	41	39.5	40	36.5	33	29		36.9	9
1984	25	28.5	31	36	42.5	39	39	39.5	39.5	37	30.5	26		34.5	12
1985	24	29	32.5	36	38.5	40	42	42	40	39	31	26.5		35	12
1986	29.5	34	35.5	36	38.5	40	41	40	38	36	33.5	28.5		35.9	12
1987	29.5	29.5	30	38.5	38	42.5	41.5	39	42	37.5	33.5	28.5		35.8	12
1988	25.5	29.5	34.5	34.5	39.5	42	42	40.5	39.5	38.5	34	27		35.6	12
1989	25.5	35.5	35.5	40.5	41.5	42	41.5	39.5	40.5	38.5	30.5	27.5		36.5	12
1990	27.5	30.5	35	36	38.5	42.5	40.5	39.5		36.5	32	26		35	11
1991	24	29.5	29.5	34.5	36	39.5	39.5	40.5	39.5	39.5	32	24		34	12
1992	25.5	27.5	30.5	39.5	39.5	42	41.5	39.5	39.5	37.5	31.5	27.5		35.1	12
1993	26	25	34	38.5	37.5	40.5	41.5	41	38.5	37	30	27.5		34.8	12
1994	30.5	27.5	31.5	37.5	40	42	41	42	39.5	38.5	33	24		35.6	12
1995	26	30.5	34.5	37.5	39.5	42.5	42.5	40.5	41.5	38.5	33.5	30.5		36.5	12
1996	31.5	33	34.5	38.5	39.5	42	44	40.5	37.5	39.5	32.5	28.5		36.8	12
1997	28.5	28.5	35.5	34.5	40.5	40.5	43	42	40.5	38.5	34.5	26.5		36.1	12
1998	27.5	29.5	34.5	36.5	38.5	44.5	45.5	40.5	40.5	37.5	31.5	29.5		36.3	12
1999	33	30.5	33.5	39.5	38.5	42	41	40	40.5	39.5	35.5	31.5		37.1	12
2000	30.5	31.5	33.5	37	39.5	41.5	41	41.5	41	38	28.5	29.5		36.1	12
2001	28.5	30.5	34.5	37	39.5	39.5	42	42	40.5	35.5	32	28.5		35.8	12
2002	27.5	35.5	32.5	36.5	42.5	42.5	42	43	40.5	42	32	29.5		37.2	12
2003	30.5	32	33	34	37.5	42	42	42	40.5	38.5	31	29.5		36	12
2004	24.5	31	37	36	39.5	40.5	40	39.5	39.5	37	29.5	28.5		35.2	12
2005	30	28	34	34	39	41.5	42	41	40	37	35.5	30.5		36	12
2006	27.5	32	30.5	36.5	39	41	40.5	42	38.5	38.5	32	29		35.6	12
2007	25.5	30	37	36		41.5	41	41	41	37	35.5	26		35.6	11
2008	29.5	32	34	38	39.5	42	41	40	40	39.5	36	29.5		36.8	12
2009	29.5	36	36	38.5	39.5	39.5	44	42	41	36	34	27		36.9	12
2010	29	27.5	32	34	38	42	41	42	40	38	37	31		36	12
2011	29.5	32	35	37	39	40	41	41	41	39.5	34	27		36.3	12
2012	29.5	28	34	39.5	40	42	40	41	38	38	35			36.8	11
2013	28	28	34	34	39	40.5	40	40.5	40	36	34	30		35.3	12
2014	29	33	33	38	39	43	42	41	39	37	34	32		36.7	12
2015	27	31	37	35	38	41	41	41.5	39	38	33	30		36	12
2016	29	38	35.5	35.5	38	45	41	40	40	39	37	32		37.5	12
2017	28	32	36.5	36	39.5	41	39	39	37	38	34	29		35.8	12
2018	29	29	34	36	38	41	43.5		40	35	31	28		35	11
2019	31	32	32	32	31	43.5	43	43	37	34	31	32.5		35.2	12
2020	26	29	29	39	39.5	41	41	42	41	40	34	26		35.6	12
2021	28	30	33	35.5	37	41	40	42	41	39.5	35.5	32		36.2	12
2022	29.5	28	34	32	34	42	44	40	39	35	29	27		34.5	12
2023	30	30	36			44	45	44	42	39		28		37.6	9
2024	30	31	29.5	36.5										31.8	4
MÍNIMA	24	25	28	31	31	36	39	39	35	34	28.5	24		31.8	4
MÁXIMA	33	38	37	40.5	42.5	45	49	44	43	42	37	32.5		37.6	12
MEDIA	28.2	30.6	33.3	36.1	38.5	41.4	41.6	41	39.9	37.8	32.7	28.7		35.8	11.4
DESV.ST	2.1	2.5	2.2	2.1	2	1.5	1.8	1.1	1.4	1.7	2	2		1	1.6

TEMPERATURA MÍNIMA PROMEDIO
AÑO	ENE	FEB	MAR	ABR	MAY	JUN	JUL	AGO	SEP	OCT	NOV	DIC	ACUM	PROM	MESES
1974								20.5	20.6	17.1	10.2	7.5		15.2	5
1975	5.9	5.5	8.3	7.3	10.3	9.6	12	14.7	21.2	15.1	10.4	4.8		10.4	12
1976	4.6	6.4	6.6	7.1	13.3	14.3	20.6	22.1	17.1	14.5	10.6	6.1		11.9	12
1977	5.2	8.8	6.7	9.7	11.4	12.9	22.3	19.3	20.9	14.1	11.6	9.1		12.7	12
1978	7.6	7.7	11.6	12.4	15.7	21.8	24	22.2	21.1	18.2	10.7	6.9		15	12
1979	5.8	5.7	9.7	12	13.8	20.5	24.5	23	22.8	16.9	9.6	7.1		14.3	12
1980	8	9.3	8.7	11.5	13	18.5	25	21.8	21.1			8.6		14.6	10
1981	9.3	7.3	8.1	10.3	15.3	15.5	23.3	23.9		14.3	13.2	8.8		13.6	11
1982	6.6	5	7.7		14	15.8	21.5	22.1	21.8	15	11.3	8		13.5	11
1983				11.6	15.9	20.3	25.6	22.6	23.5	17	11.1	8		17.3	9
1984	7.2	7.2	10.6	12.4	18.7	22.1	22.5	23.1	21.6	14.8	8.5	7.7		14.7	12
1985	6.4	7	10	13.8	17.5	22.1	25.1	24.9	21	16.5	11.1	6.5		15.2	12
1986	9	9.2	12.7	15.9	17.8	22.4	24.1	25.4	21.4	16.1	12.7	7.2		16.2	12
1987	5.7	7.9	9.5	15	15.7	20.7	24.7	23.4	21.8	19.2	10.9	5.9		15	12
1988	6.1	9.5	10.6	13.7	15.8	20.5	22.6	24.3	22.4	18.2	10.8	6.3		15.1	12
1989	4.7	7.6	11.5	16.2	18.4	20.1	25.3	24.4	23.3	18.1	12.3	7		15.7	12
1990	5.8	5.9	9.7	14.1	16.8	24	24.8	22.8		16.3	11.5	7.4		14.5	11
1991	6.4	8	8.4	11.3	14.8	18.2	23.1	24	21.9	18.3	9.5	7.1		14.2	12
1992	6.6	8.1	10	13.7	17.6	20.8	24.5	22.4	22	16.9	9.5	5.9		14.8	12
1993	8.1	7.2	10	13.6	16.8	19.9	23	24.9	19.9	16.4	10.9	7.9		14.9	12
1994	6.5	6.4	9.5	12.3	15.6	21.6	24.7	25.5	23.2	16	9.6	6.8		14.8	12
1995	5.6	9	10.7	11.3	14.8	18.6	25.5	25.8	24.1	16.9	12.7	7.4		15.2	12
1996	6.7	9.5	10	14.7	17.4	22.9	25.6	24.2	19.6	15.8	9.8	6.7		15.2	12
1997	6.7	6.4	11.5	12.4	19.4	21.4	23.3	24.2	23	15.4	10.7	7.6		15.2	12
1998	6.6	6.2	8.3	9.5	13.9	18.9	24.9	23.7	21.3	14.6	8.8	4.7		13.4	12
1999	4.6	6	7.8	9.7	12.3	18.7	23.1	23.1	21.1	14.8	9.2	4.6		12.9	12
2000	5	6.3	7.2	11.1	14.7	21.4	24	23.2	21.2	15.6	6.4	5.2		13.4	12
2001	4.3	5.6	7.7	9.5	15.7	21.4	24.2	24.2	22.6	14.7	11.5	4.1		13.8	12
2002	5.6	7.1	6.8	11.8	14.6	19.5	22.7	23.7	23.4	13.2	9.3	6		13.6	12
2003	6.1	7.7	8.6	9.5	14.3	18	24.8	23.7	20.6	14.3	9.8	4.4		13.5	12
2004	4.8	5.1	10.2	10.7	14.5	18.7	22.6	23.2	19.6	13.9	8.7	5.9		13.2	12
2005	6.2	7.1	8.5	9.9	15.8	19	24.8	22.5	21.1	15.3	9.2	5.6		13.8	12
2006	3.6	6	7	10.4	14	21.5	25.5	24.2	19.1	15.2	10.4	5.4		13.5	12
2007	4.4	7.8	9.4	11.7		20.3	25.4	25.5	23.4	15.2	12.5	6.1		14.7	11
2008	6.8	7.1	9.5	12	15.7	22.6	25.5	24.6	22.1	17.2	12.1	8.3		15.3	12
2009	7.6	8	11	11.5	17.6	19.8	26.3	25.5	22	16.3	12.1	7.5		15.4	12
2010	6.4	8.5	9.3	11.5	15.1	20.1	24.7	26.4	21.9	16	9	6		14.6	12
2011	5.7	6.1	10.2	13.1	14.5	20.4	24.2	26	22.7	17.1	10.3	5.6		14.7	12
2012	8	7	8.9	14	17.4	21.1	24	24.4	22	15	12.2			15.8	11
2013	4.2	5.9	10.2	11.5	15.8	20.3	24.5	23.9	21.1	14.3	11.8	6.8		14.2	12
2014	4.5	9.8	11.2	12.4	16.6	22.2	23.5	23.2	22.1	17	10.8	8.3		15.1	12
2015	7.3	9.5	11.2	12.8	13.6	21.1	21.9	24.8	22.5	16.7	9	6.4		14.7	12
2016	4.6	7.7	9.3	11.5	13.8	20.8	25	23.6	20	16.7	10.8	7.2		14.2	12
2017	6.2	8.6	10.1	12.8	14.9	19.6	23.9	23.4	20.2	16.4	11.5	7.5		14.6	12
2018	6.5	8.2	10.1	13.4	14.7	18.6	21.8		20.6	15.5	9.8	6.3		13.2	11
2019	6.6	6	8.8	11.8	13.1	18.9	22.9	24.3	20.2	14.2	12.4	6.4		13.8	12
2020	5.2	6.7	8.5	10.9	13.6	15.6	23.9	24.5	21.4	17.2	10.5	5.3		13.6	12
2021	4.5	6	6.9	11.6	14.2	20.2	23.3	22.5	20.4	13.8	10.2	6		13.3	12
2022	5.5	3.5	6.8	10.1	12.2	20.8	21.7	22.5	19.9	13.4	6.2	5		12.3	12
2023	3.3	3.2	8.6			16.1	23.6	22.2	19.6	14.9		4.2		12.9	9
2024	3.1	4.7	5.8	6.8										5.1	4
MÍNIMA	3.1	3.2	5.8	6.8	10.3	9.6	12	14.7	17.1	13.2	6.2	4.1		5.1	4
MÁXIMA	9.3	9.8	12.7	16.2	19.4	24	26.3	26.4	24.1	19.2	13.2	9.1		17.3	12
MEDIA	6	7.1	9.2	11.7	15.2	19.6	23.7	23.5	21.4	15.8	10.5	6.6		14.1	11.4
DESV.ST	1.4	1.5	1.6	2	1.9	2.7	2.1	1.9	1.4	1.4	1.5	1.2		1.7	1.6

TEMPERATURA MÍNIMA EXTREMA
AÑO	ENE	FEB	MAR	ABR	MAY	JUN	JUL	AGO	SEP	OCT	NOV	DIC	ACUM	PROM	MESES
1974								16	18	11	7	3		11	5
1975	2	2	4	6	7	7	10	11	20	10	7	3		7.4	12
1976	2	2	4	5	7	10	14	20	13	10	6	4		8.1	12
1977	3	5	4	7	8	10	13	13	19	12	9	6		9.1	12
1978	5	4	6	8.5	11.5	11.5	22	20	17	13	5.5	1		10.4	12
1979	3	1.5	4	8	10	15.5	20	18	20.5	12.5	6.5	4		10.3	12
1980	3.5	4	4	6	11	10	20	18	12			7		9.6	10
1981	5.5	4.5	6	8	10	10	21	20		11	6	4		9.6	11
1982	2.5	3	5.5		11	12	17	19	15	10	8	4		9.7	11
1983				6.5	10.5	16	19	16	21	12	5	4		12.2	9
1984	3	3	5	7	12	16	16	20	19	10	3	3		9.8	12
1985	5	5	5	9	13	14	23	22	14	12	6	3		10.9	12
1986	7	3	7	9	11	17	20	22	14	13	7	4		11.2	12
1987	1	5	4	9	13	14	21	21	19	15	6	1		10.8	12
1988	3	3	6	7	10	12	20	20	19	13	6	0		9.9	12
1989	2	2	5	11	11	13.5	20	22	19	13	6.5	3		10.7	12
1990	3	1	5	9	12	16	20.5	20		12	6	3		9.8	11
1991	3	4	6	5	10	10	18.5	22	18.5	12	5	4		9.8	12
1992	4	4	6	9	14	16	21	19	20	15	4	3		11.2	12
1993	5	4	4	9	14	15	21	20	12	7	6	4		10.1	12
1994	3	3	6	9	13	15.5	21	22	21	13	5	3.5		11.2	12
1995	4	5	6	6	11	11.2	23	22	15.5	10.5	8	4		10.5	12
1996	2	4	4	10	13	15	21	21	14	8	5	2		9.9	12
1997	1	3	5	6	15	17	20	21	18	10	7.5	3		10.5	12
1998	3	3.5	3	5	9	12	22	22	15	10	5	1.5		9.2	12
1999	0	0	4	3	5	10	20	18	14	10	2	1.5		7.3	12
2000	0	4	3.5	6	10.5	14	18	17	17	8	4	2		8.7	12
2001	1	0	3	4	9	15	22	19	17	11	5	1		8.9	12
2002	2	2	2	7	10	12	15	21	22	10	6	1		9.2	12
2003	3	4	3	4	7	13	22	17	14	8	3.5	-2		8	12
2004	1.5	0	4	6	11	14	18	19.5	13	10	4	1		8.5	12
2005	2	3	4	7	10	14	22	18	15	10.5	4	1		9.2	12
2006	0	4	3	5	10	17	23	21	16	10	7	1		9.8	12
2007	2	4	4	7		11	23	19	20	12	8	1.5		10.1	11
2008	1.5	2	6	9	11	16	22	21	15	12	7	3		10.5	12
2009	4	3.5	7	6	14	16	22	23	18	11	8	5		11.5	12
2010	4	6	6	8	12	16	19.5	23	20	12	3	3		11	12
2011	3	2	4	8	10	16	20	23	19	12	7	3		10.6	12
2012	4	4	5	8	13	17	19	21	18	1.1	7			10.6	11
2013	0	3	6	8	12	16	20	20	17	10	8	4		10.3	12
2014	2	8	8	8	10	18	20	21	20	13	7	3		11.5	12
2015	2	7	6	11	10	16	18	22	20	12	6	2		11	12
2016	2	1	7	7	12	15	23	18	15	12	7	4		10.2	12
2017	2	4	5	9	10	10	21	20	12	13	8	3		9.8	12
2018	1	0	2	9	7	7	20		18	12	5	1		7.5	11
2019	3	0	5	7	10	14	20	21	15	9	7	0		9.2	12
2020	2	0	0	1	11	11	21	21	18	10	4	1.5		8.4	12
2021	1	3	1	8	10	14	21	19	14	10	7	2		9.2	12
2022	1	0	0	4	9	15	17	19	16	8	2	0		7.6	12
2023	0	0	0			11	20	13	12.5	10		1		7.5	9
2024	0.1	0	3	1										1	4
MÍNIMA	0	0	0	1	5	7	10	11	12	1.1	2	-2		1	4
MÁXIMA	7	8	8	11	15	18	23	23	22	15	9	7		12.2	12
MEDIA	2.4	2.9	4.4	7	10.6	13.6	19.8	19.6	16.9	10.8	5.9	2.6		9.6	11.4
DESV.ST	1.6	1.9	1.8	2.2	2.1	2.7	2.7	2.6	2.8	2.2	1.7	1.7		1.7	1.6

TEMPERATURA MEDIA MENSUAL
AÑO	ENE	FEB	MAR	ABR	MAY	JUN	JUL	AGO	SEP	OCT	NOV	DIC	ACUM	PROM	MESES
1974								29	28.4	24.5	18.8	15.2		23.2	5
1975	15.1	15.2	18.4	18.2	21.5	20.9	23.9	26.7	29.1	25.9	19	15.3		20.8	12
1976	16.1	16.8	17.6	19.2	23.6	26	28.8	29.5	24.6	22.4	20	15.4		21.7	12
1977	14.8	18.4	17.7	21	21.8	26	30	28.7	28.9	23.7	20.4	18.3		22.5	12
1978	15.7	15.8	19.8	20.7	24.4	30.4	31.4	30.4	28.3	26	18.3	14.4		23	12
1979	13.2	14.2	17.8	21.1	23.2	28.9	31.8	29.6	30.4	26.4	18	15.2		22.5	12
1980	15.7	17.2	16.6	20.9	22	28.6	32.1	29.7	29.7			17.4		23	10
1981	16	17	18.9	20.9	25.1	26.4	30.8	31.7		24.8	21.8	18		22.9	11
1982	15.4	15.3	18.9		23.9	26.6	29.9	30.4	28.5	23.5	18.1	14.6		22.3	11
1983				19.1	24.6	27.9	31.8	28.7	29.3	24.8	19	16.3		24.6	9
1984	14.4	15.6	19.4	20.8	26.9	28.9	28.8	29	28.4	22.4	17.2	14.3		22.2	12
1985	13.1	14.2	17.8	22	25.4	29.6	31.1	31.5	28.1	24	18.6	14.8		22.5	12
1986	17.4	17.3	20.5	23.7	25.4	29.3	30.2	31.1	28	23.6	19.6	14.2		23.4	12
1987	13.7	15.4	17.3	23	23	28.6	31.2	30	28.9	26.6	19	13.6		22.5	12
1988	14.1	17.1	19	21.2	24	28.4	29.6	30.5	29.6	25.2	18.9	14		22.6	12
1989	12.2	16	20.2	24.9	26	28.4	31.6	30.4	30.1	25	20	14.7		23.3	12
1990	13.7	13.9	18.2	22	24.5	31	30.7	29.4		24.2	19.1	14.5		21.9	11
1991	13.5	16.4	16.5	20.6	23.2	26.7	30	30.5	28.3	26	18	14.1		22	12
1992	13.4	15.6	17.6	22.4	25.3	28.9	31.2	29	29.2	25.1	17.4	13.4		22.4	12
1993	15.1	14.2	19	22.8	24.9	28.2	30	30.8	26.8	24.1	18.5	14.9		22.4	12
1994	15.2	14.4	18.1	21.6	23.7	29.4	31.5	31.3	29.9	23.6	16.6	13.6		22.4	12
1995	13.6	16.9	18.9	20.9	23.2	27.3	32.2	31.8	30.8	25.2	21.2	16		23.2	12
1996	15.6	18.1	19.2	23.3	26.4	30.7	31.9	30.1	26.6	24.6	18.5	15.2		23.4	12
1997	14.9	15.2	20.6	21.1	27.8	29.3	31.2	31	29.4	23.6	19.6	14.6		23.2	12
1998	15.4	14.8	17.5	18.8	22.9	28.2	32	30.6	29	23.8	18.4	13.7		22.1	12
1999	14.6	15.7	17.3	19.1	22.6	27.4	29.6	30.2	28.5	24.9	19.4	14.2		22	12
2000	15.4	16.1	17.2	21.6	24.7	29	30.6	30.5	29	23	15.2	14.8		22.3	12
2001	12.8	14.4	16.8	19.1	25.4	29.1	31.2	31.2	29.4	23.5	19.9	13.4		22.2	12
2002	13.9	16	16.5	20.9	24.3	28.8	30.5	31.1	30.7	22.1	18.6	14.1		22.3	12
2003	16	16	17.8	19.1	24	27.1	31.8	30.5	27.6	24.5	17.9	13.7		22.2	12
2004	13	13.8	20	19.6	24.4	28.1	30	30.4	27.1	22.4	16.8	14.2		21.6	12
2005	14.7	14.6	17.6	19.8	24.5	27.5	31.2	29.4	29.5	23.8	19	15.1		22.2	12
2006	13.6	15.8	16.4	20.2	24.1	30	31.9	31	26.9	23.2	19.6	14.1		22.2	12
2007	12.2	16	18.7	20.9		28.6	31.4	31.7	29.8	24.2	20.9	13.9		22.6	11
2008	14.7	16.4	18.9	22	24.9	29.8	31.3	29.9	28.8	25.6	20.6	16		23.2	12
2009	16	17	20.3	20.8	26.5	27.6	32.6	32.1	28.9	23.5	20.6	15.3		23.4	12
2010	15.4	16.2	18.2	19.9	24	28.4	31.4	32.6	29.5	24	19	16		22.9	12
2011	14.5	14.6	20	22.6	24.3	29.1	31.2	32.2	30	25.8	18.1	12.9		22.9	12
2012	16.6	15.5	18	23.6	26.8	29.3	30.4	30.5	28.3	23.6	20.3			23.9	11
2013	12.5	14.1	19.8	20.9	25.2	29.2	31.2	30.7	28.4	22.9	19.9	15		22.5	12
2014	13.4	18.6	20.1	21.9	25.7	30.4	30.1	30.1	28.4	25	19.9	16.3		23.3	12
2015	15.7	18.1	20.1	21.4	22.5	29.2	29.3	31.9	29.4	24	18.5	15.1		22.9	12
2016	14.2	18.2	20	20.7	22	29.4	31.7	30.6	27.5	26.4	19.9	15.2		23	12
2017	14	17.1	19.9	21.5	22.9	27.8	30.2	30.3	26.5	25	21	16.1		22.7	12
2018	15.8	16	19.8	22	23.1	27.9	30.4		28.4	22.9	18.2	15		21.8	11
2019	14.6	13.7	17	18.9	19	26.9	30.6	31	25.2	20	18	14		20.7	12
2020	13.5	14.4	15.6	18.6	23.3	27.2	30	31.2	28.8	24.2	18.2	13.8		21.6	12
2021	13.2	15.2	15.6	19.7	21.3	27.9	30.8	29.8	28	22.1	18.8	15.4		21.5	12
2022	14.5	13.2	15.9	16.6	18.8	28.8	29.8	29.4	25.4	21.3	15.8	13		20.2	12
2023	12.8	13.7	18			27	32.4	31	28.9	24.8		13.8		22.5	9
2024	12.8	14.4	14.2	17.2										14.7	4
MÍNIMA	12.2	13.2	14.2	16.6	18.8	20.9	23.9	26.7	24.6	20	15.2	12.9		14.7	4
MÁXIMA	17.4	18.6	20.6	24.9	27.8	31	32.6	32.6	30.8	26.6	21.8	18.3		24.6	12
MEDIA	14.4	15.7	18.3	20.8	24	28.3	30.7	30.4	28.5	24.1	18.9	14.8		22.3	11.4
DESV.ST	1.2	1.4	1.5	1.7	1.8	1.6	1.4	1.1	1.3	1.4	1.3	1.2		1.3	1.6
