COMISIÓN NACIONAL DEL AGUA
COORDINACIÓN GENERAL DEL SERVICIO METEOROLÓGICO NACIONAL
BASE DE DATOS CLIMATOLÓGICA NACIONAL 

ESTADÍSTICA MENSUAL
EMISIÓN   : 18/10/2024 

DATOS DISPONIBLES EN LA BASE DE DATOS A: OCTUBRE DE 2024; 
CON LA INFORMACIÓN SUMINISTRADA POR LAS UNIDADES ADMINISTRATIVAS 

 ESTACIÓN  : 2002 
 NOMBRE    : BAHIA DE LOS ANGELES 
 ESTADO    : BAJA CALIFORNIA 
 MUNICIPIO : SAN QUINTÍN 
 SITUACIÓN : OPERANDO 
 CVE-OMM   :   
 LATITUD   : 28.60388889 ° 
 LONGITUD  : -113.5561111 ° 
 ALTITUD   : 4 msnm 


LLUVIA MÁXIMA 24 H.
AÑO	ENE	FEB	MAR	ABR	MAY	JUN	JUL	AGO	SEP	OCT	NOV	DIC	ACUM	PROM	MESES
1953									0	0	0	0	0	0	4
1954	1.5	0	0	0	0	0	0	0	17.5	0	0	5	24	2	12
1955	5.5	0	0	0	0	0	0	0	0	0	0	0	5.5	0.5	12
1956	0	0	0	0	0	0	0	0	0	0	0	0	0	0	12
1957	8	0	10	0		0	0	0	0	6	0	0	24	2.2	11
1958	0	12	4	0	0	0	3	0	0	17.5	3	0	39.5	3.3	12
1959	0	7.5	0	0	0	0	3	0	60	0	14	20	104.5	8.7	12
1960	7	0	0	0	0	0	2	0	2	1	2	8	22	1.8	12
1961	1	0	0	0	0	0	0	5	0	1	14	12	33	2.8	12
1962	15	10	1	0	0	0	0	0	53	0	0	13	92	7.7	12
1963	5	0	0	1	0	0	0	3	2	0	5	5	21	1.8	12
1964	1	0	0	0	0	0	50	12	0	5	2	0	70	5.8	12
1965	14.5	28	0	0	0	0	0	0	0	0	0	5	47.5	4	12
1966	11.5	6	0	0	0	0	1	3	124	16	0	38	199.5	16.6	12
1967	0	0	3	0	0	0	1	23	1	2	11	20	61	5.1	12
1968	0	0	0	0	0	0	4	1	0	0	0	2	7	0.6	12
1969	1	4	1	0	4	0	0	0	7	0	31.8	0	48.8	4.1	12
1970	0	1	3	0	0	0	0	0	20	0	0	0.2	24.2	2	12
1971	0	1	0	1	0	0	0.2	0	0	0.3	0.2	1	3.7	0.3	12
1972	0	0	0	0	0.1	0	0	1	0	55	0	0	56.1	4.7	12
1973	0.1	4	1	0	1.9	0	0	0	0	0	0	0	7	0.6	12
1974	1	0	0	0	0	0	0	0	0	1	0	0	2	0.2	12
1975	0	0	0	2	0	0	0	0	0	0	0	1	3	0.2	12
1976	0	1	0	1.5	0	0	1	0	8	0	10	0	21.5	1.8	12
1977			9.5	0	0	0	1.5	25.5	0	57	0	6	99.5	9.9	10
1978	5	15	1.5	0	0	0	0	7	1	6	20	13	68.5	5.7	12
1979	8.5	5.5	2	0	0	0	0	7	0.5	0	0	1	24.5	2	12
1980	2	6	1	0	0	0	2.5	1	0	0	18	0	30.5	2.5	12
1981	13	0	7	0	0	0	2.5	0	1	0	2	0	25.5	2.1	12
1982	0	0	0	0	2	0	0.5	0	20	0	1.5	34	58	4.8	12
1983	4.5	10	14	1.5	0	0		28	26	54	5	11	154	14	11
1984	10.5	0	0	0	0	0	15	0	16	0	18	20	79.5	6.6	12
1985	20	2.5	1	1	0	0	0	1	0	2	13	0	40.5	3.4	12
1986	1	1.5	2	0	0	0	0	0	0	0	0	4.5	9	0.8	12
1987	0			0	0	0	0	0	0	18.5	0	11	29.5	3	10
1988	11.5	1	5.5				0	31	0	13	0	8.2	70.2	7.8	9
1989	12	0	0	0	0	0	0	12	16	33	16	10	99	8.2	12
1990	5	0	0	0	0	0	1.5	1	7	0	9	7	30.5	2.5	12
1991	4.5	6	2	0	0	0	0	8	8	0	5	46	79.5	6.6	12
1992	12	10	29	0.5	0	0	1	0	0	0	0	8	60.5	5	12
1993	14	0	0	0	0	0	0	3	0	0	2	4	23	1.9	12
1994	0	5	7	0	0	0	0	0	3	0	7	32	54	4.5	12
1995	15	6	1	0	0	0	0	0	0	0	0	0	22	1.8	12
1996	0	4	0	0	0	0	0	0	0	20	0	0	24	2	12
1997	1	4	0	3	0	0	0	0	47	0	5	19	79	6.6	12
1998	0	23	2	0	0	0	16	0	0	0	0	0	41	3.4	12
1999	0	0	0	0	0	0	0	0	0	0	0	0	0	0	12
2000	0	0	11	0	0	0	2	1	3	6.5	3	0	26.5	2.2	12
2001	6	5	7.5	18	0	0	0	0	6	2.5	0	0	45	3.8	12
2002	2	0	0	0	0	0	0	0	1.5	0	9	4	16.5	1.4	12
2003	5	14	0	0	0	0	0.01	20	1.5	0	9	4	53.51	4.5	12
2004	6	0	0	0	0	0	0	0	14	0	37	10	67	5.6	12
2005	6	12	1	0.01	0	0	0	10	0	0.01	2	0.01	31.03	2.6	12
2006	0	0.5	2	0	0	0	10	2	25	96	0	3	138.5	11.5	12
2007	1	0	0.01	0	0	0	0.01	0.01	0	0.01	50		51.04	4.6	11
2009	8	3	0	0.01	0	0	0.01	0.01	7.6	25	3	1.5	48.13	4	12
2010	37	9	2.5	0.01	0	0	0.01	0	0.01	0.01	0	0.01	48.55	4	12
2011	0	0	0	5	0	0	0.01	0.01	0.01	0	1	7	13.03	1.1	12
2012	0	6	0.01	0.01	0	0	0	15	9.5	3	0.01		33.53	3	11
2013	4.5	1	0.01	0	0	0	3	9	0	0	15	5.5	38.01	3.2	12
2014	0.01	0	10	0	0	0	0.01	0.01	90	8.5	0	1	109.53	9.1	12
2015	2.6	0	10	0	0	38	8	1	16	5.5	2.5	0.01	83.61	7	12
2016	6	0.01	2	2	0.01	0.01	3	3	1	0.01	0.01	28	45.05	3.8	12
2017	15	13	0	0	0	0					0	11	39	4.9	8
2018	0.01	17.5	0	0	0	0	0	0.01	0	18	0	0	35.52	3	12
2020	3	0.01	18	0	0	0							21.01	3.5	6
2021										0	0.01	0	0.01	0	3
2022	0	0.01	0				1.5	8	57	0.01	0	3	69.52	7.7	9
2023	2.5	3.5	0.01	0	0	0	0.01	136	0.01	0	1	15	158.03	13.2	12
MÍNIMA	0	0	0	0	0	0	0	0	0	0	0	0	0	0	3
MÁXIMA	37	28	29	18	4	38	50	136	124	96	50	46	199.5	16.6	12
MEDIA	4.8	4	2.6	0.6	0.1	0.6	2.1	5.8	10.2	7.1	5.1	6.9	47.7	4.1	11.4
DESV.ST	6.6	5.9	5.1	2.3	0.6	4.7	6.8	17.9	22.3	16.9	9.4	10.2	40.2	3.5	1.7

LLUVIA TOTAL MENSUAL
AÑO	ENE	FEB	MAR	ABR	MAY	JUN	JUL	AGO	SEP	OCT	NOV	DIC	ACUM	PROM	MESES
1953									0	0	0	0	0	0	4
1954	1.5	0	0	0	0	0	0	0	17.5	0	0	5	24	2	12
1955	11	0	0	0	0	0	0	0	0	0	0	0	11	0.9	12
1956	0	0	0	0	0	0	0	0	0	0	0	0	0	0	12
1957	19	0	10	0		0	0	0	0	7.4	0	0	36.4	3.3	11
1958	0	13.5	7	0	0	0	3	0	0	33.5	3	0	60	5	12
1959	0	7.5	0	0	0	0	3	0	60	0	14	31.5	116	9.7	12
1960	19	0	0	0	0	0	3	0	2	1	2	16	43	3.6	12
1961	3	0	0	0	0	0	0	6.5	0	1	14	13	37.5	3.1	12
1962	26	11	1	0	0	0	0	0	71	0	0	24	133	11.1	12
1963	6	0	0	1	0	0	0	3	2	0	5	5	22	1.8	12
1964	1	0	0	0	0	0	51	12	0	5	3	0	72	6	12
1965	29	50	0	0	0	0	0	0	0	0	0	19.1	98.1	8.2	12
1966	22	7.5	0	0	0	0	1	5	181	16	0	38	270.5	22.5	12
1967	0	0	3	0	0	0	1	24	1	4	17	54	104	8.7	12
1968	0	0	0	0	0	0	4	1	0	0	0	2	7	0.6	12
1969	1	5	1	0	7	0	0	0	7	0	40.7	0	61.7	5.1	12
1970	0	1	3	0	0	0	0	0	34	0	0	0.3	38.3	3.2	12
1971	0	1	0	1	0	0	0.2	0	0	0.3	0.2	1	3.7	0.3	12
1972	0	0	0	0	0.1	0	0	2	0	66.5	0	0	68.6	5.7	12
1973	0.1	4	1	0	1.9	0	0	0	0	0	0	0	7	0.6	12
1974	1	0	0	0	0	0	0	0	0	1	0	0	2	0.2	12
1975	0	0	0	3	0	0	0	0	0	0	0	2	5	0.4	12
1976	0	1	0	2.5	0	0	1	0	14	0	10	0	28.5	2.4	12
1977			9.5	0	0	0	1.5	25.5	0	64.7	0	12.5	113.7	11.4	10
1978	7	22.5	1.5	0	0	0	0	7	1	10	25.5	24.5	99	8.2	12
1979	22	5.5	2	0	0	0	0	12	0.5	0	0	1	43	3.6	12
1980	3	10	1	0	0	0	2.5	1	0	0	18	0	35.5	3	12
1981	24	0	11.5	0	0	0	2.5	0	1	0	2	0	41	3.4	12
1982	0	0	0	0	2	0	0.5	0	24.5	0	2	40.7	69.7	5.8	12
1983	4.5	13.5	27.5	1.5	0	0		34.3	34.3	102	6.5	11	235.1	21.4	11
1984	13	0	0	0	0	0	17.4	0	41	0	18	47	136.4	11.4	12
1985	26.2	4.3	1	1	0	0	0	1	0	4	14.5	0	52	4.3	12
1986	1	1.5	2	0	0	0	0	0	0	0	0	4.5	9	0.8	12
1987	0			0	0	0	0	0	0	19.5	0	20.5	40	4	10
1988	11.5	1	5.5				0	31	0	13	0	8.2	70.2	7.8	9
1989	16.5	0	0	0	0	0	0	12	16	34	16	15	109.5	9.1	12
1990	6	0	0	0	0	0	1.5	2.5	7	0	9	7	33	2.8	12
1991	4.5	9	2	0	0	0	0	11	12	0	5	64	107.5	9	12
1992	24	27	50.5	0.5	0	0	1	0	0	0	0	18	121	10.1	12
1993	29	0	0	0	0	0	0	5	0	0	3	6	43	3.6	12
1994	0	6	8.5	0	0	0	0	0	3	0	7	66	90.5	7.5	12
1995	15	12	1	0	0	0	0	0	0	0	0	0	28	2.3	12
1996	0	4	0	0	0	0	0	0	0	20	0	0	24	2	12
1997	1	8	0	4	0	0	0	0	58	0	5	35	111	9.2	12
1998	0	27	6	0	0	0	16	0	0	0	0	0	49	4.1	12
1999	0	0	0	0	0	0	0	0	0	0	0	0	0	0	12
2000	0	0	14	0	0	0	2	1	3	12	6.5	0	38.5	3.2	12
2001	12.7	6	7.5	18	0	0	0	0	7	3	0	0	54.2	4.5	12
2002	2	0	0	0	0	0	0	0	1.52	0	14.01	9.01	26.54	2.2	12
2003	5	31.04	0	0	0	0	0.03	26.02	1.52	0	14.01	9.01	86.63	7.2	12
2004	11	0	0	0	0	0	0	0	19.01	0	37.06	17.51	84.58	7	12
2005	34.52	24.02	1.02	0.02	0	0	0	10	0	0.02	2	0.02	71.62	6	12
2006	0	0.5	2.03	0	0	0	13.04	4	60	99	0	3.02	181.59	15.1	12
2007	2.03	0	0.01	0	0	0	0.01	0.02	0	0.01	51.02		53.1	4.8	11
2009	9.01	5	0	0.02	0	0	0.02	0.01	7.61	25	3	1.51	51.18	4.3	12
2010	50.5	12.23	2.51	0.01	0	0	0.01	0	0.02	0.03	0	0.02	65.33	5.4	12
2011	0	0	0	7.01	0	0	0.01	0.01	0.01	0	2.01	11	20.05	1.7	12
2012	0	9.5	0.01	0.02	0	0	0	21.03	12.51	3	0.02		46.09	4.2	11
2013	6.54	1.02	0.02	0	0	0	3.01	13	0	0	15.02	5.5	44.11	3.7	12
2014	0.01	0	10	0	0	0	0.05	0.02	111.55	15.52	0	1	138.15	11.5	12
2015	6.12	0	10.01	0	0	38.52	8.01	1	29.01	5.52	2.5	0.01	100.7	8.4	12
2016	7.52	0.01	2	3	0.01	0.01	3.01	3	1.03	0.03	0.02	39.03	58.67	4.9	12
2017	22.01	25.51	0	0	0	0					0	12.51	60.03	7.5	8
2018	0.02	31.01	0	0	0	0	0	0.03	0	29.01	0	0	60.07	5	12
2020	4	0.02	40.01	0	0	0							44.03	7.3	6
2021										0	0.01	0	0.01	0	3
2022	0	0.01	0				1.51	11.61	69	0.01	0	5.03	87.17	9.7	9
2023	4	7.52	0.02	0	0	0	0.03	155.02	0.01	0	1.02	26.5	194.12	16.2	12
MÍNIMA	0	0	0	0	0	0	0	0	0	0	0	0	0	0	3
MÁXIMA	50.5	50	50.5	18	7	38.52	51	155.02	181	102	51.02	66	270.5	22.5	12
MEDIA	8	6.2	3.7	0.7	0.2	0.6	2.2	6.8	13.8	8.9	5.7	11.1	64.9	5.6	11.4
DESV.ST	10.8	10.1	8.8	2.5	0.9	4.8	7.1	20.4	30.4	21	10.2	16.3	54.2	4.7	1.7

EVAPORACIÓN MENSUAL
AÑO	ENE	FEB	MAR	ABR	MAY	JUN	JUL	AGO	SEP	OCT	NOV	DIC	ACUM	PROM	MESES
1958	97.9	103.3	143.1	215.8	244.3	270.4	288.7	241.6	201.2	176.4	119.2	94.9	2196.8	183.1	12
1959	94.5	111.8	198.1	177.8	242.7	263	259.8	239.2	205.8	166.2	133.3	111.2	2203.4	183.6	12
1960	81.5	139.8	165.5	210.5	255.1	235.1	277.8	256.1	225.2	208.1	137.1	120.4	2312.2	192.7	12
1961	85.2	146.4	193.1	223.2	309.2	262	271.5	255.1	236.7	171.2	117.9	80.3	2351.8	196	12
1962	86.5	79.6	132.2	239.6	281.5	255.7	267.4	247.9	155.6	163.1	104.4	86.4	2099.9	175	12
1963	80.8	95.6	160.7	210.9	262.1	266.4	246.7	215.1	200.2	148.9	118.7	110.1	2116.2	176.3	12
1964	107	134.62	157.7	212.1	207.1	252.9	237.6	121.55	180.9	128.6	71.7	101.1	1912.87	159.4	12
1965	98.7	83.3	126.3	161.9	257.7	276	222.3	197.4	263	158.5	113.6	83.7	2042.4	170.2	12
1966	92.3	101.2	141	140.7	141.4	151.5	153.5	227.5	183.2	172.9	92.3	97.8	1695.3	141.3	12
1967	75.3	112.5	160.5	194.7	279.6	241.6	247	232.7	186.4	167.4	70.1	105.6	2073.4	172.8	12
1968	60.9	79.5	121.6	190.6	273.4	251.1	245.8	239.2	223.2	143.6	134	101.2	2064.1	172	12
1969	73.69	97.1	182.2	264.6	234.89	267.4	257.6	219.3	214.7	180	100.13	21.1	2112.71	176.1	12
1970	81.55	99.4	163.58	204.9	246.73	249.98	238.52	239.04	187.09	136.88	91.42	66.15	2005.24	167.1	12
1971	72.9	103.7	144.9	146	166.6	186.2	184.5	138.1	76.9	50	38.8	61.6	1370.2	114.2	12
1972	58.3	73.2	90	72.6	26					100.9	103.2	109.9	634.1	79.3	8
1973	115.6	105.8	102.2	111.8	130.5			171.4	129.9	156.5	134.1	142.4	1300.2	130	10
1974	111.7	120.8	112.6	121.9	121.8	201.4	196.7	160.5	142.25	181.1	122.8	104.9	1698.45	141.5	12
1975	108.3	103.6	117.3	115.8	130.5	141.6	153.4	165.4	130.9	104.9	87.1	85.9	1444.7	120.4	12
1976	84	93.9	115.4	97.2	106.5	112.8	132.4	134.8	125.2	117	97.2	103	1319.4	110	12
1977			141.8	192	220.9	297.2	237.6			122.7	128.7	76.7	1417.6	177.2	8
1978	75.4	97.9	145.6	214.7	231.5	222.8	229.7	189.9	201	165.8	116.6	96.1	1987	165.6	12
1979	80.2	101.1	153.3	183.5	225.9	217.6	234	213.4	195	191.8	130.1	106.3	2032.2	169.3	12
1980	75.2	107.5	156.5	200.9	188.1	207.7	216.6	225.2	204.5	170.3	162.1	110.9	2025.5	168.8	12
1981	88.8	118.4	154.8	177.5	199.5	202.4	239.4	242.4	205	178.1	148.8	111.9	2067	172.2	12
1982	155.5	133.3	138.8	147.8	170.4	214.4	208.9	172.2	142.4	129	103	81.9	1797.6	149.8	12
1983	85.5	85.14	87.24	152.3	128.8	168.05			169.5		128.85	102.31	1107.69	123.1	9
1984	81.7	124.7	167.6	166.4	202.6	223.6	207.9	224.2	182.1	180.4	122.2	63.4	1946.8	162.2	12
1985	75	92.62	159.1	196.7	169.8	217.7	239.8	205.2	212.3	166.6	119.1	102.7	1956.62	163.1	12
1986	99.6	116.9	143.9	142.8	183.8	114.6	233.2	183.9	153.3	135.4	77.5	70	1654.9	137.9	12
1987	25.1			115.5	44.8		137	74.9					397.3	79.5	5
MÍNIMA	25.1	73.2	87.24	72.6	26	112.8	132.4	74.9	76.9	50	38.8	21.1	397.3	79.3	5
MÁXIMA	155.5	146.4	198.1	264.6	309.2	297.2	288.7	256.1	263	208.1	162.1	142.4	2351.8	196	12
MEDIA	86.5	105.8	144	173.4	196.1	221.2	224.6	201.2	182.7	152.6	111.2	93.4	1778.1	154.3	11.3
DESV.ST	22.3	18.6	27.3	45.3	69.5	49.1	41.7	46	40.4	33.1	26.2	22.9	472	30.5	1.7

TEMPERATURA MÁXIMA PROMEDIO
AÑO	ENE	FEB	MAR	ABR	MAY	JUN	JUL	AGO	SEP	OCT	NOV	DIC	ACUM	PROM	MESES
1953									37.4	33.9	27.8	24.3		30.9	4
1954	21.7	25	23.4	24.4	29	33.3	35.7	35.7	36.2	32.7	29.3	23		29.1	12
1955	17.9	20	25.5	31.7	30.4	35.4	40.6	36.9	34.5	33	29.5	24.1		30	12
1956	22.6	22.3	24.5	26.8	35.3	31	35.8	37.6	35.4	30.4	24.5	22.2		29	12
1957	21	24.5	27.5	35.3		35.1	37.5	37.3	36	29.6	23.1	24.4		30.1	11
1958	24.3	22.4	22	27.9	31.4	35.6	36.6	34.7	33.8	30.2	25.4	23.8		29	12
1959	22	21.6	26.3	28.3	30.1	33.4	34.5	33.9	33.5	31.3	25.9	21.2		28.5	12
1960	17.8	20.9	24.7	26.5	29.1	32.5	35.3	34.5	35.4	30.5	25.2	20.9		27.8	12
1961	20.9	22.9	23.5	28.2	31.6	32.8	35.3	34.9	33.3	32	23.2	20.1		28.2	12
1962	20.5	21.3	21.7	30	31.5	32.6	36.9	37.7	33.9	31	26.3	21.6		28.8	12
1963	18.7	24.4	24.2	26.4	32.3	33.2	35.6	35.6	35.3	32.1	25.4	21.6		28.7	12
1964	19.8	20.5	22.6	27.1	31	33.4	35.8	35.3	34.3	31.8	25.2	23.4		28.3	12
1965	22.7	20.4	22.6	27.2	31.6	32.5	37.2	36.5	35.2	33.2	28.8	22.3		29.2	12
1966	20.3	20.8	25.8	28.2	31.9	35.9	36.2	36.6	35.7	30.6	26.5	22.6		29.3	12
1967	20.9	23.1	25.1	25	31.4	33.4	36.1	36.8	34.7	31.5	27.2	20.2		28.8	12
1968	20.9	22.7	24.4	26.4	30.9	34.7	36	36.1	35.6	30.7	27.1	21.4		28.9	12
1969	22.6	21.1	24.3	30	30.9	33.4	37.2	36.2	35.2	30.4	24.3	22.5		29	12
1970	21	22.8	24	25.9	31.3	32.2	35.5	35.9	34	29.8	25.8	21.5		28.3	12
1971	22	22.3	26.3	25.7	28.6	32	33.5	33.5	23	30.4	31	18.8		27.3	12
1972	25.2	22.7	27.9	29.2	26.6	31.6	34.4	32.9	35.1	29.5	24	21.8		28.4	12
1973	20.3	21.8	22.7	26.2	30.5	31.7	35.6	34.8	35.3	30.2	26.6	23		28.2	12
1974	21.8	22.8	22.4	22.4	21.9	32.7	35.7	35	32.7	31	24.6	21.5		27	12
1975	21.6	20.8	21.8	22.9	28.6	29.8	35.5	35.6	34	23.6	20.1	20.5		26.2	12
1976	22.3	23.9	24.4	26.1	31.8	34.1	38.1	39	30.9	30.4	25.9	22		29.1	12
1977			20.9	24.5	24.9	32.7	32.7	31.7	31.4	30	26.4	23		27.8	10
1978	20.8	21.1	25	26.2	30.1	33.4	34.3	34.6	32.6	30.8	23.8	18.5		27.6	12
1979	17.2	20.2	22.1	25.6	27.7	31.8	35.1	33.6	33.7	32	24.5	21.9		27.1	12
1980	20.8	23.8	22.7	26.4	27.1	32.1	34.5	34.8	33.9	29.2	26	22.7		27.8	12
1981	21.3	22.5	22.5	27.2	27.4	30	34.5	34.4	33.1	28.7	25.9	22.7		27.5	12
1982	19.7	22.1	22.5	27.9	28	32.4	33.2	34.5	33.1	29.4	23.1	20.2		27.2	12
1983	21.6	22.8	22.9	24.8	30.3	32.5		33.3	33.7	29.9	24.6	22.5		27.2	11
1984	20.3	22.1	24.8	26.1	29.4	31.7	33	33.2	33	27.8	23.4	18.8		27	12
1985	17.8	18.6	22.7	26.2	29.6	32	33.5	34	32.5	29.5	24.2	22		26.9	12
1986	23.1	23.1	25.5	27	28.8	32.2	33.8	34	33.6	28.2	27	20.9		28.1	12
1987	19.2			25.6	27.6	34.7	36.7	32.5	33.2	32.8	24.3	20.6		28.7	10
1988	21.3	19.8	19.4				34.6	34.4	34.5	29.9	27.6	20.7		26.9	9
1989	18.3	21.3	24.4	30.9	30	32.4	35.6	35.3	35.9	28.4	25.4	20.8		28.2	12
1990	19.4	20	25.2	26.6	32.1	32.7	34.4	34.5	32.5	30.2	25.4	19		27.7	12
1991	19.4	22.7	23.5	26.5	29.1	32.6	34.5	35	34.2	32.8	24.3	19.5		27.8	12
1992	18.9	21.3	22.5	28.7	34.2	35.6	38	35.5	35.8	31.7	26	20.1		29	12
1993	20	20.5	24.7	29.8	33.9	35.2	37.2	36.4	33.7	31	24.8	20.7		29	12
1994	21.9	21	24.1	28.8	29	36.3	36.8	36.4	34.7	30.6	24	19.6		28.6	12
1995	20.3	23.1	23.8	26.9	28	33.2	35.7	35.1	34.6	31.7	28	23		28.6	12
1996	23.4	22.3	26.2	28.1	31.2	35.9	36	36.2	33.6	30.2	25.9	22.3		29.3	12
1997	21.6	21.7	25.7	27.6	33.3	39	42.5	38.3	37.9	30.7	26.8	21.2		30.5	12
1998	22.5	21.8	23.5	26.1	29.5	33.8	37.1	35.6	35.4	30.1				29.5	10
1999	22.6	22.2	23.1	25	29.6	33.1	34.9	35.8	35	33.2	27.1	22.1		28.6	12
2000	21.6	23	23.5	29.7	30.9	33.5	35.8	35.1	34.9	28.3	22.8	21.7		28.4	12
2001	19.2	19.4	22.9	24.9	31.8	34.4	36.5	37.1	35.7	30.9	26.7	21.5		28.4	12
2002	20.5	23	22.4	25.8	32.6	34.5	34.9	35	36.1	29.5	25.4	20.5		28.4	12
2003	23.5	21.6	24.6	25.3	30.1	34.1	34.8	35.5	36.1	29.6	25.4	20.6		28.4	12
2004	19.7	20.2	26.3	26.2	31.3	34.3	37.2	37	34.3	29.4	23.4	20.5		28.3	12
2005	19.7	20.3	24.8	27.1	29	34.4	38	36	37	30.2	26.5	21.8		28.7	12
2006	21.3	22	22.7	27	30.7	36.2	36.7	37.1	34.5	31.1	27.4	23.3		29.2	12
2007	18.9	22.4	27.6	27.9	33.2	36.1	36.7	36.4	35.1	31.3	25.7			30.1	11
2009	22	22.7	27.8	31.1	35	36.3	38.5	39.1	36.2	32	26.2	21.4		30.7	12
2010	21.3	21.1	23.9	26.5	30.5	33.5	37.5	36.7	34	30	24.2	21.5		28.4	12
2011	19.5	20.9	24.2	28.6	31.1	34.3	37	37.2	35.5	32.2	24.6	20.2		28.8	12
2012	22	21.6	22.8	27.8	34	35.3	37.1	36.1	34.2	31.5	27.3			30	11
2013	18.7	20.4	26.7	27.8	30.9	33.8	36.6	38.1	36.7	30.1	24.6	21		28.8	12
2014	21.9	24.1	26.2	30.7	33.6	37.9	36.7	34.8	34.4	31	26	23.1		30	12
2015	21.6	23.5	25.8	27.3	28.3	34.7	34.9	37.5	34.1	31.5	24.6	20.2		28.7	12
2016	20.8	22.1	25.7	27.3	30.3	34.4	37	35.4	32.7	33.5	26.5	21.4		28.9	12
2017	20.7	22.2	27.9	29.4	28.5	32.3					26.9	22		26.2	8
2018	23.1	22.4	25.1	29.7	34.5	33.1	36.8	34.8	35.1	28.6	25.5	21.5		29.2	12
2020	21.4	22.8	21.1	26.2	33.1	35.9								26.8	6
2021										31	27.7	25		27.9	3
2022	20.8	21.5	24.8				35.6	33.6	32.8	29.6	22.5	19.6		26.8	9
2023	18.6	18.2	20.8	25.9	23.7	30.8	33.9	31.1	29.6	25.9	25.6	23.6		25.6	12
MÍNIMA	17.2	18.2	19.4	22.4	21.9	29.8	32.7	31.1	23	23.6	20.1	18.5		25.6	3
MÁXIMA	25.2	25	27.9	35.3	35.3	39	42.5	39.1	37.9	33.9	31	25		30.9	12
MEDIA	20.9	21.9	24.1	27.3	30.3	33.7	36	35.5	34.3	30.5	25.6	21.6		28.4	11.4
DESV.ST	1.6	1.4	1.9	2.1	2.5	1.8	1.7	1.6	2	1.7	1.8	1.4		1.1	1.7

TEMPERATURA MÁXIMA EXTREMA
AÑO	ENE	FEB	MAR	ABR	MAY	JUN	JUL	AGO	SEP	OCT	NOV	DIC	ACUM	PROM	MESES
1953									42	40	33	29		36	4
1954	32	30	27	32.5	34	40	41	40	40	39	38	26		35	12
1955	22	27	33	40	36	42	42	41	38	37	33	28		34.9	12
1956	26	30	32	35	39	39	41	43	40	37	28	25		34.6	12
1957	25	30	38	37		40	41	43	40	38	28	29		35.4	11
1958	28	27	28	37	39	41	43	38	39	36	33	28		34.8	12
1959	26	31	30	34	38	39	38	39	41	39	29	27		34.2	12
1960	24	28	31	31	35	44	42	40	39	39	30	26		34.1	12
1961	24	29	28	34	40	40	42	42	38	39	27	23		33.8	12
1962	28	26	32	40	41	39	43	43	38	35	32	25		35.2	12
1963	24	32	32	32	37	42	44	38	39	39	30	26		34.6	12
1964	28	25	29	34	39	39	41	40	40	36	29	34		34.5	12
1965	28	25	28	35	37	38	41	40	40	37	37	28		34.5	12
1966	25	26	30	34	39	39	39	39	40	34	32	27		33.7	12
1967	26	28	32	28	39	41	40	40	38	37	31	29		34.1	12
1968	26	29	28	33	37	41	41	40	40	34	30	26		33.8	12
1969	27	26	34	35	39	40	45	42	39	39	31	24		35.1	12
1970	26	27	33	34	41	36	41	40	41	35	31	28		34.4	12
1971	27	29	36	35	36	40	41	40	27	38	35	30		34.5	12
1972	30	28	35	36	32	40	40	43	39	38	27	27		34.6	12
1973	26	27	27	33	39	38	41	39	42	36	36	26		34.2	12
1974	27	27	25	25	24	40	40	40	40	44	30	28		32.5	12
1975	24	25	26	26	34	38	47	42	39	27	24	27		31.6	12
1976	26	29	31	32	38	40	41	42	38	39	31	28		34.6	12
1977			30	33	32	41	38	38	36	34	31	27		34	10
1978	23	25	33	33	40	43	40	38	39	37	30	24		33.8	12
1979	21	26	27	31	34	38	40	39	37	38	28	26		32.1	12
1980	26	32	28	33	31	39	40	41	41	35	34	29		34.1	12
1981	26	27	29	36	33	39	40	39	38	36	30	28		33.4	12
1982	25	28	31	34	34	38	38	40	37	35	28	24		32.7	12
1983	26	27	29	32	37	40		39	39	34	31	25		32.6	11
1984	23	27	31	33	37	39	36	40	37	32	29	24		32.3	12
1985	22	25	29	32	37	40	43	39	40	36	30	25		33.2	12
1986	27	32	32	34	34	41	40	40	41	33	33	24		34.2	12
1987	26			32	32	43	43	41	38	36	29	26		34.6	10
1988	25	23	25				40	39	38	33	32	28		31.4	9
1989	23	28	30	37	36	39	46	41	41	39	30	24		34.5	12
1990	24	29	31	35	38	40	42	40	38	36	33	24		34.2	12
1991	25	28	27	32	36	38	40	40	38	39	30	23		33	12
1992	24	25	27	39	39	40	43	39	39	38	32	24		34.1	12
1993	24	24	30	37	39	39	43	40	39	35	30	26		33.8	12
1994	26	25	28	35	35	43	42	42	41	37	39	29		35.2	12
1995	25	27	28	35	36	43	42	40	39	39	32	28		34.5	12
1996	31	27	33	36	39	42	42	42	39	39	31	33		36.2	12
1997	28	29	32	37	41	43	49	44	44	38	36	25		37.2	12
1998	28	25	30	34	35	39	44	41	38	38				35.2	10
1999	25	26	30	37	40	41	40	40	41	39	32	26		34.8	12
2000	29	29	31	36	39	39	42	39	41	38	26	26		34.6	12
2001	24	28	28	32	37	40	42	43	39	37	32	27		34.1	12
2002	25	32	26	31	41	40	40	39	43	36	29	25		33.9	12
2003	28	32	33	33	37	39	40	39	43	36	29	25		34.5	12
2004	24	25	33	36	38	40	43	42	40	36	29	25		34.2	12
2005	23	24	31	32	34	44	43	39	40	39	31	26		33.8	12
2006	26	26	27	35	38	39	40	40	39	38	31	26		33.8	12
2007	24	31	35	34	39	43	44	41	39	37	31			36.2	11
2009	25	30	33	36	42	41	44	44	39	38	31	26		35.8	12
2010	24	24	30	35	37	41	43	41	37	36	31	25		33.7	12
2011	25	30	30	39	37	39	41	41	43	36	29	25		34.6	12
2012	29	25	29	37	39	41	40	41	37	40	33			35.5	11
2013	22	25	30	32	35	39	41	44	41	34	30	26		33.2	12
2014	25	27	32	36	40	42	41	39	40	34	31	26		34.4	12
2015	25	26	31	32	37	41	40	40	39	37	29	25		33.5	12
2016	25	26	30	31	34	44	45	39	38	40	31	29		34.3	12
2017	24	26	33	33	36	39					32	26		31.1	8
2018	27	26	30	38	39	35	40	38	38	35	30	24		33.3	12
2020	24	26	29	36	36	40								31.8	6
2021										37	35	26		32.7	3
2022	26	26	27				41	38	39	34	28	24		31.4	9
2023	25	23	29	34	30	37	38	37	37	31	30	27		31.5	12
MÍNIMA	21	23	25	25	24	35	36	37	27	27	24	23		31.1	3
MÁXIMA	32	32	38	40	42	44	49	44	44	44	39	34		37.2	12
MEDIA	25.6	27.3	30.2	34.1	36.8	40.1	41.5	40.3	39.2	36.7	30.9	26.4		34	11.4
DESV.ST	2.1	2.3	2.6	2.8	3.1	1.8	2.2	1.6	2.2	2.5	2.7	2.1		1.2	1.7

TEMPERATURA MÍNIMA PROMEDIO
AÑO	ENE	FEB	MAR	ABR	MAY	JUN	JUL	AGO	SEP	OCT	NOV	DIC	ACUM	PROM	MESES
1953									26.4	22.4	16	11		19	4
1954	9	12	10.3	8.8	16.7	20.5	25.7	25.5	26	20.6	14.6	11.7		16.8	12
1955	8.4	9.1	11	12.2	13.5	15	26.2	23.1	22.1	16.8	14.6	10.7		15.2	12
1956	11	10	11.3	13.6	22.3	17.4	25.7	25.6	25.6	19.3	13.9	12.6		17.4	12
1957	8.4	11.3	12.5	14.1		19.4	26.4	30.3	28.2	20.8	15.6	15.7		18.4	11
1958	13	12.5	12.1	15.9	20.5	23.5	26.8	27.2	24.9	21.9	16.2	13.6		19	12
1959	12.5	12.1	13.9	16	17.8	23.4	26.8	26.9	24	20.8	13.9	12.8		18.4	12
1960	9.7	11	13.4	15	17.8	22.2	26.3	26.8	26.2	20.7	14.8	11.1		17.9	12
1961	11.4	11.6	12.6	14.9	17.7	21.7	24.9	26.5	24.1	20.2	14.4	11.7		17.6	12
1962	11.1	11.8	11.1	16.8	16.6	19.8	25.4	27	24.6	19.9	16.8	12.9		17.8	12
1963	10.2	13.2	11.7	14.4	18.8	20.5	25.5	26.2	24.9	21.6	16	11.9		17.9	12
1964	9.9	10.5	10.2	13.9	15.6	20.3	25	20.9	21.3	21.3	13.7	11.7		16.2	12
1965	13	10.6	11.1	13.7	17.1	18	24.1	24.9	22.8	18.6	16.5	12.3		16.9	12
1966	9.8	9.1	11.4	14.8	17.3	26.2	26.2	25	23.8	18.2	14.6	11.8		17.4	12
1967	10.5	10.5	12.2	12.3	15.9	18.8	24.4	26.1	23.2	18.8	15.4	11.3		16.6	12
1968	10.6	12.3	12.2	13.8	16.7	19.6	23.6	25	22.4	12.7	14.9	10.4		16.2	12
1969	11.9	9.4	10.9	15.4	16.7	19.4	25.7	23.5	20.1	17.2	8.9	10.5		15.8	12
1970	10.5	10.9	12.5	12.7	17.1	20.3	25.8	26.2	23.7	18.3	13.2	10.5		16.8	12
1971	8.6	9.2	11.3	11.9	15.4	19.1	25.2	24.3	14.3	19.8	21.9	11		16	12
1972	18.8	11	15.6	18	18.8	20.7	23.5	24.3	23.9	20.8	13.7	11.2		18.4	12
1973	10.3	11.1	10.5	13.3	16.3	20.4	21.8	25.9	21.9	19.5	13.5	11		16.3	12
1974	10.2	10	11.2	11	10.3	20.2	24.8	24.4	22.6	19.5	14.4	10.6		15.8	12
1975	8.9	9.5	11.8	12.4	19	20.1	26.6	24.2	18.6	12.5	10.1	7.5		15.1	12
1976	7.6	8.8	11.1	12.8	15.6	21.4	23.7	24.2	17.2	17	13.6	11.5		15.4	12
1977			12.8	14.2	15.8	21.1	25.1	24.8	24.5	21	15.2	13.9		18.8	10
1978	11.9	11.8	14.5	14.9	17.7	23.3	26.2	26.2	23.3	21.2	15.5	11.1		18.1	12
1979	9.9	9.6	12.5	14	17.2	21.6	25.3	24.5	25.8	20.6	14.8	11.6		17.3	12
1980	11.8	13.5	13.2	15.1	16.3	21.4	26.2	25.9	24.4	21.2	16	12.5		18.1	12
1981	12.5	11.9	12.7	15.7	17.5	22.1	26.2	26.7	24.9	19.5	15.2	12.9		18.1	12
1982	11.5	12.4	13.1	16.6	16.5	20.7	25.3	27	24.3	18.8	15.6	12.3		17.8	12
1983	12.2	12.9	13.6	14	19.1	21.4		26.1	26.5	20.2	15.8	12.8		17.7	11
1984	11.2	11.1	13.1	15.1	18.5	22.3	25.8	26.6	25	19.1	14	11.9		17.8	12
1985	10.4	9.6	11.8	15.4	17.5	21.4	24.8	25	22.4	19	14.2	11.5		16.9	12
1986	11.5	12.2	13.6	16.1	18.1	22.6	24.8	26.7	23.9	18	17.2	13		18.1	12
1987	10			14.8	17.8	20.5	24.1	26.9	25.1	23.8	16.5	12.2		19.2	10
1988	10.9	11.3	11.5				22.8	26.4	24.1	20.2	16.2	10.7		17.1	9
1989	9	9.6	12.2	17	17.6	21.8	26.3	26.5	25.5	18.9	14.9	12.6		17.7	12
1990	9.7	8.8	13	14.2	18.3	21	26.5	25.5	24.2	20.4	16.6	12		17.5	12
1991	10.7	11.6	12	13.6	15.6	19	22.7	25.9	22.7	21.6	15.7	11.9		16.9	12
1992	11.2	11.3	12.3	15.2	19.4	21.3	26.4	25.4	23.1	19.2	15.3	11.2		17.6	12
1993	12.1	11.6	13.5	16.6	19.6	21.3	22.6	23.5	22.5	20.8	16.2	12.3		17.7	12
1994	10.9	11.6	13.6	14.9	16.7	18.5	25.7	23.3	25.3	19.8	14.5	10.9		17.1	12
1995	10.3	13.1	12.7	14.4	16.8	19	25.9	27.6	25.6	20	16.6	12.5		17.9	12
1996	11	12.9	13	16.6	19.7	23	25.6	25.1	21.7	17.3	12.7	10		17.4	12
1997	9.1	8.4	10.8	11.7	17.1	20	24.7	25.5	23.8	17.6	13	10.1		16	12
1998	8.9	9.7	9.9	11	15.7	19.3	22.8	24.8	22.4	16				16	10
1999	8.3	7.9	8.8	10.7	15.5	19.2	23.3	22.6	22.9	18	12.3	8.4		14.8	12
2000	8	9	9.6	12.8	15.4	20.1	23.8	24.1	22.6	16.9	10.8	8.8		15.2	12
2001	7.8	7.6	9.5	12.5	15.8	19.9	23.3	24.4	23.2	17.7	14.9	7.8		15.4	12
2002	6.8	7.1	9.4	12.2	15.7	19.1	22.7	23.1	23.9	15.2	12.7	9.2		14.8	12
2003	8.7	10.3	10.6	12.5	15.5	17.5	22.8	23.8	23.9	15.3	12.7	9.2		15.2	12
2004	6.8	6.7	10.5	11.9	15.4	17.4	22.1	23.3	20.8	15.2	10.8	9		14.2	12
2005	8.5	8.9	9.9	12	14.2	18.5	23.1	23.4	21.7	16.9	12.8	8.2		14.8	12
2006	6.6	7.3	8.1	10.4	13.1	20.3	23.9	23.1	20.7	16.2	11.3	7		14	12
2007	5.6	7.6	9.3	10.9	13.8	18.7	21.7	23.9	21.6	16.2	12.1			14.7	11
2009	6.6	6.4	9	10.6	13.5	17.1	22.8	23.4	22	14.9	12.2	8.2		13.9	12
2010	6.3	10.5	13.4	14.5	18.3	21.9	26.2	27.9	23.6	20.6	16.1	12.9		17.7	12
2011	11.1	10.9	13.5	17	19.8	23.4	27.3	27.2	26.5	21.4	16	11.1		18.8	12
2012	11.9	11.5	13.8	16.1	18.3	22.3	26.8	27.7	26.2	20.5	18.5			19.4	11
2013	10.5	10.7	13.9	16.1	19.6	22.7	26.7	26.8	25.6	19.5	15.8	12.2		18.3	12
2014	10.7	12.9	14.2	17	20.5	24.9	27.5	28.2	26.1	21.4	16.9	13.8		19.5	12
2015	11.8	13.1	16.1	16.2	17.9	24	26.4	28.1	25.9	22.6	17.4	12.8		19.4	12
2016	11.4	14.5	15.4	16.3	18.4	22.2	28	27.2	25.5	23.2	17.6	13.4		19.4	12
2017	11.9	13.6	13.6	16.8	17.5	21.6					18.2	14.5		16	8
2018	13.2	12.1	13.4	17.3	19.3	23.2	27.4	29.5	27.7	21.1	17.4	13.2		19.6	12
2020	12.5	13.3	14.1	16.9	20.6	23.7								16.9	6
2021										23.2	19.5	16		19.6	3
2022	13.9	13.6	14.4				29.6	29.3	28	23.3	17.8	14.4		20.5	9
2023	13.8	14.2	16.1	18.5	17.8	21.3	26.4	24.5	21.8	19.6	17	12.8		18.6	12
MÍNIMA	5.6	6.4	8.1	8.8	10.3	15	21.7	20.9	14.3	12.5	8.9	7		13.9	3
MÁXIMA	18.8	14.5	16.1	18.5	22.3	26.2	29.6	30.3	28.2	23.8	21.9	16		20.5	12
MEDIA	10.4	10.8	12.2	14.3	17.2	20.8	25.1	25.6	23.7	19.3	15	11.5		17.2	11.4
DESV.ST	2.2	1.9	1.8	2.1	2	2	1.7	1.8	2.4	2.4	2.2	1.8		1.5	1.7

TEMPERATURA MÍNIMA EXTREMA
AÑO	ENE	FEB	MAR	ABR	MAY	JUN	JUL	AGO	SEP	OCT	NOV	DIC	ACUM	PROM	MESES
1953									23	13	10	6		13	4
1954	6	8	6	5	10	17	23	21	23	16	11	6		12.7	12
1955	5	5	8	9	9	10	20	21	19	11	10	9		11.3	12
1956	8	5	8	10	16	13	21	21	22	10	12	10		13	12
1957	6	6	10	11		10	15	27	24	18	12	10		13.5	11
1958	9	9	9	11	11	20	18	23	20	18	11	10		14.1	12
1959	10	9	10	13	14	19	20	24	19	13	11	10		14.3	12
1960	6	8	9	12	14	18	22	23	23	14	10	4		13.6	12
1961	9	8	8	12	14	16	21	21	19	13	11	10		13.5	12
1962	7	10	7	13	10.5	13	22	24	20	16	12	9		13.6	12
1963	6	10	9	10	13	15	20	24	22	18	12	9		14	12
1964	6	6	6	11	10	16	16	15	11	17	6	9		10.8	12
1965	11	5	6	10	12	15	19	21	17	14	14	9		12.8	12
1966	7	6	8	12	15	20	24	15	16	13	11	6		12.8	12
1967	6	7	9	10	10	13	14	20	19	11	9	8		11.3	12
1968	7	10	9	11	14	16	18	21	15	8	10	6		12.1	12
1969	6	6	7	13	11	17	21	14	15	11	2	8		10.9	12
1970	8	7	8	10	12	17	23	23	20	13	10	8		13.2	12
1971	3	4	5	8	13	14	22	18	8	9	16	5		10.4	12
1972	15	5	10	12	12	14	16	20	20	16	10	6		13	12
1973	5	9	8	9	12	15	18	20	18	16	10	7		12.2	12
1974	7	8	9	9	8	7	22	22	20	12	10	5		11.6	12
1975	5	6	9	9	15	15	20	20	12	10	8	6		11.2	12
1976	1	6	7	8	12	13	20	22	12	12	9	8		10.8	12
1977			8	11	12	18	20	23	22	16	12	10		15.2	10
1978	9	7	8	11	12	17	22	24	19	16	11	7		13.6	12
1979	5	6	8	11	13	17	22	21	24	14	11	9		13.4	12
1980	7	8	10	11	13	12	23	22	20	16	12	10		13.7	12
1981	9	8	9	11	15	18	23	25	20	16	12	9		14.6	12
1982	8	7	9	12	12	17	21	25	19	15	12	9		13.8	12
1983	8	10	11	10	13	18		23	24	17	10	10		14	11
1984	8	8	9	10	12	16	22	22	21	15	11	6		13.3	12
1985	7	3	6	11	12	14	20	21	18	12	10	10		12	12
1986	10	7	10	12	13	18	14	24	17	14	12	9		13.3	12
1987	5			10	13	18	20	23	21	20	10	9		14.9	10
1988	5	9	8				10	24	20	16	10	4		11.8	9
1989	6	6	9	12	13	15	24	24	20	16	11	10		13.8	12
1990	6	5	9	10	15	18	24	22	20	17	12	8		13.8	12
1991	7	9	8	11	12	15	20	23	20	14	12	9		13.3	12
1992	8	9	10	11	15	17	20	19	20	17	10	9		13.8	12
1993	9	9	8	11	16	18	17	21	18	16	12	9		13.7	12
1994	8	8	10	10	12	13	22	20	16	17	9	9		12.8	12
1995	7	10	9	10	12	15	21	25	15	16	12	9		13.4	12
1996	8	9	10	14	15	16	21	23	17	10	8	5		13	12
1997	4	4	5	8	13	15	19	22	21	13	9	6		11.6	12
1998	4	6	5	6	11	12	19	23	13	12				11.1	10
1999	6	5	7	5	10	15	21	18	19	14	8	5		11.1	12
2000	4	6	6	9	12	15	20	19	19	11	7	6		11.2	12
2001	4	3	5	9	11	15	21	20	19	15	8	4		11.2	12
2002	1	4	4	9	11	15	19	21	19	11	10	5		10.8	12
2003	7	6	6	8	11	14	20	21	19	11	10	5		11.5	12
2004	4	4	6	9	12	15	16	20	16	9	7	5		10.2	12
2005	6	6	6	9	11	15	19	20	18	12	9	6		11.4	12
2006	4	5	6	7	10	15	20	21	17	12	8	4		10.8	12
2007	2	4	5	8	9	14	20	21	17	13	9			11.1	11
2009	5	3	6	7	10	13	20	21	18	11	7	4		10.4	12
2010	5	6	10	11	11	18	23	25	20	17	10	10		13.8	12
2011	7	7	9	10	16	18	24	25	22	18	13	8		14.8	12
2012	9	10	10	12	15	17	24	25	24	17	16			16.3	11
2013	6	8	9	14	16	19	24	25	20	16	12	9		14.8	12
2014	9	10	11	13	19	21	25	26	21	20	14	9		16.5	12
2015	8	11	13	14	16	20	20	27	23	20	15	8		16.2	12
2016	9	8	11	14	15	16	25	24	23	20	12	11		15.7	12
2017	10	11	11	13	14	17					16	11		12.9	8
2018	10	8	7	11	15	19	25	25	25	19	13	10		15.6	12
2020	10	9	10	14	17	20								13.3	6
2021										18	15	14		15.7	3
2022	8	9	11				26	20	25	18	16	12		16.1	9
2023	11	11	13	15	14	17	22	17	18	15	13	10		14.7	12
MÍNIMA	1	3	4	5	8	7	10	14	8	8	2	4		10.2	3
MÁXIMA	15	11	13	15	19	21	26	27	25	20	16	14		16.5	12
MEDIA	6.8	7.2	8.3	10.5	12.8	15.8	20.5	21.8	19.2	14.5	10.8	7.9		13	11.4
DESV.ST	2.5	2.1	2	2.1	2.2	2.6	3	2.7	3.4	3	2.5	2.2		1.6	1.7

TEMPERATURA MEDIA MENSUAL
AÑO	ENE	FEB	MAR	ABR	MAY	JUN	JUL	AGO	SEP	OCT	NOV	DIC	ACUM	PROM	MESES
1953									31.9	28.1	21.9	17.6		24.9	4
1954	15.3	18.5	16.9	16.6	22.9	26.9	30.7	30.6	31.1	26.7	22	17.4		23	12
1955	13.1	14.6	18.2	22	22	25.2	33.4	30	28.3	24.9	22	17.4		22.6	12
1956	16.8	16.1	17.9	20.2	28.8	24.2	30.8	31.6	30.5	24.9	19.2	17.4		23.2	12
1957	14.7	17.9	20	24.7		27.2	32	33.8	32.1	25.2	19.4	20		24.3	11
1958	18.6	17.4	17	21.9	26	29.6	31.7	31	29.3	26	20.8	18.7		24	12
1959	17.2	16.9	20.1	22.1	24	28.4	30.6	30.4	28.8	26	19.9	17		23.4	12
1960	13.8	15.9	19	20.8	23.5	27.4	30.8	30.6	30.8	25.6	20	16		22.9	12
1961	16.1	17.2	18	21.6	24.6	27.2	30.1	30.7	28.7	26.1	18.8	15.9		22.9	12
1962	15.8	16.6	16.4	23.4	24	26.2	31.1	32.4	29.2	25.4	21.6	17.2		23.3	12
1963	14.4	18.8	18	20.4	25.5	26.9	30.6	30.9	30.1	26.9	20.7	16.8		23.3	12
1964	14.9	15.5	16.4	20.5	23.3	26.9	30.4	28.1	27.8	26.6	19.4	17.5		22.3	12
1965	17.9	15.5	16.9	20.4	24.4	25.2	30.7	30.7	29	25.9	22.6	17.3		23	12
1966	15.1	14.9	18.6	21.5	24.6	31	31.2	30.8	29.8	24.4	20.6	17.2		23.3	12
1967	15.7	16.8	18.6	18.6	23.6	26.1	30.2	31.4	29	25.1	21.3	15.8		22.7	12
1968	15.8	17.5	18.3	20.1	23.8	27.2	29.8	30.6	29	21.7	21	15.9		22.6	12
1969	17.2	15.2	17.6	22.7	23.8	26.4	31.5	29.9	27.7	23.8	16.6	16.5		22.4	12
1970	15.8	16.9	18.2	19.3	24.2	26.2	30.6	31	28.9	24	19.5	16		22.6	12
1971	15.3	15.8	18.8	18.8	22	25.6	29.4	28.9	18.6	25.1	26.4	14.9		21.6	12
1972	22	16.9	21.8	23.6	22.7	26.1	29	28.6	29.5	25.1	18.9	16.5		23.4	12
1973	15.3	16.4	16.6	19.8	23.4	26	28.7	30.3	28.6	24.9	20	17		22.2	12
1974	16	16.4	16.8	16.7	16.1	26.5	30.2	29.7	27.7	25.2	19.5	16		21.4	12
1975	15.2	15.2	16.8	17.6	23.8	25	31	29.9	26.3	18	15.1	14		20.7	12
1976	14.9	16.4	17.8	19.5	23.7	27.8	30.9	31.6	24	23.7	19.8	16.8		22.2	12
1977			16.9	19.4	20.4	26.9	28.9	28.2	28	25.5	20.8	18.4		23.3	10
1978	16.4	16.5	19.8	20.6	23.9	28.4	30.2	30.4	28	26	19.6	14.8		22.9	12
1979	13.6	14.9	17.3	19.8	22.4	26.7	30.2	29	29.8	26.3	19.6	16.8		22.2	12
1980	16.3	18.6	18	20.8	21.7	26.8	30.4	30.3	29.1	25.2	21	17.6		23	12
1981	16.9	17.2	17.6	21.4	22.4	26	30.4	30.5	29	24.1	20.5	17.8		22.8	12
1982	15.6	17.2	17.8	22.2	22.2	26.5	29.2	30.8	28.7	24.1	19.4	16.2		22.5	12
1983	16.9	17.9	18.2	19.4	24.7	27		29.7	30.1	25	20.2	17.6		22.4	11
1984	15.8	16.6	19	20.6	24	27	29.4	29.9	29	23.5	18.7	15.4		22.4	12
1985	14.1	14.1	17.2	20.8	23.6	26.7	29.1	29.5	27.4	24.2	19.2	16.8		21.9	12
1986	17.3	17.6	19.6	21.6	23.5	27.4	29.3	30.4	28.8	23.1	22.1	17		23.1	12
1987	14.6			20.2	22.7	27.6	30.4	29.7	29.2	28.3	20.4	16.4		24	10
1988	16.1	15.6	15.4				28.7	30.4	29.3	25	21.9	15.7		22	9
1989	13.7	15.4	18.3	24	23.8	27.1	31	30.9	30.7	23.6	20.1	16.7		22.9	12
1990	14.5	14.4	19.1	20.4	25.2	26.9	30.4	30	28.4	25.3	21	15.5		22.6	12
1991	15	17.1	17.8	20	22.4	25.8	28.6	30.4	28.5	27.2	20	15.7		22.4	12
1992	15	16.3	17.4	22	26.8	28.5	32.2	30.4	29.4	25.4	20.6	15.7		23.3	12
1993	16	16	19.1	23.2	26.8	28.2	29.9	30	28.1	25.9	20.5	16.5		23.4	12
1994	16.4	16.3	18.9	21.9	22.9	27.4	31.2	29.9	30	25.2	19.2	15.2		22.9	12
1995	15.3	18.1	18.2	20.6	22.4	26.1	30.8	31.4	30.1	25.9	22.3	17.8		23.2	12
1996	17.2	17.6	19.6	22.4	25.4	29.4	30.8	30.7	27.6	23.8	19.3	16.1		23.3	12
1997	15.4	15.1	18.2	19.6	25.2	29.5	33.6	31.9	30.9	24.1	19.9	15.6		23.2	12
1998	15.7	15.8	16.7	18.6	22.6	26.5	30	30.2	28.9	23				22.8	10
1999	15.5	15.1	16	17.9	22.6	26.1	29.1	29.2	29	25.6	19.7	15.2		21.8	12
2000	14.8	16	16.6	21.2	23.1	26.8	29.8	29.6	28.8	22.6	16.8	15.2		21.8	12
2001	13.5	13.5	16.2	18.7	23.8	27.1	29.9	30.8	29.5	24.3	20.8	14.7		21.9	12
2002	13.7	15.1	15.9	19	24.1	26.8	28.8	29	30	22.4	19	14.8		21.6	12
2003	16.1	16	17.6	18.9	22.8	25.8	28.8	29.6	30	22.5	19	14.9		21.8	12
2004	13.2	13.4	18.4	19	23.4	25.8	29.7	30.1	27.5	22.3	17.1	14.8		21.2	12
2005	14.1	14.6	17.4	19.6	21.6	26.4	30.6	29.7	29.4	23.5	19.6	15		21.8	12
2006	13.9	14.7	15.4	18.7	21.9	28.2	30.3	30.1	27.6	23.6	19.4	15.2		21.6	12
2007	12.2	15	18.5	19.4	23.5	27.4	29.2	30.1	28.4	23.8	18.9			22.4	11
2009	14.3	14.6	18.4	20.9	24.2	26.7	30.6	31.2	29.1	23.4	19.2	14.8		22.3	12
2010	13.8	15.8	18.6	20.5	24.4	27.7	31.9	32.3	28.8	25.3	20.1	17.2		23	12
2011	15.3	15.9	18.9	22.8	25.5	28.8	32.1	32.2	31	26.8	20.3	15.6		23.8	12
2012	17	16.6	18.3	22	26.1	28.8	32	31.9	30.2	26	22.9			24.7	11
2013	14.6	15.5	20.3	22	25.2	28.2	31.6	32.5	31.2	24.8	20.2	16.6		23.6	12
2014	16.3	18.5	20.2	23.9	27	31.4	32.1	31.5	30.2	26.2	21.4	18.5		24.8	12
2015	16.7	18.3	21	21.8	23.1	29.4	30.6	32.8	30	27	21	16.5		24	12
2016	16.1	18.3	20.6	21.8	24.4	28.3	32.5	31.3	29.1	28.4	22	17.4		24.2	12
2017	16.3	17.9	20.8	23.1	23	27					22.5	18.2		21.1	8
2018	18.1	17.2	19.2	23.5	26.9	28.1	32.1	32.1	31.4	24.9	21.4	17.4		24.4	12
2020	17	18	17.6	21.5	26.9	29.8								21.8	6
2021										27.1	23.6	20.5		23.7	3
2022	17.4	17.6	19.6				32.6	31.5	30.4	26.5	20.1	17		23.6	9
2023	16.2	16.2	18.5	22.2	20.8	26	30.1	27.8	25.7	22.8	21.3	18.2		22.1	12
MÍNIMA	12.2	13.4	15.4	16.6	16.1	24.2	28.6	27.8	18.6	18	15.1	14		20.7	3
MÁXIMA	22	18.8	21.8	24.7	28.8	31.4	33.6	33.8	32.1	28.4	26.4	20.5		24.9	12
MEDIA	15.6	16.3	18.2	20.8	23.8	27.2	30.5	30.5	29	24.9	20.3	16.6		22.8	11.4
DESV.ST	1.5	1.3	1.4	1.8	1.9	1.4	1.2	1.1	1.9	1.7	1.7	1.3		0.9	1.7
