COMISIÓN NACIONAL DEL AGUA
COORDINACIÓN GENERAL DEL SERVICIO METEOROLÓGICO NACIONAL
BASE DE DATOS CLIMATOLÓGICA NACIONAL 

ESTADÍSTICA MENSUAL
EMISIÓN   : 25/10/2024 

DATOS DISPONIBLES EN LA BASE DE DATOS A: OCTOBER DE 2024; 
CON LA INFORMACIÓN SUMINISTRADA POR LAS UNIDADES ADMINISTRATIVAS 

 ESTACIÓN  : 7094 
 NOMBRE    : LA MESILLA 
 ESTADO    : CHIAPAS 
 MUNICIPIO : TZIMOL 
 SITUACIÓN : OPERANDO 
 CVE-OMM   :   
 LATITUD   : 16.18416667 ° 
 LONGITUD  : -92.2875 ° 
 ALTITUD   : 1210 msnm 


LLUVIA MÁXIMA 24 H.
AÑO	ENE	FEB	MAR	ABR	MAY	JUN	JUL	AGO	SEP	OCT	NOV	DIC	ACUM	PROM	MESES
1971						31	60	47	40.5	21.5	6.5	0.01	206.51	29.5	7
1972		0	0	0	31	85	46	14	19	21	29	25	270	24.5	11
1973	0	0	0	6	20	53	32						111	15.9	7
1974	0	0	8	15	29	86	28		70	14	11	2	263	23.9	11
1975	4	0	42	0	47		56	39	63	49	15	0	315	28.6	11
1976	4	0	4	20	50	43	65	50	53	49	4.5	3	345.5	28.8	12
1977	0	0	0	32	32	20	8	25	44	20	33	11	225	18.8	12
1978	0	3	3	14	75	35	35.5		58	15	21	10	269.5	24.5	11
1979	0	0	3		23	40	66	36	35	20	3	4	230	20.9	11
1980	23	0	0	17	20	21.5	32.5	46.5	40		40	0	240.5	21.9	11
1981	0	0	10	33	26.5	85.5	28.5	62.5	42.6		0	8	296.6	27	11
1982	0	11.5	15.5	56.5	74.5	45	78.5	37	61.5	80.5	2	0	462.5	38.5	12
1983	0	43	20.5	0	17.5	76.5	67.5	26	78.5				329.5	36.6	9
1984								98	71	11	0	0	180	36	5
1985	0	0	0	45	38	32	50	86	36	28	17	0	332	27.7	12
1986	0				75	18	17	12	30	50	5	0	207	23	9
1987	0	0	20	0	10	89	18	6	125	18	0	0	286	23.8	12
1988	0	0	0	0	15	68	79	40	50	75	9	0	336	28	12
1989	0	0	0	0	0	82	20	66	40	34	29	0	271	22.6	12
1990	0	0	0	40	0	32	20	26	26	0	0	11	155	12.9	12
1991	0	0	0	13	12	82	0	0	56	22	0	0	185	15.4	12
1992	0	0	0	0	28	59	0	24	57	78	80	0	326	27.2	12
1993	0	0	0	20	30	80	20	55	50	30	0	0	285	23.8	12
1994	0	0	0	0	40	20	25	45	43	30	0	0	203	16.9	12
1995	0	0	0	18	41	62	81	55	59	20	0	0	336	28	12
1996	0	0	0	0	20	66	38	45	66	19	0	0	254	21.2	12
1997	0	0	0	0	40	82	31	40	21	43	0	0	257	21.4	12
1998	0	0	0	0	0	64	40	21	95	22	23	0	265	22.1	12
1999	0	0	0	0	50	41	60	18	63	24	0	0	256	21.3	12
2000	0	0	0	0	45	90.5	14.8	60.6	104.5	35.9	0	0	351.3	29.3	12
2001	0	0	0	0	54.4	85.4	22.5	60.4	90.8	17.4	0	0	330.9	27.6	12
2002	0	0	0	0		71.6	39.6	20.5	48.6	55.8	0	0	236.1	21.5	11
2003										65.2	11	2	78.2	26.1	3
2004	0	1.9	0.6	11.6	16.2	38	28.5	3.4	37	38	0	0	175.2	14.6	12
2005	0	0	6	6	30.5	94	56	97	26	70	0	0	385.5	32.1	12
2006	13	0	3	26	64	31	56.5	36	40	100	7	0	376.5	31.4	12
2007	2.5	3	2	1.5	29.5	32.5	46.3	44.5	70.5	96.5	0	0	328.8	27.4	12
2008	2.4	4	2	10	53	292	60	20	20	18	0	0.01	481.41	40.1	12
2009	2.5	0	0	24	60	60.5	10	40.3	32	40	18	15	302.3	25.2	12
2010	6.2	0	1.4	54.1	39.2	40.2	35	56	75	0	6	0	313.1	26.1	12
2011	0	4.5	4.4	10.1	38	67.2	85.1	80	40.1	60.2	0	0	389.6	32.5	12
2012	0	0	20	47	80	97.9	24.1	80.2	35.1	38	0	8.1	430.4	35.9	12
2013	0	0	0	6.1	14	63	26.4	41.2	30.5	20	7.5	4.2	212.9	17.7	12
2014	6.5	0	10	25	36.5	42	2.1			58	0	0	180.1	18	10
2015	0	0	12.6	18.5	38.1	48	20	22.5	70	44	10	0	283.7	23.6	12
2016	0	0	0	0	10	62.5	12	62.1	75	72.5	9.8	0	303.9	25.3	12
2017	4.1	0	0	0	21	124.1	9.5	50.3	49	25	0	0	283	23.6	12
2018	0	0	0	9.1	42.1	29.2	10.5	10					100.9	12.6	8
2019								35.1	49.5	72.5	0	5.1	162.2	32.4	5
2020	0	11.5	10.1	0	23.1	196	10	43	26	8.3	40	6.1	374.1	31.2	12
2021	0	0	0	0	51	40	14	55	78	39	13.1	5.2	295.3	24.6	12
2022	20	0	0	0	23.2	60	15	30	48	19	10.1	5.5	230.8	19.2	12
2023	1.2	0	0	2.1	11.2	30							44.5	7.4	6
MÍNIMA	0	0	0	0	0	18	0	0	19	0	0	0	44.5	7.4	3
MÁXIMA	23	43	42	56.5	80	292	85.1	98	125	100	80	25	481.41	40.1	12
MEDIA	1.9	1.7	4.1	12.4	33.8	65.2	34.7	41.9	52.9	38	9.4	2.6	270.7	24.8	10.9
DESV.ST	4.8	6.6	8	15.9	20.2	45.8	23.2	23.3	22.8	24.8	15.1	4.9	90.6	6.8	2.2

LLUVIA TOTAL MENSUAL
AÑO	ENE	FEB	MAR	ABR	MAY	JUN	JUL	AGO	SEP	OCT	NOV	DIC	ACUM	PROM	MESES
1971						106	120	126.5	156	85.83	7.03	0.01	601.37	85.9	7
1972		0	0	0	31	331	130	36	39	54.5	59	25	705.5	64.1	11
1973	0	0	0	6	42	220	78						346	49.4	7
1974	0	0	11	29	84.5	254	83.5		290	37	16	2	807	73.4	11
1975	4	0	42	0	61		99	75	262	210.5	35	0	788.5	71.7	11
1976	4	0	5	44	71.5	320.5	106	147	77	173	6.5	3	957.5	79.8	12
1977	0	0	0	42	118	86	13	116	181	56	35	26.5	673.5	56.1	12
1978	0	6	9	53	123	123	142		174	55	42	10	737	67	11
1979	0	0	3		62	233	318	171	216	46	3	4	1056	96	11
1980	23	0	0	19	55	112	111.5	140.5	203.5		43.5	0	708	64.4	11
1981	0	0	15	54.5	104	598	117.5	272.8	239.7		0	8	1409.5	128.1	11
1982	0	15.5	16.5	114.5	227	183	78.5	50	364	209	2	0	1260	105	12
1983	0	56.5	34.5	0	31.5	329	104.5	114.3	200.72				871.02	96.8	9
1984								198	415	27	0	0	640	128	5
1985	0	0	0	58	120	156	104	189	184	86	21	0	918	76.5	12
1986	0				363	47	30	29	98	97	5	0	669	74.3	9
1987	0	0	20	0	21	262	69	19	297	18	0	0	706	58.8	12
1988	0	0	0	0	46.1	308	93	272	168	162	9	0	1058.1	88.2	12
1989	0	0	0	0	0	232	20	306	280	138	46	0	1022	85.2	12
1990	0	0	0	92	0	136	56	46	83	0	0	21	434	36.2	12
1991	0	0	0	13	22	275	0	0	200	103	0	0	613	51.1	12
1992	0	0	0	0	28	269	0	66	141	116	150	0	770	64.2	12
1993	0	0	0	20	82	208	37	152	175	43	0	0	717	59.8	12
1994	0	0	0	0	68	53	45	145	241	73	0	0	625	52.1	12
1995	0	0	0	33	82	258	209	429	217	75	0	0	1303	108.6	12
1996	0	0	0	0	24	374	111	219	195.5	66	0	0	989.5	82.5	12
1997	0	0	0	0	65	139	71	60	120	65	0	0	520	43.3	12
1998	0	0	0	0	0	113	103	72	292	61.5	28	0	669.5	55.8	12
1999	0	0	0	0	100	277	157	99	306.5	129.8	0	0	1069.3	89.1	12
2000	0	0	0	0	160	153.8	14.8	229.8	399.7	57.8	0	0	1015.9	84.7	12
2001	0	0	0	0	223.2	147.2	39.3	166.7	291.6	27.6	0	0	895.6	74.6	12
2002	0	0	0	0		347.6	82.9	20.5	217.5	74.2	0	0	742.7	67.5	11
2003										130.4	29.1	2	161.5	53.8	3
2004	0	1.9	0.6	30.4	53.6	124.2	28.5	6.9	164.4	203.2	0	0	613.7	51.1	12
2005	0	0	6	9.7	122.5	349.6	163.32	340.01	179.3	191.31	0	0	1361.74	113.5	12
2006	13	0	5	37	179.2	164.51	182.3	96	92.01	231.02	8.5	0	1008.54	84	12
2007	2.52	3	2	1.5	95.5	130.4	110.3	124.2	339.7	333.22	0	0	1142.34	95.2	12
2008	2.4	7.01	2.01	10	143.51	491.62	238.52	132.8	183.41	95	0	0.01	1306.29	108.9	12
2009	2.5	0	0	24	126.6	255	49	97.1	124.3	173.8	73	38.7	964	80.3	12
2010	7.51	0	1.4	87.7	171.5	255.9	214.3	286.12	283	0	9	0	1316.43	109.7	12
2011	0	8.7	12.1	10.1	87.7	231.6	361.91	198.2	230.41	203.7	0	0	1344.42	112	12
2012	0	0	39	61	179	199.6	61.6	315.8	91.5	73.6	0	8.1	1029.2	85.8	12
2013	0	0	0	7.1	35.5	219.4	84.2	261.4	141.9	126.2	8.6	10.7	895	74.6	12
2014	6.7	0	25	38	96.1	183.5	2.1			94.5	0	0	445.9	44.6	10
2015	0	0	20.7	23.5	38.1	95.5	32.7	44.1	163.3	108.9	30.6	0	557.4	46.5	12
2016	0	0	0	0	20.1	237.8	12	175.2	182.6	112.6	9.8	0	750.1	62.5	12
2017	4.1	0	0	0	57.5	521.7	17.5	197.3	215.5	100.7	0	0	1114.3	92.9	12
2018	0	0	0	9.1	109.4	119.5	14.5	18.5					271	33.9	8
2019								125.9	185.4	406.6	0	5.1	723	144.6	5
2020	0	16.5	20.1	0	91.1	347.7	10	138.3	145.9	19.9	40	15.1	844.6	70.4	12
2021	0	0	0	0	133.2	51	33.8	130.6	311.1	79.8	14.6	5.2	759.3	63.3	12
2022	23.5	0	0	0	50.4	121.8	29.4	85	372.6	53.8	28.5	7.5	772.5	64.4	12
2023	1.2	0	0	2.1	24.5	40.1							67.9	11.3	6
MÍNIMA	0	0	0	0	0	40.1	0	0	39	0	0	0	67.9	11.3	3
MÁXIMA	23.5	56.5	42	114.5	363	598	361.91	429	415	406.6	150	38.7	1409.5	144.6	12
MEDIA	2	2.4	6	19.8	88.1	220.2	89.6	143.4	211.1	108.2	15.5	3.9	825.4	75.9	10.9
DESV.ST	5.1	8.8	10.8	27.8	69.2	121.4	78.8	98.2	87	81.6	26.7	8.2	302.9	26	2.2

EVAPORACIÓN MENSUAL
AÑO	ENE	FEB	MAR	ABR	MAY	JUN	JUL	AGO	SEP	OCT	NOV	DIC	ACUM	PROM	MESES
1971									99.94	103.82	92.39	132.38	428.53	107.1	4
1972		111.5	174.1	123.7	184.4	156.8	150.7	178.9	159.3	139.5	111.5	127.3	1617.7	147.1	11
1973	156.5	163.8	243.4	243.6	198.7	150.8	177.4						1334.2	190.6	7
1974	156.2	151.2	205.1	233.5	194.6	120.7	154.8		108.3	93.4	124.6	51.3	1593.7	144.9	11
1975	137.7	171	233.5	260.2	192.3		173	150.7	136.4	100.5	103	122.8	1781.1	161.9	11
1976	141.2	181.2	251.6	220	213.7	127.9	191.1	193.8	149.5	120.9	102.5	84.2	1977.6	164.8	12
1977	146.9	142.9	235.8	215	183.1	143.5	243.4	147.9	137.8	114	99.6	111.6	1921.5	160.1	12
1978	139.1	132.9	182.5	226.3	225.2	156	151.5		120.3	106.3	120	126.4	1686.5	153.3	11
1979	142.7	161.8	243.1		184.7	115.8	149.5	150.4	98.1	99.3			1345.4	149.5	9
1980		139.6	231.8	188.5	195	149	185.5	146.1	98.6		81.8	88.8	1504.7	150.5	10
1981	135.9	149.2	187.3	244.5	190.6	119	171.3	151.6	104.7		108.1	103.1	1665.3	151.4	11
1982	141.3	159.7	219.6	81.3	40	116	160	187.9	131.3	98.4	107.9	111.4	1554.8	129.6	12
1983	118.4	159.4	164.7	198.9	215.4	128.1	158.6	153	113.24				1409.74	156.6	9
1984								132.43	64.1	113.38	88.29	125.52	523.72	104.7	5
1985	95.18	138.98	169.16	178.93	130.83	126.63	118.41	113	95.09	105.24	106.8	75.28	1453.53	121.1	12
1986	70.7				135.07	143.41	192.42	155.18	109.98	119.03	105.43	127.46	1158.68	128.7	9
1987	122.79	146.25	175.34	176.62	198.32	127.6	152.24	164.08	119.74	97.07	115.86	129.91	1725.82	143.8	12
1988	110.5	140.11	189.32	210.48	176.14	110.21	111.21	117.75	79.37	58.44	87.24	88.14	1478.91	123.2	12
1989	102.68	74.62	111.93	182.55	150.47	99.56	83.97	88.4	70.05	88.68	85.72	75.34	1213.97	101.2	12
1990	122.41	128.86	127.63	172.77	191.51	153.87	139.57	124.69	108.16	106.95	107.96	83.15	1567.53	130.6	12
1991	110.23	100.94	149.73	183.84	129.28	101.43	146.23	152.2	102.15	110.99	96.3	122.99	1506.31	125.5	12
1992	143.27	153.13	202.98	200.37	164.41	147.56	188.99	184.02	183.83	174.7	124.81	120.96	1989.03	165.8	12
1993	132.82	158.43	223.36	198.53	179.1	167.15	184.29	164.02	163.94	148.76	125.31	108.26	1953.97	162.8	12
1994	115.67	123.09	171.48	173.78	163.26	122.83	125.6	105.43	99.26	87.22	80.87	84.85	1453.34	121.1	12
1995	99.05	95.21	130.38	141.75	123.96	114.42	104.13	89.16	87.89	84.55	79.07	64.61	1214.18	101.2	12
1996	60.45	70.31	83.65	101.5	115.92	109.8	121.21	94.4	111.84	86.06	70.75	56.34	1082.23	90.2	12
1997	77.37	74.23	107.1	98.46	113.47	85.7	76.6	94	70.2	63.1	65.28	64.78	990.29	82.5	12
1998	69.68	70.96	95.45	96.1	86.35	83.72	74.44	72.1	52.85	51.25			752.9	75.3	10
2011										41.64		106.12	147.76	73.9	2
2012	129.6	130.46	205.08	181.09	150.17	117.34	154.9	119.35	118.45	122.48	110.02	127.64	1666.58	138.9	12
2013	110.67	133.54	163.81	170.67	168.51	147.34	139.38	117.92	98.39	94.37	70.2	77.41	1492.21	124.4	12
2014	87.89	96.96	130.14	174.29	143.84	118.24	142.41			82.37	95.5	86.99	1158.63	115.9	10
2015	107.11	117.92	188.72	187.87	119.39	170.89	183.22	175.38	85.37	108.74	82.19	113.83	1640.63	136.7	12
2016	102.42	131.19	161.03	177.16	162.15	139.37	172.56	114.97	103.18				1264.03	140.4	9
2021												57.99	57.99	58	1
2022	112.81	121.47	206.75	171.89	123.32	102.45	120.09	104.82	49.58	82.56	80.7	89.5	1365.94	113.8	12
2023	127.39	113.65	130.9	139.34	134.3	95.38							740.96	123.5	6
MÍNIMA	60.45	70.31	83.65	81.3	40	83.72	74.44	72.1	49.58	41.64	65.28	51.3	57.99	58	1
MÁXIMA	156.5	181.2	251.6	260.2	225.2	170.89	243.4	193.8	183.83	174.7	125.31	132.38	1989.03	190.6	12
MEDIA	117	129.5	178	179.1	159.9	127.1	150	136	107.2	100.1	97.6	98.3	1335.7	128.9	10.1
DESV.ST	25.7	30.2	46.3	45	40.6	23	37	33.3	30.9	27.4	17.1	25.2	478.3	29.5	3

TEMPERATURA MÁXIMA PROMEDIO
AÑO	ENE	FEB	MAR	ABR	MAY	JUN	JUL	AGO	SEP	OCT	NOV	DIC	ACUM	PROM	MESES
1971						30.7	31.9	31.4	31	29.7	29.1	26.5		30	7
1972			34.8	35.5	34.6	31.6	32.4	31.8	32.9	32	33.4	32.4		33.1	10
1973	32	33.5	37.5	36.3	35.3	32.5	32.4							34.2	7
1974	33.2	32.3	35.1	35.8	35.2	31.8	32.7		31	29.5	31.8	29.4		32.5	11
1975	31	34.2	35.3	36.6	35.4		32.7	32.6	29.4	29.4	29.8	29.5		32.4	11
1976	29.1	31.4	35.9	35.6	34.3	31	31.7	32.4	32.7	30.6	31.8	28.4		32.1	12
1977	31.7	32.6	36.6	35.4	35.5	32.3	34.6	33.6	33.5	32.7	32.1	32.1		33.6	12
1978	32	33.4	35.1	36.8	37.1	33.1	33.4		30.9	31.7	31.8	31.6		33.4	11
1979	30.9	33.1	35.2		35.5	32.8	33	32.3	30.4	32	31.6	29.2		32.4	11
1980	32.6	32.5	36.1	34.1	37.1	33.2	34.1	32.9	31.6		30.1	29.6		33.1	11
1981	31.6	33.7	35.4	36.7	36.1	32.3	32.4	32.7	32.1		31.3	32		33.3	11
1982	33.8	34.5	36.5	36.7	33.7	31.8	33	34	31.6	31.6	32.1	32		33.4	12
1983	32.5	32.7	34.8	37.5	38.4	34.9	33.7	32.7	32.5					34.4	9
1984								30.9	29.8	31.8	30.1	30.5		30.6	5
1985	29.6	31.4	34	34.9	34.6	32	32	32.4	32.1	32	31.6	30.5		32.3	12
1986	29.3											31.5		30.4	2
1987	31.3	34.2	35.1	35.1	35.4	32.9	31.3	32.7	31.3	28.5	31.2	32.2		32.6	12
1988	31	32.9	35.6	36.8	35.6	31.1	31	30.6	29.8	28.7	30.8	31		32.1	12
1989	32.6	32.3	31.9	36.4	35.1	32.4	31.4	31.6	28.6	29.5	31.5	29.9		31.9	12
1990	32.7	34.9	34.1	37.2	37.1	33.7	31.7	31.7	31.3	30.9	31.7	29.3		33	12
1991	32	32.6	36.2	38.2	34.1	31.8	33.2	32.3	30.7	30.1	28.9	30.7		32.6	12
1992	32.4	36.2	38.7	38.9	36.9	34.8	37.6	37.9	37.6	36.3	33.4	31.8		36	12
1993	33.3	36.1	38	37.3	36.4	36	36.3	35.5	35.8	33.6	30.5	28.2		34.8	12
1994	30.1	33.1	37	37.5	36.5	34.1	33.7	31.1	30.4	29.7	30	29.6		32.7	12
1995	32	34.5	36.9	37.1	35.5	35.6	32.6	29	28.5	28.2	28.2	26.1		32	12
1996	26.3	28.1	29.6	33.9	31.7	31.2	32.8	32.1	31	30	28.1	28.8		30.3	12
1997	30.8	32.4	33.7	33.8	33.9	32.1	30.6	32.5	29.1	28	28.6	28		31.1	12
1998	28.4	31.1	35.2	35.6	35.7	34.6	30.8	30.5	27	27.4	29.1	28		31.1	12
1999	27.5	31.5	36.2	35.1	31.4	27.6	29.4	27.9	27	24.7	26	23.2		29	12
2000	25.7	31.7	37.1	37.2	31.7	25.6	28.9	28.4	25.9	28.3	29.6	28		29.8	12
2001	25.9	28.6	33.7	37.6	33.2	28.3	30.3	29.5	26.7	25.6	25.2	25.8		29.2	12
2002	27.2	26	33.7	37.3		28.5	29.2	32.5	26.1	28	27.5	26.1		29.3	11
2003										30.9	31.3	30		30.7	3
2004	31.2	32.7	35.6	37.9	35.4	33.6	34.6	35.6	33.6	34.2	34.8	33.2		34.4	12
2005	33.6	36.1	39	38.8	37.1	34.6	33.5	34.1	33.8	31.4	32.8	32		34.7	12
2006	33.6	33.9	36.5	37.9	35.1	33.1	34.6	34.8	34.6	33.3	32.2	34		34.5	12
2007	33.6	35.7	37.8	39.1	38	35.1	35.7	33.6	32.8	29.8	32.9	35.3		35	12
2008	33.5	36.2	35.8	38.2	37.2	32.4	33.3	34.4	32.7	30.9	32.3	33.9		34.2	12
2009	33.5	32	34	37.8	36.1	33.4	34.4	36.3	34.5	32.3	29	29.7		33.6	12
2010	30	32	33.1	36.2	34.7	32.9	31.2	31.5	30.1	31	29.9	31.3		32	12
2011	32.9	33.2	36.2	36.9	36.2	32.3	31.5	31.9	31	26.9	29.7	29.6		32.4	12
2012	29.5	31.4	32.6	33.3	32.8	31.2	31.4	30.5	30.8	29.7	29.2	30.5		31.1	12
2013	28.9	32.5	32.9	35.9	34.4	33.3	33	31.2	30.5	30.8	29.3	30		31.9	12
2014	28.2	33.6	36.5	36.2	34.2	33.6	35.2			34.2	30.7	29.7		33.2	10
2015	30.5	32.7	33.1	36.3	36.6	34.7	34.8	34.9	31.7	30.5	30.7	31.3		33.1	12
2016	28.8	32.1	34.2	36.4	35.6	31.1	34.1	31.5	31.1	30.4	29.9	31.8		32.2	12
2017	31.6	33.2	34.6	35.2	36.4	31.3	32.8	33.7	32.5	31.2	30.2	28.8		32.6	12
2018	30.1	35	36.1	21.4	36.2	34.6	36.8	35.6						33.2	8
2019								35.5	34.8	30.7	33.7	34.8		33.9	5
2020	32.6	35.3	36	35.5	35.9	32.6	34.9	35.3	33.9	35.1	33.5	32.1		34.4	12
2021	34.5	33.5	35.8	36.1	35.1	34.8	34.7	33.9	32.7	33.6	29.8	31		33.8	12
2022	30	30.8	33.6	36	34.7	32.3	35.2	33.5	30	30	30.7	30.7		32.3	12
2023	29.8	33	35.7	35.7	35.6	37.4								34.5	6
MÍNIMA	25.7	26	29.6	21.4	31.4	25.6	28.9	27.9	25.9	24.7	25.2	23.2		29	2
MÁXIMA	34.5	36.2	39	39.1	38.4	37.4	37.6	37.9	37.6	36.3	34.8	35.3		36	12
MEDIA	30.9	32.9	35.3	36.1	35.3	32.6	33	32.7	31.3	30.6	30.6	30.2		32.6	10.7
DESV.ST	2.2	2	1.8	2.6	1.5	2.2	1.9	2.1	2.5	2.3	1.9	2.4		1.6	2.5

TEMPERATURA MÁXIMA EXTREMA
AÑO	ENE	FEB	MAR	ABR	MAY	JUN	JUL	AGO	SEP	OCT	NOV	DIC	ACUM	PROM	MESES
1971						34.5	36	34	34	35	33	34.5		34.4	7
1972			39	37	38	37	39	34	35	35	35	36		36.5	10
1973	36	37	42	39	39	35	35							37.6	7
1974	36	35	39	38	39	36	35		34	36	36	35		36.3	11
1975	35	37	38	40	38		35	35	32	33	33	32		35.3	11
1976	33	35	38	38	37	34	35	36	34	35	34	33		35.2	12
1977	35	38	40	39	39	35	37	36.5	36.5	35.5	34.5	35		36.8	12
1978	35	38	38.5	39	40.5	35	36		33.5	34	34	34		36.1	11
1979	35	37	39		38	36	35.5	35.5	34	34	34.5	34		35.7	11
1980	36.5	35.5	39	39.5	40.5	36	37	35	34.5		35	35.5		36.7	11
1981	35	37.5	40	39	40	34.5	35	35	34.5		34.5	34.5		36.3	11
1982	37.5	37	40	40.5	37	35	35	35.5	34.5	33.5	34	34.5		36.2	12
1983	34	34.5	37	40.5	41.5	38	36.5	34.5	34					36.7	9
1984								32.5	32	34	33	33		32.9	5
1985	33	36	38	37	37.5	36	34	35	34	34	35	34.5		35.3	12
1986	33.5											35		34.2	2
1987	35	38	41	38.5	38	36.5	35	35.5	33	32	35	37		36.2	12
1988	34	37	38	39.5	38	36.5	34	33	33.5	32.5	33.5	35.5		35.4	12
1989	34.5	36.5	37.5	38	37.5	35.5	35	33	32.5	32.5	33.5	32.5		34.9	12
1990	35.5	36.5	36.5	39	39.5	36.5	34.5	34.5	32.5	32.5	39.5	32.5		35.8	12
1991	34.5	39.5	41.5	40.5	36.5	35.5	36.5	35.5	32.5	31.5	30.5	32.5		35.6	12
1992	36.5	39.5	40.5	40.5	39.5	37.5	40.5	40.5	40.5	38.5	38.5	34.5		38.9	12
1993	35.5	39.5	39.5	38.5	38.5	38.5	37.5	36.5	38.5	36.5	33.5	29.5		36.8	12
1994	32.5	35.5	39.5	39.5	39.5	36.5	36.5	36.5	33.5	31.5	32.5	31.5		35.4	12
1995	33.5	36.5	38.5	38.5	37.5	37.5	38.5	33.5	30.5	29.5	29.5	28.5		34.3	12
1996	28.5	31	32.5	35.5	35	33.5	36	33.5	33	33	30.5	31		32.8	12
1997	33.5	35	35.5	36.5	36.5	34.5	32.5	34.5	30.5	30.5	30.5	29.5		33.3	12
1998	29.5	34.5	36.5	37.5	37.5	37.5	34.5	32.5	28.5	29.5	30.5	30.5		33.2	12
1999	29.5	33.5	39.5	39.5	34.5	30.5	31.5	30.5	29.5	27.5	28.5	26.5		31.8	12
2000	27.5	36.5	38.5	39.5	38.5	27.5	30.5	31.5	29.5	30.5	30.5	30.5		32.6	12
2001	28.5	30.5	38.5	39.5	40.5	31.5	32.5	32.5	28.5	28.5	28.5	28.5		32.3	12
2002	28.5	27.5	38.5	39.5		30.5	33.5	36.5	28.5	29.5	29.5	29		31.9	11
2003										33.5	34.5	34.5		34.2	3
2004	37	37.5	39.5	42.5	40	36.5	38	40	37	39.5	40	40		39	12
2005	39	39	41	42	42	38	38	38	39	35	37	36		38.7	12
2006	38	38.5	39	40	40	38	38.5	38	38.5	37	36	37		38.2	12
2007	39	40	42	41	40	39	40	38	35	34	36	38		38.5	12
2008	37	39.5	39.5	41	42	36	36	36	36	36	36	36		37.6	12
2009	36	36	38	41	39	39	37	39	37	36	37	34		37.4	12
2010	35	34	38	39	39	40	34	33	34	36	34	34		35.8	12
2011	36	38	39	39	39	36	35	35	33	31	32	33		35.5	12
2012	33	35	36	36	36	36	34	34	34	32	32	32		34.2	12
2013	34	34	37	38	38	36	37	36	33	37	33	33		35.5	12
2014	31	36	39	39	38	38	38			36	34	32		36.1	10
2015	33	34	36	39	39	38	38	38	36	34	34	34		36.1	12
2016	32	35	39	39	38	35	36	35	35	33	32	34		35.2	12
2017	34	35	36	38	39	36	35	36	35	33	32	32		35.1	12
2018	34	37	39	22	38	39	39	38						35.8	8
2019								37	37	33	36	39		36.4	5
2020	35	38	38	38	38	36	36	37	36	36	36	36		36.7	12
2021	36	35	37	38	37	36	36	36	35	36	32	34		35.7	12
2022	33	34	36	38	37	35	36	36	33	33	33	34		34.8	12
2023	33	35	37	37	36	39								36.2	6
MÍNIMA	27.5	27.5	32.5	22	34.5	27.5	30.5	30.5	28.5	27.5	28.5	26.5		31.8	2
MÁXIMA	39	40	42	42.5	42	40	40.5	40.5	40.5	39.5	40	40		39	12
MEDIA	34.1	36.1	38.4	38.6	38.4	35.9	35.9	35.4	33.9	33.6	33.7	33.5		35.6	10.7
DESV.ST	2.7	2.4	1.8	2.9	1.6	2.4	2.1	2.1	2.7	2.6	2.6	2.7		1.7	2.5

TEMPERATURA MÍNIMA PROMEDIO
AÑO	ENE	FEB	MAR	ABR	MAY	JUN	JUL	AGO	SEP	OCT	NOV	DIC	ACUM	PROM	MESES
1971						18.7	19.3	18.8	19.7	18.9	15.2	13.9		17.8	7
1972			16.6	19.5	19.7	20.7	20.4	19.2	18.9	18.1	17.4	14.6		18.5	10
1973	12.5	13.2	16.8	19.3	20.4	19.9	19.3							17.3	7
1974	14.5	12.1	16.3	17.6	18.7	18.9	18.5		18.8	16.8	14.1	11.4		16.2	11
1975	13.2	13.7	17.3	19	21		19.1	19.7	19.5	18.9	15.6	12.9		17.3	11
1976	12.7	13.3	17.6	18.7	19.9	20.1	19.7	19.6	20.3	19	16.1	13.8		17.6	12
1977	11.1	13.8	15.1	17.1	19.6	19.3	19.4	19	19.8	17.8	14.8	14.5		16.8	12
1978	11.7	12.8	15.1	17.9	19.7	19.6	19.3		19.6	18.1	17.1	15.7		17	11
1979	11.7	14.2	16.7		19.3	19.9	19.2	19.8	19.3	18.7	16.6	13.7		17.2	11
1980	13.2	13.7	16.6	17.7	20.5	20.6	19.8	19.9	19.9		15.8	12		17.2	11
1981	11.1	14.2	16.7	19.2	19.6	20.6	19.6	19.6	19.7		14.2	14.7		17.2	11
1982	13.7	15.1	15.7	18.6	18.4	18.9	19	19.2	18.1	18.2	15	13.2		16.9	12
1983	14.8	14.8	14.1	17.3	20.7	20.8	20	19.3	18.7					17.8	9
1984								19.8	20.3	19.3	14.7	14.6		17.7	5
1985	11.8	14.2	18.6	19.9	20.3	20.4	19.6	20	19.9	18.9	17.6	15.6		18.1	12
1986	14.5											13.2		13.8	2
1987	9.6	17.3	19.2	18.1	19.9	21.4	21.2	20.7	20.8	17.7	16.8	15		18.1	12
1988	15	14.1	16.7	19.5	17.8	20.3	20.3	20.4	19.6	18.6	16.6	13.7		17.7	12
1989	14.5	15.2	15.6	20.1	18.4	15.7	18.3	19.3	19.5	18	17.1	13.3		17.1	12
1990	13.8	16.6	16.3	16.5	14.7	19	18.1	17.8	17.5	17.5	16.9	14.8		16.6	12
1991	19.5	18.5	20	21.8	18.6	18.9	19.8	19.5	19.6	19.2	18.3	21.8		19.6	12
1992	21.2	21.4	21.4	21.3	20.7	21.8	21.7	21.6	21.2	21.8	20.9	21.3		21.4	12
1993	20.5	22.2	22	21.7	21.4	20.8	21.4	21.5	21	20.5	22.2	21.7		21.4	12
1994	22	21.5	22.4	21.6	21.7	21.1	21.8	21.7	21.9	21.9	21.3	20.7		21.6	12
1995	21.5	22.1	22.4	21.9	21.7	21.9	21.7	21.7	21.4	21.7	22.1	22.3		21.9	12
1996	20.4	21.7	20.8	22	17.9	17.8	18.2	18.5	17.9	17	17.6	17.5		18.9	12
1997	18.1	18.2	19.6	19.5	19	21.8	21.4	21.8	20.8	21.8	21.6	21.1		20.4	12
1998	17.6	17.4	16.8	17	21.9	20.9	21.6	21.3	20.7	20.7	22.7	21.1		20	12
1999	20.6	21.5	20.8	20.8	21	20.5	21.5	21	20.7	20.2	20.4	19.8		20.7	12
2000	20	20.4	20.5	20	19.8	21.5	22	21.6	20.3	21	21.2	20		20.7	12
2001	20.3	20.4	21.6	20.8	21.6	21.2	20.6	20.5	20.1	20.2	21.1	20.5		20.7	12
2002	21.1	19.5	21	20.7		21.5	21.1	21.3	20.8	20.8	21	16.5		20.5	11
2003										20.2	17	12.8		16.7	3
2004	14.8	14.7	16.7	17	19.2	19.1	18.5	18.4	18.6	18.7	14.8	12.8		16.9	12
2005	14	14.9	16.4	17.6	19.2	19.1	19	19.6	19	17	14	12.6		16.9	12
2006	12	12.2	14.3	14.7	16.8	19.1	18.5	17.4	16.6	17.9	14.3	13.4		15.6	12
2007	13.1	13.1	16	17.2	17.7	18.6	18	17.2	17.2	16.5	13.4	12.1		15.8	12
2008	12.7	14.2	14.6	17	17.3	17.5	16.4	16.4	16.1	15.7	10.8	12.3		15.1	12
2009	11.2	11.7	13.2	15.8	17	16.2	16.8	17.1	16.2	14.8	13.2	11.7		14.6	12
2010	9.6	11.1	13.1	16.6	18.5	17.9	17	17.3	17.2	12.5	10.1	8.9		14.2	12
2011	11.2	11.5	17	18.5	17.7	16.8	16.9	16.1	16.5	15	13.7	11.6		15.2	12
2012	12.5	14	15.5	14.9	17.4	17	16.7	16.5	16.6	15.3	11.9	11.3		15	12
2013	11.6	13.1	12.5	16.1	17.8	16.9	16.7	16.4	15.8	16.1	14.9	11.9		15	12
2014	10.1	12.9	15.5	16.4	16.4	16.4	18.4			16	11.5	10		14.4	10
2015	11.1	11.4	12.6	18.6	17.2	17.4	16.8	18.3	17.6	17	16.7	14.4		15.8	12
2016	11.6	9.8	14.3	18.5	19.3	17.7	17.6	16.2	16.3	14.3	13.4	13.3		15.2	12
2017	10.9	14.7	16.1	17.2	18.2	17	16.6	17.8	16.7	16.5	12.3	9.2		15.3	12
2018	10.1	16.1	16.7	17.5	18.5	17.2	18.4	17.5						16.5	8
2019								16.8	16.3	15.4	14.8	15.2		15.7	5
2020	12.6	16.9	17.2	17	17.9	13.7	15.2	15.4	15.8	16.4	13.8	13		15.4	12
2021	14.5	12.5	15.9	17.5	17.7	14.9	16.3	16.3	16.2	16	11.7	12.4		15.2	12
2022	11.4	11.2	15	19.1	18.1	16.7	19.3	16.3	16.1	15.7	15.3	12.1		15.5	12
2023	11.5	13.4	17.4	18.2	18.4	20.6								16.6	6
MÍNIMA	9.6	9.8	12.5	14.7	14.7	13.7	15.2	15.4	15.8	12.5	10.1	8.9		13.8	2
MÁXIMA	22	22.2	22.4	22	21.9	21.9	22	21.8	21.9	21.9	22.7	22.3		21.9	12
MEDIA	14.3	15.4	17.1	18.5	19	19	19.1	18.9	18.7	18	16.2	14.8		17.3	10.7
DESV.ST	3.7	3.4	2.6	1.9	1.6	2	1.8	1.9	1.8	2.2	3.3	3.6		2.1	2.5

TEMPERATURA MÍNIMA EXTREMA
AÑO	ENE	FEB	MAR	ABR	MAY	JUN	JUL	AGO	SEP	OCT	NOV	DIC	ACUM	PROM	MESES
1971						14	16	15	17	15.5	10	11		14.1	7
1972			11	17	17	16	18	16	16	15	15	7		14.8	10
1973	7	9	11	16	18	18	17							13.7	7
1974	11	7	12	14	15	16	16		15	12	9	9		12.4	11
1975	8	10	11	12	19		16	17	11	16	11	10		12.8	11
1976	6	7	13	14	17	18	15	17	17	15	12	10		13.4	12
1977	6	10	10	13	15	16	16	17	18.5	12	9.5	8		12.6	12
1978	8	9	11	12.5	14	17	17		16	10	13	10		12.5	11
1979	8.5	10	9		16	18	17	18	17	16	11	8.5		13.5	11
1980	8.5	10	8	14	17.5	18	17	17.5	19		12	5		13.3	11
1981	7	10	12	16.5	16	19	18	18	18.5		11.5	10.5		14.3	11
1982	8	12.5	10	13	15	15.5	16	18	16	11.5	12	6.5		12.8	12
1983	13.5	9.5	7.5	13.5	16.5	19.5	18.5	17.5	16					14.7	9
1984								12.5	18	15	10	10		13.1	5
1985	7	9	15.5	17	17	18	17.5	18	17	16.5	15	12		15	12
1986	12											10		11	2
1987	6	14	14	11.5	16	20	19	18	18	14	11	10		14.3	12
1988	10	8	12.5	16	16	18	18	17	18	14.5	11	10		14.1	12
1989	12	12.5	12.5	17	14	13.5	15	16	17.5	14.5	14.5	5.5		13.7	12
1990	9.5	14.5	14	14.5	12.5	16.5	16.5	15.5	15.5	15.5	15.5	10.5		14.2	12
1991	16.5	14.5	16.5	18.5	16.5	16.5	18.5	17.5	17.5	17.5	15.5	18.5		17	12
1992	18.5	18.5	18.5	18.5	18.5	18.5	18.5	18.5	18.5	18.5	18.5	18.5		18.5	12
1993	18.5	18.5	18.5	18.5	18.5	18.5	18.5	18.5	18	18.5	18.5	18.5		18.5	12
1994	19.5	18.5	18.5	18.5	19.5	18.5	18.5	18.5	18.5	19.5	18.5	18.5		18.8	12
1995	18.5	18.5	19.5	18.5	18.5	18.5	18.5	18.5	18.5	18.5	18.5	19.5		18.7	12
1996	18.5	18.5	18.5	19.5	17	16	16.5	17	16.5	15	16	14		16.9	12
1997	17	17	18	18	18	18.5	18.5	18.5	18.5	18.5	18.5	18.5		18.1	12
1998	16	14.5	14.5	15.5	18.5	18.5	18.5	18.5	18.5	18.5	19.5	18.5		17.5	12
1999	18.5	19.5	18.5	18.5	18.5	18.5	18.5	18.5	18.5	18.5	18.5	18.5		18.6	12
2000	17.5	18.5	18.5	18.5	18.5	19.5	18.5	18.5	18.5	18.5	18.5	18.5		18.5	12
2001	18.5	18.5	18.5	18.5	18.5	18.5	18.5	18.5	18.5	18.5	18.5	18.5		18.5	12
2002	18.5	18.5	18.5	18.5		18.5	18.5	18.5	18.5	18.5	18.5	14		18.1	11
2003										18	11.5	8		12.5	3
2004	10	12	12	14	16	15	16.5	17	17	13.5	9	9		13.4	12
2005	8	10.5	13	13	16	16	17	18	17	12	10	9		13.3	12
2006	8.5	9	11.5	12	12.5	16.5	16	16	12	14.5	8	8		12	12
2007	10	9	9	11	15	16	15	11	12	10	8	9		11.2	12
2008	6	11	11	12	15	16	14	15	14	10	9	8		11.8	12
2009	6	7	7	10	14	14	15	15	15	10	10	9		11	12
2010	5	9	9	12	15	14	15	16	14	9	6	5		10.8	12
2011	9	9	11	16	15	14	14	10	14	10	8	8		11.5	12
2012	8	11	11	11	16	15	15	15	15	14	9	8		12.3	12
2013	1	10	5	14	16	16	15	15	10	15	10	10		11.4	12
2014	9	10	14	12	14	14	16			14	9	8		12	10
2015	9	10	10	16	14	16	15	16	16	15	14	10		13.4	12
2016	6	6	10	16	17	16	16	15	15	8	8	12		12.1	12
2017	8	13	14	14	16	12	16	16	15	16	10	7		13.1	12
2018	8	14	14	16	17	16	17	12						14.2	8
2019								16	10	14	13	12		13	5
2020	10	13	14	16	16	12	13	13	13	14	12	10		13	12
2021	10	9	14	10	14	0	13	14	13	14	9	9		10.8	12
2022	10	9	10	16	14	16	17	15	15	14	14	10		13.3	12
2023	8	12	13	16	16	19								14	6
MÍNIMA	1	6	5	10	12.5	0	13	10	10	8	6	5		10.8	2
MÁXIMA	19.5	19.5	19.5	19.5	19.5	20	19	18.5	19	19.5	19.5	19.5		18.8	12
MEDIA	10.7	12.1	13	15.1	16.2	16.3	16.6	16.4	16.1	14.7	12.7	11.2		14.1	10.7
DESV.ST	4.7	3.9	3.6	2.7	1.7	3.1	1.6	2.1	2.4	3	3.8	4.2		2.4	2.5

TEMPERATURA MEDIA MENSUAL
AÑO	ENE	FEB	MAR	ABR	MAY	JUN	JUL	AGO	SEP	OCT	NOV	DIC	ACUM	PROM	MESES
1971						24.7	25.6	25.1	25.4	24.3	22.1	20.2		23.9	7
1972			25.7	27.5	27.1	26.1	26.4	25.5	25.9	25	25.4	23.5		25.8	10
1973	22.2	23.4	27.1	27.8	27.8	26.2	25.9							25.8	7
1974	23.9	22.2	25.7	26.7	27	25.4	25.6		24.9	23.1	23	20.4		24.4	11
1975	22.1	24	26.3	27.8	28.2		25.9	26.1	24.4	24.1	22.7	21.2		24.8	11
1976	20.9	22.4	26.8	27.1	27.1	25.6	25.7	26	26.5	24.8	24	21.1		24.8	12
1977	21.4	23.2	25.9	26.2	27.6	25.8	27	26.3	26.6	25.2	23.5	23.3		25.2	12
1978	21.9	23.1	25.1	27.3	28.4	26.4	26.4		25.2	24.9	24.5	23.6		25.2	11
1979	21.3	23.6	26		27.4	26.3	26.1	26	24.9	25.4	24.1	21.4		24.8	11
1980	22.9	23.1	26.4	25.9	28.8	26.9	27	26.4	25.8		23	20.8		25.2	11
1981	21.4	24	26	28	27.9	26.4	26	26.2	25.9		22.8	23.4		25.3	11
1982	23.8	24.8	26.1	27.7	26	25.4	26	26.6	24.9	24.9	23.6	22.6		25.2	12
1983	23.6	23.8	24.4	27.4	29.5	27.9	26.9	26	25.6					26.1	9
1984								25.4	25	25.6	22.4	22.6		24.2	5
1985	20.7	22.8	26.3	27.4	27.5	26.2	25.8	26.2	26	25.4	24.6	23		25.2	12
1986	21.9											22.4		22.1	2
1987	20.4	25.8	27.1	26.6	27.6	27.1	26.2	26.7	26	23.1	24	23.6		25.4	12
1988	23	23.5	26.1	28.1	26.7	25.7	25.6	25.5	24.7	23.6	23.7	22.4		24.9	12
1989	23.6	23.8	23.8	28.2	26.8	24	24.9	25.5	24	23.8	24.3	21.6		24.5	12
1990	23.2	25.8	25.2	26.9	25.9	26.4	24.9	24.8	24.4	24.2	24.3	22		24.8	12
1991	25.8	25.6	28.1	30	26.4	25.4	26.5	25.9	25.1	24.6	23.6	26.2		26.1	12
1992	26.8	28.8	30	30.1	28.8	28.3	29.6	29.8	29.4	29	27.1	26.6		28.7	12
1993	26.9	29.1	30	29.5	28.9	28.4	28.8	28.5	28.4	27	26.4	25		28.1	12
1994	26	27.3	29.7	29.6	29.1	27.6	27.8	26.4	26.1	25.8	25.6	25.1		27.2	12
1995	26.8	28.3	29.6	29.5	28.6	28.8	27.1	25.4	25	25	25.1	24.2		27	12
1996	23.4	24.9	25.2	28	24.8	24.5	25.5	25.3	24.4	23.5	22.9	23.1		24.6	12
1997	24.5	25.3	26.7	26.6	26.4	27	26	27.1	25	24.9	25.1	24.6		25.8	12
1998	23	24.2	26	26.3	28.8	27.8	26.2	25.9	23.9	24	25.9	24.6		25.6	12
1999	24	26.5	28.5	28	26.2	24	25.4	24.4	23.9	22.4	23.2	21.5		24.8	12
2000	22.9	26	28.8	28.6	25.8	23.6	25.4	25	23.1	24.6	25.4	24		25.3	12
2001	23.1	24.5	27.7	29.2	27.4	24.8	25.5	25	23.4	22.9	23.1	23.1		25	12
2002	24.1	22.8	27.4	29		25	25.1	26.9	23.5	24.4	24.2	21.3		24.9	11
2003										25.5	24.1	21.4		23.7	3
2004	23	23.7	26.1	27.4	27.3	26.4	26.6	27	26.1	26.5	24.8	23		25.7	12
2005	23.8	25.5	27.7	28.2	28.1	26.9	26.2	26.9	26.4	24.2	23.4	22.3		25.8	12
2006	22.8	23	25.4	26.3	26	26.1	26.6	26.1	25.6	25.6	23.2	23.7		25	12
2007	23.4	24.4	26.9	28.1	27.9	26.9	26.9	25.4	25	23.1	23.1	23.7		25.4	12
2008	23.1	25.2	25.2	27.6	27.2	25	24.8	25.4	24.4	23.3	21.5	23.1		24.6	12
2009	22.4	21.9	23.6	26.8	26.6	24.8	25.6	26.7	25.4	23.5	21.1	20.7		24.1	12
2010	19.8	21.6	23.1	26.4	26.6	25.4	24.1	24.4	23.6	21.8	20	20.1		23.1	12
2011	22	22.4	26.6	27.7	27	24.5	24.2	24	23.8	21	21.7	20.6		23.8	12
2012	21	22.7	24	24.1	25.1	24.1	24	23.5	23.7	22.5	20.6	20.9		23	12
2013	20.2	22.8	22.7	26	26.1	25.1	24.9	23.8	23.1	23.5	22.1	21		23.4	12
2014	19.1	23.2	26	26.3	25.3	25	26.8			25.1	21.1	19.9		23.8	10
2015	20.8	22	22.9	27.4	26.9	26	25.8	26.6	24.6	23.8	23.7	22.9		24.4	12
2016	20.2	21	24.2	27.4	27.5	24.4	25.9	23.9	23.7	22.4	21.6	22.6		23.7	12
2017	21.2	24	25.4	26.2	27.3	24.1	24.7	25.8	24.6	23.9	21.2	19		24	12
2018	20.1	25.6	26.4	19.4	27.4	25.9	27.6	26.6						24.9	8
2019								26.1	25.5	23	24.2	25		24.8	5
2020	22.6	26.1	26.6	26.2	26.9	23.1	25	25.3	24.9	25.8	23.6	22.6		24.9	12
2021	24.5	23	25.8	26.8	26.4	24.8	25.5	25.1	24.5	24.8	20.8	21.7		24.5	12
2022	20.7	21	24.3	27.6	26.4	24.5	27.2	24.9	23	22.9	23	21.4		23.9	12
2023	20.6	23.2	26.6	27	27	29								25.6	6
MÍNIMA	19.1	21	22.7	19.4	24.8	23.1	24	23.5	23	21	20	19		22.1	2
MÁXIMA	26.9	29.1	30	30.1	29.5	29	29.6	29.8	29.4	29	27.1	26.6		28.7	12
MEDIA	22.6	24.1	26.2	27.3	27.2	25.8	26	25.8	25	24.3	23.4	22.5		25	10.7
DESV.ST	1.9	1.9	1.8	1.7	1.1	1.4	1.1	1.2	1.3	1.4	1.6	1.7		1.2	2.5
