COMISIÓN NACIONAL DEL AGUA
COORDINACIÓN GENERAL DEL SERVICIO METEOROLÓGICO NACIONAL
BASE DE DATOS CLIMATOLÓGICA NACIONAL 

ESTADÍSTICA MENSUAL
EMISIÓN   : 25/10/2024 

DATOS DISPONIBLES EN LA BASE DE DATOS A: OCTOBER DE 2024; 
CON LA INFORMACIÓN SUMINISTRADA POR LAS UNIDADES ADMINISTRATIVAS 

 ESTACIÓN  : 7170 
 NOMBRE    : TZIMBAC 
 ESTADO    : CHIAPAS 
 MUNICIPIO : FRANCISCO LEÓN 
 SITUACIÓN : SUSPENDIDA 
 CVE-OMM   :   
 LATITUD   : 17.24027778 ° 
 LONGITUD  : -93.23888889 ° 
 ALTITUD   : 740 msnm 


LLUVIA MÁXIMA 24 H.
AÑO	ENE	FEB	MAR	ABR	MAY	JUN	JUL	AGO	SEP	OCT	NOV	DIC	ACUM	PROM	MESES
1962			5.5	75.4	30.5	77	40.5	59	75	106	19	24.5	512.4	51.2	10
1963	40	36.3	82.5	166.4	24.6	85	57	72	80		70.5	60	774.3	70.4	11
1964	48.5	11	25	149.5	23	78	64.2	200	58.5	66	120	167	1010.7	84.2	12
1965	107.7	73	73.5	89.5	4.4	54	69	48.5	30.9	51.7	56.6	59	717.8	59.8	12
1966	29.6	18	18	12	32.3	44.4	47.6	60.3	104.5	84.2	49.5	48	548.4	45.7	12
1967	47.6	33	13.3	28.5	110.5	80	55.5	73	237.5	54.7	30	195	958.6	79.9	12
1968	52	29.2	14.5	57	34	48.5	43.5	64.7	93.5	125	49.5	44.5	655.9	54.7	12
1969	55	34	36	11		68		73.6	80.5	53.1	92.3		503.5	55.9	9
1970	48	33	13	15.5	70.8	58.5	121	115.1	83.5	61.5	59.2	26.4	705.5	58.8	12
1971	25	19.5	41.5	30.8	11	83.98	16.5	69.3	71.1	51.4	163.5	91.9	675.48	56.3	12
1972	103.8	37	79	13	24.5	58.2	107.2	78	49.3	163.9	66.7	106.3	886.9	73.9	12
1973	28.8	28.5	5.2	20	79.2	40	128.2	126	75.2	72	145.5	33.8	782.4	65.2	12
1974	61.5	103.8	14.6	157.5	77	81.7	60.5	48.5	120	129.8	90.7	26.8	972.4	81	12
1975	38	25.7	21	14	80	98	50.2	37.3	120	158.7	94.6	22.4	759.9	63.3	12
1976	83	47.8	37.5	67.5	48.3	53	51.6	75.2	82	82	83	35.5	746.4	62.2	12
1977	24.4	31.6	21.7	9.3	4.5	57.4	47.8	83.7	49.6	81.8	150.1	138	699.9	58.3	12
1978	42.2	25	52	6.4	71.5	81.5	77	46.5	112	67.5	113	56	750.6	62.5	12
1979	42.1	35.5	64.5		119	74	91	80	156	97.5	39.4	80	879	79.9	11
1980	24.5	45.2	58	33	25.3	62.8	70.5	52.5	74		39.2	41.7	526.7	47.9	11
1981	34.6	107.5	25.5	60	54	68	66.2	48.5	100	112.5	43.7	65.5	786	65.5	12
1982	31.8	122.4	9.2	113.5	38.8	40	43.5	31.2	236.5	50.5	110	77.4	904.8	75.4	12
1983	25.5	39.5	25.5	18.2	22	70	71.5	93		170.4		72.5	608.1	60.8	10
MÍNIMA	24.4	11	5.2	6.4	4.4	40	16.5	31.2	30.9	50.5	19	22.4	503.5	45.7	9
MÁXIMA	107.7	122.4	82.5	166.4	119	98	128.2	200	237.5	170.4	163.5	195	1010.7	84.2	12
MEDIA	47.3	44.6	33.5	54.7	46.9	66.5	65.7	74.4	99.5	92	80.3	70.1	743.9	64.2	11.5
DESV.ST	24.2	30.7	24.4	52.3	33	16	27.3	36.3	53.6	39.5	41.4	47.2	149.7	11	0.9

LLUVIA TOTAL MENSUAL
AÑO	ENE	FEB	MAR	ABR	MAY	JUN	JUL	AGO	SEP	OCT	NOV	DIC	ACUM	PROM	MESES
1962			18	199.3	54.5	321.11	144.5	360.01	557.23	411.83	75.32	91.62	2233.42	223.3	10
1963	210.92	110.31	175.1	241.7	98.22	221.92	303.44	323.8	325.82		257.13	134.32	2402.68	218.4	11
1964	187.11	70.11	94.42	221.9	85.61	350.31	368.03	337.72	315.02	283.81	319.91	341.75	2975.7	248	12
1965	287.22	200.32	176.01	172.9	9.4	217.53	203.77	213.02	224.21	427.51	219.42	248.01	2599.32	216.6	12
1966	174.77	105.11	94.71	27.31	129	292.6	212.1	236.5	421.2	510.21	198.8	186.6	2588.91	215.7	12
1967	230.61	147.41	34.3	44.2	209.8	349.2	170.3	311.5	649.1	397.3	82.71	363.5	2989.93	249.2	12
1968	197.2	118.4	58	83.4	95.11	254.2	325.3	373.9	590.11	534.81	173.5	162.52	2966.45	247.2	12
1969	174	120.4	88.4	21		206.8		520.3	584.6	392	234.1		2341.6	260.2	9
1970	145.8	81.4	30.1	36.8	180	274.2	700.3	585.7	705.2	427.7	167.3	59.8	3394.3	282.9	12
1971	101.73	42.6	164.82	58.11	17.02	203.61	303.5	437.42	417.63	165.34	536.12	184.91	2632.81	219.4	12
1972	223.6	101.7	111.9	36.5	72.4	356	395.3	304.7	246.4	342.71	170.1	181.2	2542.51	211.9	12
1973	99.4	141.91	6.8	52.2	178.6	160.8	371.1	701.8	317	731.1	188.1	130.6	3079.41	256.6	12
1974	135.8	236.21	26.8	445.9	167.4	302.4	348.01	211.5	560.4	509.8	284.3	87.8	3316.32	276.4	12
1975	170.2	62.7	31.3	32.6	195.9	277.9	230.7	231	701.2	697.8	359.6	100.9	3091.8	257.6	12
1976	292.7	153.7	144.8	72.9	131.9	296.71	132.3	370.9	267.5	492.8	356	236.4	2948.61	245.7	12
1977	88.6	125.7	35.1	28.5	8.1	218.6	327.1	289.7	305.6	276.9	395.3	353.6	2452.8	204.4	12
1978	144.3	91.1	104.3	15.7	227.4	452.6	436.2	293.8	468.6	428.1	319	159	3140.1	261.7	12
1979	174.21	133.8	90.6		228.3	319.2	297.6	363	651.9	383.6	198.4	340.9	3181.51	289.2	11
1980	76.2	141.5	132.5	90.6	37.1	286.9	418.6	226.3	431.8		294.2	174.5	2310.2	210	11
1981	71.9	418.1	87.3	116.1	140.1	519	433.3	442.5	668.1	370.7	162.5	248.5	3678.1	306.5	12
1982	123.8	274.3	27.6	245.1	206.5	232.2	196.1	125.8	827.71	334	227.6	223.3	3044.01	253.7	12
1983	127.9	128.1	45.4	33.9	42	232	278.2	332.4		583.3		300.5	2103.7	210.4	10
MÍNIMA	71.9	42.6	6.8	15.7	8.1	160.8	132.3	125.8	224.21	165.34	75.32	59.8	2103.7	204.4	9
MÁXIMA	292.7	418.1	176.01	445.9	228.3	519	700.3	701.8	827.71	731.1	536.12	363.5	3678.1	306.5	12
MEDIA	163.7	143.1	80.8	108.4	119.7	288.4	314.1	345.1	487.4	435.1	248.5	205.2	2818.8	243.9	11.5
DESV.ST	62.6	83.5	53.5	109.2	74.7	83.6	128.7	132.3	177.7	136.4	108.4	93.2	419.6	29	0.9

EVAPORACIÓN MENSUAL
AÑO	ENE	FEB	MAR	ABR	MAY	JUN	JUL	AGO	SEP	OCT	NOV	DIC	ACUM	PROM	MESES
1966				94.6	98.8	86.3	88	98.6	82.7	65	38.4	21.7	674.1	74.9	9
1967	23.4	51.8	111.3	129.1	119.5	85.2	83.5	97.7	85	47.1	42	27.1	902.7	75.2	12
1968	28.4	56.7	92.1	107.6	118.2	35.3	9.1	79	101.1	78.5	39.6	31	776.6	64.7	12
1969	31.4	57	80.6	119.7		105		70.9	74.2	67	31.6		637.4	70.8	9
1970	25.6	41.8	111.1	124.6	105.6	89.9	98.2	115.1	84.5	75.9	38.1	42.4	952.8	79.4	12
1971	42.38	95.66	122.92	140.12	131.97	116.73	92.42	100.97	102.32	95.8	61.72	48.95	1151.96	96	12
1972	58.6	78.6	143.4	144.9	118.9	76	85.9	102.8	101.6	93.1	48	43.6	1095.4	91.3	12
1973	45	45	130.7	131.3	110.4	108.1	100.8	79.4	94.7	74.9	57.8	53.9	1032	86	12
1974	56.8	60.7	125	117.1	114.5	75.9	103.7	108.9	105.4	79.9	64.9	45.3	1058.1	88.2	12
1975	45.7	72.4	144	148	142.5	109.9	107.8	118.2	112.8	78.8	51.7	50.3	1182.1	98.5	12
1976	40	69.1	125.5	118.9	116.6	94.3	91.6	93.7	109	102.6	39.4	33.7	1034.4	86.2	12
1977	40.9	46.9	128.7	103.9	145.7	99.3	97.2	118.8	104.2	74	62.5	44	1066.1	88.8	12
1978	45.9	69	110	138.3	163.3	103.4	102.9	107.8	100.3	85.7	61.5	46.2	1134.3	94.5	12
1979	44.9	68.1	102.3		118.2	85.1	110.4	102.5	79.3	80.7	39.9	35.8	867.2	78.8	11
1980	51.7	62.3	124.6	96.1	143.7	90.3	114.8	100.8	87.8		43	41.2	956.3	86.9	11
1981	50.9	50.1	112.4	141.1	136.8	104.1	105.9	107.3	99.1	91.4	65.9	53.6	1118.6	93.2	12
1982	58.7	60.8	129.6	132.4	129.6	107.9	96.4	108.1	101.2	85.5	55	64.2	1129.4	94.1	12
1983	61.4	73.8	151.9	157.5	148.6	134	107.5	118.1		92.8		49.9	1095.5	109.6	10
MÍNIMA	23.4	41.8	80.6	94.6	98.8	35.3	9.1	70.9	74.2	47.1	31.6	21.7	637.4	64.7	9
MÁXIMA	61.4	95.66	151.9	157.5	163.3	134	114.8	118.8	112.8	102.6	65.9	64.2	1182.1	109.6	12
MEDIA	44.2	62.3	120.4	126.2	127.2	94.8	93.9	101.6	95.6	80.5	49.5	43.1	992.5	86.5	11.4
DESV.ST	11.7	13.7	18.5	18.3	17.4	20.9	23.6	13.8	11.2	13.3	11.3	10.7	162.9	11	1

TEMPERATURA MÁXIMA PROMEDIO
AÑO	ENE	FEB	MAR	ABR	MAY	JUN	JUL	AGO	SEP	OCT	NOV	DIC	ACUM	PROM	MESES
1966				32.6	32.9	31.9	31.8	32.4	31.2	29.4	26	23.9		30.2	9
1967	23.9	25.9	30.6	34.1	34.4	32.6	31	31.5	30.5	27.1	26.5	26.6		29.6	12
1968	24	25.6	27.5	32.9	34.1	32.9	30.5	30.3	31	29.2	27.5	25.1		29.2	12
1969	25.9	28	27.9	33.4		33.9		31.7	30.1	30.2	26.6			29.7	9
1970	25.1	25.7	32	34.7	32.1	32.1	30.8	31.9	30.8	29.9	26.8	27.4		29.9	12
1971	27.7	30.6	30.6	32.7	34.8	33.2	31.4	31.5	32.9	31.6	29.2	28.9		31.3	12
1972	28.4	29.5	33.4	35.3	34.5	32.4	31.1	30.7	31.4	31.3	29.6	27.6		31.3	12
1973	26.6	26.1	35.2	33.7	34.1	33.6	32	30.3	32.2	29.2	30	26.9		30.8	12
1974	28.7	27.5	32.8	32.5	35.2	31.1	31.1	31.4	31.2	27.8	27.9	27		30.4	12
1975	26.1	30.1	33.5	35.6	36.5	33.3	31.6	31.5	30.9	29.3	27.9	26.6		31.1	12
1976	24.5	26.7	33.1	32.2	33.8	32.1	31.8	31	32.1	30	25	23.3		29.6	12
1977	24.7	25.2	31.6	30.7	35.1	32.2	31.1	32.3	32.1	30.2	29.1	27.4		30.1	12
1978	26.3	27	29.4	33.5	36	31.5	31	31	31.1	29.1	29	28.4		30.3	12
1979	25.7	27.2	30.1		33.8	31.1	32.1	30.8	29.4	29.7	26.4	24.6		29.2	11
1980	27.9	27	31.8	30.7	36.3	31.4	31.5	31.6	30.3		25.5	24.4		29.9	11
1981	25.1	25.2	30.7	32.1	34.8	32.2	31	31.5	30.5	30.2	28.1	27.8		29.9	12
1982	28.4	29	32.4	34.1	33.7	33	31.7	31.8	30.6	29.8	28.6	27.8		30.9	12
1983	26.4	28.7	32.1	35.3	36.2	35.1	31.7	31.6		29.5		28.5		31.5	10
MÍNIMA	23.9	25.2	27.5	30.7	32.1	31.1	30.5	30.3	29.4	27.1	25	23.3		29.2	9
MÁXIMA	28.7	30.6	35.2	35.6	36.5	35.1	32.1	32.4	32.9	31.6	30	28.9		31.5	12
MEDIA	26.2	27.4	31.5	33.3	34.6	32.5	31.4	31.4	31.1	29.6	27.6	26.6		30.3	11.4
DESV.ST	1.6	1.7	2	1.5	1.2	1	0.5	0.6	0.9	1.1	1.5	1.7		0.7	1

TEMPERATURA MÁXIMA EXTREMA
AÑO	ENE	FEB	MAR	ABR	MAY	JUN	JUL	AGO	SEP	OCT	NOV	DIC	ACUM	PROM	MESES
1966				37.5	37	36	34	34.5	35	35	32.5	29.5		34.6	9
1967	29.5	34	37.5	39	39.5	38.5	33	34.5	35.5	31.5	30.5	33.5		34.7	12
1968	27.5	33.5	36.6	38.5	38.5	38	33.5	33	35.5	32.5	33.3	29.5		34.2	12
1969	30.5	33	36.5	39		38		35	33	34	32.5			34.6	9
1970	31	36	40	40.5	39	38	33	35	35.5	36.5	33	30		35.6	12
1971	35	36.5	38	41.5	39.5	38.5	37	36.5	37	36	33.5	33.5		36.9	12
1972	34	35.5	38.5	39	39	35.5	37.5	34	33.5	38	34.5	33		36	12
1973	39	35	39.5	41	40	37	35	33	36.5	36.5	34.5	33		36.7	12
1974	35	37	38.5	38.5	41	37	33	34	35	34.5	33	32		35.7	12
1975	34	35	38.5	40	41	37	35.5	35	35	36	34	32		36.1	12
1976	34	35	38	36	38	37	34	33	36	34	34	34		35.2	12
1977	32	36.5	40	39	38.5	36	33	35	36	34	35	34.5		35.8	12
1978	34	37	38	40	41	36.5	34	34	36	32	35	34		36	12
1979	34	36	37		39	37	36	35	33	36	34	33		35.5	11
1980	34	36.5	38	38	40	35	34	35	33		33	29		35	11
1981	32	35	37	40	40	38	35	35	35.5	35	33	35		35.9	12
1982	33	34	38	40	39	38	35	35	33	36	36	34		35.9	12
1983	35	37	40	41.5	41	40	39	34		34		36		37.8	10
MÍNIMA	27.5	33	36.5	36	37	35	33	33	33	31.5	30.5	29		34.2	9
MÁXIMA	39	37	40	41.5	41	40	39	36.5	37	38	36	36		37.8	12
MEDIA	33.1	35.4	38.2	39.4	39.5	37.3	34.8	34.5	34.9	34.8	33.6	32.7		35.7	11.4
DESV.ST	2.6	1.3	1.1	1.4	1.2	1.2	1.8	0.9	1.3	1.7	1.3	2.1		0.9	1

TEMPERATURA MÍNIMA PROMEDIO
AÑO	ENE	FEB	MAR	ABR	MAY	JUN	JUL	AGO	SEP	OCT	NOV	DIC	ACUM	PROM	MESES
1966				22.5	22.6	22.5	22.7	22.8	22.4	21.5	18.3	16.2		21.3	9
1967	16.8	17.2	19.3	20.7	22.1	22.6	22.4	22.3	21.9	20.7	18.5	18.6		20.3	12
1968	18.4	16.6	17.5	20.9	22.2	22.3	22.1	22.5	22.5	21.1	18.7	17.9		20.2	12
1969	17.5	19.1	18.9	20.9		22.6		22.4	21.8	21.2	18.9			20.4	9
1970	17.6	16.5	18.1	21.1	20	22.2	22.4	22	21.6	21.4	17.5	18.8		19.9	12
1971	17.5	16	18.1	17.7	22.4	21.6	21.3	21.5	21.9	21	19.5	19.9		19.9	12
1972	18.4	16.3	19.9	20.7	22	22.3	22.1	22	22.1	22	20.9	18.1		20.6	12
1973	17.1	16.8	20.1	20.2	21.8	22.2	22.3	21.8	21.9	21	20.5	15.1		20.1	12
1974	19.3	16.7	19.4	20.4	21.4	22	21.5	21.7	21.6	19.8	19.6	18.5		20.2	12
1975	18	17.4	19.7	21.1	23.7	22	21.3	21.9	21.3	20.6	19.5	17.7		20.4	12
1976	15.5	16.1	19.2	20.5	21.7	21.8	22	21.5	22	21	18.6	17		19.7	12
1977	16.9	17.4	19	20.1	22.4	22.1	21.4	22.1	22.3	21	19.1	19		20.2	12
1978	16.3	17.2	18.2	20	23.7	22.9	22	22.1	21.9	20.9	20.9	19.1		20.4	12
1979	16.2	17.1	19.1		21.7	21.6	22.4	22	21.6	21.3	19.3	18.5		20.1	11
1980	18	17.9	19.5	19.4	22.6	22.2	22.3	22.1	22.1		18.4	17.3		20.2	11
1981	16.6	17.7	19.5	22	22.3	22.6	21.7	22.1	21.7	21.7	19.3	18.9		20.5	12
1982	18.4	19.8	19.3	22.1	22.6	22.5	21.9	21.6	22	20.9	20.2	18.9		20.9	12
1983	17.2	17.4	17.9	20.3	22.6	23.2	22.4	22		21.4		19.1		20.4	10
MÍNIMA	15.5	16	17.5	17.7	20	21.6	21.3	21.5	21.3	19.8	17.5	15.1		19.7	9
MÁXIMA	19.3	19.8	20.1	22.5	23.7	23.2	22.7	22.8	22.5	22	20.9	19.9		21.3	12
MEDIA	17.4	17.2	19	20.6	22.2	22.3	22	22	21.9	21.1	19.3	18.2		20.3	11.4
DESV.ST	1	1	0.8	1.1	0.8	0.4	0.4	0.3	0.3	0.5	0.9	1.2		0.4	1

TEMPERATURA MÍNIMA EXTREMA
AÑO	ENE	FEB	MAR	ABR	MAY	JUN	JUL	AGO	SEP	OCT	NOV	DIC	ACUM	PROM	MESES
1966				21	20	21	21.5	21.5	20.5	18	13	11.5		18.7	9
1967	11	14	16.5	18	18	21	21	20.5	19	18	15.5	15		17.3	12
1968	13.5	12.5	11.5	19.5	20	21	21	21	21.5	15.5	13.5	14.5		17.1	12
1969	15.5	16.5	14.5	17		19		21	20	19.5	14			17.4	9
1970	13	11.5	14.5	18.5	14	21	20	21	20	18	15	16		16.9	12
1971	13.5	9.5	14	12.5	20	18.5	19.5	20	20	16.5	15	17		16.3	12
1972	14.5	11	16	14.5	18	20	20	21	21	19.5	18	12		17.1	12
1973	11.5	12.5	17	17	19	21	21	20.5	21	19.5	17	11		17.3	12
1974	15	13	15	16.5	18	19.5	18	20	19	16	16	14		16.7	12
1975	13.5	14	16	18	20	19.5	20	21	18	16	14	14		17	12
1976	11	11	16	16	20	20	20	18	20.5	18	15.5	14		16.7	12
1977	12	14	15.5	15	20	21	18	21	20	14	13	12		16.3	12
1978	11	11	15	17.5	20.5	21	21	21	21	18	17	14		17.3	12
1979	13	15	16		18	20	21	20	19	20	16	16		17.6	11
1980	14	16	13.5	14	19	21	21	21	21		15	13		17.1	11
1981	12	15	16	20	19	21	18	21	20	19	15	15		17.6	12
1982	14	16	15.5	20	20	21	21	20	20.5	16.5	16	13		17.8	12
1983	12.5	12	13.5	16	17.5	21	21	20		19		12		16.4	10
MÍNIMA	11	9.5	11.5	12.5	14	18.5	18	18	18	14	13	11		16.3	9
MÁXIMA	15.5	16.5	17	21	20.5	21	21.5	21.5	21.5	20	18	17		18.7	12
MEDIA	13	13.2	15.1	17.1	18.9	20.4	20.2	20.5	20.1	17.7	15.2	13.8		17.1	11.4
DESV.ST	1.4	2.1	1.4	2.3	1.6	0.8	1.2	0.8	0.9	1.7	1.4	1.7		0.6	1

TEMPERATURA MEDIA MENSUAL
AÑO	ENE	FEB	MAR	ABR	MAY	JUN	JUL	AGO	SEP	OCT	NOV	DIC	ACUM	PROM	MESES
1966				27.6	27.8	27.2	27.2	27.6	26.8	25.4	22.1	20		25.7	9
1967	20.4	21.5	25	27.4	28.2	27.6	26.7	26.9	26.2	23.9	22.5	22.6		24.9	12
1968	21.2	21.1	22.5	26.9	28.1	27.6	26.3	26.4	26.8	25.1	23.1	21.5		24.7	12
1969	21.7	23.6	23.4	27.1		28.2		27	26	25.7	22.8			25.1	9
1970	21.4	21.1	25	27.9	26	27.1	26.6	27	26.2	25.6	22.1	23.1		24.9	12
1971	22.6	23.3	24.4	25.2	28.6	27.4	26.4	26.5	27.4	26.3	24.4	24.4		25.6	12
1972	23.4	22.9	26.6	28	28.2	27.4	26.6	26.4	26.8	26.6	25.2	22.9		25.9	12
1973	21.9	21.5	27.7	27	28	27.9	27.1	26	27	25.1	25.2	21		25.4	12
1974	24	22.1	26.1	26.4	28.3	26.6	26.3	26.5	26.4	23.8	23.8	22.8		25.3	12
1975	22	23.8	26.6	28.4	30.1	27.6	26.5	26.7	26.1	25	23.7	22.1		25.7	12
1976	20	21.4	26.1	26.4	27.8	27	26.9	26.2	27	25.5	21.8	20.1		24.7	12
1977	20.8	21.3	25.3	25.4	28.8	27.2	26.2	27.2	27.2	25.6	24.1	23.2		25.2	12
1978	21.3	22.1	23.8	26.8	29.9	27.2	26.5	26.6	26.5	25	25	23.8		25.4	12
1979	21	22.1	24.6		27.8	26.4	27.2	26.4	25.5	25.5	22.9	21.6		24.6	11
1980	23	22.4	25.6	25	29.4	26.8	26.9	26.9	26.2		22	20.9		25	11
1981	20.9	21.4	25.1	27	28.5	27.4	26.4	26.8	26.1	26	23.7	23.4		25.2	12
1982	23.4	24.4	25.9	28.1	28.2	27.8	26.8	26.7	26.3	25.4	24.4	23.4		25.9	12
1983	21.8	23	25	27.8	29.4	29.1	27	26.8		25.4		23.8		25.9	10
MÍNIMA	20	21.1	22.5	25	26	26.4	26.2	26	25.5	23.8	21.8	20		24.6	9
MÁXIMA	24	24.4	27.7	28.4	30.1	29.1	27.2	27.6	27.4	26.6	25.2	24.4		25.9	12
MEDIA	21.8	22.3	25.2	27	28.4	27.4	26.7	26.7	26.5	25.3	23.5	22.4		25.3	11.4
DESV.ST	1.1	1	1.3	1	1	0.6	0.3	0.4	0.5	0.7	1.2	1.3		0.4	1
