COMISIÓN NACIONAL DEL AGUA
COORDINACIÓN GENERAL DEL SERVICIO METEOROLÓGICO NACIONAL
BASE DE DATOS CLIMATOLÓGICA NACIONAL 

ESTADÍSTICA MENSUAL
EMISIÓN   : 25/10/2024 

DATOS DISPONIBLES EN LA BASE DE DATOS A: OCTOBER DE 2024; 
CON LA INFORMACIÓN SUMINISTRADA POR LAS UNIDADES ADMINISTRATIVAS 

 ESTACIÓN  : 7061 
 NOMBRE    : FINCA HAMBURGO 
 ESTADO    : CHIAPAS 
 MUNICIPIO : TAPACHULA 
 SITUACIÓN : OPERANDO 
 CVE-OMM   :   
 LATITUD   : 15.17388889 ° 
 LONGITUD  : -92.32527778 ° 
 ALTITUD   : 1200 msnm 


LLUVIA MÁXIMA 24 H.
AÑO	ENE	FEB	MAR	ABR	MAY	JUN	JUL	AGO	SEP	OCT	NOV	DIC	ACUM	PROM	MESES
1954						148		50	94	70.3	172	23.6	557.9	93	6
1955	36	0.5	10.3	33.1	237.7	98	120.1	103	187.1	123.2	22.1	6.1	977.2	81.4	12
1956	0.5	25	62.5	32.8	52.4	79	116.6	40.1	82.1	56.1	39.1	8.4	594.6	49.5	12
1957	7.2	29.8	38.8	21.6	50.7	90.1	47.4	47.8	101.8	79.6	19	12.8	546.6	45.5	12
1958	0.1	19	13.2	47.4	45.6	76.8	98.4	75.4	84.2	100.8	55	28.2	644.1	53.7	12
1959	27.8	31.2	30.6	65.2	49.6	130.6	85.8	73.6	78	177	18.8	3	771.2	64.3	12
1960	48.8	60.4	8	48.5	83.8	57.7	71.8	61.8	53	96.6	120.6	1.4	712.4	59.4	12
1961	40.6	103.5	25.8	76.4	45.8	100.4	57.4	91	111.4	40	114.2	32.8	839.3	69.9	12
1962	0	2.8	54.4	89.2	55.5	92	49.5	150	77.5	30.3	17	0	618.2	51.5	12
1963	13	63.5	17	28	40.5	96	118.5	81.5	175	51.5	107	0	791.5	66	12
1964	0	0	0	24	42	97.5	102	75		68.8	62.4	94.2	565.9	51.4	11
1965	4	4	23.6	37.2	47.1		91.8	63.2	112	110	54.4	44	591.3	53.8	11
1966	5.5	7.2	26.6	74.2	147.6	101	32	82.2	70	67	30	10.6	653.9	54.5	12
1967	2.2	19.7	64	45	59	80.3	28	52	105	90	30.5	30.6	606.3	50.5	12
1968	10	26	2.4	20	109.4	84.6	41	53	79	70.6	34.8	57	587.8	49	12
1969	34.2	11.4	57.4	65	48.4	102.2	73.8	134.7	105	123.4	36.6	17.6	809.7	67.5	12
1970	18.2	20.5	1.8	35.6	46.9	59.4	61.6	91.6	77.8	108.6	41.8	12.2	576	48	12
1971	43.6	27	44.6	42	78	35.4	58	55.8	79.4	66.8	46.2	13	589.8	49.1	12
1972	49	21.8	70.2	26	61.4	90	70.2	63.4	79.4	69	50.2	19	669.6	55.8	12
1973	0.01	10	5.25	68.8	35.6	75	56	105.9	87.8	97	54.8	17.4	613.56	51.1	12
1974	64	112.3	41.8	21.6	78	72.6	41.5	31.9	238.4	34.4	20	13.8	770.3	64.2	12
1975	25	98.4	23.3	17.6	105.4	130.8	97	76.4	92.7	50.6	37.8	46.6	801.6	66.8	12
1976	3	2.6	14.6	44.2	45.4	91.4	47.3	93.2	47.8	52.2	84	28.1	553.8	46.1	12
1977	0.01	31.5	0.01	34.4	45.9	54.2	31.4	54.2	79.2	91.4	53.6	65	540.82	45.1	12
1978	44.2	0.01	66.6	31.8	77.8	92.9	45	47	190	45.6	26.2	6.2	673.31	56.1	12
1979	4.4	10.2	75.6	60	60	111	65.5	101.6	100.4	101.6	16.6	9.8	716.7	59.7	12
1980	40	11.9	13.4	82.4	62	123.4	45.3	77	64.8	51.6	27.4	0.01	599.21	49.9	12
1981	3.2											34.2	37.4	18.7	2
1982	18	72.1						49	84	111	57	0.01	391.11	55.9	7
1983	0.01	28.5	37.7	42.6	52.5	80	47	69.7		73		22.1	453.11	45.3	10
1987	2.9	2	17.5	54.3	44	117.6	76.4		56.6	46.7	49.2	42	509.2	46.3	11
1988	47.5		23.2	45.2	80		74.3	120					390.2	65	6
1994	7.1	5	14.4	60	65	84.3	58.3	30.9	74	76.4	64.2	57.5	597.1	49.8	12
1995	2.5	137.6	16.5	68.1	108	164.4	75.8	220	95.2			87.6	975.7	97.6	10
1996	18	0	58.2	63.2	67.1	110.3	138.7	121.3	81	101.1	46.8	11.8	817.5	68.1	12
1997	25.5	26.7	44.6	98.2	74.1	85.1	68.3	95.9	148.6	37.3	78.8	10.5	793.6	66.1	12
1998	0	1.3	7.3	14.5	37.2	47.7	95	96	270.3	137	102	0	808.3	67.4	12
1999	12.2	15.6	16.5	60.3	128	89.5	80	44	46	36	29	120	677.1	56.4	12
2000	3	1.8	51.9	34.2	158.5	76	51.2	127.7	109.6	67.9	70.7	5.5	758	63.2	12
2001	33.6	1	56	42.2	63.1	60.6	139.5	105.1	60	68	26.5	24.5	680.1	56.7	12
2002	0	1.5	2	46.5	50.5	68.4	60	56	73.5	54	29	30	471.4	39.3	12
2003	0	21.5	98	41	36	108.5	89.5	63.5	125	118.2	38	1	740.2	61.7	12
2004	56	21	77	25	67	97	53	65	107.5	166	5	26	765.5	63.8	12
2005	16	3	29	25	91.5	140	64	90	168.5	338	75	4.5	1044.5	87	12
2006	18	0	50.5	28	96.5	109.5	71.1	61	62.7	212.2	45	21.5	776	64.7	12
2007	26.8	1.6	10.7	60	73.6	139	86	212.5	84.7	175.5	16.5	17.5	904.4	75.4	12
2008	7.6	25.5	38	93	96.5	94	161.5	88.5	124.5	76.6	4.5	6.5	816.7	68.1	12
2009	13	6.1	36.3	34.5	88.5	108	53	48.7	97.5	55.5	26.5	40	607.6	50.6	12
2010	6.5	76.2	21.7	107.5	102	98.5	242	86.4	256.6	16	9.5	4	1026.9	85.6	12
2011	1.5	55.6	69.5	224	67.6	142.5	103.3	95.3	118	73.4	14.4	37	1002.1	83.5	12
2012	3.4	83.6	61.2	111	111	137	38	88.5	84	57.6	36.5	28.9	840.7	70.1	12
2013	8.3	9.4	4.5	139.4	155.6	99.5	182	60.4	106	158	54	22.5	999.6	83.3	12
2014	4	5.5	38.2	85.2	163	88.7	211.2	102	66.2	93	24.4	2.4	883.8	73.7	12
2015	16.5	54	25.1	85.1	64.9	38	42.6	43.4	63.1	82.9	67.5	7.9	591	49.2	12
2016	14	12.6	49.5	28.5	49.9	36.3	36.1		87.4	44.7	42.6	0.5	402.1	36.6	11
2019											9.1	13.7	22.8	11.4	2
2020	48	22	55.1	108.8	80	220.8	50.8	88.3	76	103.2	26.7	10.6	890.3	74.2	12
2021	43	12.2	94.4	70	111	92	52.9	113	170.7	61.3	34.8	7.8	863.1	71.9	12
2022	32.5	5.3	43.5	70.5	114.4	80.3	78						424.5	60.6	7
MÍNIMA	0	0	0	14.5	35.6	35.4	28	30.9	46	16	4.5	0	22.8	11.4	2
MÁXIMA	64	137.6	98	224	237.7	220.8	242	220	270.3	338	172	120	1044.5	97.6	12
MEDIA	17.7	26.5	35.3	57.1	78.3	96	78.8	82.9	104.7	88.2	45.8	22.8	676.9	59.7	11.2
DESV.ST	18	32.3	25.2	36.1	39.3	33.1	43.8	37.7	50.3	53.4	32.2	24.6	205.8	15.7	2.2

LLUVIA TOTAL MENSUAL
AÑO	ENE	FEB	MAR	ABR	MAY	JUN	JUL	AGO	SEP	OCT	NOV	DIC	ACUM	PROM	MESES
1954						938.8		529	816.3	487.7	288.6	34.91	3095.31	515.9	6
1955	50.7	0.52	24.57	61.62	412.47	460.22	896.9	746.81	832.81	988	102.87	22.53	4600.02	383.3	12
1956	0.76	76.51	74.83	119.57	536.6	620.1	433.9	283.7	641.4	335.1	135.2	28.8	3286.47	273.9	12
1957	24	82.6	108.03	115.26	373.41	602.61	290.72	455.31	876.7	363.55	53.76	23.72	3369.67	280.8	12
1958	0.24	23.2	28.77	154.93	337.22	713.31	609.3	703.02	843.2	581.5	274.9	50.2	4319.79	360	12
1959	66.9	42.83	61.26	198.86	255.08	994.21	490.03	658.6	379.44	1148.83	37.62	4.42	4338.08	361.5	12
1960	112.5	76.31	9.54	186.22	408.3	418	444.41	537.32	522.8	758.63	229.36	1.43	3704.82	308.7	12
1961	47.72	185.51	54.32	302.61	161.94	581.41	436.71	508.65	842.11	302.44	479.23	112.43	4015.08	334.6	12
1962	0	2.84	93.93	342.41	283.62	972.4	408.53	717.22	615.12	315.43	83	0	3834.5	319.5	12
1963	13	170	59.01	73.51	190.56	583.01	667.04	531.01	906.51	318.61	411.5	0	3923.76	327	12
1964	0	0	0	120.32	282.55	775	765.6	494.24		417.75	263.83	110.62	3229.91	293.6	11
1965	5.02	5.02	37.82	68.22	159.55		406.54	457.42	648.3	494.32	225.92	44	2552.13	232	11
1966	5.52	14.45	52.57	344.18	386.73	418.34	340.04	556.41	759.6	489.85	49.72	27.12	3444.53	287	12
1967	5.21	31.72	87.23	160.62	303.08	572.61	298.93	345.64	658.81	439.03	157.03	77.89	3137.8	261.5	12
1968	42.01	29.04	4.05	50.86	772.13	832.3	393.8	406.64	685.41	556.03	146.83	60.04	3979.14	331.6	12
1969	49.01	24.53	206.52	138.25	257.63	659.43	480.66	965.5	585.6	763.62	72.37	51.22	4254.34	354.5	12
1970	19.6	26.9	1.82	104	246.15	517.61	636.81	744.22	660.42	468.11	175.81	13.01	3614.46	301.2	12
1971	118.2	41.61	83.51	69.6	420.13	266.21	364.81	503.23	891.41	525.01	164.81	49.52	3498.05	291.5	12
1972	109.63	43.03	147.65	104.83	323.43	568.02	461.42	477.61	497.45	278.24	227.63	20.85	3259.79	271.6	12
1973	0.03	12.61	18.15	264.8	286.56	559.22	438.03	1078.4	625.8	571.1	202.2	65.81	4122.71	343.6	12
1974	151.23	145.63	136.63	56.93	501.21	656	301.6	267.51	829.8	202.04	71.12	17.52	3337.22	278.1	12
1975	70.81	144.52	71.54	55.92	439.6	738.12	515.72	468.7	703.21	332.62	148.72	100.32	3789.8	315.8	12
1976	3.04	4.03	66.33	192.64	321.3	612.1	369.71	472.61	307	371.72	236.94	35.21	2992.63	249.4	12
1977	0.02	38.52	0.04	168.72	304.4	455.63	266.71	414.81	486.9	351.23	193.73	87.8	2768.51	230.7	12
1978	79.1	0.04	142.71	139.61	221.45	520.41	474.3	538.31	896.21	304.48	81.61	12.25	3410.48	284.2	12
1979	6.3	16.03	165.64	272.23	317.93	615.83	515.52	783.74	711.03	409.05	32.23	28.3	3873.83	322.8	12
1980	96.71	19.1	24.23	229.36	321.76	477	295.75	668.46	716.21	361.86	106.43	0.02	3316.89	276.4	12
1981	7.2											71.62	78.82	39.4	2
1982	51.02	171.01						324.31	636.2	676.9	196.5	0.01	2055.95	293.7	7
1983	0.01	44.6	84.3	76.6	234.4	565	417.6	669.51		421.51		39.9	2553.43	255.3	10
1987	2.9	2	47.8	182.3	236.6	586.9	676.7		516.8	223.1	90.3	99.2	2664.6	242.2	11
1988	72.3		33	173	200.8		516.3	925.7					1921.1	320.2	6
1994	7.1	6.8	32.5	144.3	412	652.3	386	385.9	481.6	582	180.1	79.7	3350.3	279.2	12
1995	2.5	208.9	45.1	412.4	645.9	828.1	539.7	782.7	513.9			196.1	4175.3	417.5	10
1996	43.3	0	106.4	408.6	541.8	972.1	589.7	691	774.5	575.8	92.8	27.6	4823.6	402	12
1997	45.7	46	137.4	370.2	514.5	408.7	454.9	530.5	739.3	243.7	381.1	23.9	3895.9	324.7	12
1998	0	1.3	17.9	17.7	70.5	478.5	515.1	719.4	1191.8	475.2	338.9	0	3826.3	318.9	12
1999	17.2	17.7	37.4	238.5	446.3	803.6	272	257.6	427.2	206.8	96.7	186.4	3007.4	250.6	12
2000	3	6.5	101	87.4	887	546.6	474.8	762.1	770.1	355.4	321.5	7.7	4323.1	360.3	12
2001	42.4	2	137.7	96	415.1	484.9	605.2	555.1	577.9	461.6	71	24.5	3473.4	289.4	12
2002	0	1.5	6	153	246.5	486.1	347.2	480.5	762	414.5	145	43	3085.3	257.1	12
2003	0	33.5	111.5	106	207.5	720	628.5	554	812	810.2	193	1	4177.2	348.1	12
2004	56	35.7	205.5	41.5	377.6	565.5	652	564	764	1106.5	24.5	29.5	4422.3	368.5	12
2005	16	3	115.5	64.5	497	1120	581.5	621.5	876.5	1109	106.5	15	5126	427.2	12
2006	46	0	88.5	76	731.4	665.2	598	450.6	625.5	772.6	141.5	53.4	4248.7	354.1	12
2007	45.5	3.3	39.8	238.9	330.2	716.7	727.8	1218.5	551.5	724.5	19	38.1	4653.8	387.8	12
2008	8.1	107.6	86.9	181.9	328.8	732.9	784.7	679	1067.7	512.4	5	10.2	4505.2	375.4	12
2009	18	7.6	72.6	97.9	656.6	641.2	413.5	349.1	491.6	299.1	111	95.2	3253.4	271.1	12
2010	6.5	190.7	79.2	629.4	588.5	863.2	917.1	1064.9	1256.4	57.4	38.7	7.7	5699.7	475	12
2011	3.3	135.6	159.9	512.1	377.2	752.7	868.6	858.4	842.9	436.7	44.4	47.7	5039.5	420	12
2012	7.9	109.1	167.6	269.2	548.2	793.8	326.3	856.1	664.4	556.41	200.1	61.7	4560.81	380.1	12
2013	21.9	9.4	10.9	254.3	480.8	819.5	740.4	559.6	771.5	754.9	271.2	62.1	4756.5	396.4	12
2014	4.4	14.5	125.4	360.8	774.8	803.9	463.9	621.2	591.2	537.76	63.5	2.4	4363.76	363.6	12
2015	21.1	101.1	130.5	343	330.3	244.2	229.7	414.45	606.5	431.1	357.4	12.1	3221.45	268.5	12
2016	19.2	13.6	50.8	29.3	82.1	146.8	115.4		251.2	94.4	112.6	0.5	915.9	83.3	11
2019											36.3	57.9	94.2	47.1	2
2020	73.5	27.8	147.2	232.8	538.4	971.7	343.9	783.6	575.1	576.6	81.2	43.4	4395.2	366.3	12
2021	139	20	192.1	326	888.1	809	380.3	868.7	858.3	358.7	154.9	14.8	5009.9	417.5	12
2022	61.1	6	83.5	173.1	530.4	798.1	470.3						2122.5	303.2	7
MÍNIMA	0	0	0	17.7	70.5	146.8	115.4	257.6	251.2	57.4	5	0	78.82	39.4	2
MÁXIMA	151.23	208.9	206.52	629.4	888.1	1120	917.1	1218.5	1256.4	1148.83	479.23	196.1	5699.7	515.9	12
MEDIA	33.7	47	80.3	189	399	650.1	491.6	608.6	696.9	494.6	157.9	42.7	3574.1	313.5	11.2
DESV.ST	38.8	58.4	56	129	187.1	197.2	173	211.7	194.7	238.6	109.1	42.2	1090	85	2.2

EVAPORACIÓN MENSUAL
AÑO	ENE	FEB	MAR	ABR	MAY	JUN	JUL	AGO	SEP	OCT	NOV	DIC	ACUM	PROM	MESES
1968				119.75	99.75		118.75	112	83	83.75	179.75	207	1003.75	125.5	8
1969						62.8	102.15		68.7	95.65	166.05	215.65	711	118.5	6
1970			200.25			116.75		92.31	70.35	94.5	149.5	248	971.66	138.8	7
1971	218.75	273.25	171.2	220.5	88.25	95.45	100.25	85.75	64.25	101.5	127.75	191	1737.9	144.8	12
1972	209.5	223.75	184.5	206.75	101	90.5	127.75	112	122.75	146.5	128.25	241.25	1894.5	157.9	12
1973	221.75	198	116.25	133.25	113.5	61.5	96.5	99	85.5	83.25	167.25	220.5	1596.25	133	12
1974	171	171	125.5	141.75	76.75	59	123.25	122.5	74	125	184.5	198.5	1572.75	131.1	12
1975	195	181.75	138.5	161	72.25	82.14		101.25	68.75	91.5	131.25	160.75	1384.14	125.8	11
1976	212.75	194.25	126	81.5	90.75	37.5	119.75	103.75	92.75	112.25	145	197.25	1513.5	126.1	12
1977	198.5	180.25	200.5	148.75	100		159.75	126					1113.75	159.1	7
1979			147.25		100.25	76	97.23	102.75	60.25	94	193.75	175.75	1047.23	116.4	9
1980	178	120	144.75										442.75	147.6	3
1982		231						76.01	64.99	83.45	82.69	75.95	614.09	102.3	6
1983	91.69	69.89	122.98	93.42	91.73								469.71	93.9	5
1999							115.98	129.81	97.61	84.29		59.26	486.95	97.4	5
2011											58.4	11.53	69.93	35	2
2012	119.9	82	105.4	107.6	74.5	75.1	101.7	97.8	94.2	95.38	96.45	102.59	1152.62	96.1	12
2013	104.9	98.05	146.8	124.25	77.3	97.52	90.76	112.35	73.15	76.26	84.45	101.15	1186.94	98.9	12
2014	123.5	101.9	94.89	114.6	94.25	101.95	107.15	94.06	94.9	99.41	90.45	112.7	1229.76	102.5	12
2015	132.67	121.15	116.15	105.25	86.79	108.83	101.7	102.73	92.22	68.8	79.25	102.6	1218.14	101.5	12
2016	97.4												97.4	97.4	1
MÍNIMA	91.69	69.89	94.89	81.5	72.25	37.5	90.76	76.01	60.25	68.8	58.4	11.53	69.93	35	1
MÁXIMA	221.75	273.25	200.5	220.5	113.5	116.75	159.75	129.81	122.75	146.5	193.75	248	1894.5	159.1	12
MEDIA	162.5	160.4	142.7	135.3	90.5	81.9	111.6	104.4	81.7	96	129	154.2	1024.5	116.6	8.5
DESV.ST	48.7	62.1	33.1	41.2	12.1	22.7	17.9	14.4	16.7	19.1	42.8	70	518.1	28.1	3.8

TEMPERATURA MÁXIMA PROMEDIO
AÑO	ENE	FEB	MAR	ABR	MAY	JUN	JUL	AGO	SEP	OCT	NOV	DIC	ACUM	PROM	MESES
1954								23.7	22.5	21.7	23	22.5		22.7	5
1955	22.7	23.4	23.2	23.6	24.1	23	22.2	22.8	22.1	21.7	23.2	22.6		22.9	12
1956	21.7	22.8	23.4	24	23.1	23	23.3	23.7	23.2	22.6	22.4	23.4		23	12
1957	22.8	23.1	23.4	23.8	25.1	22.9	22.8	23.2	22.2	22.6	23.6	25.2		23.4	12
1958	24.4	23.3	24.5	24.4	23.9	22.9	23.4	23.2	22.9	23.3	23.8	23.5		23.6	12
1959	23.1	23.7	23.8	24.3	24.1	22.9	23.3	22.9	23	22.3	23.4	23.9		23.4	12
1960	24.1	23.8	24	24.2	24	22.9	23.1	23.5	22.7	22.6	23.5	23.9		23.5	12
1961	23.9	22.8	23.6	23.7	24.2	23	22.6	23.1	22.2	22.6	21.7	23.5		23.1	12
1962	23.6	22.5	23.1	23.3	22.9	22.2	23.3	22.2	22.7	22.3	22.6	23.5		22.9	12
1963	22.6	22.4	23	23.7	23.5	23.1	22.8	23.5	22.2	22.7	22.2	23.6		22.9	12
1964	23.6	23.2	24.3	23.8	23.7	22.3	22.6	23		22	23.1	22.8		23.1	11
1965	23.2	23.2	21.6	23.3	23.9		25.4	24.7	24.6	24.7	26.2	26.1		24.3	11
1966	25.9	25.6	25.4	25	24.9	24.5	24.6	24.5	23.9	24.4	24.8	25.1		24.9	12
1967	25.6	25.2	25.3	25	24.5	23.9	24.2	24.4	23.7	24.3	24.7	25.5		24.7	12
1968	25.2	25.3	25	24.8	24.1	23.4	24	24.2	23.6	23.8	24.4	24.4		24.4	12
1969	25	24.8	24.9	25.3	25.2	24.4	24.6	23.5	23.3	23	24.1	24.6		24.4	12
1970	24.5	24.2	24.4	24.3	23.9	24.9	24.1	23.6	22.9	23.4	23.6	25.4		24.1	12
1971	24.3	24	24.2	24.4	23.9	24	23.6	22.8	22.4	23	23.1	23.9		23.6	12
1972	23.8	23.8	23.7	24.2	24.1	23.5	24.8	23.8	24.2	24.1	24.3	24.6		24.1	12
1973	25.1	24.3	25	25	24.5	23.4	24.1	22.9	22.5	22.4	23.4	21.7		23.7	12
1974	22.5	22.3	22.3	23.4	22.7	22	23.3	23	21.6	22.9	23.3	23.2		22.7	12
1975	23.4	23	22.4	24	23	22.9	22.6	23.5	23.4	23.8	23.9	22.9		23.2	12
1976	24.7	24.6	23	23.6	23.8	22.3	24.8	23.5	23.6	23.6	24.2	25.2		23.9	12
1977	24.7	24.8	24.7	24.3	23.4	22.3	23.6	23	22.9	24.7	24.5	24.3		23.9	12
1978	23.5	24.1	25	24.5	24.6	23.3	23.2	23.6	23.2	24.3	25	25.2		24.1	12
1979	25	25.2	25	25.3	25.2	23.9	23.8	23.6	22.5	23.3	24.7	24.5		24.3	12
1980	24.2	23.6	24.4	23.9	24.2	23.7	24.3	23.6	22.9	23.7	23.9	24.4		23.9	12
1981	24.1											26		25	2
1982	25.5	25.3						26.3	26.1	26.1	26.6	26.9		26.1	7
1983	27.3	26.1	27.1	27	27.1	26.1	26.2	26.5		25		26.1		26.4	10
1987	27.3	27.4	26.8	27.6	28	26.1	25.8		26.1	26.3	27.9	28.3		27.1	11
1988	27.4		27.1	26.9	26.7		25.9	24.7						26.4	6
1994	27.7	28.3	27.4	27	27.1	27.4	27.8	27.7	27.6	27.1	29.4	30.9		28	12
1995	32	31.7	31.5	30.9	29.6	28.8	28.1	28	28			28.1		29.7	10
1996	28.2	30.6	30.7	30.5	30.5	30.5	30.2	26.7	24.6	24.2	26.1	26		28.2	12
1997	26.3	27	25.9	25.6	26.1	24.6	26.7	27.2	25.4	25.4	25.9	26		26	12
1998	27.3	26.8	28	28.4	28.6	25.6	25.8	25.9	24.6	24.9	25.9	27		26.6	12
1999	27.5	27.2	27	26.5	25.3	24.6	28.1	29.6	27.2	25.6	24.7	24.7		26.5	12
2000	26.7	26.3	26.1	26.8	24.5	24.8	25.5	25.6	24.1	25.3	25.5	27.1		25.7	12
2001	26.9	28.3	26	26.8	26.3	25.8	24.9	26.5	24.9	25.7	26.6	27.1		26.3	12
2002	28.3	28.2	27.5	26.6	26.5	25.7	26.1	26.2	25	25.4	26.1	27.2		26.6	12
2003	27.8	27.4	27.5	27.1	26.1	24.9	26.3	25.8	25.1	25.1	26.2	26.9		26.4	12
2004	26.5	26.8	26.9	27.2	25.8	25.3	25.3	25.8	24.8	25.5	26.1	26.9		26.1	12
2005	27.2	26.7	26.5	27.1	25.6	24.9	25.6	25.5	25.4	24.6	26	26.5		26	12
2006	26.8	26.8	26.6	26	25.4	25.3	21.5	21.7	21.1	22	21.4	22.2		23.9	12
2007	22.7	22.4	22	21.8	22.4	21.1	20.5	20.2	20.7	20.4	21.8	21.7		21.5	12
2008	21.7	20.8	21.4	21.6	21.5	20.8	20.5	20.9	21.1	20.9	21.1	21.9		21.2	12
2009	21.9	22.2	20.8	22.4	21.5	21	21.7	22.1	21.6	21.4	21.8	22.3		21.7	12
2010	21.9	21.8	22.2	22.7	21.9	21	20.5	20.4	20	21.1	20.7	20.6		21.2	12
2011	21.7	20.9	20.7	21	21.9	21	20.5	20.7	20	20.1	21.6	21.4		21	12
2012	21.8	21.2	21.4	21.9	21.6	20.8	20.8	20.8	20.6	22	26	26.3		22.1	12
2013	26.6	26.4	27.4	26.7	24.8	24.3	24.6	24.3	23.6	24.8	25.6	26.1		25.4	12
2014	26.1	26.4	25.5	26	24.9	24.5	26.2	25.2	24.5	24.3	26.3	27.6		25.6	12
2015	27.9	27	26.5	25.9	26	25.9	25.9	26.2	24.9	25.4	26	27.9		26.3	12
2016	26.8	27.1	26.1	26.8	25	24.6	25.5		24.5	25.2	21	26.5		25.4	11
2019											29.1	30		29.6	2
2020	30.2	30.4	29.5	28.6	28.6	26.8	28	28.4	28.3	27.8	28.6	29.6		28.7	12
2021	29.5	29.9	29.8	28.6	28.2	27.5	27.4	27.3	28.4	27.8	28.5	29.1		28.5	12
2022	29.2	29.8	29.6	28.6	27.5	25.1	27.3	27.1	26.1	27.8	25.3	24.1		27.3	12
2023	24.3	24.8	24.7	25.8	26.3	24.6	25.2	25.1	25.8	24.7	25.6	26		25.2	12
MÍNIMA	21.7	20.8	20.7	21	21.5	20.8	20.5	20.2	20	20.1	20.7	20.6		21	2
MÁXIMA	32	31.7	31.5	30.9	30.5	30.5	30.2	29.6	28.4	27.8	29.4	30.9		29.7	12
MEDIA	25.3	25.2	25.2	25.3	24.9	24.1	24.4	24.3	23.8	23.9	24.5	25.2		24.8	11.2
DESV.ST	2.4	2.6	2.5	2.1	2	2	2.2	2.1	2	1.8	2.1	2.3		2.1	2.2

TEMPERATURA MÁXIMA EXTREMA
AÑO	ENE	FEB	MAR	ABR	MAY	JUN	JUL	AGO	SEP	OCT	NOV	DIC	ACUM	PROM	MESES
1954								25.5	24.5	23.5	24.5	24		24.4	5
1955	24.5	25.5	25.5	26.5	26.5	25	24.5	25	24.5	23	24.5	24		24.9	12
1956	24.5	24	26.5	26.5	25	26	25.5	25.5	25	24	24	25		25.1	12
1957	24	24	25	25	28	24	25	24.5	23	24	25	27		24.9	12
1958	26.5	25.5	27	26	26.5	25.5	25	25	24.5	25.5	25.5	26		25.7	12
1959	24.5	25	25	25.5	26.5	24.5	25	24.5	24	24	24.5	26		24.9	12
1960	26	25	26	26	26	25.5	24	29	24.5	24	25	25		25.5	12
1961	25	24.5	26	25	25.5	24.5	24	24.5	23	24	24.5	25.5		24.7	12
1962	25	24	24	24.5	24	24	25	24.5	24	23	25	25		24.3	12
1963	24	24	25	25	24.5	25	24	25	24	24	24	25		24.5	12
1964	26	25	25.5	25	25.5	24	24.5	24		23.5	25	24		24.7	11
1965	24	25	22.5	25	25.5		26.5	26	26	28	29	28		26	11
1966	27	27	28	26	26	26	26	26	26	26	26	27		26.4	12
1967	27	27	29	27	26	26	26	26	25	25	26	27		26.4	12
1968	26	26	27	27	26	24	25	25	25	25	25	26		25.6	12
1969	26	26	26	26	28	27	28	26	26	26	26	26		26.4	12
1970	26	27	27	27	26	27	26	25	26	26	26	28		26.4	12
1971	27	26	28	27	26	26	26	25	26	26	26	26		26.2	12
1972	26	26	26	28	26	26	27	26	26	26	27	26		26.3	12
1973	26	27	27	27	27	27	26	26	25	24	25	24		25.9	12
1974	24	25	24	25	25	25	25	25	24	25	26	26		24.9	12
1975	25	25	24	26	25	25	25	25	26	26	27	27		25.5	12
1976	28	26	25	26	26	26	27	26	29	26	27	28		26.7	12
1977	28	27	27	26	26.5	25	26	25.5	24.5	26	26	26		26.1	12
1978	26	26	26	25	29	25	25	25	26	26	27	27		26.1	12
1979	29	27	26	26	26	28	27	26	24	25	29	30		26.9	12
1980	27	26	27	26	27	26	27	26	26	27	26	28		26.6	12
1981	26											27.5		26.8	2
1982	27	29						28	27.5	29	28	29		28.2	7
1983	30.5	28	30	28.5	29.5	29	28	28.5		27		29		28.8	10
1987	29.5	30	30	30	29.5	28	28		28	29.5	30	31		29.4	11
1988	32		30	29	29.5		29	29						29.8	6
1994	30	30	31	30	27.5	29	29	28	28	27.5	29.5	32		29.3	12
1995	32	32	31.5	31.5	30.5	33	28.5	28.5	28			28.5		30.4	10
1996	29	31	31	30.5	30.5	30.5	30.5	31.5	26	27.5	28	28		29.5	12
1997	28	29	30	28.5	28	26.5	29	28.5	27.5	30	30	28		28.6	12
1998	29	30.5	31	30.5	31	27	29	28.5	27.5	27.5	27.5	29.5		29	12
1999	30	29	30	29.5	27.5	27.5	31	32.5	32.5	29.5	28.5	30.5		29.8	12
2000	28.5	29.5	28	30	27	28	27	29	26.5	28.5	28.5	30		28.4	12
2001	29	30.5	30.5	30.5	28	29	28.5	28.5	27	29	29	30		29.1	12
2002	30	31	31	30	29	28	28.5	28	28	27	29	29		29	12
2003	30	30	31.5	29.5	30	28	28.5	27.5	34	27.5	29.5	29		29.6	12
2004	30	28.5	30	30	29	28	28	28.5	28	26.5	29	28		28.6	12
2005	30	30	28.5	30	28	26.5	29	27.5	28.5	27.5	28	28		28.5	12
2006	29	29	29.5	29	27.5	28	25.5	23.5	24	27.5	27	25		27	12
2007	25.5	25.5	24	24.5	27	24.5	23.5	23	24.5	24	23.5	24.5		24.5	12
2008	26.5	24.5	24.5	24.5	23.5	24.5	24	24.5	24.5	23	23.5	25		24.4	12
2009	25	27	25.5	26.5	26.5	23.5	24.5	27.5	27	25	24.5	26		25.7	12
2010	26	23.5	24.5	26	24.5	23.5	23	23.5	21.5	22.5	23.5	28.5		24.2	12
2011	24	23.5	23	23.5	24.5	23.5	23	23	22.5	22.5	23	24		23.3	12
2012	23.5	23	24.5	23.5	23.5	22.5	23	25.5	22.5	26	28.5	29.5		24.6	12
2013	28.5	28.5	29	29	27	27.5	27.5	26.5	25.5	26.5	28	27.5		27.6	12
2014	28.5	28.5	27.5	29.5	27	27	27.5	28.5	27	27.5	28	29.5		28	12
2015	30	29.5	30.5	28.5	28	28	28	29.5	26.5	27	28	30		28.6	12
2016	28.5	30	28	28	26	25.5	25.5		24.5	26	21	26.5		26.3	11
2019											32	33		32.5	2
2020	34	33	32	33	33	30	30.5	30.5	31.5	30.5	32	31.5		31.8	12
2021	32	33	32.5	32	31	31	30	31.5	31	30.5	30.5	31.5		31.4	12
2022	31.5	32	33	32.5	31	28.5	31	30.5	29	30	30.5	26.5		30.5	12
2023	28	26.5	27.5	31	35.5	26	28	27	35	28	31.5	27.5		29.3	12
MÍNIMA	23.5	23	22.5	23.5	23.5	22.5	23	23	21.5	22.5	21	24		23.3	2
MÁXIMA	34	33	33	33	35.5	33	31	32.5	35	30.5	32	33		32.5	12
MEDIA	27.5	27.3	27.6	27.6	27.3	26.5	26.6	26.7	26.3	26.2	26.9	27.4		27.1	11.2
DESV.ST	2.5	2.6	2.7	2.4	2.4	2.1	2.1	2.2	2.7	2.1	2.4	2.2		2.2	2.2

TEMPERATURA MÍNIMA PROMEDIO
AÑO	ENE	FEB	MAR	ABR	MAY	JUN	JUL	AGO	SEP	OCT	NOV	DIC	ACUM	PROM	MESES
1954								16.5	16.8	15.7	15.6	14.8		15.9	5
1955	14.9	15.4	15.6	16.7	17.6	16.8	16.6	16.7	16.5	16.5	15.9	15.5		16.2	12
1956	13.2	15.4	15.8	17.3	17	16.9	16.3	16.7	16.4	16.4	15.2	14.9		16	12
1957	14.5	14.9	15.6	16.9	18	17.8	17.7	17.5	17.6	17	16.8	17.5		16.8	12
1958	16.7	17.1	18.5	18.9	18.8	18.6	18.5	18.1	18.2	18.4	18.2	18.1		18.2	12
1959	17.4	17.3	18	18.9	19	18.5	18.7	18.3	18.7	17.8	18.1	17.7		18.2	12
1960	17.7	17.3	18.1	18.5	19.1	18.5	18.4	18.5	18	18	17.5	16.8		18	12
1961	17.6	17.7	18.2	18.3	18.2	17.9	18.2	18.4	17.7	17.8	17.3	17.4		17.9	12
1962	17	16.7	17.4	18	17.6	17.8	18.3	17.7	17.8	17.4	17	16.9		17.5	12
1963	16.4	16.2	16.8	17.7	17.6	17.9	17	17.7	17	17.2	16.8	16.4		17.1	12
1964	16	16.1	17.1	18	17.8	17.2	17.3	17.3		16.8	16.7	15.6		16.9	11
1965	15.1	15.1	17.4	17.3	17.5		17	16.7	17.4	16.8	16.2	15.3		16.5	11
1966	15.9	13.8	15.1	16.3	15.9	15.9	16.3	16.5	16.3	16.4	15.5	14.9		15.7	12
1967	15.1	15.3	15.5	16.3	16.5	16.1	15.8	16.3	15.9	16	16.4	17.3		16	12
1968	15.6	14.5	14.9	15.8	16.4	16.2	16.5	16.9	16.5	16.5	16.7	16		16	12
1969	15.1	15.5	16	16.8	17.4	17	17.1	16.9	16.7	16	16.2	15.8		16.4	12
1970	15	15.7	16	17	16.6	17	17	17	16.7	16.8	15.5	16.3		16.4	12
1971	15.7	15.9	16.2	16.4	17.2	17.1	16.6	16.3	16.3	16.2	16.2	15.9		16.3	12
1972	16	16.1	15.9	17.1	17.2	16.9	17.3	17.1	17.5	17.4	17.4	16.8		16.9	12
1973	16.3	16.1	17.4	17.9	17.6	17	16.8	16	16.3	16.1	16.1	13.8		16.4	12
1974	14.7	14.5	15.5	16.2	16.2	15.7	15.7	15.9	15.8	16.2	15.7	14.7		15.6	12
1975	14.6	14.8	15.4	16.5	16.5	15.8	15.7	16.6	17	16.8	16.3	15.4		16	12
1976	15.8	15.7	16.1	16.6	16.8	15.6	16.8	16.3	16	16.5	16.2	16.4		16.2	12
1977	15.3	16.1	16.3	17.5	17.3	15.4	15.9	15.9	16	16.1	16.2	16.9		16.2	12
1978	15.9	16	16.7	17.1	18	17.7	17.5	16.8	17.4	17.1	17	16.4		17	12
1979	15.6	16.5	17.1	16.4	17	17.5	17.4	16.5	15.9	16.9	16.6	16.5		16.7	12
1980	15.8	15.6	17	17.7	17.4	17.4	17.1	16.7	16.6	16.8	16.6	16.7		16.8	12
1981	16.3											16.9		16.6	2
1982	16.3	16.6						18.3	18.1	17.7	17.5	17.1		17.4	7
1983	17.7	17.3	17.8	18.6	19.4	18.6	18.5	17.9		17.6		17.1		18	10
1987	16.6	17	17.4	18.6	18.6	18.8	18.6		18.2	18.2	18.6	18		18.1	11
1988	17.3		17.6	18.3	18.6		18	17.8						17.9	6
1994	16.6	16.6	17	17.9	17.8	17	17.3	17.2	17.8	17	17.2	16.8		17.2	12
1995	16.4	16.3	16.4	17.6	17.7	18.1	17.1	17.4	17.7			17		17.2	10
1996	15.9	16.2	16.1	17.2	17.3	17.4	17	17	17.6	17.3	17.4	16.7		16.9	12
1997	16.3	16.8	17.2	17.6	18.5	18.1	18.5	18.1	18	18.1	17.7	17.1		17.7	12
1998	16.9	16.1	17.9	18.7	19.5	18.7	17.9	17.8	17.7	17.9	17.4	17.1		17.8	12
1999	16.8	16.7	17.1	18.1	18.1	17.6	16.5	16.5	17.2	16.2	16.9	12.1		16.6	12
2000	16	16.3	16.8	17.5	18	17.9	17.7	18.1	17.5	17.8	17.6	17.2		17.4	12
2001	16.4	16.9	16.5	17.7	18.2	17.6	17.5	18.1	17.3	17.9	17.2	17.3		17.4	12
2002	16.1	16.8	16.9	17.3	18	17.8	18	17.8	17.7	17.6	17	16.9		17.3	12
2003	17.1	16.5	16.4	17.3	18.2	17.7	17.4	17.3	17.1	17.5	17.5	16.6		17.2	12
2004	15.8	16.2	17.4	17.2	17.6	17.7	17.2	17.6	17.3	17.5	17.1	16.7		17.1	12
2005	16	15.9	17.5	18.4	18.1	18.1	17.8	17.9	17.9	17	17.1	17		17.4	12
2006	16.8	17.1	17	17.6	18.1	17.9	18.2	18.4	18.1	18.2	17.2	17.5		17.7	12
2007	17.2	16.7	17.7	18.3	18.6	18	17.7	17.5	17.5	17.2	17.5	16.7		17.6	12
2008	16.7	16.7	17.1	17.9	18.3	17.8	17.7	17.5	18	17.6	16.8	16.9		17.4	12
2009	16.6	16.7	16.5	18.2	18.1	18	18.3	18.3	18.4	17.9	17.2	16.7		17.6	12
2010	16.6	17.1	17.5	18.3	18.5	18	17.9	17.9	17.5	17	16.4	15.2		17.3	12
2011	16.7	16.7	15.9	16.7	17.7	17.8	17.8	17.6	17.6	16.9	16.9	16.5		17.1	12
2012	16.6	16.7	17.2	17.4	18.2	17.9	17.9	17.7	17.8	17.4	16.7	16.7		17.3	12
2013	17	16.6	17.2	18.3	18	18.1	17.9	17.7	17.6	17.8	17.2	17.3		17.6	12
2014	17	16.9	17.4	18.2	18.4	18.3	18.7	17.9	17.9	17.7	17.3	16.6		17.7	12
2015	17	16.5	17.4	18	18.2	18.9	18.3	18.4	18.4	18.2	17.9	17.9		17.9	12
2016	16.5	17.4	18.1	18.3	19.2	18.6	17.5		17.5	17	18.5	16.5		17.7	11
2019											17.9	17.7		17.8	2
2020	17.7	17.5	17.5	18.6	18.9	18.2	18.2	18.5	18.1	18	18	17.1		18	12
2021	17.2	16.9	17.3	18	18.2	18.3	18.5	18	17.7	18	17.2	17.3		17.7	12
2022	16.7	16.9	17.3	17.8	18.2	17.4	17.9	17.7	17.6	17.9	18	16.9		17.5	12
2023	16.7	17.1	17.1	17.8	19	18.7	19.1	18.9	18.8	18.3	18.2	18.1		18.1	12
MÍNIMA	13.2	13.8	14.9	15.8	15.9	15.4	15.7	15.9	15.8	15.7	15.2	12.1		15.6	2
MÁXIMA	17.7	17.7	18.5	18.9	19.5	18.9	19.1	18.9	18.8	18.4	18.6	18.1		18.2	12
MEDIA	16.2	16.3	16.9	17.6	17.9	17.6	17.5	17.4	17.4	17.2	17	16.5		17.1	11.2
DESV.ST	0.9	0.8	0.8	0.8	0.8	0.9	0.8	0.8	0.8	0.7	0.8	1.1		0.7	2.2

TEMPERATURA MÍNIMA EXTREMA
AÑO	ENE	FEB	MAR	ABR	MAY	JUN	JUL	AGO	SEP	OCT	NOV	DIC	ACUM	PROM	MESES
1954								15	15.5	14.5	14	13.5		14.5	5
1955	13	13	14.5	15	16	15	15	15.5	15	15	14.5	14		14.6	12
1956	10	14	13	15.5	15.5	15	15.5	16	15	15	13	14		14.3	12
1957	13.5	14	13.5	15.5	16	16.5	17	16.5	16.5	15	16	15		15.4	12
1958	15	15	16.5	17.5	18	17.5	16.5	17	17	17	17	17		16.8	12
1959	16.5	16	16.5	17.5	17	17	17.5	17.5	18	17	16.5	15.5		16.9	12
1960	16	15.5	17	17.5	17.5	17.5	17.5	17.5	17	17	16.5	15.5		16.8	12
1961	16	17	17	17	17	17	17	17	17	17	16	16		16.8	12
1962	15	15	16	15.5	16	16.5	17.5	16.5	17	17	16	15.5		16.1	12
1963	15	13.5	15.5	16	16.5	17	16	17	16	16.5	15.5	15		15.8	12
1964	14	14	16	16	17	16.5	16.5	16		15.5	15.5	14.5		15.6	11
1965	14	14	16	16.5	16.5		16	16	16	12	15	14		15.1	11
1966	14	12	14	15	14	15	16	14	16	16	14	13.5		14.5	12
1967	13.5	14	14	14	16	14	15	15	14	15	15	15		14.5	12
1968	14	13	14	14	16	15	16	16	15	16	16	14		14.9	12
1969	14	14	15	16	16	16	16	15	16	14	14	14		15	12
1970	11	13	13	15	15	16	16	16	16	14	14	15		14.5	12
1971	14	14	15	15	15	16	15	15	16	15	15	15		15	12
1972	15	14	15	16	13	15	16	16	16	16	17	14		15.2	12
1973	14	14	16	17	16	15	16	15	15	15	15	12		15	12
1974	14	13	14	14	15	14	14	14	14	15	14	13		14	12
1975	12	14	14	16	16	14	14	16	16	16	15	13		14.7	12
1976	14	14	15	14	15	14	15	15	15	16	15	14		14.7	12
1977	13	15	14	13	15.5	14	14	14.5	15.5	15.5	15	16		14.6	12
1978	12	12	15	16	15	17	16	15	16	15	16	14		14.9	12
1979	14	15	16	7	15	16	16	15	14	16	15	15		14.5	12
1980	15	14	15	16	15	15	16	16	16	15	16	15		15.3	12
1981	15											15		15	2
1982	14.5	15.5						17.5	16.5	17	16.5	15		16.1	7
1983	16	15	14.2	16	17.5	17.5	17	16		16.5		16		16.2	10
1987	14	15.5	12.5	16	16	17.5	17		18	17	16.5	16		16	11
1988	15		15	16.5	17.5		17	16.5						16.2	6
1994	15	15	16	16.5	16.5	16	16	16	16	16	16.5	15		15.9	12
1995	15	15.5	15	16.5	16.5	17.5	17	17	17.5			16		16.4	10
1996	15	15	14	16.5	16.5	17	16.5	16	17	16.5	16	16		16	12
1997	15	15.5	16	15.5	17.5	17	17	16.5	17	16	16.5	15.5		16.2	12
1998	15	13	15.5	17	17.5	17.5	16	17	16	17	16.5	16		16.2	12
1999	15.5	15.5	16	16.5	17	16.5	14	14	14	11	15	6.5		14.3	12
2000	14	15	15.5	16	16.5	17	16.5	16.5	17	17	16.5	15.5		16.1	12
2001	15	15.5	15.5	15.5	16	15.5	17	17	16.5	17	16.5	16		16.1	12
2002	15	15.5	15	16.5	17	17	17.5	17	16.5	17	16	16		16.3	12
2003	16	15	15.5	15.5	17	17	16	16.5	14	17	17	15.5		16	12
2004	14.5	15	15.5	15.5	17	17	16.5	16.5	16.5	16.5	15.5	16		16	12
2005	15	15	16.5	17	12	17	17	17	17	15	15	16		15.8	12
2006	15	16	15	15.5	16.5	17	17	17	17.5	17.5	14	16		16.2	12
2007	16	15	16.5	17	17	16.5	17	16	17	15.5	16	15		16.2	12
2008	15	14.5	16	17	16.5	16.5	16.5	16.5	16.5	16.5	15.5	15.5		16	12
2009	15.5	15	15.5	17	17	16.5	16.5	17	17.5	17.5	16	14.5		16.3	12
2010	13.5	14.5	16	16.5	16	16	16.5	16.5	17	15.5	14	13		15.4	12
2011	15	16	15.5	16	16.5	17	16.5	16.5	16.5	15	16	15.5		16	12
2012	15.5	16	16	16	17.5	17	16.5	17	17	16	16	14.5		16.2	12
2013	15.5	15.5	15.5	17.5	16	17.5	17	16.5	16.5	17	5.5	16.5		15.5	12
2014	16.5	16.5	16	17.5	17	17.5	18	17	17.5	16	15	15		16.6	12
2015	15	14.5	16.5	17	17	17.5	17	17	17.5	14	16.5	16.5		16.3	12
2016	15	16	17	17.5	18.5	18	17.5		17.5	17	18.5	16.5		17.2	11
2019											17	16.5		16.8	2
2020	15.5	16	16.5	17	18	16	17	16	17	17	16	15		16.4	12
2021	16	15.5	16	16.5	16.5	17	17.5	16.5	17	17	16.5	16		16.5	12
2022	14.5	15	16	16.5	17.5	15.5	16.5	17	16	16.5	16.5	16		16.1	12
2023	16	16	16	15	18	16	18	17.5	18	17	16	16.5		16.7	12
MÍNIMA	10	12	12.5	7	12	14	14	14	14	11	5.5	6.5		14	2
MÁXIMA	16.5	17	17	17.5	18.5	18	18	17.5	18	17.5	18.5	17		17.2	12
MEDIA	14.6	14.7	15.3	15.9	16.3	16.3	16.4	16.2	16.3	15.9	15.5	15		15.7	11.2
DESV.ST	1.2	1.1	1.1	1.6	1.2	1.1	1	0.9	1.1	1.3	1.7	1.5		0.8	2.2

TEMPERATURA MEDIA MENSUAL
AÑO	ENE	FEB	MAR	ABR	MAY	JUN	JUL	AGO	SEP	OCT	NOV	DIC	ACUM	PROM	MESES
1954								20.1	19.6	18.7	19.3	18.6		19.3	5
1955	18.8	19.4	19.4	20.1	20.9	19.9	19.4	19.8	19.3	19.1	19.6	19		19.6	12
1956	17.4	19.1	19.6	20.6	20	20	19.8	20.2	19.8	19.5	18.8	19.1		19.5	12
1957	18.6	19	19.5	20.4	21.6	20.4	20.2	20.4	19.9	19.8	20.2	21.4		20.1	12
1958	20.5	20.2	21.5	21.6	21.4	20.8	21	20.6	20.5	20.9	21	20.8		20.9	12
1959	20.2	20.5	20.9	21.6	21.6	20.7	21	20.6	20.9	20	20.8	20.8		20.8	12
1960	20.9	20.6	21	21.4	21.6	20.7	20.8	21	20.4	20.3	20.5	20.4		20.8	12
1961	20.8	20.2	20.9	21	21.2	20.4	20.4	20.8	20	20.2	19.5	20.4		20.5	12
1962	20.3	19.6	20.2	20.6	20.2	20	20.8	20	20.2	19.9	19.8	20.2		20.1	12
1963	19.5	19.3	19.9	20.7	20.6	20.5	19.9	20.6	19.6	20	19.5	20		20	12
1964	19.8	19.6	20.7	20.9	20.8	19.8	20	20.1		19.4	19.9	19.2		20	11
1965	19.1	19.1	19.5	20.3	20.7		21.2	20.7	21	20.8	21.2	20.7		20.4	11
1966	20.9	19.7	20.2	20.6	20.4	20.2	20.5	20.5	20.1	20.4	20.1	20		20.3	12
1967	20.4	20.2	20.4	20.6	20.5	20	20	20.4	19.8	20.1	20.5	21.4		20.4	12
1968	20.4	19.9	20	20.3	20.2	19.8	20.2	20.5	20	20.1	20.5	20.2		20.2	12
1969	20	20.1	20.4	21	21.3	20.7	20.9	20.2	20	19.5	20.1	20.2		20.4	12
1970	19.8	20	20.2	20.6	20.2	21	20.6	20.3	19.8	20.1	19.6	20.9		20.3	12
1971	20	20	20.2	20.4	20.5	20.6	20.1	19.6	19.4	19.6	19.6	19.9		20	12
1972	19.9	20	19.8	20.6	20.6	20.2	21	20.5	20.9	20.8	20.9	20.7		20.5	12
1973	20.7	20.2	21.2	21.4	21	20.2	20.5	19.4	19.4	19.2	19.8	17.8		20.1	12
1974	18.6	18.4	18.9	19.8	19.4	18.9	19.5	19.4	18.7	19.5	19.5	19		19.1	12
1975	19	18.9	18.9	20.2	19.8	19.4	19.1	20	20.2	20.3	20.1	19.1		19.6	12
1976	20.2	20.1	19.6	20.1	20.3	19	20.8	19.9	19.8	20	20.2	20.8		20.1	12
1977	20	20.5	20.5	20.9	20.4	18.9	19.8	19.4	19.4	20.4	20.4	20.6		20.1	12
1978	19.7	20	20.9	20.8	21.3	20.5	20.4	20.2	20.3	20.7	21	20.8		20.6	12
1979	20.3	20.9	21	20.9	21.1	20.7	20.6	20	19.2	20.1	20.6	20.5		20.5	12
1980	20	19.6	20.7	20.8	20.8	20.5	20.7	20.1	19.8	20.2	20.2	20.5		20.3	12
1981	20.2											21.4		20.8	2
1982	20.9	21						22.3	22.1	21.9	22	22		21.7	7
1983	22.5	21.7	22.5	22.8	23.2	22.4	22.4	22.2		21.3		21.6		22.3	10
1987	22	22.2	22.1	23.1	23.3	22.5	22.2		22.1	22.2	23.2	23.1		22.5	11
1988	22.4		22.4	22.6	22.6		22	21.2						22.2	6
1994	22.1	22.5	22.2	22.4	22.5	22.2	22.6	22.4	22.7	22	23.3	23.9		22.6	12
1995	24.2	24	24	24.2	23.6	23.5	22.6	22.7	22.9			22.6		23.4	10
1996	22	23.4	23.4	23.9	23.9	24	23.6	21.9	21.1	20.8	21.8	21.4		22.6	12
1997	21.3	21.9	21.5	21.6	22.3	21.4	22.6	22.6	21.7	21.8	21.8	21.6		21.8	12
1998	22.1	21.5	23	23.5	24	22.1	21.9	21.9	21.1	21.4	21.6	22		22.2	12
1999	22.1	22	22	22.3	21.7	21.1	22.3	23	22.2	20.9	20.8	18.4		21.6	12
2000	21.4	21.3	21.5	22.1	21.2	21.4	21.6	21.9	20.8	21.6	21.6	22.1		21.5	12
2001	21.6	22.6	21.2	22.2	22.2	21.7	21.2	22.3	21.1	21.8	21.9	22.2		21.8	12
2002	22.2	22.5	22.2	22	22.2	21.8	22	22	21.4	21.5	21.6	22		22	12
2003	22.5	22	22	22.2	22.1	21.3	21.9	21.6	21.1	21.3	21.9	21.8		21.8	12
2004	21.1	21.5	22.1	22.2	21.7	21.5	21.2	21.7	21	21.5	21.6	21.8		21.6	12
2005	21.6	21.3	22	22.8	21.9	21.5	21.7	21.7	21.6	20.8	21.6	21.8		21.7	12
2006	21.8	22	21.8	21.8	21.8	21.6	19.9	20	19.6	20.1	19.3	19.9		20.8	12
2007	20	19.5	19.9	20	20.5	19.6	19.1	18.9	19.1	18.8	19.6	19.2		19.5	12
2008	19.2	18.8	19.2	19.8	19.9	19.3	19.1	19.2	19.6	19.2	19	19.4		19.3	12
2009	19.2	19.4	18.6	20.3	19.8	19.5	20	20.2	20	19.6	19.5	19.5		19.6	12
2010	19.2	19.5	19.9	20.5	20.2	19.5	19.2	19.1	18.8	19	18.5	17.9		19.3	12
2011	19.2	18.8	18.3	18.9	19.8	19.4	19.1	19.1	18.8	18.5	19.2	19		19	12
2012	19.2	19	19.3	19.6	19.9	19.4	19.4	19.2	19.2	19.7	21.4	21.5		19.7	12
2013	21.8	21.5	22.3	22.5	21.4	21.2	21.2	21	20.6	21.3	21.4	21.7		21.5	12
2014	21.6	21.6	21.4	22.1	21.6	21.4	22.4	21.5	21.2	21	21.8	22.1		21.6	12
2015	22.4	21.8	22	22	22.1	22.4	22.1	22.3	21.6	21.8	22	22.9		22.1	12
2016	21.6	22.2	22.1	22.6	22.1	21.6	21.5		21	21.1	19.8	21.5		21.6	11
2019											23.5	23.9		23.7	2
2020	24	24	23.5	23.6	23.8	22.5	23.1	23.4	23.2	22.9	23.3	23.4		23.4	12
2021	23.4	23.4	23.6	23.3	23.2	22.9	23	22.6	23	22.9	22.9	23.2		23.1	12
2022	23	23.4	23.5	23.2	22.9	21.2	22.6	22.4	21.9	22.9	21.6	20.5		22.4	12
2023	20.5	21	20.9	21.8	22.6	21.6	22.1	22	22.3	21.5	21.9	22		21.7	12
MÍNIMA	17.4	18.4	18.3	18.9	19.4	18.9	19.1	18.9	18.7	18.5	18.5	17.8		19	2
MÁXIMA	24.2	24	24	24.2	24	24	23.6	23.4	23.2	22.9	23.5	23.9		23.7	12
MEDIA	20.8	20.8	21	21.4	21.4	20.8	21	20.9	20.6	20.5	20.8	20.9		20.9	11.2
DESV.ST	1.4	1.4	1.4	1.2	1.2	1.2	1.2	1.2	1.2	1.1	1.2	1.4		1.2	2.2
