COMISIÓN NACIONAL DEL AGUA
COORDINACIÓN GENERAL DEL SERVICIO METEOROLÓGICO NACIONAL
BASE DE DATOS CLIMATOLÓGICA NACIONAL 

ESTADÍSTICA MENSUAL
EMISIÓN   : 25/10/2024 

DATOS DISPONIBLES EN LA BASE DE DATOS A: OCTOBER DE 2024; 
CON LA INFORMACIÓN SUMINISTRADA POR LAS UNIDADES ADMINISTRATIVAS 

 ESTACIÓN  : 7014 
 NOMBRE    : BELISARIO DOMINGUEZ I 
 ESTADO    : CHIAPAS 
 MUNICIPIO : MOTOZINTLA 
 SITUACIÓN : SUSPENDIDA 
 CVE-OMM   :   
 LATITUD   : 15.30833333 ° 
 LONGITUD  : -92.35833333 ° 
 ALTITUD   : 731 msnm 


LLUVIA MÁXIMA 24 H.
AÑO	ENE	FEB	MAR	ABR	MAY	JUN	JUL	AGO	SEP	OCT	NOV	DIC	ACUM	PROM	MESES
1962							20	45.5	65	36	6	0	172.5	28.8	6
1963	0	0	1	25	40.5	63	72	34	157	15	80.5	5	493	41.1	12
1964	0	5	4.5	5.5	20.5	79.5	80.8	41.5	38	27.8	33.5	15	351.6	29.3	12
1965	17.5	5.3	20.5	8	22	80	42	67	83.5		18	0	363.8	33.1	11
1966	0	10	24	55	46.5	52.5	61	33.5	32.5	41.5	17.5	13.5	387.5	32.3	12
1967	1.5	0	28	28.5	27	94	29	62	49.5	94	12	32.5	458	38.2	12
1968	18	12	0	3	89	60	26.5	87	38	35	15	13.5	397	33.1	12
1969	0	4	21.5	49	28	55	50	55	80	46	20	0	408.5	34	12
1970	7	0	4	4	53	61	70	90	76	53	15	1	434	36.2	12
1971	4	0.5	5	23	37	50	30	55	80	100.5	16	0	401	33.4	12
1972	0	0	41	0	46	88	22	65.5	34	24.5	20	0	341	28.4	12
1973	0	0	0	23.5	21.5	50	62	106	65	46	13	12	399	33.2	12
1974	4	3	30	38	34	78	36	29	65	11	10	0	338	28.2	12
1975	3	3	38	22	43	82	35	63	45	28	28	34	424	35.3	12
1976	0	3	3	63	50	42	75	26	36	20	61	0	379	31.6	12
1977	0	8	0	41	26	45	63	43	25	39	14	84	388	32.3	12
1978	5	2	20	37	44	36	40	40	106	52	15	12	409	34.1	12
1979	3	0	52	44	50	40	50	91	67	25	2	13	437	36.4	12
1980	22	2.5	2	63	49	60	39	47	59	37	1	0	381.5	31.8	12
1981	0	0	61	47	37	83	48	59	41	31	41	0	448	37.3	12
1982	0	20	7	25	22	61	36	59	90	21	18	0	359	29.9	12
1983	0	94	95	42	89	83	19	107	25	30	0.01		584.01	53.1	11
1984	0.01												0.01	0	1
1985				22	50	47	48	129.2	35.5	24.7	56.5	21	433.9	48.2	9
1986	0	6	5	16	118	45.2	55.9	35.9	23	41.5	9		355.5	32.3	11
1987	0	0	39	40	23.3	45.9	66.4	53.9	60.6	14.2	21	36.6	400.9	33.4	12
1988	2.7	0	10.2	46	27.5	60.6	30.3	115	125.2		4.1	4.8	426.4	38.8	11
1989	0	4.4	3.2	28.5	58.5	50.7	35.9	53.2	62.6	60.5	36.3	2.7	396.5	33	12
MÍNIMA	0	0	0	0	20.5	36	19	26	23	11	0.01	0	0.01	0	1
MÁXIMA	22	94	95	63	118	94	80.8	129.2	157	100.5	80.5	84	584.01	53.1	12
MEDIA	3.4	7.3	20.6	30.7	44.3	61.2	46	62.7	61.6	38.2	21.6	12	384.6	33.5	11.1
DESV.ST	6.2	18.7	23.5	18.1	23.5	16.8	17.9	27.9	31.9	21.8	19.2	18.9	100.8	8.6	2.4

LLUVIA TOTAL MENSUAL
AÑO	ENE	FEB	MAR	ABR	MAY	JUN	JUL	AGO	SEP	OCT	NOV	DIC	ACUM	PROM	MESES
1962							145.8	339.5	362	218.01	20	0	1085.31	180.9	6
1963	0	0	3	79.5	132	541	451.54	248.1	833.8	31.3	134.7	16	2470.94	205.9	12
1964	0	12	6.5	23.5	112.3	448.4	538.4	375.4	315.9	116.1	70.3	28.8	2047.6	170.6	12
1965	23	10.3	28.5	13	130.5	566.5	233	387.5	557.6		34.5	0	1984.4	180.4	11
1966	0	10	112.8	228.5	160.5	274	398.5	291	285	288.5	17.5	16	2082.3	173.5	12
1967	3	0	31.5	102	97	326.5	225.5	285	391.5	280	12	66	1820	151.7	12
1968	23.5	14	0	10.5	407.5	567	166.5	369	409.5	247	32	17.5	2264	188.7	12
1969	0	6.5	49.5	146.5	89	435.5	295.5	599	294.5	313.5	30	0	2259.5	188.3	12
1970	13	0	4	7	237.5	360.5	337.5	509.5	513.5	292	29	1	2304.5	192	12
1971	8	0.5	5	38	263.5	271	243	452	465	281	75	0	2102	175.2	12
1972	0	0	64	0	272	331.5	141	287	272	83.5	54	0	1505	125.4	12
1973	0	0	0	108.8	110	357.5	304.5	618	345	305	50	12	2210.8	184.2	12
1974	8.5	3	97	74	249	444	182.5	204.5	429.9	38.5	18	0	1748.9	145.7	12
1975	3	3	86.5	27	221	381	271	290	296	153	36	34	1801.5	150.1	12
1976	0	4	5	110	226	391	222	155	247	105	119	0	1584	132	12
1977	0	8	0	133	136	295	180	240	138	88	22	94	1334	111.2	12
1978	5	3	63	113	148	285	320	285	607	122	31	12	1994	166.2	12
1979	4	0	107.6	194	304	229	258	462	501	132	2	13	2206.6	183.9	12
1980	30	2.5	2	201	222	291	238	344	449	146	1	0	1926.5	160.5	12
1981	0	0	105	221	177	657	431	476	318.5	212	43	0	2640.5	220	12
1982	0	48	7	89	224	334	181	174	657	59	18	0	1791	149.2	12
1983	0	186	186	69	152	456	25	376	150	99	0.01		1699.01	154.5	11
1984	0.01												0.01	0	1
1985				68	230	562.6	337	461.7	246.6	114.4	108.2	21	2149.5	238.8	9
1986	0	8.7	6.2	44	370.4	294.3	226.3	264.6	163.5	152.5	28.9		1559.4	141.8	11
1987	0	0	64.1	97.4	106.1	341.6	321.2	302	293.9	23.8	43.1	36.6	1629.8	135.8	12
1988	5.5	0	24	133	115.7	479.9	273.6	471.8	797.7		8.6	4.8	2314.6	210.4	11
1989	0	5.1	4.3	78.8	285.3	338.8	284.7	374.9	532.2	313.1	79.4	2.9	2299.5	191.6	12
MÍNIMA	0	0	0	0	89	229	25	155	138	23.8	0.01	0	0.01	0	1
MÁXIMA	30	186	186	228.5	407.5	657	538.4	618	833.8	313.5	134.7	94	2640.5	238.8	12
MEDIA	4.9	13	42.5	92.7	199.2	394.6	267.9	357.1	402.7	168.6	41.4	15	1886.3	164.6	11.1
DESV.ST	8.4	37.4	49.5	66.2	85.2	112.6	107.3	119.2	180.1	97.3	35.6	22.9	513.6	43.7	2.4

EVAPORACIÓN MENSUAL
AÑO	ENE	FEB	MAR	ABR	MAY	JUN	JUL	AGO	SEP	OCT	NOV	DIC	ACUM	PROM	MESES
1985					109.42	83.28	101.85	101.1	77.44	101.07	115.96	143.21	833.33	104.2	8
1986	186.45	141.6	220.5	169.3	109.5	127.81	106.14	108.3	82.58	108.51	121.1		1481.79	134.7	11
1987	151.31	139.91	155.97	130.43	108.41	81.75	102.66	112.98	102.12	182.98	149.21	147.21	1564.94	130.4	12
1988	154.64	178.56	155.76	117.73	110.53	87.34	105.46	90.5	67.65		103.64	125.96	1297.77	118	11
1989	146.47	141.15	153.8	142.66	111.2	80.96	104.03	90.27	81.1	105.35	114.02	142.7	1413.71	117.8	12
MÍNIMA	146.47	139.91	153.8	117.73	108.41	80.96	101.85	90.27	67.65	101.07	103.64	125.96	833.33	104.2	8
MÁXIMA	186.45	178.56	220.5	169.3	111.2	127.81	106.14	112.98	102.12	182.98	149.21	147.21	1564.94	134.7	12
MEDIA	159.7	150.3	171.5	140	109.8	92.2	104	100.6	82.2	124.5	120.8	139.8	1318.3	121	10.8
DESV.ST	18.1	18.9	32.7	22	1.1	20	1.8	10.3	12.6	39.1	17.1	9.4	288.2	12	1.6

TEMPERATURA MÁXIMA PROMEDIO
AÑO	ENE	FEB	MAR	ABR	MAY	JUN	JUL	AGO	SEP	OCT	NOV	DIC	ACUM	PROM	MESES
1962							26.9	26.6	27.1	27.5	27.9	25.8		27	6
1963	24.8	24.9	27.3	25.2	24.1	23.1	27.5	27.3	26.4	28.7	27.9	29.3		26.4	12
1964	29.2	30	30.8	30.5	29.1	27	27.1	27.9	27.7	27.5	28.3	27.8		28.6	12
1965	28.1	28.6	29.4	29.2	29.3	27.7	28.5	28.3	27.8		29.1	29.9		28.7	11
1966	30	30.6	30.7	29.4	28	27.2	28	28.1	27.5	28	28.3	28.3		28.7	12
1967	29.7	29.8	31	30.2	29.9	27.4	27.9	28.2	27.4	28.5	29	28.5		29	12
1968	29.1	29.6	30	30	27.7	26.3	27.4	27.7	27.4	28	28.6	28.8		28.4	12
1969	29.7	30.6	31.1	31.1	29.7	28.6	27.6	26.3	26.6	26.5	27.9	28.9		28.7	12
1970	29	31.1	32.2	31.3	29.5	28.2	28	27.2	26	27.8	27.6	28.6		28.9	12
1971	28.1	28.9	29.9	29.5	28.1	26.9	27	26.4	26.8	27	27.6	26.8		27.8	12
1972	28.1	29.1	30	29.8	28.2	27.3	28.8	27.9	28.1	28.5	28.6	29.5		28.7	12
1973	30.1	30.7	31.3	30	29.8	28	28.3	27.9	27.4	27.1	28.4	27.5		28.9	12
1974	28.4	29.4	29.2	29.6	28.9	27.2	28.4	28.5	27.9	29.7	30.3	30.1		29	12
1975	30.3	30.7	30.5	31.4	28.8	29.1	28	27.1	28.3	28.3	29	29.3		29.2	12
1976	29.6	30.3	31.1	30.6	30.1	28.2	29.8	29.4	29.6	29.7	29.6	30.3		29.9	12
1977	30.4	30.9	32.3	31.9	29.4	28.5	29.5	29.3	29	29.2	30.3	30		30.1	12
1978	29.8	30.8	31.4	31.4	30.5	29.5	28.8	29.3	27.9	29.5	30.4	30.8		30	12
1979	29.9	31.4	31.5	31.2	30.2	29.2	29.6	28.4	27.9	29.6	30.6	30.4		30	12
1980	30.5	30.4	30.6	30.9	30	28.7	28.6	28.3	27.4	29.2	30.3	30.5		29.6	12
1981	30.4	31.5	31.5	30.8	29.1	27	28	28.2	28.1	28.8	29.6	30.2		29.4	12
1982	30.1	30	30.2	29.7	29.8	29.4	29.2	29.9	29.6	30.1	30.2	30		29.9	12
1983	30.2	29.9	30	30.1	30.2	30	30	30	30.2	30.1	30			30.1	11
1984	30													30	1
1985				31.3	29	28.3	27.6	27.6	27.8	28	28	29.2		28.5	9
1986	29.1	29.1	30.3	30.5	28.5	27.1	27.9	28.2	27.5	28.3	28.7			28.7	11
1987	29.4	30.2	30.2	30.5	29.9	29.1	28.4	28.6	28.6	30.4	29.7	28.5		29.5	12
1988	30.3	31.2	31.3	31	30.2	28.3	28.3	27.8	27.2		29.1	29.4		29.5	11
1989	30.2	30.1	31.7	31.2	29	27.6	28.6	28.5	28.2	29.5	29.2	28.1		29.3	12
MÍNIMA	24.8	24.9	27.3	25.2	24.1	23.1	26.9	26.3	26	26.5	27.6	25.8		26.4	1
MÁXIMA	30.5	31.5	32.3	31.9	30.5	30	30	30	30.2	30.4	30.6	30.8		30.1	12
MEDIA	29.4	30	30.6	30.3	29.1	27.9	28.3	28.1	27.8	28.6	29	29.1		29	11.1
DESV.ST	1.2	1.3	1.1	1.3	1.3	1.4	0.8	1	1	1.1	1	1.2		0.9	2.4

TEMPERATURA MÁXIMA EXTREMA
AÑO	ENE	FEB	MAR	ABR	MAY	JUN	JUL	AGO	SEP	OCT	NOV	DIC	ACUM	PROM	MESES
1962							29	29	29	30	31	32		30	6
1963	27.5	26	32.5	29.5	30	24.5	33.5	33	29	31	32	31.5		30	12
1964	30.5	32.5	32.5	34.5	31.5	29.5	29.5	29.5	29	29.5	30.5	30.5		30.8	12
1965	30.5	31.5	31.5	32	32	30	31	29.5	29.5		32	32.5		31.1	11
1966	32	33.5	33.5	31	30	29	30	30	29.5	30	30	31		30.8	12
1967	32	33	32.5	32.5	36	29.5	30	30.5	29.5	32	30.5	31.5		31.6	12
1968	30.5	31.5	32.5	33.5	32	28	29	29	29.5	33	30	31.5		30.8	12
1969	31.5	33	34	33	32	33	30	29	29	29	31	31		31.3	12
1970	31	38	37	36	34	32.5	31	29.5	28	32	29	31		32.4	12
1971	32	31	33	32.5	30.5	29	29	29	29.5	28	30	29.5		30.2	12
1972	30	32.5	32	32.5	30	31.5	30.5	30.5	29.5	30	30	33		31	12
1973	32	35.5	34	33	34	31	31	29.5	29	29	30.5	30		31.5	12
1974	31	31	31	31	30.5	29.5	30	31	30	32.5	33	34		31.2	12
1975	33	32	32	33.5	32	32.5	29.5	31	30.5	31	31.5	32		31.7	12
1976	33	34	33	33.5	31	32	31.5	31	31.5	32	32.5	35		32.5	12
1977	33.5	35.5	34	35	31	30.5	31	31.5	31	32	32	32		32.4	12
1978	33	33	34	33.5	33	33.5	32	31.5	30.5	31	32	33.5		32.5	12
1979	32	35	37	33	31.5	31	37	31	31	31.5	34	32		33	12
1980	34	33	35	34	32	31	31	30	30	31	32	34		32.2	12
1981	33	36	33	33	30.5	30	30.5	30.5	30	32	31	32		31.8	12
1982	32	30.5	32	31	31	30.5	31	32	30.5	31	32	31		31.2	12
1983	32	31	33	33	32	31	30.5	31	35	31	31.5			31.9	11
1984	31.5													31.5	1
1985				39	39	37	30	29	30	29	32	31		32.9	9
1986	31	31	33	32	30	29	30	30	30.5	30.5	31.5			30.8	11
1987	31.5	32.5	32	32	32	31	31	30.5	30	32.5	33	31.5		31.6	12
1988	34	33	34.5	33	33	30.5	30	29.5	29		32	30.5		31.7	11
1989	33	33	34.5	33	32	30.2	31	31	31	32.5	31.5	31		32	12
MÍNIMA	27.5	26	31	29.5	30	24.5	29	29	28	28	29	29.5		30	1
MÁXIMA	34	38	37	39	39	37	37	33	35	33	34	35		33	12
MEDIA	31.8	32.7	33.3	33.1	32	30.6	30.7	30.3	30	30.9	31.4	31.8		31.5	11.1
DESV.ST	1.4	2.3	1.5	1.8	2	2.2	1.6	1	1.3	1.3	1.1	1.3		0.8	2.4

TEMPERATURA MÍNIMA PROMEDIO
AÑO	ENE	FEB	MAR	ABR	MAY	JUN	JUL	AGO	SEP	OCT	NOV	DIC	ACUM	PROM	MESES
1962							17.1	16.3	15.8	16.3	12.8	11.3		14.9	6
1963	10.6	10.6	15.1	16.5	17.6	18.4	17.5	17.6	18.4	18.1	17.8	16.4		16.2	12
1964	15.3	15	16.6	17.6	17.7	18	18	17.2	17.9	17.7	17.4	16		17	12
1965	15	14.8	15.2	16.5	18.1	17.8	17.3	17.2	17.8		17.4	17.5		16.8	11
1966	16.4	16.5	17.2	17.8	18.3	18.4	18.2	17.8	17.9	18.5	17.4	15		17.4	12
1967	15.7	15.8	15.1	16.6	18.3	18.5	17.5	17.4	17.8	17.9	18.7	15.7		17.1	12
1968	15.6	14.5	16	17.3	18.6	19.3	18.9	18.2	16.4	16.8	15.7	16.7		17	12
1969	14.9	16	18.4	18.4	19.6	19.6	19.5	19.4	19.4	18.8	18.6	17.4		18.3	12
1970	15.9	16.3	15.5	17.6	18.8	18.9	18.8	18.2	18.6	18.4	17.6	16.9		17.6	12
1971	16.1	15.4	17	17	18.5	18.2	17.7	17.9	18.4	17.4	17.2	15.4		17.2	12
1972	15.6	16	16.1	18.2	19.6	19.4	18.6	18.1	19.1	18.3	17.3	16.1		17.7	12
1973	15	15.7	17.2	18.4	18.6	18.7	18	18.2	18.6	18.2	18.1	15.5		17.5	12
1974	15.3	16.2	16.8	17	18.4	18.4	18	18.3	18.2	19.2	17.3	16.2		17.4	12
1975	15.8	15	16.8	17.9	18.9	17	17.3	16.7	18.1	18.1	17.4	16.2		17.1	12
1976	16.5	15.2	16.1	17.6	18.2	18.7	18.4	17.9	17	18.7	18.7	18.1		17.6	12
1977	15.1	16.4	17	18.3	18.3	18.3	17.9	17.6	16.6	18.2	17.5	16.7		17.3	12
1978	16.9	16.6	17.7	18	17.5	17.8	16.4	16.9	18	17.8	17.3	17.8		17.4	12
1979	17	17	17.6	18.1	18.6	18.6	17.8	18.1	19	18.5	17.4	17.7		18	12
1980	16.3	16.8	17.4	18.9	19	18.8	18.4	18.1	18.6	18.7	17.9	17.7		18	12
1981	15	18.1	17.9	18	18.7	18.6	18.1	18	17.9	18.3	17.4	17.8		17.8	12
1982	18.1	18.2	17.9	17.6	18.7	18	17.8	17.5	17.5	17.9	18	18.1		17.9	12
1983	18.1	18.2	18	17.9	18	18.1	18.2	17.8	18.1	18	18.1			18	11
1984	18.1													18.1	1
1985				17.1	18.2	18.1	17.4	17.5	17.6	17.3	15.8	17.1		17.3	9
1986	16.7	15.5	16.5	16	18.7	17.6	17.4	17.6	17.2	17.3	16.4			17	11
1987	14.7	15.6	15.8	17.8	16.6	19.1	18.3	18.1	18.4	19.6	19.1	18.9		17.7	12
1988	17.7	15.8	16.1	17.8	16.9	18.6	17.6	18.5	18.1		16.9	18.3		17.5	11
1989	15.7	16.2	18.9	16.6	18.3	18.3	17.1	18	18	18.6	17.6	16.3		17.5	12
MÍNIMA	10.6	10.6	15.1	16	16.6	17	16.4	16.3	15.8	16.3	12.8	11.3		14.9	1
MÁXIMA	18.1	18.2	18.9	18.9	19.6	19.6	19.5	19.4	19.4	19.6	19.1	18.9		18.3	12
MEDIA	15.9	15.9	16.8	17.6	18.3	18.4	17.9	17.8	17.9	18.1	17.4	16.7		17.4	11.1
DESV.ST	1.5	1.5	1	0.7	0.7	0.6	0.7	0.6	0.8	0.7	1.2	1.5		0.7	2.4

TEMPERATURA MÍNIMA EXTREMA
AÑO	ENE	FEB	MAR	ABR	MAY	JUN	JUL	AGO	SEP	OCT	NOV	DIC	ACUM	PROM	MESES
1962							11	12	13	13	8	10		11.2	6
1963	9	6.5	10	13.5	14	17	16	16	17	15.5	14	11.5		13.3	12
1964	11	12	12	14	15.5	16.5	16.5	14.5	16.5	14.5	14.5	12.5		14.2	12
1965	12	11.5	12	14.5	16	16	16	15	12.5		13	13.5		13.8	11
1966	12.5	12.5	13.5	15.5	14	16.5	16.5	15.5	16	16.5	11.5	10.5		14.2	12
1967	12	12.5	11.5	12.5	15	16.5	16	14.5	16	15.5	13	11.5		13.9	12
1968	13	10	12	15	15	16	17	15.5	13.5	12.5	11	11		13.5	12
1969	11	11	14.5	15	17	17	18	17	18	16.5	15	12		15.2	12
1970	10	12	12	12	15	14	17	16	16	17	13	13		13.9	12
1971	12	12	13	12	14	15	13	16	15	14	13	10		13.2	12
1972	10	12	11	15	17.5	15	13	14	14	16.5	15	12		13.8	12
1973	12	11.5	13	14.5	16.5	14	15.5	16.5	16.5	15	15	11.5		14.3	12
1974	12.5	12.5	14	14	15.5	16.5	15.5	16.5	15.5	16	13	12		14.5	12
1975	11	12.5	14.5	14	15	13.5	15.5	13	16.5	15.5	13.5	12		13.9	12
1976	13	12	13	14	15.5	16	16	15	11	16	15	12		14	12
1977	10.5	12	12.5	15.5	15	11	14.5	16	13	14	14	13		13.4	12
1978	12	11	14	15.5	12.5	14.5	8	14.5	16.5	12	15	14		13.3	12
1979	13	13	14.5	15.5	16	16	16	15	17	17.5	14.5	15		15.2	12
1980	13	13	14	17	18	18	17	16.5	17	17	15	15		15.9	12
1981	10	15	15	15	15	16	17	16	16.5	17	16	15		15.3	12
1982	16	18	16	13	18	16	17	16	16	17	16	18		16.4	12
1983	16	17.5	16	15	16	18	18	16	18	17.5	18			16.9	11
1984	18													18	1
1985				14.5	15	14	15	15	16	16	11	14		14.5	9
1986	10	13	12	12	16	15	15	15	15	15	14			13.8	11
1987	10	11.5	12	12	14	15	16	16	16	15.5	15.5	16		14.1	12
1988	13	11	10	12.5	10	16	16	16	16.5		15	14		13.6	11
1989	13	10	16.5	15	15.5	16	15	16	16	16	16	14		14.9	12
MÍNIMA	9	6.5	10	12	10	11	8	12	11	12	8	10		11.2	1
MÁXIMA	18	18	16.5	17	18	18	18	17	18	17.5	18	18		18	12
MEDIA	12.1	12.2	13.1	14.2	15.2	15.6	15.4	15.4	15.6	15.5	14	12.9		14.4	11.1
DESV.ST	2.1	2.2	1.8	1.4	1.7	1.5	2.1	1.1	1.7	1.5	2	1.9		1.3	2.4

TEMPERATURA MEDIA MENSUAL
AÑO	ENE	FEB	MAR	ABR	MAY	JUN	JUL	AGO	SEP	OCT	NOV	DIC	ACUM	PROM	MESES
1962							22	21.5	21.5	21.9	20.4	18.6		21	6
1963	17.7	17.8	21.2	20.9	20.9	20.8	22.5	22.5	22.4	23.4	22.9	22.9		21.3	12
1964	22.2	22.5	23.7	24	23.4	22.5	22.6	22.5	22.8	22.6	22.9	21.9		22.8	12
1965	21.6	21.7	22.3	22.9	23.7	22.8	22.9	22.8	22.8		23.2	23.7		22.8	11
1966	23.2	23.6	24	23.6	23.1	22.8	23.1	23	22.7	23.2	22.9	21.6		23.1	12
1967	22.7	22.8	23	23.4	24.1	23	22.7	22.8	22.6	23.2	23.9	22.1		23	12
1968	22.4	22	23	23.6	23.1	22.8	23.1	23	21.9	22.4	22.1	22.8		22.7	12
1969	22.3	23.3	24.8	24.8	24.6	24.1	23.6	22.9	23	22.6	23.2	23.1		23.5	12
1970	22.4	23.7	23.9	24.5	24.1	23.5	23.4	22.7	22.3	23.1	22.6	22.8		23.2	12
1971	22.1	22.1	23.4	23.2	23.3	22.5	22.4	22.1	22.6	22.2	22.4	21.1		22.4	12
1972	21.9	22.6	23	24	23.9	23.4	23.7	23	23.6	23.4	23	22.8		23.2	12
1973	22.6	23.2	24.2	24.2	24.2	23.4	23.1	23	23	22.6	23.2	21.5		23.2	12
1974	21.9	22.8	23	23.3	23.6	22.8	23.2	23.4	23	24.4	23.8	23.1		23.2	12
1975	23	22.9	23.6	24.6	23.9	23	22.6	21.9	23.2	23.2	23.2	22.8		23.2	12
1976	23	22.8	23.6	24.1	24.1	23.4	24.1	23.6	23.3	24.2	24.1	24.2		23.7	12
1977	22.8	23.6	24.6	25.1	23.9	23.4	23.7	23.5	22.8	23.7	23.9	23.4		23.7	12
1978	23.4	23.7	24.5	24.7	24	23.6	22.6	23.1	23	23.6	23.9	24.3		23.7	12
1979	23.4	24.2	24.6	24.6	24.4	23.9	23.7	23.2	23.4	24	24	24		24	12
1980	23.4	23.6	24	24.9	24.5	23.8	23.5	23.2	23	24	24.1	24.1		23.8	12
1981	22.7	24.8	24.7	24.4	23.9	22.8	23	23.1	23	23.6	23.5	24		23.6	12
1982	24.1	24.1	24	23.6	24.2	23.7	23.5	23.7	23.6	24	24.1	24		23.9	12
1983	24.1	24	24	24	24.1	24	24.1	23.9	24.1	24	24			24	11
1984	24													24	1
1985				24.2	23.6	23.2	22.5	22.6	22.7	22.6	21.9	23.1		22.9	9
1986	22.9	22.3	23.4	23.2	23.6	22.4	22.6	22.9	22.4	22.8	22.5			22.8	11
1987	22	22.9	23	24.1	23.2	24.1	23.4	23.4	23.5	25	24.4	23.7		23.6	12
1988	24	23.5	23.7	24.4	23.5	23.5	23	23.1	22.6		23	23.9		23.5	11
1989	23	23.1	25.3	23.9	23.6	23	22.9	23.2	23.1	24	23.4	22.2		23.4	12
MÍNIMA	17.7	17.8	21.2	20.9	20.9	20.8	22	21.5	21.5	21.9	20.4	18.6		21	1
MÁXIMA	24.1	24.8	25.3	25.1	24.6	24.1	24.1	23.9	24.1	25	24.4	24.3		24	12
MEDIA	22.6	22.9	23.7	23.9	23.7	23.2	23.1	22.9	22.9	23.3	23.2	22.9		23.2	11.1
DESV.ST	1.2	1.3	0.9	0.8	0.7	0.7	0.5	0.5	0.5	0.8	0.9	1.3		0.7	2.4
