COMISIÓN NACIONAL DEL AGUA
COORDINACIÓN GENERAL DEL SERVICIO METEOROLÓGICO NACIONAL
BASE DE DATOS CLIMATOLÓGICA NACIONAL 

ESTADÍSTICA MENSUAL
EMISIÓN   : 25/10/2024 

DATOS DISPONIBLES EN LA BASE DE DATOS A: OCTOBER DE 2024; 
CON LA INFORMACIÓN SUMINISTRADA POR LAS UNIDADES ADMINISTRATIVAS 

 ESTACIÓN  : 7007 
 NOMBRE    : AMATENANGO DEL VALLE 
 ESTADO    : CHIAPAS 
 MUNICIPIO : AMATENANGO DEL VALLE 
 SITUACIÓN : OPERANDO 
 CVE-OMM   :   
 LATITUD   : 16.52805556 ° 
 LONGITUD  : -92.43777778 ° 
 ALTITUD   : 1820 msnm 


LLUVIA MÁXIMA 24 H.
AÑO	ENE	FEB	MAR	ABR	MAY	JUN	JUL	AGO	SEP	OCT	NOV	DIC	ACUM	PROM	MESES
1964										0	15	17	32	10.7	3
1965	9	10	17.5	22.1	46	71.5	21	37	45.5	28	8	0.01	315.61	26.3	12
1966	0.1	0.5	52	22.5	46	45	44	70	50	48	13	2	393.1	32.8	12
1967	6	2	17.5	29	25	45	11.5	37	48	50	0.01	9.5	280.51	23.4	12
1968	2.5	6	0	21.5	36	55	56	68	70	20	9	28	372	31	12
1969		0	3.5	15.5	15	41	40		80	28.7	3	0	226.7	22.7	10
1970	0.5	0	0	27	45	37.7	50	46	37	35	0.4	0	278.6	23.2	12
1971	7	0	0	0	0	26	26	0	50.2	42.4	30.4	4	186	15.5	12
1972	1	0	2	17	8.7	31.5	31.5	27.6	33.4	17	37	8	214.7	17.9	12
1973	0	1	0	9.5	53.5	44	42.5		45	20	8	6	229.5	20.9	11
1974	5.5	0	12	20	18.5	102	55	36	52	9	0.5	8	318.5	26.5	12
1975	8.5	5.5	7.5	0.3	44	30	52.5	45.5	103.5	25.5	22.5	0	345.3	28.8	12
1976	1	0	20.5	50.5	33.5	45	27.5	46	30.5	32.5	45.5	0	332.5	27.7	12
1977	0	0	0	8.5	55.5	18.5	15.5	43.5	42.5	37.5	10.5	8.5	240.5	20	12
1978	28.5	3.5	11.5	5.5	45.5	44.5	94.5	49.1	56.5	25.5	16.5	17.5	398.6	33.2	12
1979	0	0	11.5	20.5	24	24.5	56.5	47.5	62.5	72.5	0	26.5	346	28.8	12
1980	5	0	0	45.5	43.5	50.5	26.5	28.5	45.5	13.5	2.5	1	262	21.8	12
1981	0	2.5	7.5	35.5	31.5	56.5	58.5	66.5	62.5	60.5	0	0	381.5	31.8	12
1982	0	8.5	8	8.5	58.5	32.5	20	52.5	52.5	20.3	30.5	0	291.8	24.3	12
1983	0	52.5	36.5	8.5	15.5	32.8	51	34.5	84.4	11.5		3.5	330.7	30.1	11
1984	0	0	0	0	48.5	82.5	52.5	70.5	30.5	12.5	0	19	316	26.3	12
1985	0	18.5	8.5	15.5	23.5	92.5	28.5	49.5	23.5	17.5	35.5	32.5	345.5	28.8	12
1986	0	0	0	23.5	112.5	50.5	28.5	24.5		13.5	4.5	0	257.5	23.4	11
1987	0	0	0	12.5	41.5	34.5	63	40	72	8	0	12	283.5	23.6	12
1988	8	2	11	23.5	13	73	58	47	67	22	7	1	332.5	27.7	12
1989	0	0.5	3	9	51	79	26.5	50	88	36	10	0	353	29.4	12
1990	2	0	11.5	23	68.5	30	37	40	25.5	14	9	8.5	269	22.4	12
1991	0	0	0	15	40	47	41	34	50	26	10	0	263	21.9	12
1992	0	0	0	24	30.5	46	36.5	34	30	25	19	5	250	20.8	12
1993	3	12.5	15.5	31	21	64	19	80.5	47.5	40	2	0	336	28	12
1994	13	4	0	14	46.5	32	69	74	25	22	21.5	0	321	26.8	12
1995	0	0	17	66	35	40	57	42	56	27	8.4	8.1	356.5	29.7	12
1996	10	5.1	4	22	33.3	51	30	131.5	70	5	31	4	396.9	33.1	12
1997	2	3	3	13.5	50.5	53	35.5	46.1	93	40	32.5	12.5	384.6	32	12
1998	0	12.5	0	0	18	40	40	73	70.5	28.6	106.5	0	389.1	32.4	12
1999	1.2	2.5	5.5	39	26	92.5	70	50				19.2	305.9	34	9
2000	0	0	5.5	7.5	60	28.7	30.7	53.3	49.2	7.5	3	0.7	246.1	20.5	12
2001						73.2	74.5	31.8	52.2	28.8	0.4	17.7	278.6	39.8	7
2002	0	0.9	2.4	18.3	63.1	47.2	39.5	34.6	53.8	40	6	26.4	332.2	27.7	12
2003	0	0	6.8	2.6	41	28.5	62	61.4	82.8	24	8.4	7.2	324.7	27.1	12
2004	0.01	0	0	28.5	22.3	36.8	76.5	44.2	48.2	41.5	5.5	10.8	314.31	26.2	12
2005	0	0	15.5	10.5	23.1	80.2	25.3	57	44	119	18	5.5	398.1	33.2	12
2006	3.4	2	5.9	2.1	35	35.5	53.5	21	52.3	31.8	19.5	0.5	262.5	21.9	12
2007	9.5	0.5	3.8	14.5	32.2	78.9	30	29.2	83.1	63.1	15.6	0	360.4	30	12
2008	0.5	8.9	0	27.3	32.2	52.5	51.4	31.7	48.1	39	3.4	0	295	24.6	12
2009	0	0	0	16.7	24.7	33.2	47.6	18.5	30.1	26.4	12.4	21	230.6	19.2	12
2010	5.2	0	3.9	32.3	30.4	141.2	30.2	62.6	94.2	27	12.4	3.1	442.5	36.9	12
2011	1.1	8.2	14.8	22.3	7.1	96.4	66.5	47.4	59	34.7	0	0	357.5	29.8	12
2012	0.7	19.8	8.7	49	35.5	44.3	57	83.1	27.5	43.9	0	0.8	370.3	30.9	12
2013	3.4	0.4	0	7.4	53.6	67.2	29.1	58.3	74.8	34.6	47.2	4.2	380.2	31.7	12
2014	8.5	1	19.8	36	112.6	57.5	30.6	58.1	45.5	23.4	5.2	0	398.2	33.2	12
2015	0	0	4.3	21.5	48.1	40	50.8	54.8	12.6	5.7	3.7	6.3	247.8	20.6	12
2016	0	0	5.3	5.3	27.2	32.6	12.3	8.7	15.3	6.6	7.8	44.5	165.6	13.8	12
2017	17.3	0	12.8	14	65.7	43.6	37.8	48	49.3	22.3	0.5	0	311.3	25.9	12
2018	0	0	15.3	0	69.9	45.7	50.6	50.6	26.4	14.5	3.1	0	276.1	23	12
2019	0	0	0	0	0								0	0	5
MÍNIMA	0	0	0	0	0	18.5	11.5	0	12.6	0	0	0	0	0	3
MÁXIMA	28.5	52.5	52	66	112.6	141.2	94.5	131.5	103.5	119	106.5	44.5	442.5	39.8	12
MEDIA	3.1	3.6	7.6	18.8	38.7	51.9	43.1	47.6	52.9	29	13.6	7.5	302.3	26	11.5
DESV.ST	5.3	8.2	9.7	14.2	22.3	23.6	17.8	20.8	21.2	19.5	17.9	10	81.8	6.7	1.7

LLUVIA TOTAL MENSUAL
AÑO	ENE	FEB	MAR	ABR	MAY	JUN	JUL	AGO	SEP	OCT	NOV	DIC	ACUM	PROM	MESES
1964										0	53.01	40.05	93.06	31	3
1965	14.11	21	35.01	22.1	151.14	316.04	58.42	179.12	138.71	131.52	8	0.02	1075.19	89.6	12
1966	0.11	0.51	64	65.01	177.13	318.5	345.04	231.1	390.61	222.46	23	4	1841.47	153.5	12
1967	8	2.11	27.5	54.82	74	314.02	49.02	210.52	226.52	266.9	0.01	12.5	1245.92	103.8	12
1968	2.5	6	0	23.5	193.02	337.41	152.51	166.5	323.12	79	10	33	1326.56	110.5	12
1969		0	4.5	49.5	48.1	237.5	336.4		327.5	130.3	7.8	0	1141.6	114.2	10
1970	0.5	0	0	37	123.5	238.6	388.5	376.8	275.2	110.91	0.4	0	1551.41	129.3	12
1971	8	0	0	0	0	132.5	165	0	292.72	141.31	56	7.51	803.04	66.9	12
1972	1.5	0	4.2	28.1	33.5	308	146.1	115.3	140.8	48.7	90.9	11.5	928.6	77.4	12
1973	0	1	0	26.7	134.8	349.1	221.1		242	118.1	12.1	13	1117.9	101.6	11
1974	15	0	43.1	20	65.1	423.9	167.8	246.5	368.1	46.1	1.2	11.5	1408.3	117.4	12
1975	15.6	5.5	10.2	0.3	144	170.7	161.7	176.1	431.5	99.3	55.53	0	1270.43	105.9	12
1976	2	0	20.5	95	64	290.7	115	193	192.8	104.1	156.1	0	1233.2	102.8	12
1977	0	0	0	20.5	165.7	136.4	70.5	292.5	270.6	95.5	12.51	32	1096.21	91.4	12
1978	28.5	3.5	11.5	19.3	199	250	279	327.1	318.1	68	53.5	27	1584.5	132	12
1979	0	0	19	70	91.5	202.61	340.5	248	327	98	0	28.5	1425.11	118.8	12
1980	5	0	0	68	137	221.3	232.6	156.5	227.8	93	2.6	1	1144.8	95.4	12
1981	0	2.5	8.5	112	136.5	460.7	247.6	432.6	384.5	247.5	0	0	2032.4	169.4	12
1982	0	13	16.5	24	260	143.5	77	120.5	401.3	119.3	49	0	1224.1	102	12
1983	0	82	67	8.5	20.5	256	160	276.2	372.3	43.5		6	1292	117.5	11
1984	0	0	0	0	285.01	373.5	320.9	353	292.4	55.5	0	19.6	1699.91	141.7	12
1985	0	21	8.5	39	75	413	172	309.5	260.5	78	61	34	1471.5	122.6	12
1986	0	0	0	32.5	329.5	287.5	112	130		63	9	0	963.5	87.6	11
1987	0	0	0	21	80	213	228	94	318	14	0	12	980	81.7	12
1988	8	2	15	23.5	18	360.5	213	328	340	84.5	12	1	1405.5	117.1	12
1989	0	0.5	5.5	20.5	157.7	400.1	134	278	517	100	17	0	1630.3	135.9	12
1990	2	0	11.5	56.5	154.2	251.8	241.5	201.5	156.5	42	30	9.5	1157	96.4	12
1991	0	0	0	24.5	183.5	341.5	178	105	170.5	177	17.5	0	1197.5	99.8	12
1992	0	0	0	72.5	103	239	112	182.5	194.5	72.5	46.6	5	1027.6	85.6	12
1993	3	16.5	41	52	91.5	516.5	114	302.5	349.5	137.5	2	0	1626	135.5	12
1994	13	6	0	33	157.5	158	263.5	287	89	120	51.5	0	1178.5	98.2	12
1995	0	0	43.5	126.5	127.1	254	257.7	433	324.5	170.3	27.2	19.3	1783.1	148.6	12
1996	22.3	8.4	6.1	120.2	118.7	409.8	172.5	292	250.5	20.5	111	10.2	1542.2	128.5	12
1997	3.1	7.2	4	35	151.6	200.9	137.5	103.7	366.4	143.6	64.5	16.5	1234	102.8	12
1998	0	12.5	0	0	34	157	252.7	256.7	338.5	172.6	262	0	1486	123.8	12
1999	1.7	3.5	5.5	70.4	95.9	344.9	219.9	331.6				37.2	1110.6	123.4	9
2000	0	0	6.6	12.8	418.3	264	91.7	358.2	396.8	27.8	3	0.9	1580.1	131.7	12
2001						176.4	240.8	185.4	277.3	74.9	0.4	20.6	975.8	139.4	7
2002	0	0.9	2.4	42.6	107	296.1	153.9	87.9	338.1	89.9	6.3	54.01	1179.11	98.3	12
2003	0	0	7.9	4.4	138.7	206.3	173.7	241.2	447.1	106.81	21.4	7.2	1354.71	112.9	12
2004	0.02	0	0	67.7	115.8	126.3	209.8	160.1	327	133.3	17.9	11.7	1169.62	97.5	12
2005	0	0	16	17.5	133.4	324.6	261.3	269	211.4	223.2	27.5	12.2	1496.1	124.7	12
2006	6.2	2	7.8	2.4	201.8	205.2	189.5	147.3	306	104.7	65.4	0.7	1239	103.2	12
2007	13.81	0.5	5.6	28.2	100.6	229.8	251.5	162.2	310.9	259.2	23.2	0	1385.51	115.5	12
2008	0.5	17.9	0	44.9	177.7	295.8	204.8	241.4	241.6	67.1	4.9	0	1296.6	108	12
2009	0	0	0	48.5	140.5	225.7	95.2	98.7	216.4	131.7	53	38.5	1048.2	87.3	12
2010	5.2	0	4.8	90.3	79.6	329.9	279.3	490.9	345.5	31.4	19.4	3.1	1679.4	139.9	12
2011	2.6	22	21.3	52.3	17.6	457.8	339.6	313.3	273.3	117.9	0	0	1617.7	134.8	12
2012	0.7	43	29.4	91.4	110.5	240.1	277.91	326.7	225.6	145.6	0	0.8	1491.71	124.3	12
2013	6.4	0.7	0	12.5	120.4	272	213.6	197.7	358.7	224.8	77.3	4.2	1488.3	124	12
2014	8.5	1	19.8	57.6	367.8	357.8	76.4	158.92	383	79	13.8	0	1523.62	127	12
2015	0	0	7.9	30.3	130.5	148.4	123.4	185.5	54.5	20.8	6.5	9.3	717.1	59.8	12
2016	0	0	8.5	9.8	112.4	134.2	52.3	53.7	81.3	12.3	11.9	44.5	520.9	43.4	12
2017	17.3	0	12.8	39.3	198.2	186.2	203.1	241.7	481.6	94.6	1.9	0	1476.7	123.1	12
2018	0	0	27.9	0	167.3	295.5	92	225	182.3	74.4	3.1	0	1067.5	89	12
2019	0	0	0	0	0								0	0	5
MÍNIMA	0	0	0	0	0	126.3	49.02	0	54.5	0	0	0	0	0	3
MÁXIMA	28.5	82	67	126.5	418.3	516.5	388.5	490.9	517	266.9	262	54.01	2032.4	169.4	12
MEDIA	4.1	5.6	12.1	39.3	133.7	274.1	192.1	228.5	289.9	106.2	31.3	10.9	1261.4	107.9	11.5
DESV.ST	6.5	13.3	15.9	31.9	84.1	93.9	84.2	102.1	99.9	63.9	45.6	14	369	29.6	1.7

EVAPORACIÓN MENSUAL
AÑO	ENE	FEB	MAR	ABR	MAY	JUN	JUL	AGO	SEP	OCT	NOV	DIC	ACUM	PROM	MESES
1965		73	164.3	142.9	153	93.1	113.5	114.3	88.5	90.2	92.3	89.5	1214.6	110.4	11
1966	93.7	103.4	141	115.8	103.2	69.1	77	141.4	86.8	83.4	88.9	88.2	1191.9	99.3	12
1967	111.2	120.4	149	139.1	146.5	106.3	132.4	118.4	105.8	110.3	105.6	84.6	1429.6	119.1	12
1968	108.5	101.6	157.7	134.9	108.3	73.4	126.7	111.8	118.9	110.8	101.5	114.4	1368.5	114	12
1969		134.04	157.47	161.68	149.8	117.26	139.11		118.35	85.13	92.81	105.51	1261.16	126.1	10
1970	109.2	129	164.9	171.2	144.8	122.6		145.5	108.6	89.7	86	105.9	1377.4	125.2	11
1971	108.35	118.2	180.28		40.4	127.29	122.69		80.72	98.22	101.05	106.94	1084.14	108.4	10
1972	118.3	141.7	177.9	187.2	165.1	116.8	114.3	127.5	121.4	117	88.6	111.2	1587	132.2	12
1973	119.4	125.2	188.2	181.2	152.7	121.3	135.5		92.4	101.3	112.5	105.4	1435.1	130.5	11
1974	120.1	129.1	144.7	162.1	137.3	111.6	120.7	138.9	115.8	108.9	111.9	113.9	1515	126.2	12
1975	114.5	136.7	166.9	190.5	162.1	139.5	151.7	148.8	140	113.7	102.9	106.4	1673.7	139.5	12
1976	109.4	125.1	163.1	160.8	146.7	123.7	138	172.5	133.4	109	109.4	92	1583.1	131.9	12
1977	105.2	122.6	183.1	158.8	141	116.9	154.3	150.2	134.3	98.2	89.6	89.4	1543.6	128.6	12
1978	90.7	104.8	143.1	159	170.4	125.1	150.8	166.2	114.3	88	80.8	99.6	1492.8	124.4	12
1979	116.1	111.9	174.9	186.5	144.8	138.8	147.3	140.3	94.1	104.7	84.3	80.1	1523.8	127	12
1980	107.5	100.8	171.2	143.9	170.6	154.6	157.9	131.1	113.9	101.15	79.4	100.2	1532.25	127.7	12
1981	120.4	128.8	127.1	187.7	160.6	141.6	150.6	144.8	133.9	124.2	91.5	94.2	1605.4	133.8	12
1982	109.3	109.9	158.8	150.4	144.7	120.4	144.8	172.7	126.6	111.9	107.1	104.8	1561.4	130.1	12
1983	112.9	107.6	160.5	155.1	158.4	138.8	147.3	144.1	104.19	107.6		98.97	1435.46	130.5	11
1984	106.77	110.8	163.02	176	161.4	154.99	114.99	97.14	112.81	124.37	114.02	108.94	1545.25	128.8	12
1985	118.52	124.38	137.2	145.43	137		103.1	124.75	132.9	116.1	103.4	81.47	1324.25	120.4	11
1986	87.7	123.4	148.28	181.4	148.05	135.94	170.2	150.14		117.65	99.44	103.55	1465.75	133.2	11
1987	115.1	131.1	153.8	116.83	152.9	103.06	85.12	107.92	98.36	96.08	95.97	106.3	1362.54	113.5	12
1988	91.8	104.78	154.54	28.8	112.26	87.97	147.8	97.27	74.58	76.21	84.05	83.13	1143.19	95.3	12
1989	103.88	111.47	136.45	122.89	124.16	101.84	130.76	95.95	73.59	87.22	80.03	84.04	1252.28	104.4	12
1990	109.76	100.74	115.38	137.98	140.27	119.81	128.6	122.89	104.71	83.19	65.29	80.07	1308.69	109.1	12
1991	95.44		148.46			119.66	122.39		99.61	103.28	91.95	89.8	870.59	108.8	8
1992	83.92	80.01	84.55	105.74		145.79	129.1	163.6	114.57	101.92	88.2	93.4	1190.8	108.3	11
1993		97.42	111.45	91.31					125.6	114.11	106.19		646.08	107.7	6
1994			97.1	106.07	125.25	106.28	133.34		102.82				670.86	111.8	6
1995	111.6	106.08		113.47	106.87	102.03							540.05	108	5
2011										51.08	68.71	75.52	195.31	65.1	3
2012	96.77	81.28	128.56	114.91	104.04	97.59	126.05	100.05	88.24	96.64	89.09	88.12	1211.34	100.9	12
2013	99.72	124.11	153.68	162.65	157.13	101.72	131.33	107.65	70.28	98.52	91.54	85.34	1383.67	115.3	12
2014	88.61	105.21	146.41	160.49	83	75.6	141.9	122.42	91.96	97.49	112.85	110.45	1336.39	111.4	12
2015	115.04	125.28	153.41	135.96	128.48	104.13	134.48	119.81	125.16	122.72	109.12	88.48	1462.07	121.8	12
2016	104.17	94.67	111.63	104.11	95.9	86.3	125.87	88.78	89.04				900.47	100.1	9
MÍNIMA	83.92	73	84.55	28.8	40.4	69.1	77	88.78	70.28	51.08	65.29	75.52	195.31	65.1	3
MÁXIMA	120.4	141.7	188.2	190.5	170.6	154.99	170.2	172.7	140	124.37	114.02	114.4	1673.7	139.5	12
MEDIA	106.4	113.1	149.1	143.9	135.7	114.7	131.8	129.9	106.9	101.2	94.7	96.1	1276.4	117	10.8
DESV.ST	10.4	16.5	23.9	34.4	28.5	22.1	19.6	24	19.2	15.4	12.6	11.3	331.7	14.5	2.3

TEMPERATURA MÁXIMA PROMEDIO
AÑO	ENE	FEB	MAR	ABR	MAY	JUN	JUL	AGO	SEP	OCT	NOV	DIC	ACUM	PROM	MESES
1964										22.5	23.2	22.3		22.7	3
1965	22.7	23.7	25.3	26	25.7	24.5	25.5	25	24.7	23.4	23.9	23.2		24.5	12
1966	22.3	23.9	24.3	26.8	27	25.9	26.6	25.9	24.7	24.2	22.3	22.5		24.7	12
1967	23	23.3	24.5	25.8	26.6	25.8	26.4	25.9	25.1	23.8	23.3	24.2		24.8	12
1968	22.7	22.5	24.4	26.4	25.5	24.8	25	25.5	25	24.2	24.9	24.5		24.6	12
1969		24.6	24.6	28.3	24.3	23.2	24		22	21.7	21.5	21.4		23.6	10
1970	21.2	20.8	24	26.4	24.2	23.7	22.8	22.7	22.6	22.1	20	21.7		22.7	12
1971	22	23.1	25.1	24	25.4	23.1	22.9		22.5	22.7	21.5	22.3		23.1	11
1972	22.3	22.1	24.7	26.1	25.2	22.9	23.6	23.4	23.4	23	23.2	21		23.4	12
1973	21.9	22.7	26.6	26.1	25.1	23	22.9		22.3	22.2	22.4	20.1		23.2	11
1974	22.1	21.9	23.4	24.7	24.5	22.4	22.2	23.3	21.6	21.1	21.6	21.4		22.5	12
1975	21.4	23.2	23.9	26.4	25.2	23	22.5	22.9	21.3	21.3	21.4	19.9		22.7	12
1976	19.2	21	24.8	25.5	24.2	22.2	23.2	23.7	22.7	21.6	20.2	20.8		22.4	12
1977	21.5	22	24.9	24.1	23.9	22.5	23.7	22.7	22.9	22.1	21.7	21.2		22.8	12
1978	20.4	21.3	23.3	25.3	25.8	23	22.5	23.4	22	21.3	22.1	21.4		22.6	12
1979	20.8	22.1	24.1	24.8	24.6	22.5	23.2	23	20.9	22.1	20.8	20.7		22.5	12
1980	22.1	22	24.6	23.9	25.9	23.8	23.8	23.4	22.2	21.9	20.8	19.9		22.9	12
1981	20.2	22.2	24.7	24.8	24.9	22.3	23.1	22.9	22.2	22.1	21.2	21.9		22.7	12
1982	22.3	23.2	25.1	25.6	23.8	23.2	23.5	23.6	22.5	21.7	21.6	21.5		23.1	12
1983	20.9	21.4	23.2	25.1	26.9	24.1	24	23.7	23.1	22.3		21.9		23.3	11
1984	21.2	22.3	24.3	26.5	24.1	22.5	21.7	22.2	21.9	22.6	21.5	21.3		22.7	12
1985	20.9	22.2	24.1	23.5	25	22.9	22.5	23.2	22.5	22.2	21.6	21.7		22.7	12
1986	20.4	23.1	23	26	24.1	23.5	24.1	23.4		22.5	22.4	21.9		23.1	11
1987	21.8	23.5	24.4	24.2	25.4	23.9	23.7	23.6	23.7	21.1	22.5	22.7		23.4	12
1988	21.3	23.2	24.7	26.2	25.7	23.2	23.6	22.9	22.5	22.1	22.3	21.7		23.3	12
1989	22.4	21.6	23	25.1	24.2	22.6	23.6	23.1	21.1	21.4	22.4	20.9		22.6	12
1990	21.8	23.4	23.8	24.9	24.4	23.7	23.1	23.5	22.5	22.2	21.7	22.9		23.2	12
1991	22.2	23.4	25.7	26.5	24.5	23.7	23.8	23.4	23.2	22.2	21.9	21.2		23.5	12
1992	21.1	22.5	23.9	24.4	23.4	24.7	24	23.6	23.6	23.4	22.6	22.3		23.3	12
1993	23.2	23.9	24.9	26.6	26.9	24.5	23.8	24.1	23.3	22.6	22.8	22.8		24.1	12
1994	23	23.6	25.8	26	24.1	23.4	23.7	23.7	24.1	23.8	23.2	24.4		24.1	12
1995	23	24.2	25.3	25.6	24.5	23.4	23.8	22.6	22.6					23.9	9
1996							24.1	23	23.4	22.3	22.1	22.1		22.8	6
1997	23	22.1	25.6	27.6	27.2							21.9		24.6	6
2001						22.7	24.1	24.1	23.9	22.6	21.8	22.1		23	7
2002	23.1	21.8	24.9	25.4	26	24	24.3	24.9	23.6	23.8	23.4	22.2		24	12
2003	21.5	24.4	25.1	28.4	26.4	24	24.1	24	23.9	23.2	24.3	20.9		24.2	12
2004	23.6	24.6	25	27	24.8	25.4	24.3	25.5	23.5	24.5	23.6	22.6		24.5	12
2005	22.3	23.7	26.3	27.2	24.6	23.2	22.4	23	22.4	21	20.3	27.5		23.7	12
2006	28.7	29.7	30.9	33.6	31.9	22.3	22.5	22.8	21.7	22.2	20.4	21		25.6	12
2007	22.7	22.1	23	24	23.2	22.2	22.3	22.3	21.6	20	20	21.8		22.1	12
2008	19.6	22.1	22.9	24.4	24.5	21.1	22.4	22.7	22	20	20	21.1		21.9	12
2009	21.2	22	22.9	25	23.1	22.1	23.5	24	23.4	23.6	21.3	21.7		22.8	12
2010	20.5	21.1	24.2	25.3	25.3	23.8	23.6	23.4	21.7	21.3	21.5	19.8		22.6	12
2011	21.5	23.2	23.3	25.9	27.1	24.2	23.4	23.5	23.1	21.2	21.8	23.9		23.5	12
2012	23.1	23.2	23.9	25.1	24.5	23.5	24	23.6	23.5	22.8	21.8	23.3		23.5	12
2013	22.2	24.9	25.5	27.7	26.4	23.6	23.6	24.1	22.5	23.3	23.5	21.9		24.1	12
2014	22.3	21.3	24.1	24.6	24.2	23.7	24.6	24.3	24.3	24.4	22.5	21		23.4	12
2015	22.7	20.8	22.3	23.8	24.6	23.9	25.1	25.6	25	24.1	24.4	22.4		23.7	12
2016	21.3	22.8	24.7	25.4	25.5	25.8	24.5	24.7	24.8	24.5	23.4	23		24.2	12
2017	23.9	25.1	25.3	25.6	25	24.5	24.9	25.1	24.2	24	23.6	22.5		24.5	12
2018	21.3	24.4	24.6	24.9	25.1	24.6	25.4	25.2	24.9	24.6	24.1	20		24.1	12
2019	24.6	24	24.4	24.6	25.6									24.6	5
MÍNIMA	19.2	20.8	22.3	23.5	23.1	21.1	21.7	22.2	20.9	20	20	19.8		21.9	3
MÁXIMA	28.7	29.7	30.9	33.6	31.9	25.9	26.6	25.9	25.1	24.6	24.9	27.5		25.6	12
MEDIA	22	22.9	24.5	25.7	25.2	23.5	23.7	23.7	23	22.5	22.2	22		23.4	11.2
DESV.ST	1.5	1.5	1.3	1.6	1.4	1	1	1	1.1	1.2	1.2	1.4		0.8	2

TEMPERATURA MÁXIMA EXTREMA
AÑO	ENE	FEB	MAR	ABR	MAY	JUN	JUL	AGO	SEP	OCT	NOV	DIC	ACUM	PROM	MESES
1964										30	25.5	25.5		27	3
1965	26.5	26.5	29	28	28	27	28	27	27	26.5	27	27		27.3	12
1966	25.5	27.5	29.5	29.5	30	28.5	29.5	28.5	27.5	27.5	26.5	25.5		28	12
1967	25	26.5	27	29	29.5	29.5	29	29	29	27	28.5	27		28	12
1968	26	26	28	28	28	26.5	28	27	27	27.5	28	28		27.3	12
1969		33	28	35	29	25	31		24	24	24.5	25		27.9	10
1970	24	26	33	30	28	26	25	24	26	24	24	25		26.2	12
1971	25	27	28	29	29	26	25		24	24	23	24		25.8	11
1972	25	25	28	28	28	26	27.5	25.5	25.5	25.5	25	24.5		26.1	12
1973	26	25.5	30.5	29	28	25.5	25		24.5	24.5	25.5	23.5		26.1	11
1974	24.5	25	26	27	29	25.5	24.5	27	24	23	24.5	24.5		25.4	12
1975	24.5	25	27	28	29.5	25	26.5	26	23	23	24	22		25.3	12
1976	23	24.5	28	28	28	25	27	25	25	24	25.5	24		25.6	12
1977	29	25	31	29	27	26	25	26	28	24	24	25.5		26.6	12
1978	23.5	26	28	28	29	25.5	24.5	25.5	25	24	23.5	24		25.5	12
1979	24.5	25.5	27	28.5	28	25	27	25	24	24	24	24		25.5	12
1980	25	25	29	28	29	27	26	26	28	25	23	24		26.2	12
1981	23	26	28	28.5	28	26	28	26	25.5	27	24	24		26.2	12
1982	24	29	30.5	29.5	28	25.5	25	26.5	24.5	24	24.5	24		26.2	12
1983	24	25	26	29	30	26.5	28	25.5	24.5	25		24		26.1	11
1984	24	25	29	30	29.5	24	23	23	24	24.5	26	24		25.5	12
1985	24	25.5	29	27	29	25	25	25	25	24	24	25		25.6	12
1986	23	25	26	30	28	26.5	27	26		24.5	25	24		25.9	11
1987	28	27	30	27	27.5	26.5	26.5	26	26	24	26	25		26.6	12
1988	25	26.5	27.5	28.5	30	27	25.5	24.5	24.5	24	24.5	24		26	12
1989	25	25	26	27	27.5	24.5	27	26	25.5	24	24	25		25.5	12
1990	26.5	26.5	26	27.5	26.5	26.5	25	26	24.5	24.5	24	26		25.8	12
1991	25	26.5	28.5	28.5	27	26.5	26.5	25.5	26	24.5	24.5	24.5		26.1	12
1992	24.5	25.5	29	28.5	28	28.5	25.5	25.5	25.5	25.5	25	24.5		26.3	12
1993	25.5	26	28.5	28.5	28.5	31	26.5	26.5	25	28.5	25	25.5		27.1	12
1994	24.5	25	28.5	28.5	26.5	24.5	26	26.5	26	26	25	27.5		26.2	12
1995	25	29	28.5	28.5	26.5	27	26	24.5	25					26.7	9
1996							26	25	25	25	25	25		25.2	6
1997	25	26	29	30	31							28		28.2	6
2001						26	26	27	27	27	25	26		26.3	7
2002	26.5	28.5	29	29.5	29.5	28.5	26.5	28	28.5	26	26	25.5		27.7	12
2003	25.5	27	29	31	31.5	27	25.5	27	25	26	26.5	25		27.2	12
2004	29	28	28	30.5	28	27.5	28.5	27.5	26.5	26.5	27.5	26		27.8	12
2005	25	26.5	29.5	30	29	27	26	26	24.5	24	24	30.5		26.8	12
2006	32	32.5	34.5	35.5	35.5	24.5	24.5	25	23	29.5	24	22.5		28.6	12
2007	25.5	25.5	27	26.5	26.5	24	24	24.5	23.5	23.5	23.5	24		24.8	12
2008	23	24.5	26.5	26.5	28.5	24	25	28	25.5	22.5	24	23.5		25.1	12
2009	24.5	26.5	26	29	27.5	25.5	26	25.5	25.5	26	25.5	24.5		26	12
2010	25	25	28	28.5	28	27.5	26.5	26.5	25	25	25.5	23.5		26.2	12
2011	25	25.5	27.5	29	28	26.5	25.5	26.5	25.5	25	25.5	27		26.4	12
2012	25.5	26.5	26.5	29	27.5	26	26	26	27	25.5	25	27		26.5	12
2013	27	27.5	29.5	31	28.5	27	25.5	26	26	25.5	25	23.5		26.8	12
2014	24	22.5	27	26.5	26.5	26.5	26	27	26.5	26	26	23.5		25.7	12
2015	25	22.5	24.5	25.5	26	25.5	26.5	26.5	26.5	26	26	24		25.4	12
2016	23	26	26	27	27	27	26.5	25.5	26.5	26.5	25.5	26		26	12
2017	26.5	26.5	27	28	27	27	26.5	27	26	26	27	26.5		26.8	12
2018	23.5	26	28	26.5	27.5	26	26.5	26.5	27	26	25.5	24		26.1	12
2019	26	26	26	26	27.5									26.3	5
MÍNIMA	23	22.5	24.5	25.5	26	24	23	23	23	22.5	23	22		24.8	3
MÁXIMA	32	33	34.5	35.5	35.5	31	31	29	29	30	28.5	30.5		28.6	12
MEDIA	25.2	26.2	28.1	28.7	28.4	26.3	26.2	26.1	25.6	25.3	25.1	25		26.4	11.2
DESV.ST	1.7	1.9	1.8	1.9	1.6	1.4	1.5	1.1	1.4	1.6	1.2	1.5		0.9	2

TEMPERATURA MÍNIMA PROMEDIO
AÑO	ENE	FEB	MAR	ABR	MAY	JUN	JUL	AGO	SEP	OCT	NOV	DIC	ACUM	PROM	MESES
1964										10.2	11.3	11.2		10.9	3
1965	10.1	8.4	8.3	9.7	11.6	15	14.1	13.3	13.1	13.5	10.4	9.1		11.4	12
1966	7.5	8.4	9.6	11.8	13.1	14.1	13.3	12.9	13.6	13.1	9	6.6		11.1	12
1967	7.1	7.2	9.3	9.4	11.9	14.5	12.5	12.2	13.3	13.3	9.5	8.1		10.7	12
1968	7.3	5.5	7.4	10	13.8	14	13.1	13.6	12.7	12.1	8.1	8.2		10.5	12
1969		7.8	9.9	10.8	11.6	11.8	12.2		13.3	10.4	8.8	6.8		10.3	10
1970	5.7	6.7	7.6	9.7	10.7	12.6	13	11.9	12.7	11.6	6.4	6		9.6	12
1971	5.2	5.3	7.6	6.9	11.1	10.9	11.4		11.9	10.6	8.8	7.3		8.8	11
1972	6.6	5.5	7.2	9.6	10.2	13.5	11.9	11.6	11.4	9.6	9.5	6.9		9.5	12
1973	3.8	6.2	7.9	9.6	12.3	12.1	10.8		12.1	12	9.4	4.2		9.1	11
1974	6.8	6.8	7.3	9.8	10.8	12.7	11.2	12.1	12	10.2	7.6	7		9.5	12
1975	5.7	6	8.2	9.3	11.2	11.9	10.6	11.3	11.4	11	8.1	5.8		9.2	12
1976	5.7	4.9	7.6	8.4	9.9	11.5	11.5	11.4	10.9	10	10.2	7.1		9.1	12
1977	4.5	6.6	7	9.2	10.6	12	12.1	11.3	11.9	10.6	7.7	7.6		9.3	12
1978	4.9	6.1	7.6	9.2	10.2	13.4	12.5	12.5	11.8	10.1	9.4	7.1		9.6	12
1979	5.5	6.2	8.6	9	12	13.5	12.2	13	13	10.9	8.3	6.9		9.9	12
1980	5.1	6.6	8.1	9.5	11.9	13.2	12.5	12	12.7	10.8	6.9	6.4		9.6	12
1981	3.6	7	8.6	10.8	12.1	14.1	12.3	13.1	12.8	11.3	6.5	6.8		9.9	12
1982	6.1	8.1	7.3	9.2	11.6	13.9	11.7	12	13.1	10.9	7.7	5.6		9.8	12
1983	5.5	6.4	5.4	8.3	10.9	13.5	12.7	12	12.7	10.1		6.9		9.5	11
1984	5	4.8	6	7	10.9	10.3	10.4	11.1	11.6	10.5	4	6.2		8.2	12
1985	3.6	6.5	8.3	8.2	9.5	11.9	10.8	10.9	10.5	9.7	8.5	6.8		8.8	12
1986	4.9	5.3	5.4	7	11.5	12.1	11.4	11.5		9.9	8.5	6.9		8.6	11
1987	3.3	4.6	6.8	7.6	9.8	13.7	12.5	12.2	12.2	7.8	6.3	5.6		8.5	12
1988	6.4	6.3	7.5	8.7	11.2	13.2	12.2	12.1	11.6	10.1	6.6	5.8		9.3	12
1989	6.1	5.1	4.5	8.1	9.8	11.5	11.3	11.3	12.2	9.7	8.4	5.7		8.6	12
1990	6.9	6	6.4	9.4	10.1	12.3	10.7	11.5	11.9	9.6	6.9	5.2		8.9	12
1991	4.9	4	4.2	8	10	11.4	10.9	10.5	11.2	9.9	6.9	7.7		8.3	12
1992	6	7.6	6.2	8.9	7.3	11.7	10.3	10.8	10.1	10.5	8.4	8		8.8	12
1993	7.3	2.8	4.3	8.7	7.1	11	11.2	11.3	11.1	10.5	8.5	6.7		8.4	12
1994	4.8	4.2	6.5	7.8	9.4	10.9	10.1	11.7	10.8	10	7.9	4.5		8.2	12
1995	4.4	4	5.6	10.4	9.5	12.4	10.6	12.4	12.9					9.1	9
1996							10.3	10	9.6	9.7	8.2	8.2		9.3	6
1997	9.8	12.5	13	14.2	14.8							7.2		11.9	6
2001						12.7	12.1	13.1	12.9	11.4	10.4	8.9		11.6	7
2002	7.5	8.4	8.3	9.5	11.5	11.8	12	11	12.6	11	9.6	8		10.1	12
2003	6.7	7.2	8.2	9.7	11.9	12.4	11.9	11.6	10.9	11.1	8.8	4.5		9.6	12
2004	6.6	5.2	9	8.7	11.5	11	11.8	11.9	12.2	11.5	8.3	7.3		9.6	12
2005	6.3	7.5	10.3	10.8	12	11.9	11.5	12.1	11.4	9.3	7.5	15.8		10.5	12
2006	13.9	14.6	15.6	17.5	18.6	11.4	11.7	11.2	11.4	11.3	7.3	7.5		12.7	12
2007	8.2	5.8	7	8.7	9.1	10.5	10.9	11.5	11.3	10.1	8.3	6.5		9	12
2008	6.2	7.1	7.2	8.8	11.2	12.8	12	10.8	12.4	11	5.8	6.6		9.3	12
2009	5	6.1	6	9.8	11.1	11.7	11.2	12.5	11.9	10.5	8	7.5		9.3	12
2010	4.9	7.1	7.3	10.8	12.1	12.4	13	13.3	13.2	9.5	7.4	3.9		9.6	12
2011	6.7	6.7	8	9.6	11.4	11.2	11.9	11.4	11.9	9.8	8.8	4.4		9.3	12
2012	6.1	8.4	8.8	8.2	11.2	11.9	10.8	11	10.9	9.6	6.6	6.7		9.2	12
2013	7.6	8.2	7.5	10.7	12.4	12.5	11.7	10.4	12	11.9	10.8	10.4		10.5	12
2014	11.2	10	11.1	12	12.4	11.1	12	11.9	12.8	12.4	9.1	7		11.1	12
2015	7.7	6.8	11.7	12.8	11.5	10.9	11.8	10.5	11.4	6.4	6.4	3.4		9.3	12
2016	3.3	5.8	11.5	12.8	13.2	13.2	13.8	13.8	13.3	11.5	9.4	9.1		10.9	12
2017	6.5	10.8	11.9	11.9	11.4	10.4	11	10.8	12.3	11	7.6	4.9		10	12
2018	6.7	7.8	11.5	12.8	12.7	11.2	13.1	13.3	12.4	12	10.9	3.6		10.7	12
2019	6.7	6.8	10.3	10.5	13.6									9.6	5
MÍNIMA	3.3	2.8	4.2	6.9	7.1	10.3	10.1	10	9.6	6.4	4	3.4		8.2	3
MÁXIMA	13.9	14.6	15.6	17.5	18.6	15	14.1	13.8	13.6	13.5	11.3	15.8		12.7	12
MEDIA	6.3	6.8	8.1	9.8	11.3	12.3	11.8	11.8	12	10.6	8.2	6.9		9.7	11.2
DESV.ST	2	2.1	2.3	1.9	1.8	1.2	0.9	0.9	0.9	1.2	1.4	2		1	2

TEMPERATURA MÍNIMA EXTREMA
AÑO	ENE	FEB	MAR	ABR	MAY	JUN	JUL	AGO	SEP	OCT	NOV	DIC	ACUM	PROM	MESES
1964										5	7	6		6	3
1965	5	3	3	4	7	11	8	9	7	6	4.5	3.5		5.9	12
1966	1.5	5.5	6	9	10	10.5	9.5	8.5	10	9	2	-0.8		6.7	12
1967	2.5	0.5	4.5	6	8.5	11	9	9	9	10.5	2.5	4		6.4	12
1968	4	0.1	2	5	9	9.5	10	10	9.5	6	0	3.5		5.7	12
1969		1.5	3	7	6	6	5		8	6	3	2		4.8	10
1970	-1	3	3	5	7	9	10	7	8	6.5	2	2		5.1	12
1971	2	2	2	0	7	4	6		7	6	3	2		3.7	11
1972	3	2	4	5	6	10.5	7.5	7.5	6	4.5	6.5	1.5		5.3	12
1973	1	1	4	5.5	9	8.5	5.5		8	9	4.5	1		5.2	11
1974	3	1	2	6	7	9.5	7	7	7	4	3.5	2		4.9	12
1975	1	2.5	4	6	7.5	7	5	6	8	5	1	1		4.5	12
1976	1	-5	4	5	7	8	7	9	8	6	5.5	2		4.8	12
1977	1	2	3	3	5	7	9	8	8	5	1	1		4.4	12
1978	1	2	3	3	5	10	6	7.5	8	-1	4	1		4.1	12
1979	1.5	1	4	4	7	9	8	7	10	7	3	2		5.3	12
1980	1	2	3	4	8	10	9	9	9	6	3	1		5.4	12
1981	-1	2	4	3	7	11	8.5	8	9.5	2	2	1		4.8	12
1982	1	2	1.5	3.5	8	12	7	8	10	7	3	-2		5.1	12
1983	-2	0	-0.1	6	5	10	8	8	8.5	3		1		4.3	11
1984	1	1	1	2	7	7	7	8	10	7	-2	-1		4	12
1985	-2	1	5	2	5	6	6	7	6	6	4	2		4	12
1986	2	1	1	3	6	8	3.5	7.5		3.5	-1	1		3.2	11
1987	1	1	4	3	4.5	10	7	6	9	2	1	1		4.1	12
1988	1	1.5	1	4	6.5	10	10	7	6	4.5	2	0		4.5	12
1989	1.5	-4	-3.5	5	6	8.5	7.5	5.5	9.5	4.5	4.5	-1		3.7	12
1990	3	3	1.5	6	7.5	8	7.5	7.5	9	5.5	1.5	1		5.1	12
1991	2.5	-2	-3.5	5.5	7.5	8.5	6.5	6	7.5	6.5	-2	2		3.8	12
1992	1	1	2	4	3.5	6.5	7	6	8	6	5.5	1		4.3	12
1993	2	1	1	6	5	4.5	7.5	7.5	8.5	7.5	3	1		4.5	12
1994	-1	1	1	5	5	7	6.5	9	8	6	2.5	1		4.2	12
1995	1	1	1	6	6.5	9.5	6.5	8	11					5.6	9
1996							7	7	7	7	7	6		6.8	6
1997	8	8.5	10	12	12							3		8.9	6
2001						11	9.5	9	10.5	8	6	5.5		8.5	7
2002	-0.5	4.5	6	7	10	10	8.5	5	10	6	5	4		6.3	12
2003	4	4	4	3.5	10	10.5	8	8	8	8	4.5	2		6.2	12
2004	2	3.5	7	3.5	8.5	9.5	9	8.5	10	7	1	3		6	12
2005	2.5	3	8	7	10	9.5	10	11	10	4.5	-1	13.5		7.3	12
2006	10.5	10	13.5	14.5	16.5	6	7	8.5	9.5	7	-0.5	0.5		8.6	12
2007	5.5	2	2.5	5	6	9	8.5	9	10	2.5	0	2		5.2	12
2008	4	4.5	4	4.5	6.5	11	8.5	8	8.5	6.5	2	0.5		5.7	12
2009	0	3	-1	6	8	9	8.5	9.5	9	6	3	2.5		5.3	12
2010	1	3.5	4.5	8.5	6.5	8.5	10	11.5	11.5	6.5	2.5	0.5		6.2	12
2011	2.5	4.5	3.5	7	8.5	7	10	8	8.5	1.5	1.5	0.5		5.2	12
2012	2.5	4	4	2	8.5	8.5	6	7	7	0.5	1.5	1		4.4	12
2013	5.5	4	0.1	4.5	9	10	8.5	7	8	9.5	0	8		6.2	12
2014	10	4.5	2	7.5	10	10	8	7.5	11	8.5	5.5	4		7.4	12
2015	3	2	8	11.5	8.5	7.2	8	8	8	3	3	2		6	12
2016	-1.5	-1	10	10	10.5	12	12.5	12.5	12	7	1.54	5		7.5	12
2017	0	5	10	8.5	8.5	8	9	8	10	1	2.5	-1		5.8	12
2018	2	2	8.5	10.5	11	6.5	12	12	11	11	1	-1		7.2	12
2019	2	3	7	7	12									6.2	5
MÍNIMA	-2	-5	-3.5	0	3.5	4	3.5	5	6	-1	-2	-2		3.2	3
MÁXIMA	10.5	10	13.5	14.5	16.5	12	12.5	12.5	12	11	7	13.5		8.9	12
MEDIA	2.1	2.2	3.7	5.6	7.7	8.8	7.9	8.1	8.8	5.7	2.6	2		5.5	11.2
DESV.ST	2.6	2.5	3.3	2.8	2.3	1.9	1.7	1.6	1.4	2.5	2.2	2.6		1.3	2

TEMPERATURA MEDIA MENSUAL
AÑO	ENE	FEB	MAR	ABR	MAY	JUN	JUL	AGO	SEP	OCT	NOV	DIC	ACUM	PROM	MESES
1964										16.4	17.2	16.8		16.8	3
1965	16.4	16	16.8	17.9	18.6	19.8	19.8	19.1	18.9	18.4	17.1	16.1		17.9	12
1966	14.9	16.1	17	19.3	20	20	20	19.4	19.1	18.6	15.7	14.6		17.9	12
1967	15.1	15.2	16.9	17.6	19.2	20.1	19.4	19	19.2	18.6	16.4	16.1		17.7	12
1968	15	14	15.9	18.2	19.6	19.4	19	19.6	18.9	18.1	16.5	16.4		17.6	12
1969		16.2	17.2	19.6	18	17.5	18.1		17.6	16	15.2	14.1		17	10
1970	13.4	13.8	15.8	18	17.4	18.1	17.9	17.3	17.6	16.9	13.2	13.8		16.1	12
1971	13.6	14.2	16.4	15.4	18.2	17	17.1		17.2	16.6	15.2	14.8		16	11
1972	14.4	13.8	15.9	17.9	17.7	18.2	17.8	17.5	17.4	16.3	16.4	13.9		16.4	12
1973	12.8	14.4	17.2	17.9	18.7	17.6	16.9		17.2	17.1	15.9	12.2		16.2	11
1974	14.5	14.3	15.3	17.2	17.6	17.5	16.7	17.7	16.8	15.7	14.6	14.2		16	12
1975	13.5	14.6	16	17.9	18.2	17.4	16.6	17.1	16.4	16.1	14.8	12.8		15.9	12
1976	12.4	12.9	16.2	17	17	16.9	17.4	17.6	16.8	15.8	15.2	13.9		15.8	12
1977	13	14.3	15.9	16.6	17.2	17.2	17.9	17	17.4	16.4	14.7	14.4		16	12
1978	12.6	13.7	15.4	17.2	18	18.2	17.5	18	16.9	15.7	15.8	14.2		16.1	12
1979	13.2	14.2	16.4	16.9	18.3	18	17.7	18	17	16.5	14.6	13.8		16.2	12
1980	13.6	14.3	16.4	16.7	18.9	18.5	18.1	17.7	17.4	16.4	13.9	13.1		16.2	12
1981	11.9	14.6	16.6	17.8	18.5	18.2	17.7	18	17.5	16.7	13.8	14.3		16.3	12
1982	14.2	15.6	16.2	17.4	17.7	18.6	17.6	17.8	17.8	16.3	14.7	13.6		16.5	12
1983	13.2	13.9	14.3	16.7	18.9	18.8	18.4	17.9	17.9	16.2		14.4		16.4	11
1984	13.1	13.6	15.2	16.8	17.5	16.4	16	16.6	16.8	16.6	12.8	13.8		15.4	12
1985	12.2	14.3	16.2	15.8	17.2	17.4	16.6	17	16.5	15.9	15.1	14.2		15.7	12
1986	12.6	14.2	14.2	16.5	17.8	17.8	17.8	17.4		16.2	15.4	14.4		15.8	11
1987	12.6	14.1	15.6	15.9	17.6	18.8	18.1	17.9	18	14.5	14.4	14.1		16	12
1988	13.9	14.8	16.1	17.4	18.4	18.2	17.9	17.5	17	16.1	14.4	13.8		16.3	12
1989	14.2	13.4	13.8	16.6	17	17	17.5	17.2	16.6	15.5	15.4	13.3		15.6	12
1990	14.4	14.7	15.1	17.1	17.2	18	16.9	17.5	17.2	15.9	14.3	14		16	12
1991	13.6	13.7	14.9	17.2	17.2	17.6	17.4	17	17.2	16	14.4	14.4		15.9	12
1992	13.6	15.1	15	16.6	15.3	18.2	17.1	17.2	16.9	17	15.5	15.2		16.1	12
1993	15.2	13.3	14.6	17.6	17	17.8	17.5	17.7	17.2	16.6	15.7	14.8		16.2	12
1994	13.9	13.9	16.1	16.9	16.8	17.1	16.9	17.7	17.5	16.9	15.6	14.4		16.1	12
1995	13.7	14.1	15.4	18	17	17.9	17.2	17.5	17.8					16.5	9
1996							17.2	16.5	16.5	16	15.2	15.2		16.1	6
1997	16.4	17.3	19.3	20.9	21							14.5		18.2	6
2001						17.7	18.1	18.6	18.4	17	16.1	15.5		17.3	7
2002	15.3	15.1	16.6	17.4	18.8	17.9	18.1	18	18.1	17.4	16.5	15.1		17	12
2003	14.1	15.8	16.6	19	19.1	18.2	18	17.8	17.4	17.1	16.6	12.7		16.9	12
2004	15.1	14.9	17	17.9	18.1	18.2	18	18.7	17.9	18	16	15		17.1	12
2005	14.3	15.6	18.3	19	18.3	17.6	17	17.6	16.9	15.2	13.9	21.6		17.1	12
2006	21.3	22.1	23.2	25.6	25.2	16.9	17.1	17	16.6	16.8	13.8	14.2		19.1	12
2007	15.4	14	15	16.4	16.1	16.4	16.6	16.9	16.5	15.1	14.2	14.2		15.6	12
2008	12.9	14.6	15	16.6	17.9	17	17.2	16.8	17.2	15.5	12.9	13.9		15.6	12
2009	13.1	14.1	14.4	17.4	17.1	16.9	17.4	18.2	17.6	17	14.7	14.6		16	12
2010	12.7	14.1	15.8	18	18.7	18.1	18.3	18.4	17.4	15.4	14.4	11.8		16.1	12
2011	14.1	14.9	15.7	17.8	19.2	17.7	17.6	17.4	17.5	15.5	15.3	14.1		16.4	12
2012	14.6	15.8	16.4	16.6	17.9	17.7	17.4	17.3	17.2	16.2	14.2	15		16.4	12
2013	14.9	16.5	16.5	19.2	19.4	18	17.6	17.2	17.2	17.6	17.1	16.1		17.3	12
2014	16.8	15.7	17.6	18.3	18.3	17.4	18.3	18.1	18.6	18.4	15.8	14		17.3	12
2015	15.2	13.8	17	18.3	18	17.4	18.5	18	18.2	15.2	15.4	12.9		16.5	12
2016	12.3	14.3	18.1	19.1	19.4	19.5	19.1	19.2	19	18	16.4	16		17.5	12
2017	15.2	18	18.6	18.8	18.2	17.4	18	18	18.2	17.5	15.6	13.7		17.3	12
2018	14	16.1	18	18.9	18.9	17.9	19.2	19.2	18.6	18.3	17.5	11.8		17.4	12
2019	15.7	15.4	17.4	17.6	19.6									17.1	5
MÍNIMA	11.9	12.9	13.8	15.4	15.3	16.4	16	16.5	16.4	14.5	12.8	11.8		15.4	3
MÁXIMA	21.3	22.1	23.2	25.6	25.2	20.1	20	19.6	19.2	18.6	17.5	21.6		19.1	12
MEDIA	14.2	14.9	16.3	17.8	18.3	17.9	17.7	17.8	17.5	16.6	15.2	14.4		16.6	11.2
DESV.ST	1.6	1.5	1.5	1.5	1.4	0.8	0.8	0.7	0.7	1	1.1	1.5		0.8	2
