COMISIÓN NACIONAL DEL AGUA
COORDINACIÓN GENERAL DEL SERVICIO METEOROLÓGICO NACIONAL
BASE DE DATOS CLIMATOLÓGICA NACIONAL 

ESTADÍSTICA MENSUAL
EMISIÓN   : 25/10/2024 

DATOS DISPONIBLES EN LA BASE DE DATOS A: OCTOBER DE 2024; 
CON LA INFORMACIÓN SUMINISTRADA POR LAS UNIDADES ADMINISTRATIVAS 

 ESTACIÓN  : 7169 
 NOMBRE    : TUMBALA (CFE) 
 ESTADO    : CHIAPAS 
 MUNICIPIO : TUMBALÁ 
 SITUACIÓN : OPERANDO 
 CVE-OMM   :   
 LATITUD   : 17.26666667 ° 
 LONGITUD  : -92.3 ° 
 ALTITUD   : 1063 msnm 


LLUVIA MÁXIMA 24 H.
AÑO	ENE	FEB	MAR	ABR	MAY	JUN	JUL	AGO	SEP	OCT	NOV	DIC	ACUM	PROM	MESES
1961										150	28	66	244	81.3	3
1962	26		24	72	51	91	65	43	71	90	36	20	589	53.5	11
1963	39	78	51	37	64	39	74	91	91	64	182	18	828	69	12
1964	50	18	71	28	77			137	122	65	77	129	774	77.4	10
1965	62	38	48	40	18	110	70	70	107		40	49	652	59.3	11
1966	60	78	61	18	28	115	63	28	65	108	48	27	699	58.2	12
1967	40	48	16	37	51	47	42	43	86	229	38	20	697	58.1	12
1968	30	28	14	22	72	40	71	100	76	69	70	116	708	59	12
1969	42	76	43	25	66	144	63	59	96	78	93	34	819	68.2	12
1970	83	21	14	11	83	117	68	82	50	80	90	18	717	59.8	12
1971	33	55	80	52	70	93	75	55	80	85	110	40	828	69	12
1972	100	65	83	16	90	73	120	50	90	60	128	72	947	78.9	12
1973	20	33	8	25	123	80	40	252	100	75	120	137	1013	84.4	12
1974	26	80	8	90	35	100	52	45	212	107	180	40	975	81.2	12
1975	100	20	21	3	36	40	29	64	93	180	122	35	743	61.9	12
1976	94	32	23	18	50	68	84	80	121	91	89	82	832	69.3	12
1977	32	28	18	30	41	48	49.9	71	79	74.5	110	85	666.4	55.5	12
1978	62	26	35	35	108	65	112	46			104	112	705	70.5	10
1979	85	94	32	15	60	111	64	80	53	73	92	68	827	68.9	12
1980	45	87	22	55	62	105	100	100	56	48	60	52	792	66	12
1981	28	68	46	37	48		89	92	72	42	29	87	638	58	11
1982	43	73	40	65	55	56	80	54	91	70	100	62	789	65.8	12
1983	42	35	5	15	22	40	139	98	75	85	85	29	670	55.8	12
1984	64	29	20	20	91	63	80	53	67	67	60	103	717	59.8	12
1985	50	75	30	40	74	60	113	93	95	92	20	125	867	72.2	12
1986	70	35	0	0	145	123	60	95	55	60	50	100	793	66.1	12
1987	10	15	20	4	47	65	73	82	80	73	85	150	704	58.7	12
1988	110	60	12	30	27			116	56	141	103	60	715	71.5	10
1989	84	73	14	29	118	76		63	181	170	97	48	953	86.6	11
1990	61	40	53	43	26.5	64	53	75	85	81	170	160	911.5	76	12
1991	29	66	21	7.5	28	131	100	41	70	74	113	111	791.5	66	12
1992	48	63	45	36	25	120	69	65	78	76	78	84	787	65.6	12
1993	51	54	60	46	28	148	58.5	81	56	58	33	43	716.5	59.7	12
1994	53	89	36.5	21.5	41	68	61	42	68	92	57.5	30	659.5	55	12
1995	25	56.5	11	17	28	84	87	72	74	68	33	30	585.5	48.8	12
1996	65	45	15	36	23	60	65.5	62	133	85	90	31	710.5	59.2	12
1997	22	70	31	61	23.5	97.5	75	67	64	220	71	52	854	71.2	12
2011								118.5	134.5	148.8	75	53	529.8	106	5
2012	120									28.3	32	200	380.3	95.1	4
2013											80	80	160	80	2
2014	135	6	40.5	80	25.1	60.5	28.4	160	108	129.9	88	71	932.4	77.7	12
2015	218.5	24	30	9.9									282.4	70.6	4
2018										123.5	70.1	160.5	354.1	118	3
2019	30	76.5	54	4.5	94.3	50	37.7	64	109.2				520.2	57.8	9
MÍNIMA	10	6	0	0	18	39	28.4	28	50	28.3	20	18	160	48.8	2
MÁXIMA	218.5	94	83	90	145	148	139	252	212	229	182	200	1013	118	12
MEDIA	59.7	51.5	32.2	31.6	56.7	81.5	71.7	79.2	89.5	95.2	81.8	73.6	706.3	69.3	10.5
DESV.ST	39.2	24.2	20.8	21.5	32	31.3	25.1	39.6	33.8	45.4	39.5	45.3	191.1	13.8	2.9

LLUVIA TOTAL MENSUAL
AÑO	ENE	FEB	MAR	ABR	MAY	JUN	JUL	AGO	SEP	OCT	NOV	DIC	ACUM	PROM	MESES
1961										575.61	105.18	147	827.79	275.9	3
1962	112		72	416	197	352	399	362	553	761.31	179	64	3467.31	315.2	11
1963	159	173	175	89	221	178	579	699	597	312.05	462.1	114.07	3758.22	313.2	12
1964	143.09	67.07	149.04	46.03	476.03			584.04	596.04	326.08	313.38	554.05	3254.85	325.5	10
1965	296.12	98.07	98.12	82.01	41.07	437.02	365.07	405.02	715		300.08	265.07	3102.65	282.1	11
1966	198.06	129.04	177.04	44.01	139.05	642.02	379.02	183	542.01	548.03	213.03	83.02	3277.33	273.1	12
1967	204.64	171.02	66.02	75.04	116.01	297.02	179.02	217.02	381.02	681.05	160.01	45.02	2592.89	216.1	12
1968	138.02	65.03	24.01	22	141.02	257.01	283.03	368.13	518.02	409.1	200.03	260.04	2685.44	223.8	12
1969	149	260	101	45	230	472	507	568	711	223	337	106	3709	309.1	12
1970	264	81	44	19	220	570	610	410	682	575	387	90	3952	329.3	12
1971	103	98	190	91	141	420.01	426.01	508	609	425	297	191	3499.02	291.6	12
1972	244	209	107	50	189	354	331.7	409	896	467	295	221	3772.7	314.4	12
1973	68	83	11	53	366	331	377	1083	667	576	291	331	4237	353.1	12
1974	87	292	20	240	218	405	278	348	771	718	403	173	3953	329.4	12
1975	266	48	48	3	134	291	163	334	538	820	482	145.5	3272.5	272.7	12
1976	410.5	138	36	35	170	678	453	524.3	718	518	319	248	4247.8	354	12
1977	142	112	35	112	135	338	262.9	480	434.7	351	289.4	287	2979	248.2	12
1978	181	106	112	68	467	493.5	761	512			341.5	210	3252	325.2	10
1979	281.5	188	51	50	196	533	375	722	472	330	413	411	4022.5	335.2	12
1980	82.5	179	77	162	163	506	541	440.5	579	406	342	293	3771	314.2	12
1981	138	337	153	115	151		672	792	776	390	84	248	3856	350.5	11
1982	117	262	88	125	172	403	557	427	858	524	268	211	4012	334.3	12
1983	171	79	10	31	32	155	622	623	604	431	212	196	3166	263.8	12
1984	303	119	44	30	546	476	527	494	656	321	154	289	3959	329.9	12
1985	134	134	90	128	119	414	700	627	558	354	92	475	3825	318.8	12
1986	349	55	0	0	266	473	322	516	319	270	283	261	3114	259.5	12
1987	25	40	114	7	136	501	550	582	520	391	259	372	3497	291.4	12
1988	393	352	49	73	72			705	422	692	273	173	3204	320.4	10
1989	195	295	32	129	573	389		407	844	582.5	424.5	162	4033	366.6	11
1990	269	153	195	173.5	114.5	419.5	341	477.5	661	553	1051.5	324.5	4733	394.4	12
1991	115.5	133.5	43.5	19	110	456.5	286.5	180	597	525.5	474.85	499	3440.85	286.7	12
1992	241.5	125.5	94.5	130	132.5	564.1	348	461	708.5	531	232	346	3914.6	326.2	12
1993	197	65	168	102	62	831	297	603.3	400.9	407	164.7	201	3498.9	291.6	12
1994	252.5	260.5	78	83.5	133.5	177	209.02	448.5	491.62	393.5	249.52	99.2	2876.36	239.7	12
1995	118	162	34.5	77	56	647.5	544	505	696.5	424.5	156	133	3554	296.2	12
1996	208.9	85	76.5	166	95.5	423	426.25	455	559	287	292.1	147	3221.25	268.4	12
1997	101.5	281.5	120	194	155	516.5	377	429	410.5	485.5	417.5	89.5	3577.5	298.1	12
2011								537.9	839.5	645.1	330.3	168.3	2521.1	504.2	5
2012	504									213.5	187.8	317.8	1223.1	305.8	4
2013											489.6	333.4	823	411.5	2
2014	310.1	28	46.6	215.9	242.8	287	133.5	370.5	418.6	522.3	349	120	3044.3	253.7	12
2015	391.5	86.3	107.4	23.6									608.8	152.2	4
2018										504.4	336.8	407.56	1248.76	416.3	3
2019	122.7	172.8	94.1	13.1	302.8	434	130.6	231.8	579.1				2081	231.2	9
MÍNIMA	25	28	0	0	32	155	130.6	180	319	213.5	84	45.02	608.8	152.2	2
MÁXIMA	504	352	195	416	573	831	761	1083	896	820	1051.5	554.05	4733	504.2	12
MEDIA	204.7	150.6	82.9	90.7	195.6	432	408.9	487.9	602.6	473.6	307.4	233.6	3197	307.1	10.5
DESV.ST	106.5	87	53.1	81.1	131.7	145.1	163.8	172.2	143.2	146.8	158.5	122.7	961.5	59.1	2.9

EVAPORACIÓN MENSUAL
AÑO	ENE	FEB	MAR	ABR	MAY	JUN	JUL	AGO	SEP	OCT	NOV	DIC	ACUM	PROM	MESES
1983			139.23				100.84						240.07	120	2
1984				108.05					85.63				193.68	96.8	2
1985	53.75			94.47							66.5	53.95	268.67	67.2	4
1987			82.2	75.7	164.5	192.7	104	108.62	118.45	64.1	43.89	118.3	1072.46	107.2	10
1988	92.8	78	42.7	136.9	140.4							5.4	496.2	82.7	6
1989	100.7	103.54	127.5	120.1	128.26	128.98		122.78	100.28	121.9	126.86	131.05	1311.95	119.3	11
1990	136.52	119.9	135.63	138.1	142.1	129.8	130.54	112.3	140.31	128.63	134.77	113.7	1562.3	130.2	12
1991	126.83	108.55	120.23	112.53	120.11	120.23	121.47	130.86	124.47	92.08	61.44	98.9	1337.7	111.5	12
1992	111.71	108.21	117.59	116.61	116.74	109.74	119.07	103.98	113.81	123.21	115.26	104.5	1360.43	113.4	12
1993	125.86	84.35	118.4	114.55	109.9	95.77	88.2	94.44	100.32	60.71	46.51	45.7	1084.71	90.4	12
1994	61.42	47.37	70.3	54.33	58.85	49.12	51.1	47.4	48.74	56.69	37.12	31.98	614.42	51.2	12
1995	37.66	74.1	121.75	104.85	146.5	73.08	64.46	83.79	105.06	72.83	110.23	38.4	1032.71	86.1	12
1996	53.3	151.9	83.5	87.9	98.32	91.06	88.36	74.15	79.75	71.18	58.95	74.9	1013.27	84.4	12
1997	80.3	80.18	111.29	107.89	102.47	83.87	103.91	104.75	118.35	71.35	52.7	61.9	1078.96	89.9	12
2012										80.2	73.7	43.6	197.5	65.8	3
2013											52.5	24.8	77.3	38.6	2
2014	33	69.04	47.89							19.7	76.6	34	280.23	46.7	6
2015	57	60.5	94.8	105.6									317.9	79.5	4
MÍNIMA	33	47.37	42.7	54.33	58.85	49.12	51.1	47.4	48.74	19.7	37.12	5.4	77.3	38.6	2
MÁXIMA	136.52	151.9	139.23	138.1	164.5	192.7	130.54	130.86	140.31	128.63	134.77	131.05	1562.3	130.2	12
MEDIA	82.4	90.5	100.9	105.5	120.7	107.4	97.2	98.3	103.2	80.2	75.5	65.4	752.2	87.8	8.1
DESV.ST	35.7	29	31.3	22.3	28.8	39.4	25	24.6	25	31.8	32.6	39	498	26.5	4.3

TEMPERATURA MÁXIMA PROMEDIO
AÑO	ENE	FEB	MAR	ABR	MAY	JUN	JUL	AGO	SEP	OCT	NOV	DIC	ACUM	PROM	MESES
1961										18.6	19.8	19.4		19.3	3
1962	17.6		21.5	21	21.5	22.4	21.8	22.1	21.9	20.2	17.9	17.9		20.5	11
1963	18.7	17.8	20.9	22.5	22.1	22.6	21.5	21.3	20.1	18.1	18.3	16.3		20	12
1964	18.5	19.4	22.1	23.5	23			21.8	21.1	17.2	18.6	18.3		20.4	10
1965	17	19.3	20.1	22.5	22.5	21.6	21.2	21.2	20.6		19	17.8		20.3	11
1966	17.5	19.3	19.3	23.4	21.1	24	21.5	21.7	20.8	19.6	17.7	17.5		20.3	12
1967	18.6	20.8	19.9	21.3	24	23.3	22.3	22	21.4	19.4	18.8	19.7		21	12
1968	19.3	19	19.5	19.5	22.6	20.8	21.8	22.3	21.8	19.8	20.1	18.5		20.4	12
1969	19.5	19.9	19.8	23	22.5	22.6	22.4	22	20.8	21.3	18.4	19.4		21	12
1970	18.9	19.4	21.9	23.5	21.9	21.8	21	22.2	20.8	20.4	16.8	18.6		20.6	12
1971	19.5	21.4	21.1	22.1	24.5	22.3	22.1	21.4	21.8	20.9	20.7	21.4		21.6	12
1972	20.2	18.9	21.9	23.2	22.9	21.2	21.5	21.6	21.8	21	20.5	19.5		21.2	12
1973	18.4	18	23.8	23.1	23.2	22.3	21.7	20.9	21.6	20.2	20.1	18.1		21	12
1974	19.5	18.5	21.4	21.6	23.1	20.7	21.2	21.9	21.1	17.5	18.6	18.5		20.3	12
1975	18.4	20.1	22	24.4	25.3	22.7	21.5	21.9	19.7	18.8	18.3	16.4		20.8	12
1976	15.7	17.5	21.4	21.8	24.5	21	22.8	21.4	21.6	19.9	16.9	17.3		20.1	12
1977	17	17.3	22.2	20.4	22.6	21.5	22	21.9	21.7	20.2	19.6	19.1		20.5	12
1978	17.3	18.3	19.5	21.7	24.4	22.1	21.7	21.6			19.6	19.6		20.6	10
1979	18.2	17.9	21.4	24.6	23.4	21.1	22.8	21.3	20.3	19.9	17.9	17.6		20.5	12
1980	20.5	19.6	21.8	20.7	24.8	21.9	22	22.4	21.4	19.7	17.7	15.8		20.7	12
1981	16.2	17.8	20.5	21.9	24		21.6	21.3	20.8	21.1	19	19.1		20.3	11
1982	20	19.9	21.8	23.8	22.7	22.3	21.8	21.8	21.1	20.1	19.4	19		21.1	12
1983	17.5	19.5	23.4	24.5	27.1	24.9	22.9	22.6	22	20.6	21.5	20		22.2	12
1984	17.8	19.2	22.9	25.1	23.1	22.7	22.2	22.1	22.1	22.1	19.2	18.4		21.4	12
1985	18.3	18.2	21.4	22.3	23.4	23.2	22.6	22.9	22.2	21.5	20.7	18.5		21.3	12
1986	17.1	20.7	19.6	24	24.2	22.7	22.2	22.3	22.3	21.3	21	18.9		21.4	12
1987	18.4	20.5	22.7	22.9	26.5	25.3	23.5	24.7	24.1	22.1	22	21.6		22.9	12
1988	19.1	21.1	24.5	25.9	26.9			24.5	24.7	22.4	24.3	20.9		23.4	10
1989	20.9	20.6	22.7	24.7	25.1	24.8		25	23.1	22.1	22.5	19.8		22.8	11
1990	20.3	21.6	21.6	24.7	25.9	24.1	24	23.8	24.7	23.2	20.3	20.6		22.9	12
1991	22.1	20.5	27.1	27.7	27	25.5	24.2	25	24.1	23.6	20.6	20.1		24	12
1992	20.6	21.8	23.5	24.2	24	25.3	23.5	24.5	24	22.7	22.7	21.9		23.2	12
1993	21.8	22.8	23.9	25.6	25.1	25.4	23.9	23.9	25.2	24.6	22.2	21.4		23.8	12
1994	24.9	23.7	26.5	25.7	26.4	25.6	24.9	25.6	24.6	25.5	23.3	22.1		24.9	12
1995	22.7	23.5	24.7	26.1	28.4	25.3	24	25.4	24	23.9	23.4	22.2		24.5	12
1996	21.6	22.8	22.8	25.3	25.4	24.8	24.3	24.6	26.7	23.6	20.6	22.6		23.8	12
1997	22.1	22	24.2	25	25.1	24.5	22.1	21.7	28.4	22	22	20.6		23.3	12
MÍNIMA	15.7	17.3	19.3	19.5	21.1	20.7	21	20.9	19.7	17.2	16.8	15.8		19.3	3
MÁXIMA	24.9	23.7	27.1	27.7	28.4	25.6	24.9	25.6	28.4	25.5	24.3	22.6		24.9	12
MEDIA	19.2	20	22.1	23.4	24.2	23.1	22.4	22.6	22.4	21	20	19.3		21.6	11.5
DESV.ST	2	1.7	1.9	1.8	1.8	1.6	1	1.4	2	1.9	1.9	1.7		1.5	1.6

TEMPERATURA MÁXIMA EXTREMA
AÑO	ENE	FEB	MAR	ABR	MAY	JUN	JUL	AGO	SEP	OCT	NOV	DIC	ACUM	PROM	MESES
1961										22	24	24		23.3	3
1962	24		28	28	25	25	24	25	24	24	23	22		24.7	11
1963	24	25	27	27	25	24	23	23	23	20	25	24		24.2	12
1964	24	25	28	28	28			24	23	21	22	23		24.6	10
1965	21	24	25	26	24	26	23	22	23		21	23		23.5	11
1966	22	25	23	25.2	24	26	23	23	23	23	23	23		23.6	12
1967	23	26	24	26	28	27	26	24	25	23	23	22		24.8	12
1968	22	22	22	22	25	25	24	24	25	23	24	23		23.4	12
1969	23	25	27	29	27	26	27	25	23	25	23	25		25.4	12
1970	24	28	26	26	28	24	23	26	24	24	23	24		25	12
1971	27	25	26	30	28	25	24	23	26	24	25	25		25.7	12
1972	25	24	26	28	26	24	24	24	27	24.5	23	24		25	12
1973	23	25	28	28	29	25	24	23	24.5	24	25	25		25.3	12
1974	23	26	25	26	28	23	24	24	24	23	25	22		24.4	12
1975	25	24	27	28	29	25	24	23	23	23	22	21		24.5	12
1976	22	22	24	25	27	24	29	24	27	24	24	24		24.7	12
1977	22	25	28	29	25	29	32	24	24	28	24	23		26.1	12
1978	29	25	27	26	31	24	25	23			29	25		26.4	10
1979	27	23	27	30	30	24	26	23	23	26	25	22		25.5	12
1980	26	26	25	28	28	29.5	23	26	23	24	23	20		25.1	12
1981	21	25	27	25	27		24	23	23	23	23	24.5		24.1	11
1982	25	24	26	29	26	26	25	24	24	24	23	24		25	12
1983	25	26	31	31	30	29	28	25	24	24	26	25		27	12
1984	22	24	32	30	30	26	24	25	25	27	25	22		26	12
1985	25	24	27	27	25	25	26	26	25	23	27	23		25.2	12
1986	23	25	29	28	27	25	25	24	25	24	25	23		25.2	12
1987	24	26	32	29	31	29	26	28	26	26	27	30		27.8	12
1988	27	27	29	32	31.5			27	29	27	31	27		28.8	10
1989	26	28	30	29	29	28		27	26	27	27	26		27.5	11
1990	25	28	27	29	28	26	25	26	27	26	26	27		26.7	12
1991	27	27	32	33	30	28	26	27	28	27	28	26		28.2	12
1992	26	28	29	29	28	29	26	28	26	27	30	28		27.8	12
1993	27	29	30	30	29	29	27	27	28.5	28	27	28		28.3	12
1994	29	29.5	31	29.5	29	28	27.5	28.5	26.5	29	27.5	28		28.6	12
1995	28	32	30	31	30	31	26	29	27	29	28	29		29.2	12
1996	28	29	30	30	29	27	27	27	30	30	27	28		28.5	12
1997	30	27	29	30	29	28	32	24	31	28	25	29		28.5	12
MÍNIMA	21	22	22	22	24	23	23	22	23	20	21	20		23.3	3
MÁXIMA	30	32	32	33	31.5	31	32	29	31	30	31	30		29.2	12
MEDIA	24.8	25.8	27.6	28.2	27.9	26.3	25.5	25	25.3	25	25.1	24.6		25.9	11.5
DESV.ST	2.4	2.2	2.5	2.2	2	2.1	2.3	1.9	2.2	2.4	2.3	2.5		1.7	1.6

TEMPERATURA MÍNIMA PROMEDIO
AÑO	ENE	FEB	MAR	ABR	MAY	JUN	JUL	AGO	SEP	OCT	NOV	DIC	ACUM	PROM	MESES
1961										14.4	13.9	13.5		13.9	3
1962	11.9		14.8	15.2	16	17.6	17	17.6	17.6	16.4	13.9	13		15.5	11
1963	13.6	12.9	16	17.7	17.9	18.9	17.3	16.8	16.3	14.9	14.1	11.9		15.7	12
1964	12.8	13.3	16.5	17.8	17.6			16.4	16	13.5	14	13.5		15.1	10
1965	10.9	13.5	14.6	16.3	16.8	16.5	15.7	15.8	15.8		14.2	13.5		14.9	11
1966	12.6	14.2	14.8	16.9	16.3	15.6	15.7	15.8	15.7	14.9	13	12.5		14.8	12
1967	12.5	13.6	13.7	14.7	16.1	16.4	15.3	15.5	14.9	13.7	12.8	13		14.3	12
1968	12	12.6	12.1	12.7	14.4	13.3	13.8	14.5	15.1	13.4	13.3	12.3		13.3	12
1969	12.3	12.8	12.7	15.1	15.3	15.1	15.3	14.9	14.3	14.1	12.1	12.1		13.8	12
1970	11.1	11.2	13.2	15.7	14.3	15.4	14.5	14.9	14.4	14.3	10.7	11.7		13.4	12
1971	12.2	11.3	13.1	13.8	16.3	15.5	14.8	15	16.1	14.6	13.7	13.9		14.2	12
1972	13.7	12.1	14.8	16.3	16.3	16	15.4	15.3	15	15.1	14.9	12.9		14.8	12
1973	12.3	11.8	16.4	16.2	16.3	16.1	16.2	15.9	16.3	14.9	14.6	10.6		14.8	12
1974	13.4	12.2	14.9	15.6	16.6	15.8	15	15.5	15.2	12	12.7	11.8		14.2	12
1975	12.2	13.4	14.6	16.3	17.6	16.1	15.5	15.5	14	13.4	12.7	10.7		14.3	12
1976	10.1	10.6	14.6	14.7	15.1	15.5	15.4	15.2	14	13.8	12.2	12		13.6	12
1977	11.2	11.9	14.4	13.8	15.7	15.4	15.5	15.7	15.7	14.6	13.2	13		14.2	12
1978	10.7	11.2	12.7	15.4	17.1	15.8	15.3	15.1			13.9	13.5		14.1	10
1979	10.2	10.9	12.9	12.9	15.5	15.8	14.5	15	15.1	14.2	13	12.1		13.5	12
1980	11.6	12.1	14.2	13.9	17.3	15.8	15.8	16.1	15.3	14.2	11.5	9.5		13.9	12
1981	9.5	10.8	13.5	14.9	16.8		15.2	15	14.8	15	11.9	11.7		13.6	11
1982	12.3	12.8	14.3	16.1	15.7	15.3	14.8	14.8	14.6	13.7	12	12		14	12
1983	10.5	11.8	13.4	15.3	16.5	15.7	15.3	15.4	15.2	14	14.2	12.8		14.2	12
1984	10.3	11.8	13	15.6	15.8	15.3	14.8	14.8	15	14.4	11.3	11.2		13.6	12
1985	10.1	11.2	13.5	14.2	15.4	15.9	15.4	15.4	14.9	14.5	13.2	11.4		13.8	12
1986	10.1	12.2	10.8	15.4	16.1	16.1	14.8	15.2	15.1	14	13.6	12.3		13.8	12
1987	9.9	11.8	14	13.9	17	16.9	15.9	16.1	15.7	12.9	13.7	13.4		14.3	12
1988	11.4	12.4	13.2	15.1	16.9			16.8	16.4	14.9	15.1	12.4		14.5	10
1989	13.3	11.8	13.3	15.6	16.4	16.8		16.3	15.8	14.4	14.7	12		14.6	11
1990	12.9	13.2	14.9	18.2	19.5	17.8	16.7	16.8	16.8	15.8	13.8	13.6		15.8	12
1991	13.7	13.4	18.1	19.5	19.3	18.1	16.8	17.5	17	16.2	13.2	12.9		16.3	12
1992	12.7	12.7	15.4	16.2	16	17.9	16.5	17.3	16.4	15.8	16.2	14		15.6	12
1993	13.6	13.9	15.7	17.4	18.2	18.2	16.8	16.4	17.1	16.4	14.7	12.9		15.9	12
1994	14.1	13.5	16.9	17.6	18.6	18.2	17.2	16.6	16.8	17	15.8	14.6		16.4	12
1995	14.8	14.9	17.2	18.6	20.7	18.2	16.9	17.3	16.9	16.5	16.6	15.1		17	12
1996	12.2	13.1	15.7	16.3	17.2	17.6	17.3	16.3	16.5	14.9	12.8	14.5		15.4	12
1997	13.5	14	15.6	17.1	17.7	17.2	16	15.7	11.1	14.7	13.4	13		14.9	12
MÍNIMA	9.5	10.6	10.8	12.7	14.3	13.3	13.8	14.5	11.1	12	10.7	9.5		13.3	3
MÁXIMA	14.8	14.9	18.1	19.5	20.7	18.9	17.3	17.6	17.6	17	16.6	15.1		17	12
MEDIA	12	12.5	14.4	15.8	16.7	16.4	15.7	15.8	15.5	14.6	13.5	12.6		14.6	11.5
DESV.ST	1.4	1.1	1.5	1.6	1.4	1.2	0.9	0.8	1.2	1.1	1.3	1.2		0.9	1.6

TEMPERATURA MÍNIMA EXTREMA
AÑO	ENE	FEB	MAR	ABR	MAY	JUN	JUL	AGO	SEP	OCT	NOV	DIC	ACUM	PROM	MESES
1961										13	9	9		10.3	3
1962	7		9	11	12	14	15	15	16	12	10	10		11.9	11
1963	11	6	12	14	16	16	16	15	15	14	9	6		12.5	12
1964	7	8	14	13	13			15	15	10	10	11		11.6	10
1965	6	10	10	13	13	14	14	14	14		11	10		11.7	11
1966	10	10	12	15	13	14	12	14	14	11	11	10		12.2	12
1967	10	10	11	12	12	14	12	13	12	11	11	10		11.5	12
1968	10	11	11	11	12	12	12	12	12	9	9	9		10.8	12
1969	9	10	9	7	10	12	13	11	11	12	7	8		9.9	12
1970	5	8	8	12	9	13	10	12	12	12	6	7		9.5	12
1971	10	6	6	6	12	13	11	13	14	11	11	10		10.2	12
1972	8	7	12	14	12	14	13	13	14	13	13	8		11.8	12
1973	7	7	10	12	12	14	14	14	14	11	10	6		10.9	12
1974	11	7	8	12	13	13	13	14	13	10	9	8		10.9	12
1975	7	7	11	13	15	14	13	14	8	10	8	7		10.6	12
1976	5	6	12	11	10	13	14	13	11	11	5	8		9.9	12
1977	6	7	9	8	14	12	14	14	14.5	10	7	6		10.1	12
1978	5	6	6	11	14	14	14	10			11	9		10	10
1979	5	5	6	9	8	13	9	10	12	11	8	9		8.8	12
1980	7	8	7	9	14	14	15	14	13	11	8	5		10.4	12
1981	6	6	7	13	12		14	14	14	14	9	6		10.5	11
1982	7	9	8	12	13	12	13	14	13	9	8	6		10.3	12
1983	5	5	7	10	14	11	12	12	12	9	11	5		9.4	12
1984	5	7	8	9	13	12	13	14	13	12	6	7		9.9	12
1985	5	5	10	8	13	14	12	14	12	13	8	8		10.2	12
1986	7	6	4	13	12	14	13	14	12	10	9	10		10.3	12
1987	5	6	6	7	13	12	14	15	14	10	10	7		9.9	12
1988	3	7	9	10	14			16	15	12	10	9		10.5	10
1989	10	5	5	13	11	14		12	13	10	12	6		10.1	11
1990	10	7	10	15	14	16	15	15	15	10	9	7		11.9	12
1991	10	8	10	9	17	15	14	14	13	12	8	9		11.6	12
1992	10	9	10	10	11	16	14	14	14	12	10	10		11.7	12
1993	6	9	5	12	14	13	15.5	14.5	15	13	10	7		11.2	12
1994	10	9	8.5	13	15	14	14	13.5	14	12	12	8.5		12	12
1995	9	8	7	15.5	18	15	14	16	15	13	13	12		13	12
1996	6	5	9	12	15	15	15	14	14	12	3	10		10.8	12
1997	7	10	11	13	15	12	12	11	9	10	10	6		10.5	12
MÍNIMA	3	5	4	6	8	11	9	10	8	9	3	5		8.8	3
MÁXIMA	11	11	14	15.5	18	16	16	16	16	14	13	12		13	12
MEDIA	7.4	7.4	8.8	11.3	13	13.6	13.3	13.5	13.2	11.3	9.2	8.1		10.8	11.5
DESV.ST	2.2	1.7	2.4	2.4	2.1	1.3	1.5	1.5	1.7	1.4	2.1	1.8		1	1.6

TEMPERATURA MEDIA MENSUAL
AÑO	ENE	FEB	MAR	ABR	MAY	JUN	JUL	AGO	SEP	OCT	NOV	DIC	ACUM	PROM	MESES
1961										16.5	16.9	16.4		16.6	3
1962	14.8		18.1	18.1	18.8	20	19.4	19.9	19.8	18.3	15.9	15.4		18	11
1963	16.1	15.4	18.4	20.1	20	20.8	19.4	19	18.2	16.5	16.2	14.1		17.9	12
1964	15.7	16.4	19.3	20.6	20.3			19.1	18.6	15.3	16.3	15.9		17.8	10
1965	13.9	16.4	17.4	19.4	19.6	19	18.4	18.5	18.2		16.6	15.7		17.6	11
1966	15.1	16.8	17	20.1	18.7	19.8	18.6	18.8	18.2	17.2	15.3	15		17.6	12
1967	15.6	17.2	16.8	18	20	19.9	18.8	18.8	18.1	16.5	15.8	16.4		17.7	12
1968	15.7	15.8	15.8	16.1	18.5	17	17.8	18.4	18.4	16.6	16.7	15.4		16.9	12
1969	15.9	16.4	16.2	19	18.9	18.9	18.9	18.4	17.6	17.7	15.2	15.8		17.4	12
1970	15	15.3	17.5	19.6	18.1	18.6	17.8	18.6	17.6	17.4	13.8	15.2		17	12
1971	15.8	16.4	17.1	18	20.4	18.9	18.5	18.2	19	17.8	17.2	17.6		17.9	12
1972	17	15.5	18.4	19.8	19.6	18.6	18.4	18.5	18.4	18	17.7	16.2		18	12
1973	15.3	14.9	20.1	19.6	19.8	19.2	19	18.4	19	17.6	17.4	14.4		17.9	12
1974	16.4	15.3	18.1	18.6	19.9	18.2	18.1	18.7	18.1	14.8	15.7	15.2		17.3	12
1975	15.3	16.8	18.3	20.4	21.5	19.4	18.5	18.7	16.9	16.1	15.5	13.5		17.6	12
1976	12.9	14.1	18	18.2	19.8	18.2	19.1	18.3	17.8	16.9	14.5	14.7		16.9	12
1977	14.1	14.6	18.3	17.1	19.1	18.4	18.8	18.8	18.7	17.4	16.4	16		17.3	12
1978	14	14.8	16.1	18.6	20.8	19	18.5	18.4			16.8	16.6		17.4	10
1979	14.2	14.4	17.1	18.8	19.4	18.5	18.6	18.1	17.7	17	15.4	14.9		17	12
1980	16	15.9	18	17.3	21	18.9	18.9	19.2	18.4	17	14.6	12.7		17.3	12
1981	12.8	14.3	17	18.4	20.4		18.4	18.1	17.8	18	15.4	15.4		16.9	11
1982	16.1	16.4	18	20	19.2	18.8	18.3	18.3	17.9	16.9	15.7	15.5		17.6	12
1983	14	15.7	18.4	19.9	21.8	20.3	19.1	19	18.6	17.3	17.9	16.4		18.2	12
1984	14.1	15.5	18	20.4	19.5	19	18.5	18.5	18.6	18.2	15.2	14.8		17.5	12
1985	14.2	14.7	17.4	18.2	19.4	19.6	19	19.1	18.6	18	17	14.9		17.5	12
1986	13.6	16.4	15.2	19.7	20.1	19.4	18.5	18.8	18.7	17.6	17.3	15.6		17.6	12
1987	14.1	16.1	18.4	18.4	21.8	21.1	19.7	20.4	19.9	17.5	17.9	17.5		18.6	12
1988	15.2	16.8	18.9	20.5	21.9			20.6	20.5	18.6	19.7	16.6		18.9	10
1989	17.1	16.2	18	20.1	20.8	20.8		20.6	19.5	18.2	18.6	15.9		18.7	11
1990	16.6	17.4	18.2	21.4	22.7	21	20.4	20.3	20.8	19.5	17	17.1		19.4	12
1991	17.9	17	22.6	23.6	23.1	21.8	20.5	21.2	20.6	19.9	16.9	16.5		20.1	12
1992	16.6	17.2	19.4	20.2	20	21.6	20	20.9	20.2	19.2	19.4	18		19.4	12
1993	17.7	18.4	19.8	21.5	21.6	21.8	20.4	20.1	21.1	20.5	18.4	17.1		19.9	12
1994	19.5	18.6	21.7	21.6	22.5	21.9	21	21.1	20.7	21.2	19.6	18.4		20.6	12
1995	18.8	19.2	21	22.4	24.5	21.8	20.4	21.4	20.4	20.2	20	18.6		20.7	12
1996	16.9	18	19.2	20.8	21.3	21.2	20.8	20.5	21.6	19.2	16.7	18.6		19.6	12
1997	17.8	18	19.9	21	21.4	20.9	19	18.7	19.8	18.4	17.7	16.8		19.1	12
MÍNIMA	12.8	14.1	15.2	16.1	18.1	17	17.8	18.1	16.9	14.8	13.8	12.7		16.6	3
MÁXIMA	19.5	19.2	22.6	23.6	24.5	21.9	21	21.4	21.6	21.2	20	18.6		20.7	12
MEDIA	15.6	16.2	18.3	19.6	20.4	19.8	19.1	19.2	19	17.8	16.8	16		18.1	11.5
DESV.ST	1.6	1.3	1.6	1.5	1.4	1.3	0.9	1	1.2	1.4	1.5	1.3		1.1	1.6
