COMISIÓN NACIONAL DEL AGUA
COORDINACIÓN GENERAL DEL SERVICIO METEOROLÓGICO NACIONAL
BASE DE DATOS CLIMATOLÓGICA NACIONAL 

ESTADÍSTICA MENSUAL
EMISIÓN   : 25/10/2024 

DATOS DISPONIBLES EN LA BASE DE DATOS A: OCTOBER DE 2024; 
CON LA INFORMACIÓN SUMINISTRADA POR LAS UNIDADES ADMINISTRATIVAS 

 ESTACIÓN  : 7100 
 NOMBRE    : LA UNION 
 ESTADO    : CHIAPAS 
 MUNICIPIO : HIDALGO 
 SITUACIÓN : OPERANDO 
 CVE-OMM   :   
 LATITUD   : 16.665 ° 
 LONGITUD  : -93.80083333 ° 
 ALTITUD   : 580 msnm 


LLUVIA MÁXIMA 24 H.
AÑO	ENE	FEB	MAR	ABR	MAY	JUN	JUL	AGO	SEP	OCT	NOV	DIC	ACUM	PROM	MESES
1962									35	20	5.5	3	63.5	15.9	4
1963	3	10.5	11	0.01	5	52.5	45	55	2	10	55	4.5	253.51	21.1	12
1964	5.5	5.5	10	10.5	34	32.5	25.5	55	35	66	15.5	16.5	311.5	26	12
1965	10		3.5	7.5	21.5		19						61.5	12.3	5
1968										20	12	5	37	12.3	3
1969		0	1.5	5	2	52	30	33	53.5	19.5	40	0	236.5	21.5	11
1970	4.5	0	0	2	17.5	24.5	46.1	29.5	49.5	10	3.5	1.5	188.6	15.7	12
1971	0	0	0	1.5	36	48.3	40	89.3	14	120.1	10	10.5	369.7	30.8	12
1972	0	0			0	21.6	26.5	15	63	0.6	25.6	0	152.3	15.2	10
1973	0	0	0	0	29		50	155.5	35	14	5		288.5	28.9	10
1974	0	0	59	10	60	106	64	31.5	6.5	0.8	2		339.8	30.9	11
1975	0	0	0	0	2.5	13	20	2.5	0.6	0.8	1	0	40.4	3.4	12
1976	0	0	0	0.5	20	20	38	36	40	0	0	6.6	161.1	13.4	12
1977	0	0	0	0	3	6	12	80	24	4	13.5	0	142.5	11.9	12
1978	0	12	2	0	17	46	50	40	20	8	0	5	200	16.7	12
1979	0	0	0	5	25	0	60	40	46	0	3		179	16.3	11
1980	1	0.3	0	0		40.8	47	34	43.7	2.1	2	2	172.9	15.7	11
1981	0	4	0	3	12		56.5	46.2	27	11	4.5	1	165.2	15	11
1982	1	0	2.5	32	11.3	50	22	8	9.5	0	0	0	136.3	11.4	12
1983	0	9			0	15	25	20.4	27.5	30.7	1	3	131.6	13.2	10
1984	0	0	0	0	45	45	29.5	68.5	110.5	6.2		1.2	305.9	27.8	11
1985	0	3.2	0	0	0	30.5	28	44	15.1	17.2	0	0	138	11.5	12
1986	0	0	0	0	80	45	38	62	40.5	30			295.5	29.6	10
1987	0.1	0	0	0	0	54.5	24	37.5	65	12.5	1	0	194.6	16.2	12
1988	0	0	0	0	10.5	77.1	37	43.8	51	8.5	0	0	227.9	19	12
1989	0	1	0	0	52.5	23.5	70	52	106	10	30	0	345	28.8	12
1990	0	0	0	14.5	15	30	80.5	40	32.5	0	0	0	212.5	17.7	12
1991	0	0	0	35	30.5	40	20	20	5	28	1	0	179.5	15	12
1992	4	0	10	0	10.3	63.2	40	120.3	65.5	0	0	0	313.3	26.1	12
1993				0	0	60	10	60					130	26	5
1994	4.3	0	0	0	20.5	24.5	26	50	26	12	0	0	163.3	13.6	12
1995	0	0	0	6.2	19.7	20.4	76	60	60	28.4	20.3	7.5	298.5	24.9	12
1996	11	10	2.5	65	16	48	56		68			0	276.5	30.7	9
1997	0.1	0.1	14.5	0	18.5	40	0.01	30	45		6	0	154.21	14	11
1998	0.01	0	0	0	0	20	30	20	56	39	36	0	201.01	16.8	12
1999	2.4	10	0	0	25.5	11	13.5			35.5	0.1	0	98	9.8	10
2000	0.1	36	0.1	0.5	65	30.5	56.4		55.5	24.5	14	12	294.6	26.8	11
2002	0	0.01	3	0	51	32	27	32.5	89	6	9	0.01	249.52	20.8	12
2003	0	0	3	4.5		100	17.5	53	73	98		6	355	35.5	10
2004	10	20	0.5	7		44	75		21	25	16.5	0	219	21.9	10
2005	0	0	0	0	13.5	39	44.8	55.8	58			1.6	212.7	21.3	10
2006	10	0	2			19	27		58				116	19.3	6
2007	0	0	0.01	0	14	41	38	20			0.01	10	123.02	12.3	10
2008	8	3.5	0.01	15	44	52	41	25	36	30	0	0	254.51	21.2	12
2009	0	0.01	0	0	21	45					5	0.01	71.02	8.9	8
2010	10	0	0	74	7.5	76	311	59.5	60.6	29.8	2.4		630.8	57.3	11
2011	1.1	0.4	5	64.6	3.5	69.5	48.5	57.6	85.5	18.9	0	0	354.6	29.6	12
2012	3.2	2.1	3.3	0	36.2	57.3	24.2	55.5	33.2	103	0	4.5	322.5	26.9	12
2013	2.5	2.3	0	0	110.5	69.7	25.8	18.2	83.3	23.2	48.2	4.5	388.2	32.4	12
2014	1.9	0	14	3.9	76.2	51.2	19.6	47.7	102.4	18.8	1.5	1.3	338.5	28.2	12
2015	1.2	1.2	0	16.6	10.3	63.7	16.6	19.5	40.5	47	0	4.5	221.1	18.4	12
2016	0	0	2.5	0	22.5	37.6	50.5	86.8	29.1	14.9	5.8	0	249.7	20.8	12
2017	3.1	0	0	1.5	20.5	53.5	18.7	40	30	36.5	1.9	0	205.7	17.1	12
2018	2.2	0	36.5	13.5	7.1	38.5	38.5	40	47	71	4.6	0	298.9	24.9	12
2019	0	0	0	2.1	38	80.5	8.1	46.5	50	43.2	5.5	0	273.9	22.8	12
2020	0	2.8	0	11.2	48.3	44	31.5	65.5	89.9	17	15.5	1.3	327	27.2	12
2021	0	0	0	0	42.2	56.5	18	80.5					197.2	24.6	8
MÍNIMA	0	0	0	0	0	0	0.01	2.5	0.6	0	0	0	37	3.4	3
MÁXIMA	11	36	59	74	110.5	106	311	155.5	110.5	120.1	55	16.5	630.8	57.3	12
MEDIA	1.9	2.5	3.6	7.9	24.9	43.5	40.6	47.6	46.4	24.4	8.8	2.4	225.8	20.9	10.7
DESV.ST	3.2	6.2	9.9	16.8	23.6	22.1	41.7	27.7	27	27.1	13.2	3.7	105.1	8.6	2.2

LLUVIA TOTAL MENSUAL
AÑO	ENE	FEB	MAR	ABR	MAY	JUN	JUL	AGO	SEP	OCT	NOV	DIC	ACUM	PROM	MESES
1962									89	45.5	14.02	7.13	155.65	38.9	4
1963	7	16.5	17.01	0.01	9.52	224.54	152	144	5	37.02	85.52	9.51	707.63	59	12
1964	8.51	7.52	19.03	10.51	62.5	276.59	131.02	183.04	117.03	130.03	29.02	34.53	1009.33	84.1	12
1965	27.52		4.5	11.52	42.01		77.03						162.58	32.5	5
1968										44.09	12	7.02	63.11	21	3
1969		0	2.5	5	2	132.7	130.5	229.5	170.5	51	52.5	0	776.2	70.6	11
1970	4.5	0	0	2	30	80.5	147.6	113.5	138	32	11	1.5	560.6	46.7	12
1971	0	0	0	1.5	58.6	142.4	75.2	155.5	70.1	163.5	18	11.5	696.3	58	12
1972	0	0			0	116.8	80	23	82.5	0.6	46.1	0	349	34.9	10
1973	0	0	0	0	77.4		87.6	379.51	162	27.5	6.5		740.51	74.1	10
1974	0	0	62	10.9	112.6	125	218.5	73	11.9	1.2	2		617.1	56.1	11
1975	0	0	0	0	6.6	17.3	25.5	8.9	0.6	1.2	2	0	62.1	5.2	12
1976	0	0	0	0.5	25	78	152.6	85	127	0	0	13.6	481.7	40.1	12
1977	0	0	0	0	6.5	34	19	173	149	6	13.5	0	401	33.4	12
1978	0	20	3	0	45	125	273	138	86	8	0	9	707	58.9	12
1979	0	0	0	7.8	43	0	128	199	176	0	3		556.8	50.6	11
1980	1	0.5	0	0		148.3	190.5	142.4	221.9	3.4	2	2	712	64.7	11
1981	0	4	0	3	13.5		182.3	176.1	64.6	46.2	9	1	499.7	45.4	11
1982	1	0	4.5	38.9	17.1	109.4	22.1	11.9	56	0	0	0	260.9	21.7	12
1983	0	36.5			0	48	91.7	114.4	208.4	34.7	1.01	6	540.71	54.1	10
1984	0	0	0	0	125	202.6	89.6	95.7	298	12.2		1.2	824.3	74.9	11
1985	0	3.2	0	0	0	178	110	159.6	60.1	20.7	0	0	531.6	44.3	12
1986	0	0	0	0	185.5	190.5	107.5	191	120.5	36			831	83.1	10
1987	0.1	0	0	0	0	169.8	114	97.5	271	17	1	0	670.4	55.9	12
1988	0	0	0	0	13.5	234.7	105	147.8	184.8	14	0	0	699.8	58.3	12
1989	0	1	0	0	69.5	100.5	214.5	167	274	20.5	36	0	883	73.6	12
1990	0	0	0	16	28.1	171	109	43.5	76.5	0	0	0	444.1	37	12
1991	0	0	0	55	37	479.8	55.5	45	15	144.5	1	0	832.8	69.4	12
1992	4	0	13.2	0	22.1	207.3	194.2	231.8	78	0	0	0	750.6	62.6	12
1993				0	0	230.5	10	93					333.5	66.7	5
1994	13.3	0	0	0	26.8	44.5	89	120	69.3	34.5	0	0	397.4	33.1	12
1995	0	0	0	9.5	41.1	108.8	152.4	127.6	204.5	271.5	44.8	57.1	1017.3	84.8	12
1996	40.7	22.7	2.5	65	43	80.3	106.9		134.8			0	495.9	55.1	9
1997	0.1	0.2	14.7	0	26.6	99.72	0.02	55.3	171.5		11.3	0	379.44	34.5	11
1998	0.01	0	0	0	0	34.21	114.06	93.01	183.14	122.57	64.01	0	611.01	50.9	12
1999	2.4	15.51	0	0	37.1	34.5	30.3			75.2	0.1	0	195.11	19.5	10
2000	0.1	36	0.1	0.5	120.46	101.01	130.3		138.3	54.6	24.4	22.41	628.18	57.1	11
2002	0	0.01	3	0	79.52	117.54	108.06	94.74	283.03	19.31	9.01	0.01	714.23	59.5	12
2003	0	0	3	4.5		370.21	31.52	108.01	296.43	167.03		11.01	991.71	99.2	10
2004	11.21	22.51	0.5	7		104.41	222.32		99.02	97	22	0	585.97	58.6	10
2005	0	0	0	0	13.51	125.8	166.8	169.12	234.02			1.6	710.85	71.1	10
2006	10	0	2			39.81	94.01		178.03				323.85	54	6
2007	0	0	0.01	0	14	110.3	171.62	76.02			0.01	10.22	382.18	38.2	10
2008	13.01	6.2	0.01	15	98.03	253.51	221.02	67.1	150.24	33.52	0	0	857.64	71.5	12
2009	0	0.01	0	0	47	100.31					5.02	0.01	152.35	19	8
2010	10	0	0	84	7.5	280.04	420.52	256.03	284.52	52.8	2.9		1398.31	127.1	11
2011	1.14	0.4	7	95.9	3.5	327.2	238.4	250.5	411.9	69.3	0	0	1405.24	117.1	12
2012	3.2	3.8	6.4	0	72.7	267	74.4	243.8	114.1	1036.82	0	5.3	1827.52	152.3	12
2013	4	2.3	0	0	197.4	240	95.5	56.3	396.2	71.7	70.1	5.3	1138.8	94.9	12
2014	1.9	0	19.2	6.4	240.5	307	53.9	129.5	235.7	91.4	2.8	1.3	1089.6	90.8	12
2015	1.2	1.2	0	19	22.1	159	44.7	37.1	102.7	59.5	0	4.5	451	37.6	12
2016	0	0	8.2	0	43.7	154.1	142.7	209.1	89.3	22.5	5.8	0	675.4	56.3	12
2017	3.1	0	0	3.9	98.6	182.6	62.7	180.5	132.9	71	1.9	0	737.2	61.4	12
2018	4.2	0	36.5	27.1	21	168.1	65.6	151	137.2	204.5	8.1	0	823.3	68.6	12
2019	0	0	0	2.1	94.4	229.4	30.9	167.2	135	71.8	7.6	0	738.4	61.5	12
2020	0	2.8	0	14.4	92.8	172.6	137.6	288	199	27.7	46.7	1.3	982.9	81.9	12
2021	0	0	0	0	101.4	167	62.9	315.6					646.9	80.9	8
MÍNIMA	0	0	0	0	0	0	0.02	8.9	0.6	0	0	0	62.1	5.2	3
MÁXIMA	40.7	36.5	62	95.9	240.5	479.8	420.52	379.51	411.9	1036.82	85.52	57.1	1827.52	152.3	12
MEDIA	3.3	3.8	4.4	9.9	50.5	157.7	117.8	142	153.9	74	14	4.7	653	59.9	10.7
DESV.ST	7.3	8.7	10.7	20.9	53.6	95.3	76.2	80.3	93.1	153.5	21	10.2	335.1	26.7	2.2

EVAPORACIÓN MENSUAL
AÑO	ENE	FEB	MAR	ABR	MAY	JUN	JUL	AGO	SEP	OCT	NOV	DIC	ACUM	PROM	MESES
1962									69.1	124.8	113.9	104.3	412.1	103	4
1963	128.9	143.5	208.8	216.7	202.1	170.03	173.3	184	56.3	104.3	88.5	97.2	1773.63	147.8	12
1964	117.1	139.6	200.8	236.5	201.9	140.2	136.7	155.7	124.6	106	106.3	102.8	1768.2	147.3	12
1965	111		197.5	209.7	200.5		152.2						870.9	174.2	5
1968										115.2	110.9	95.9	322	107.3	3
1969		136.7	170.3	178.5	182.7	145.3	148.6	128.3	150.3	82.2	75.42	76.4	1474.72	134.1	11
1970	85.7	110.8	82.6	182.8	14.1	130	131	75.4	97.9	108.1	70.9	69.6	1158.9	96.6	12
1971	122.6	135.9	101.3	153.2	166.5	129.08	131.1	121.1	81.7	109.6	95.6	87.3	1434.98	119.6	12
1972	86.6	114.7			31.2	136.4	136.5	151	141	153.7	103.3	125.7	1180.1	118	10
1973	123.6	128.2	207.8	174.8	186.6		172.1	122.3	121.7	121.5	122.8		1481.4	148.1	10
1974	142.8	135.6	169.5	170.5	160.9	109.1	130.1	132.3	128.1	111.6	124.2		1514.7	137.7	11
1975	126.5	148.3	178	202.4	168.9	143.5	156.2	155.5	127.7	107.6	118.3	98.3	1731.2	144.3	12
1976	133.4	148.3	179	153.5	187.1	148.8	134.6	148.6	148.5	156.2	128	95.5	1761.5	146.8	12
1977	112.7	118.2	161.4	148	151.7	151.1	148	141.3	154	162.7	132.1	126	1707.2	142.3	12
1978	139.4	130.9	162.2	186.35	208.1	185.3	158	170.9	155.8	136.2	141.3	126.5	1900.95	158.4	12
1979	113.6	127.8	163.3	188.2	208.4	165	174.9	153	157.2	152.6	97.7		1701.7	154.7	11
1980	119.9	145.5	184.1	162.8		144.25	178.37	180.2	158.9	120.25	103.1	92.7	1590.07	144.6	11
1981	119.3	111.9	137.1	159.1	132.9		121.9	140.3	132.5	105.9	102	118.5	1381.4	125.6	11
1982	125.2	103.4	132.1	147.4		118.1	115.51		110.2	62.6	114.4	106.1	1135.01	113.5	10
1983	48.4	57.8				110.28	146.7	135.3	112.45	101.2	73.92	83	869.05	96.6	9
1984	110.52	75.62	112.55	157.72	138.98	155.37	151.75	45.69	108.47	127.99			1184.66	118.5	10
1985	106.75	108.69	184.01	114.13	161.01	82.93	146.29						903.81	129.1	7
1987								124.6				86.52	211.12	105.6	2
1988	99.65	111.88	130.94	145.23	204.62	145.85	130.5	127.65	97.87	98.98	97.71	99.37	1490.25	124.2	12
1989	139.92	119.05	141.1	141.7	134.32		106.01	130.8	101.75	92.28	98.43	75.71	1281.07	116.5	11
1990	135.62	125.34	120.5	85.03	121.03	164.14	95.33	87.35	101.23	122.9	135.83	161.55	1455.85	121.3	12
1991	111.98	95.23	114.54	136.99	114.04	29.9	116.7	116.21	98.87	132.62	70.4	77.71	1215.19	101.3	12
1992	89.67	92.15	103.51	107.15	111.22	121.63	100.79	121.48	88.38	83.36	90.4	99.54	1209.28	100.8	12
1993				86.33	107.5	109.64	123.45	94.37					521.29	104.3	5
1994	76.31	85.61	111.19	117.26	132.85	66.2	126.76					76.27	792.45	99.1	8
1995	89.22	73.57	88.29	84.47	73.95	58.81	99.76	100.48	92.52	126.06	85.83	76.83	1049.79	87.5	12
1996	70.9	74.38	126.09	88.87	122.11	107.77	130.4					63.6	784.12	98	8
1997	63.99	53.88	63.49	86.19	112.92	32.67							413.14	68.9	6
1998			101.2									78.19	179.39	89.7	2
1999	100.53		206.48	189.86	160.89								657.76	164.4	4
2000									61.99	72.28	80.07	36.35	250.69	62.7	4
2004									90.79	108.01	62.11		260.91	87	3
2005	95.28	83.94	88.18										267.4	89.1	3
2010							42.83	37.08	48.83	63.01	69.84		261.59	52.3	5
2011	110.27	136.3	184.96	162.37	184.04	126.88	149.41	146.8	97.97	104.98	113.55	113.64	1631.17	135.9	12
2012	112.2	110.36	168.4	151	198.2	138.4	170.4	166.2	137.8	124.5	115	114.39	1706.85	142.2	12
2013	94	124.8	165	221.69	203.9	149.45	137.6	152.34	97.11	93.09	85.05	76.87	1600.9	133.4	12
2014	81.72	107	164.96	186.95	168.48	141.65	152.54	133.1	85.3	66.45	68.3	73.4	1429.85	119.2	12
2015	69.35	91.92	137.61	183.2	165.3	146.87	126.7	137.28	94.3	107.35	91.58	92	1443.46	120.3	12
2016	105.95	108.83	185.35	189.25	178.7	118.35	138.3	118.1	106.15	101.25	92.15	88.7	1531.08	127.6	12
2017	93.9	127.2	169.65	182.15	182.65	122.5	136.85	135.38	104.6	99.9	101.25	104.7	1560.73	130.1	12
2018	88.15	135	200.05	205.15	187.85	191.45	190.8	163.5	142.85	135.45	106.55	108.5	1855.3	154.6	12
2019	102.6	128	139.9	225.1	228.4	156.15	161.33	176.95	143.25	98.95	116.1	89.75	1766.48	147.2	12
2020	117.1	132.35	190.6	252.9	224.15	141.2	144.8	138.1	109.2	95.5	82.3	77.2	1705.4	142.1	12
2021	93.65	118.3	150.8										362.75	120.9	3
MÍNIMA	48.4	53.88	63.49	84.47	14.1	29.9	42.83	37.08	48.83	62.6	62.11	36.35	179.39	52.3	2
MÁXIMA	142.8	148.3	208.8	252.9	228.4	191.45	190.8	184	158.9	162.7	141.3	161.55	1900.95	174.2	12
MEDIA	105.3	113.9	150.9	163.4	158.4	128.7	138.1	131.9	111.5	110.2	99.6	94	1163.1	121.1	9.3
DESV.ST	22	24.6	39.1	43.9	48.9	37	27	33.3	29.1	24.4	20.4	22.2	543.7	26.6	3.5

TEMPERATURA MÁXIMA PROMEDIO
AÑO	ENE	FEB	MAR	ABR	MAY	JUN	JUL	AGO	SEP	OCT	NOV	DIC	ACUM	PROM	MESES
1962									25.7	25.8	23.2	23.5		24.6	4
1963	24.2	23.9	26.5	31.2	29.7	29.6	27.8	27	27	27	24.9	22.7		26.8	12
1964	26.8	25.9	29.5	29.2	29.1	26.5	26.4	27.8	27.1	23.5	24.3	22.5		26.6	12
1965	23.1		27.1	30	30.6		27							27.6	5
1968										28.6	29.5	27.7		28.6	3
1969		30.1	29.4	33.6	33.4	33.5	32.5	31.2	30.7	32.5	31	28		31.4	11
1970	27.2	26.2	31.6	33	29.5	31.5	30.3	30.8	29.7	29.8	28.6	28.6		29.7	12
1971	31.6	32.3	29.6	29.9	32.9	32.3	30.3	30.9	30.6	30.4	29.3	30.1		30.9	12
1972	30.2	30			34.3	29.9	30	30.2	31	31	31	28.9		30.6	10
1973	28.1	27.6	33.8	31.6	30.9		30.6	29.3	30.2	28.1	29.6			30	10
1974	29.6	27.9	31.5	31.9	32.3	30.5	29.6	30.7	29.8	25.6	26.9			29.7	11
1975	27.9	30.9	32.2	32.9	33.5	32.4	31.9	32	30.6	25.4	29.6	27.6		30.6	12
1976	28.1	30.3	32.1	32.9	33.5	31.3	29.7	29.9	30.1	31.4	30.5	24.4		30.4	12
1977	27.2	26.7	32.8	29.4	32.5	31.1	29.2	31.5	31.2	33.2	30.3	29.2		30.4	12
1978	28.3	24.6	28.4	33.8	34.1	32.5	33	35.7	32.1	29	31.2	28.2		30.9	12
1979	28.2	28.3	31.2	34.1	33.9	35.4	31.8	30.3	27.8	31.4	25			30.7	11
1980	28.1	27.9	33.2	29.5		30.5	29.8	29.8	29.6	28	24.1	23.1		28.5	11
1981	27.6	32	30.8	29.7	28.5		28.4	28.3	27.9	27.4	26.2	28.1		28.6	11
1982	28.9	29.6	30.8	32.2	34	29.9	28.8	31	32.2	31.8	30.9	29.8		30.8	12
1983	29.5	30.6			33.8	35.4	32.8	33.5	32.3	31.9	32.1	29.5		32.1	10
1984	29.4	32.5	32.3	36.4	33.4	33.4	27.6	26.7	25.5	27.4		26		30.1	11
1985	25.8	34	33.5	27.5	32.3	30.6	28.3	28.3	28.2	28.9	28.9	25.9		29.4	12
1986	25.1	29.6	28.1	31.2	31.1	29.8	29	29	28.1	28.5				29	10
1987	26.8	30.9	30.7	29.7	31.9	30.5	32.6	29.7	29	26.5	28.3	28.9		29.6	12
1988	29.5	29.9	31.7	33.6	34.5	31.4	29.7	28.5	28.3	26.1	27.8	26.9		29.8	12
1989	27.6	28.4	28.9	32.5	32.2	28.8	28	26.9	24.6	27	27.1	28.6		28.4	12
1990	28.6	30.8	30.9	30.9	31.1	33	28.9	30	28.5	30.9	33	33.6		30.9	12
1991	30.1	30.9	32.4	33.8	33.7	34.2	32.2	31	32.3	30.1	29.9	29.6		31.7	12
1992	31.2	32.4	32	35.2	34.5	35.6	35.2	33.5	31.2	30.1	29.7	30.3		32.6	12
1993				32.4	33.1	31.8	30.9	30.3						31.7	5
1994	29.6	29.9	30.9	32.2	32.7	32	31.6	31.5	30.4	31	28.9	28.9		30.8	12
1995	29.4	29.8	30	29.8	29.7	29.5	31.3	29.8	30.2	33.9	32.8	32.2		30.7	12
1996	32	33	31.2	30.6	32.5	31.4	33.2		30.4			28.6		31.4	9
1997	28.7	29.1	29.6	30.1	32.7	33.1	31.9	32.5	32.1		31.3	30.1		31	11
1998	30.9	32.6	29	32.9	33.8	35.5	33.5	32.8	32.7	30.3	30.5	31.5		32.2	12
1999	31.2	32.3	32.5	33.8	33.5	33.1	33.5			29.3	25.2	24.9		30.9	10
2000	26.2	31.2	32.3	32.8	33.1	30.3	32.2		29.9	28.9	29.4	23.6		30	11
2002	29.5	31.2	31.6	34.3	33.9	31.9	32.5	32.9	31.4	30.9	31.2	30.2		31.8	12
2003	26.2	32.2	33.1	34		32.6	32.7	33	32.5	29.5		24.2		31	10
2004	27.1	30.5	32.1	37.4		31.5	32.6		31.3	31.8	28.8	27.1		31	10
2005	28.3	29.6	32.2	32.9	34.6	32.8	31.9	31.8	31.4			25.5		31.1	10
2006	30.2	31.2	32.4			29	31.3		30.9					30.8	6
2007	27.7	29.1	30.5	33.3	33.4	33.9	31.9	30.7			26.3	27.5		30.4	10
2008	28.4	31.1	31.3	35.9	35	32.4	30.3	31.6	28.8	27	24.8	27.1		30.3	12
2009	28.2	28.6	30.5	34.4	33.2	32.6					26.8	27.9		30.3	8
2010	28	29.8	31.5	31.5	31.7	31.2	31.5	29.8	28.4	26.8	29.3			30	11
2011	25.6	26.1	28.4	30.5	31.1	29.4	28	29.5	27.7	25.1	26.6	26		27.8	12
2012	26.5	27.3	29.8	30.8	31.4	29.3	29.4	29.2	29.2	30.6	26.4	28		29	12
2013	25.8	29.7	28.2	32	32.1	30	29.8	29.6	28.8	29.3	28.8	26		29.2	12
2014	23.4	28.6	30.8	30.7	29.7	28.9	29.7	30.5	28.6	27	25.3	25		28.2	12
2015	25	26.4	29	33.2	32.6	30	30.2	31.8	30.4	29.2	28.1	27.6		29.5	12
2016	25.4	24.8	30.7	32	33.7	30	31.1	29.5	29.1	29.5	26.5	28		29.2	12
2017	27.6	30.7	30.3	31.9	32.1	29.6	30.6	30.8	30.4	28.7	28.1	28		29.9	12
2018	23.8	32.3	32.8	31.7	34.6	31	32.1	31.8	31.3	30.2	28.8	28.1		30.7	12
2019	28	31.7	30.7	33.3	35	31.4	32.4	32.4	31.5	30.1	27.8	28.6		31.1	12
2020	27.3	29.7	32.5	35	34	30.4	31.5	30.4	31	28.7	27	26.1		30.3	12
2021	27.7	29.7	31.1	33	32	30.6	30.4	30.6						30.6	8
MÍNIMA	23.1	23.9	26.5	27.5	28.5	26.5	26.4	26.7	24.6	23.5	23.2	22.5		24.6	3
MÁXIMA	32	34	33.8	37.4	35	35.6	35.2	35.7	32.7	33.9	33	33.6		32.6	12
MEDIA	27.9	29.7	30.9	32.3	32.6	31.4	30.7	30.5	29.8	29.1	28.4	27.6		30	10.7
DESV.ST	2.1	2.3	1.7	2	1.6	1.9	1.9	1.8	1.9	2.3	2.4	2.4		1.5	2.2

TEMPERATURA MÁXIMA EXTREMA
AÑO	ENE	FEB	MAR	ABR	MAY	JUN	JUL	AGO	SEP	OCT	NOV	DIC	ACUM	PROM	MESES
1962									28.5	29	27	30		28.6	4
1963	30	29.5	32.5	34.5	34.5	34.5	30.5	34	31	33	35	34		32.8	12
1964	33	33	35	33.5	36	29	28	30	29.5	28.5	30	27.5		31.1	12
1965	29.5		32	34	33		31							31.9	5
1968										33	36.5	36		35.2	3
1969		35	37.5	39.5	39	39	39	33.5	34	37	36.5	35		36.8	11
1970	36	36	35	41	39	36.5	34	35	34.5	37	36	32		36	12
1971	37.5	37.5	32	36.5	38.5	38.5	36	38	34	33	33.5	36		35.9	12
1972	35	36			37	35.5	33	34	36.5	36.5	35.5	34		35.3	10
1973	34	34.5	37	39	36		35.5	32	35.5	32	32.5			34.8	10
1974	35	33.5	34.5	37	36.5	36	32.5	34.5	36	33	33			34.7	11
1975	33	35	37	37	37	37	36	35	34.5	35	32.5	32.5		35.1	12
1976	33	35	37	37.5	38	35.5	33	33	32	34	35	35		34.8	12
1977	33.5	38.5	40	37.5	39	35	32	37	37	39	38	38		37	12
1978	38	36	36	39	38	37	38	40	39	38	38	33		37.5	12
1979	35	35	38	37	37	38	37	37	38	34	30			36	11
1980	33	34	41	37		37	38	36	39	39	31	31.5		36	11
1981	31	35	36.5	36	36		31	32.5	33.5	32	30.5	31.5		33.2	11
1982	32	36	35.5	36	36	31.5	30.5	34	35	34	36	36		34.4	12
1983	36	36			38	39	36.5	36	34.5	38.5	36.5	36		36.7	10
1984	38	38	40	40	41	38	33	29.5	28	32		30.5		35.3	11
1985	32	38.5	38	33.5	36	35	31.5	31	32	31.5	32	32		33.6	12
1986	29	32	32	38.5	37	33	38	32	30.5	35				33.7	10
1987	32	33	36	35	37	34	36.5	32.5	32	32	32.5	33		33.8	12
1988	34	35	35	39.5	39	38	32	31.5	31.5	33.5	30	31		34.2	12
1989	33	33	39	36	36	33	32	28	28	30	29.5	33.5		32.6	12
1990	31	33	33	35	37	35.5	33	33	33	35	36.5	37		34.3	12
1991	31.5	34	35	35.5	35.5	35	35	34	34.5	34	33	32		34.1	12
1992	32.5	34	35.5	38	36	37	36.5	36.5	32.5	33	31.5	32		34.6	12
1993				33.5	35	35	34	32						33.9	5
1994	32	32	33	35	36	34	35	33	33	33	31	32.5		33.3	12
1995	31.5	31	31.5	32	34	31	36	33	34.5	37	35	35		33.5	12
1996	34	35	35	33.5	36	34	36		33			30		34.1	9
1997	30	30.5	31.5	36	35	36	34	36	36		35	32		33.8	11
1998	35	36	33	36	37	38	36	36	39	36	35	35		36	12
1999	35	36	36	38	37	36	36			33.5	30	30		34.8	10
2000	32	36	37	37	39	35	36		33	32	33	28		34.4	11
2002	33	35	37	39	39	35	37	36	38	33	36	32		35.8	12
2003	33.5	36	38	40		35	35	36	35	33		29		35	10
2004	33	37	38	41.5		34	35		38	37	33	34		36	10
2005	32	34	36	38	38	37.5	34.5	35	35			33		35.3	10
2006	33	36	39			34	35		35					35.3	6
2007	38	33	35	39	39	39	35	35			31	32		35.6	10
2008	39	38	37	41	39	40	34	34	34	34	29	31		35.8	12
2009	32	36	37	38	38	38					32	32		35.4	8
2010	32	35	36	35	36	39	38	33	34	33.5	38			35.4	11
2011	33	33	33	36	34	33	32	36	40	30.5	34	33		34	12
2012	32	34	34.5	34	37	34	32	34	33.5	33	33	33.5		33.7	12
2013	33.5	34	37	37	36.5	32	34	33	39.5	33.5	41.5	35		35.5	12
2014	31.5	34	36	36.5	39	34	34	36	31	33	32	32		34.1	12
2015	33	34	35	37	36.5	36	33	35	37	34	32	33		34.6	12
2016	32	33	36.5	37.5	37	36	34	33	33	34	31	33.5		34.2	12
2017	33.5	35	36	36	37	36	36	33	34	32.5	34	35.5		34.9	12
2018	35	37	37	35.5	38.5	36	37	35	34.5	34.5	34	34		35.7	12
2019	33.5	36	36	38	38	35.5	37	37	36	34.5	33	34		35.7	12
2020	34	36	38.5	40	38	36.5	34	32	35	33.5	33	34		35.4	12
2021	34.5	36.5	37	39.5	37	34	34	34						35.8	8
MÍNIMA	29	29.5	31.5	32	33	29	28	28	28	28.5	27	27.5		28.6	3
MÁXIMA	39	38.5	41	41.5	41	40	39	40	40	39	41.5	38		37.5	12
MEDIA	33.4	34.8	35.9	37	37	35.6	34.5	34.1	34.3	33.9	33.4	33		34.7	10.7
DESV.ST	2.2	1.9	2.2	2.2	1.6	2.2	2.3	2.3	2.9	2.3	2.8	2.2		1.5	2.2

TEMPERATURA MÍNIMA PROMEDIO
AÑO	ENE	FEB	MAR	ABR	MAY	JUN	JUL	AGO	SEP	OCT	NOV	DIC	ACUM	PROM	MESES
1962									17.9	17.6	14.9	13.6		16	4
1963	12.9	12.7	15.1	17.6	18.2	18	17.8	17.1	16.2	16	15.4	11.9		15.7	12
1964	10.2	13.1	14.9	17.9	18.1	17.3	17.4	16.9	16.9	14.6	14.8	14.3		15.5	12
1965	13.2		15	16.8	18.5		17.3							16.2	5
1968										18.3	14.8	14.2		15.8	3
1969		15.1	16.7	17.9	19.3	19.2	19.8	18.7	18.7	17.4	17.9	15.1		17.8	11
1970	13.1	13.5	15.8	16.5	16.2	18.6	18.6	18.1	18.1	17.7	15	16.2		16.4	12
1971	17.3	18.4	18.3	15.3	18	17.8	17.6	18.1	18.2	16.7	15.5	14.2		17.1	12
1972	15.9	12.2			21.1	20.4	18.6	18.9	19	18.5	17.1	14.9		17.7	10
1973	12.6	13.1	16.9	17.7	19.2		18.8	18.6	18.8	18.2	16.6			17	10
1974	14.3	13.2	15.2	17.1	17.8	18.7	17.7	18.8	18.4	16.7	15			16.6	11
1975	13.4	13.2	16.2	17.9	19.2	18.9	18.3	18	17.9	16.7	16.6	11.9		16.5	12
1976	13.4	13.3	16	16.6	18.1	19	18.4	18.7	18.4	18.2	17.5	13.3		16.7	12
1977	13.3	14.1	15.4	17.6	17.5	19	18.3	18.4	18.2	17.7	15.3	15.3		16.7	12
1978	12.6	14.2	14.4	16.6	19.5	18.6	17.7	18.1	18.3	17	17.3	13.6		16.5	12
1979	13	11.9	14.7	17.4	19.1	19.2	17.2	16.1	17.1	18.3	14.5			16.2	11
1980	12.5	13.3	14.4	15.8		18.4	18.4	18.3	17.4	17.9	14.5	14.1		15.9	11
1981	11.1	14.5	13.8	16.8	17.5		16.9	16.7	16.5	16.3	13.4	13.7		15.2	11
1982	11.7	12.5	13.6	15.8	18.1	17.2	15.8	16.7	17.3	16.8	14.9	15.1		15.5	12
1983	15.2	15.8			17	17.4	17.4	16.7	16.4	16	14.6	13		15.9	10
1984	12.3	12.8	13.7	16.5	17.1	16.5	16.3	16.6	16.5	16.3		12.3		15.2	11
1985	11.2	15.1	14.9	18.9	15.4	16.8	16.1	16	15.8	15	13.8	12.9		15.2	12
1986	12.1	13.1	15.8	13.1	14.8	16.4	16.1	16.4	16	15				14.9	10
1987	12.2	10.3	12.1	13.8	16.2	16.9	16.9	16.7	16.8	13.9	10.4	12.4		14.1	12
1988	11.8	11.7	12.7	16.4	15.4	17.8	15.8	17.1	15.9	15	14.1	11.7		14.6	12
1989	12.2	11.1	9.6	12.7	16.7	16.1	16.4	16.2	16.3	15.2	14.2	10.6		13.9	12
1990	8.7	9.4	9.4	11.7	14.9	24.1	14.7	13.8	15.8	13.9	22.2	20.9		15	12
1991	14.4	14	16.2	18.9	16.1	14.3	10.1	14.1	18.4	17.6	15.2	14.4		15.3	12
1992	13.7	14.2	14.5	16.5	16.6	18.9	19	18.2	17.5	18.2	16.4	16.8		16.7	12
1993				17.1	18.2	17.2	17.2	17.7						17.5	5
1994	14.1	15.4	15.1	16.9	17.1	17	17.5	18.7	18.2	17.8	16.4	15		16.6	12
1995	14.4	15	15.2	15.1	15.1	14.8	16.7	18.4	17.8	17	15.8	15.3		15.9	12
1996	15.1	15.5	15.5	17.1	18.7	18.9	19		19			16		17.2	9
1997	16	16.4	16.3	17.2	18.4	19.5	18.7	18.8	18.4		16.8	16.5		17.5	11
1998	14.5	14.8	14.3	15.6	17.5	18.8	18.1	18.9	19.8	18.9	18	17.2		17.2	12
1999	15.2	14.4	14.9	16.7	19	19.1	19.3			17.6	15.4	14.5		16.6	10
2000	12.7	12.4	14.7	17.8	21.3	19.7	19.2		18.6	18	16.9	13.9		16.8	11
2002	14.1	16.3	13	18.4	19.9	20	20	19.8	19.9	19.3	17.8	13.3		17.6	12
2003	13.5	12	15.9	17.4		18.9	19.5	18.5	19.7	18.9		13.7		16.8	10
2004	14.5	15.2	18.1	17.6		19.9	19.1		19.2	18.9	17.2	15.6		17.5	10
2005	13.8	12.4	16.5	15.4	19.2	20.2	20	20	18.8			15.6		17.2	10
2006	16.2	15	15			14.6	20		19.4					16.7	6
2007	17.7	14.8	16.3	15.9	20	20.1	19.1	20.2			16.6	15.2		17.6	10
2008	15.8	16.1	17.6	18	19.8	19.6	18.7	18.7	19.8	18	15.1	13.7		17.6	12
2009	12.6	16.3	15	17	19.5	20.4					17.6	17.4		17	8
2010	16.6	14.9	16	18.5	20.3	20.7	20.5	21	19.7	17.3	18.5			18.5	11
2011	12.5	13.5	16.1	18.4	19.8	19.7	19.7	19.8	18.8	17.6	15.8	14		17.1	12
2012	13.6	16.7	16	15	19.4	19.5	19.3	19.5	19.2	20.6	14.8	13.1		17.2	12
2013	14.6	13.6	14.6	16.9	19	19.7	19.5	19.8	19.6	19.5	17.4	15.5		17.5	12
2014	12.5	14.8	16.5	18	19.1	19.4	19.6	19.5	19.4	18.3	15.4	15.1		17.3	12
2015	14.7	12.3	15.2	19.4	19.8	19.9	19.4	19.4	19.4	18.6	19.2	15.5		17.7	12
2016	14	13.8	16.1	18.2	20.2	19.8	19.4	19.8	19.6	19	17.2	15.7		17.7	12
2017	11.5	14.1	17	18.3	19.5	19.9	19.5	19.5	19.8	18.4	16	14.4		17.3	12
2018	12.5	15	16.3	18	18	18.9	19	19.2	19.1	18.8	16.5	13.5		17.1	12
2019	13.8	13.6	15.1	16.6	19.4	19.5	19.5	19.3	18.6	18.6	15.9	13.8		17	12
2020	14.6	13.8	15.8	18.2	19.6	19.5	19.4	19.5	19.6	17.7	17.1	13.3		17.3	12
2021	14.5	12.6	15.3	17.2	19.1	18.7	18.9	19.3						17	8
MÍNIMA	8.7	9.4	9.4	11.7	14.8	14.3	10.1	13.8	15.8	13.9	10.4	10.6		13.9	3
MÁXIMA	17.7	18.4	18.3	19.4	21.3	24.1	20.5	21	19.9	20.6	22.2	20.9		18.5	12
MEDIA	13.6	13.9	15.2	16.8	18.3	18.6	18.1	18.2	18.2	17.4	16	14.4		16.6	10.7
DESV.ST	1.7	1.7	1.7	1.6	1.6	1.7	1.7	1.5	1.3	1.5	1.8	1.7		1	2.2

TEMPERATURA MÍNIMA EXTREMA
AÑO	ENE	FEB	MAR	ABR	MAY	JUN	JUL	AGO	SEP	OCT	NOV	DIC	ACUM	PROM	MESES
1962									16	15	12.5	11.5		13.8	4
1963	10	7	9	13.5	16.5	15.5	15.5	12	11	12	12.5	6		11.7	12
1964	5	7	12	15	14	15	16	15	16	12	12	11.5		12.5	12
1965	8		10.5	13.5	15		15.5							12.5	5
1968										12	9	8		9.7	3
1969		10	12	12	16.5	17	18.5	17	18	12	15	10		14.4	11
1970	9	9	12	14	13	15.5	17.5	15	17	15	7	14.5		13.2	12
1971	14.5	15	15	12	15	15.5	16	15	17	12	13	11.5		14.3	12
1972	12	9			20	19	17	18	18	15	12.5	8		14.8	10
1973	9	5.5	12	15	16.5		17	17	16	16	13			13.7	10
1974	8	9	9	12.5	14	17	16	17	16	13.5	12			13.1	11
1975	10	10	12	15	17	15.5	17	14.5	15	13.5	13	5		13.1	12
1976	10	10	11	12	14	18	16	17	17	17	11	6		13.2	12
1977	7	10	9	11	11	16	14	15	14	11	9.5	11.5		11.6	12
1978	7.5	9	11	13	15	15	15	16	16	11.5	12	8		12.4	12
1979	9	9	11	15	15.5	18	13	13	14	17	10			13.1	11
1980	9	9	10	11		14	14	12	8	12	9	4		10.2	11
1981	7	11	10	13	14.5		15	11	14	13	8	9.5		11.5	11
1982	7.5	5.5	10.5	11	16	15	6.5	15.5	15	16	14	13		12.1	12
1983	14	0			14	14	16	15	14	13	10	7		11.7	10
1984	9	10	10	10.5	15	14	14	15	14	13.5		7		12	11
1985	6	11.5	12.5	15	12	15	14	15	14	12	9.5	9.5		12.2	12
1986	9	10.5	12.5	11	12	14.5	14.5	14.5	14	11				12.3	10
1987	7.5	7	3	6	11	15	15.5	15	15	8	6	8		9.8	12
1988	6.5	7	9.5	10	10	14	10	15	10.5	11	10	5		9.9	12
1989	8.5	5	4	10	10	13.5	14	11	12	12	10	4		9.5	12
1990	5	7.5	7.5	9	10	23	12	11.5	12	10.5	20	18.5		12.2	12
1991	13	12	13	16	12	12	8.5	8.5	16.5	15	11	12		12.5	12
1992	10	12	10	14	14	17.5	17	15	14.5	16	15	15		14.2	12
1993				14	16.5	13	15	15						14.7	5
1994	12	10	12	14	14	14.5	14.5	17	16	11.5	12	12.5		13.3	12
1995	12	13	14	14	14	14	14	17	16	15	14.5	13.5		14.2	12
1996	13.5	14	12	14.5	15.5	17	17		18			14		15.1	9
1997	14	15	15	15	16	17	17.5	17.5	15		15	15		15.6	11
1998	10.5	10.5	11	13.5	15	17	16	14	18	16	16	14		14.3	12
1999	12	9	10	12.5	18	17	17			11	11.5	8		12.6	10
2000	7	8	10	12	16	17	17		12	12	10	9		11.8	11
2002	10	10.5	10	13	14	18	18	19	19	15	12	10		14	12
2003	10	10	11.5	12		17	18	17	17	16		10		13.8	10
2004	9	9	14	15		18	12		16	15	10	9		12.7	10
2005	7	9	12	12	16	18	19	18	17			12		14	10
2006	8	8	9			10	15		15					10.8	6
2007	12	11	11	10	17	17	16	19			13	8		13.4	10
2008	10	10	13	14	17	16	15	15	18	15	11	8		13.5	12
2009	8	10	10	14	16	18					13	12		12.6	8
2010	15	10	12	14	18	20	20	20	15	13	11.5			15.3	11
2011	8	9	11	12	17	17.5	18.5	18	5.5	12	7.5	8		12	12
2012	8	9.5	13	10	4	18	18	18	17.5	18	8.5	6.5		12.4	12
2013	11	6.5	6	10	13.5	18	18	17.5	17.5	17	13	12.5		13.4	12
2014	6.5	6.5	9	14	14	14.5	18	16	17	13.5	12.5	11		12.7	12
2015	10	2.5	9.5	16	16	18	17.5	18	18	14	16.5	11		13.9	12
2016	6	7	11.5	16	11	18	18	18	17.5	17	10	12		13.5	12
2017	4	11	12	13.5	13	17	17.5	16.5	17	13	11	4.5		12.5	12
2018	4	12	12	12	12.5	16	16	17	11.5	17	10	5.5		12.1	12
2019	6	7	11	10.5	12	17	18	16.5	13.5	17	10.5	6.5		12.1	12
2020	7.5	9.5	8.5	12	18	17.5	17.5	17.5	17	13	15	2.5		13	12
2021	10	2.5	9	12.5	17	16.5	17	17						12.7	8
MÍNIMA	4	0	3	6	4	10	6.5	8.5	5.5	8	6	2.5		9.5	3
MÁXIMA	15	15	15	16	20	23	20	20	19	18	20	18.5		15.6	12
MEDIA	9.1	9	10.7	12.7	14.4	16.2	15.7	15.7	15.2	13.7	11.7	9.6		12.8	10.7
DESV.ST	2.6	2.8	2.3	2	2.7	2.1	2.5	2.3	2.7	2.2	2.6	3.5		1.4	2.2

TEMPERATURA MEDIA MENSUAL
AÑO	ENE	FEB	MAR	ABR	MAY	JUN	JUL	AGO	SEP	OCT	NOV	DIC	ACUM	PROM	MESES
1962									21.8	21.7	19	18.6		20.3	4
1963	18.6	18.3	20.8	24.4	24	23.8	22.8	22	21.6	21.5	20.1	17.3		21.3	12
1964	18.5	19.5	22.2	23.5	23.6	21.9	21.9	22.4	22	19	19.6	18.4		21	12
1965	18.1		21	23.4	24.6		22.1							21.8	5
1968										23.5	22.1	21		22.2	3
1969		22.6	23	25.8	26.4	26.4	26.1	25	24.7	25	24.4	21.6		24.6	11
1970	20.1	19.9	23.7	24.8	22.9	25	24.5	24.5	23.9	23.8	21.8	22.4		23.1	12
1971	24.5	25.3	24	22.6	25.4	25	24	24.5	24.4	23.5	22.4	22.1		24	12
1972	23	21.1			27.7	25.1	24.3	24.5	25	24.8	24	21.9		24.1	10
1973	20.4	20.4	25.3	24.6	25		24.7	24	24.5	23.1	23.1			23.5	10
1974	22	20.5	23.4	24.5	25	24.6	23.6	24.8	24.1	21.1	21			23.1	11
1975	20.6	22	24.2	25.4	26.4	25.6	25.1	25	24.2	21	23.1	19.8		23.5	12
1976	20.8	21.8	24	24.8	25.8	25.1	24	24.3	24.2	24.8	24	18.9		23.5	12
1977	20.2	20.4	24.1	23.5	25	25	23.8	25	24.7	25.5	22.8	22.2		23.5	12
1978	20.4	19.4	21.4	25.2	26.8	25.6	25.4	26.9	25.2	23	24.2	20.9		23.7	12
1979	20.6	20.1	23	25.8	26.5	27.3	24.5	23.2	22.5	24.9	19.8			23.5	11
1980	20.3	20.6	23.8	22.6		24.4	24.1	24	23.5	23	19.3	18.6		22.2	11
1981	19.4	23.2	22.3	23.2	23		22.6	22.5	22.2	21.9	19.8	20.9		21.9	11
1982	20.3	21	22.2	24	26	23.5	22.3	23.9	24.8	24.3	22.9	22.4		23.1	12
1983	22.4	23.2			25.4	26.4	25.1	25.1	24.3	24	23.4	21.2		24	10
1984	20.9	22.6	23	26.4	25.2	25	22	21.6	21	21.9		19.1		22.6	11
1985	18.5	24.6	24.2	23.2	23.8	23.7	22.2	22.1	22	22	21.4	19.4		22.3	12
1986	18.6	21.4	22	22.1	23	23.1	22.6	22.7	22	21.8				21.9	10
1987	19.5	20.6	21.4	21.8	24	23.7	24.8	23.2	22.9	20.2	19.4	20.6		21.8	12
1988	20.6	20.8	22.2	25	25	24.6	22.8	22.8	22.1	20.6	21	19.3		22.2	12
1989	19.9	19.8	19.2	22.6	24.5	22.5	22.2	21.5	20.5	21.1	20.6	19.6		21.2	12
1990	18.6	20.1	20.1	21.3	23	28.6	21.8	21.9	22.1	22.4	27.6	27.2		22.9	12
1991	22.2	22.4	24.3	26.3	24.9	24.2	21.2	22.6	25.3	23.9	22.5	22		23.5	12
1992	22.4	23.3	23.2	25.9	25.6	27.2	27.1	25.9	24.4	24.1	23	23.6		24.6	12
1993				24.8	25.6	24.5	24	24						24.6	5
1994	21.9	22.6	23	24.6	24.9	24.5	24.6	25.1	24.3	24.4	22.6	22		23.7	12
1995	21.9	22.4	22.6	22.4	22.4	22.1	24	24.1	24	25.4	24.3	23.8		23.3	12
1996	23.6	24.2	23.4	23.9	25.6	25.1	26.1		24.7			22.3		24.3	9
1997	22.4	22.8	23	23.6	25.6	26.3	25.3	25.6	25.2		24	23.3		24.3	11
1998	22.7	23.7	21.6	24.2	25.6	27.1	25.8	25.8	26.2	24.6	24.2	24.4		24.7	12
1999	23.2	23.3	23.7	25.2	26.2	26.1	26.4			23.5	20.3	19.7		23.8	10
2000	19.4	21.8	23.5	25.3	27.2	25	25.7		24.2	23.4	23.1	18.8		23.4	11
2002	21.8	23.8	22.3	26.3	26.9	26	26.2	26.4	25.6	25.1	24.5	21.8		24.7	12
2003	19.9	22.1	24.5	25.7		25.8	26.1	25.8	26.1	24.2		19		23.9	10
2004	20.8	22.9	25.1	27.5		25.7	25.9		25.2	25.4	23	21.4		24.3	10
2005	21	21	24.4	24.1	26.9	26.5	26	25.9	25.1			20.6		24.1	10
2006	23.2	23.1	23.7			21.8	25.6		25.1					23.8	6
2007	22.7	22	23.4	24.6	26.7	27	25.5	25.4			21.5	21.4		24	10
2008	22.1	23.6	24.5	27	27.4	26	24.5	25.1	24.3	22.5	20	20.4		24	12
2009	20.4	22.5	22.8	25.7	26.4	26.5					22.2	22.6		23.6	8
2010	22.3	22.4	23.8	25	26	26	26	25.4	24	22	23.9			24.3	11
2011	19	19.8	22.2	24.4	25.5	24.5	23.9	24.6	23.2	21.4	21.2	20		22.5	12
2012	20	22	22.9	22.9	25.4	24.4	24.4	24.4	24.2	25.6	20.6	20.6		23.1	12
2013	20.2	21.6	21.4	24.4	25.6	24.9	24.6	24.7	24.2	24.4	23.1	20.8		23.3	12
2014	18	21.7	23.6	24.4	24.4	24.1	24.6	25	24	22.6	20.4	20		22.7	12
2015	19.9	19.4	22.1	26.3	26.2	25	24.8	25.6	24.9	23.9	23.6	21.6		23.6	12
2016	19.7	19.3	23.4	25.1	27	24.9	25.2	24.6	24.4	24.2	21.9	21.9		23.5	12
2017	19.6	22.4	23.6	25.1	25.8	24.8	25	25.1	25.1	23.5	22	21.2		23.6	12
2018	18.1	23.6	24.5	24.9	26.3	25	25.6	25.5	25.2	24.5	22.6	20.8		23.9	12
2019	20.9	22.6	22.9	25	27.2	25.4	26	25.9	25	24.4	21.9	21.2		24	12
2020	21	21.8	24.1	26.6	26.8	25	25.4	25	25.3	23.2	22	19.7		23.8	12
2021	21.1	21.1	23.2	25.1	25.6	24.6	24.6	25						23.8	8
MÍNIMA	18	18.3	19.2	21.3	22.4	21.8	21.2	21.5	20.5	19	19	17.3		20.3	3
MÁXIMA	24.5	25.3	25.3	27.5	27.7	28.6	27.1	26.9	26.2	25.6	27.6	27.2		24.7	12
MEDIA	20.7	21.8	23	24.6	25.4	25	24.4	24.4	24	23.2	22.2	21		23.3	10.7
DESV.ST	1.6	1.5	1.2	1.4	1.3	1.4	1.4	1.3	1.4	1.6	1.8	1.8		1	2.2
