COMISIÓN NACIONAL DEL AGUA
COORDINACIÓN GENERAL DEL SERVICIO METEOROLÓGICO NACIONAL
BASE DE DATOS CLIMATOLÓGICA NACIONAL 

ESTADÍSTICA MENSUAL
EMISIÓN   : 25/10/2024 

DATOS DISPONIBLES EN LA BASE DE DATOS A: OCTOBER DE 2024; 
CON LA INFORMACIÓN SUMINISTRADA POR LAS UNIDADES ADMINISTRATIVAS 

 ESTACIÓN  : 7367 
 NOMBRE    : SAYULA (CFE) 
 ESTADO    : CHIAPAS 
 MUNICIPIO : OSTUACÁN 
 SITUACIÓN : OPERANDO 
 CVE-OMM   :   
 LATITUD   : 17.41666667 ° 
 LONGITUD  : -93.38333333 ° 
 ALTITUD   : 237 msnm 


LLUVIA MÁXIMA 24 H.
AÑO	ENE	FEB	MAR	ABR	MAY	JUN	JUL	AGO	SEP	OCT	NOV	DIC	ACUM	PROM	MESES
1987	60.8	36	74.5	20.7	28.9	112.4	91.8	61.2	77.6	79.4	92.4	49.4	785.1	65.4	12
1988					58.9	88.9	69.8	64.7	56	129.2	97.8	58.6	623.9	78	8
1989	60.8	36	74.5	20.7	28.9	99.8	91.8	61.2	198	56	82.1	141.4	951.2	79.3	12
1990	143.3	143.9	103.4	104.9	61.8	71.4	80.3	41	197.5	448.5	116.8	191.7	1704.5	142	12
1991	222	101.3	63	2.4	50.5	51.8	61.5	82.7	114.7	163.7	131.7	73.6	1118.9	93.2	12
1992	93.1	75.8	63.2	14.1	57.4	123.9	65	91	167.2	173.9	156.1	25.5	1106.2	92.2	12
1993	55.9	39.1	24.7	55.9	86.8	115.3	26.5	71.2	49.2	214.2	97.5	61.2	897.5	74.8	12
1994	153	60.6	47.4	98.8	28.1	19.4	94.1	61.1	114.3	194.6	48.1	130.7	1050.2	87.5	12
1995	90.8	81.5	107.7	167.3	24.2	84.7	88.7	140.4	179.3	88.5	213.2	151.1	1417.4	118.1	12
1996	57.6	23.7	86.7		50.9	115	66.5	66	142.2	76.2	135	174.7	994.5	90.4	11
1997	80	116	96.6	60	50.2	47	55.7	24	60.2	150.6	48	80	868.3	72.4	12
1998	28	15	11	24	0								78	15.6	5
2004	143						51.4	100.5	76	143	119.3	64	697.2	99.6	7
2005	19.7	145.8	36	21.4	126.8	81.8	48	67.2	108.5	81.3	35.5	116.5	888.5	74	12
2006	72.6	83.9	91.5	39.6	62.6	241.5	65.4	64.5	113	215	61.7	191.2	1302.5	108.5	12
2007	334.6	37.2	91.7	31.5	31	59.3	49.9	66.6		325.4	99.7	40.9	1167.8	106.2	11
2008	133.7	64.3	33.5	96.6	80.9	106.6	125	71.9	122.2	123	68.5	62.8	1089	90.8	12
2009	80.5	69.7	63.8	118.2	34.4	53	49.5	75.4	98	270.5	267.7	53.8	1234.5	102.9	12
2010	84.3	23.4	28.5	22.9	38.8	112.9	78.7	170.1	152.8	111.1	188	85.8	1097.3	91.4	12
2011	129.7	59	189.3	67	143.5	69.7	87.8	92	116.9	168.8	176.5	185.9	1486.1	123.8	12
2012	101.2	69.2	11.3	108.6	67.7	32.8	38.3	132.9	110.5	77.1	11.8	148.5	909.9	75.8	12
2013	147.3	20.1	25.5	53	74.4	121.2	53.5	159.5	110.8	136.5	274.7	325.4	1501.9	125.2	12
2014	106.3	48	84.3	137.7	139.4	56	84.5	36.5	168.3	170.9	145.9	45.7	1223.5	102	12
2015	182	48.9	81.9	141.9	56.2	40	19.8	75.1	50	169.1	120	172.7	1157.6	96.5	12
2016	71.3	56.9	68.6	38.9	25.2	29.4	48.8	131.7	63.2	90.5	157.8	107.5	889.8	74.2	12
2017	204	1.9	30.8	127.6	101.7	47.7	47.3	79.7	80.2	149.4	27.4	55.6	953.3	79.4	12
MÍNIMA	19.7	1.9	11	2.4	0	19.4	19.8	24	49.2	56	11.8	25.5	78	15.6	5
MÁXIMA	334.6	145.8	189.3	167.3	143.5	241.5	125	170.1	198	448.5	274.7	325.4	1704.5	142	12
MEDIA	114.2	60.7	66.2	68.4	60.4	82.6	65.6	83.5	113.6	160.3	118.9	111.8	1045.9	90.7	11.3
DESV.ST	69	37.7	39.6	48.7	36.6	46.7	24	36.9	45.6	87.4	68.7	69.6	322.1	24.2	1.8

LLUVIA TOTAL MENSUAL
AÑO	ENE	FEB	MAR	ABR	MAY	JUN	JUL	AGO	SEP	OCT	NOV	DIC	ACUM	PROM	MESES
1987	155.02	107.13	193.72	75.31	102.33	604.2	512.11	431.91	615.2	291.16	222.17	150.1	3460.36	288.4	12
1988					115.51	308.2	383.71	560.81	349.01	971.03	234.17	199.31	3121.75	390.2	8
1989	150.02	107.13	193.62	75.41	102.23	395.71	512.11	431.91	1340.4	313.43	407.3	637.23	4666.5	388.9	12
1990	402.94	284	294	138.4	130.8	219.41	312.8	254.5	730.1	1068.9	587.91	550.9	4974.66	414.6	12
1991	557.8	559.5	94.9	4.2	57.1	227.1	307.7	290.4	585	711.6	592.2	428.7	4416.2	368	12
1992	527.5	191	228.41	63.01	204.31	504	266.9	460.7	798.1	573.3	614.3	126.31	4557.84	379.8	12
1993	215.91	103.5	92.2	196.2	131.1	582.6	191.5	561.1	487.1	1080.1	340.41	268.51	4250.23	354.2	12
1994	448.3	358.5	186.4	204.3	81.9	58.31	313.8	362.6	583.1	544.1	157.9	344.1	3643.31	303.6	12
1995	452.9	190.4	181.8	396.8	27.7	420.2	413.4	636.6	814.6	461.11	478.6	378.3	4852.41	404.4	12
1996	211.1	73	142.8		112.4	273.6	390.8	305.9	771.1	383.8	487.9	572	3724.4	338.6	11
1997	302.1	484.7	182.7	157.5	149	319.5	297.5	179.5	280	543	300.1	289.8	3485.4	290.4	12
1998	109.2	15	16.6	24	0								164.8	33	5
2004	251.8						109.5	324.32	530	251.8	382.2	269.2	2118.82	302.7	7
2005	40.1	298.01	59	54.7	269.71	403	332.81	460.81	545.41	292.8	174.41	496.2	3426.96	285.6	12
2006	330.4	260.6	128.4	102.2	150.3	707	492.4	379.01	569.7	872.51	261.1	586.1	4839.72	403.3	12
2007	965.5	264.8	170.4	96.2	49.9	182.6	174.71	448.1		1670.72	280.02	121.9	4424.85	402.3	11
2008	466.12	264.2	127.2	174.3	235.2	445.1	609.7	401.6	892.7	484.9	137.7	140.8	4379.52	365	12
2009	233.81	152.3	143.11	142.4	116.91	218.41	308.21	426.5	469.4	439.2	672	230.51	3552.76	296.1	12
2010	327.51	96.2	98	63.3	98.11	592.21	476.51	1100.6	730.11	255.2	545.2	172.4	4555.35	379.6	12
2011	364.2	286.1	349.01	76.1	265.7	225.11	705.11	364.21	450.61	966.7	457.9	544.5	5055.25	421.3	12
2012	470.6	276.82	41.4	224.8	310.9	193.3	221.3	635.8	610.1	318	28.5	469.6	3801.12	316.8	12
2013	649.6	61.4	71.5	120.2	298.4	480.3	338	776.2	431.5	514.1	1269.4	1184	6194.6	516.2	12
2014	513.9	269.2	315.6	469.4	552.8	357.8	261.1	253.2	685.3	666.5	525.9	86.03	4956.73	413.1	12
2015	728.8	241.4	398.4	191.4	84.3	192.5	81.5	387.2	254.5	760.3	638	810.7	4769	397.4	12
2016	370.2	230.2	122.8	114.2	30.3	257.6	287.1	367.7	342.2	614.3	665.1	391.1	3792.8	316.1	12
2017	317.6	5.5	64.9	239.1	321	307.9	272.6	251.4	559.2	869.7	172.9	147.5	3529.3	294.1	12
MÍNIMA	40.1	5.5	16.6	4.2	0	58.31	81.5	179.5	254.5	251.8	28.5	86.03	164.8	33	5
MÁXIMA	965.5	559.5	398.4	469.4	552.8	707	705.11	1100.6	1340.4	1670.72	1269.4	1184	6194.6	516.2	12
MEDIA	382.5	215.9	162.4	148	159.9	353.2	342.9	442.1	601	636.7	425.3	383.8	4027.5	348.6	11.3
DESV.ST	207.7	136.1	98.2	110.6	123.5	162.9	147.8	194.5	231.5	337.6	257.2	255.9	1132	85.3	1.8

EVAPORACIÓN MENSUAL
AÑO	ENE	FEB	MAR	ABR	MAY	JUN	JUL	AGO	SEP	OCT	NOV	DIC	ACUM	PROM	MESES
1987	57.5	61.9	104.1	82.2	100.6	93.9	77.9	92.1	116.7	55.6	70.9	55.6	969	80.8	12
1988					119	96.6	97.7	95.4	91.4	80.8	53.6	41.7	676.2	84.5	8
1989	55.7	62.5	103.3	82.3	100.6	94	78	92.7	57.6	57	39.6	41.2	864.5	72	12
1990	42.89	57.86	94.43	108.24	130.56	93.24	119.22	111.78	96.14	94.43	62.34	62.41	1073.54	89.5	12
1991	66.07	62.63	137.37	148.67	152.73	134.47	110.4	117.89	103.71	85.21	62.08	50.79	1232.02	102.7	12
1992	40.45	65.46	94.69	110.75	124.38	124.78	93.85	119.56	121.48	96.52	68.97	57.76	1118.65	93.2	12
1993	65.56	77.24	111.5	143.54	125.74	117.7	83.42	92.86	92.88	100.71	76.52	48.11	1135.78	94.6	12
1994	50.06	65.68	108.28	121.82	137.89	130.69	127.7	108.69	89.92	99.75	77.43	56.99	1174.9	97.9	12
1995	66.98	72.03	115.02	130.59	170.89	132.91	112.21	109.32	104.98	81.74	65.82	52.57	1215.06	101.3	12
1996	63.65	86.77	111.54		106.4	88.6	128.8	101.68	108.76	133.38	129.1	132.38	1191.06	108.3	11
1997	135.98	122.78	127.28	118.57	107.7	120.7	110.61	90.21	96.03	100.16	92.18	76.77	1298.97	108.2	12
1998	87.41	80.03	104.35	92.22	133.69								497.7	99.5	5
2004	104.18						55.84	128.47	117.14	104.18	94.89	61.02	665.72	95.1	7
2005	73.67	88.26	136.2	137.32	147.37	129.75	124.76	106.63	109.12	95.74	76.19	65.66	1290.67	107.6	12
2006	61.52	75.79	126.35	153.67	149.44	91.97	85.6	104.21	92.88	85.69	60.7	53.4	1141.22	95.1	12
2007	43.91	70	102.7	118.09	142.44	122.11	117.49	101.21		97.74	75.35	67.04	1058.08	96.2	11
2008	63.42	83.29	101.36	138.1	167.11	97.08	122.47	130.46	106.15	81.45	97.84	74.73	1263.46	105.3	12
2009	79.35	91.57	141.37	143.14	151.03	131.74	127.7	124.67	127.63	112.41	66.13	69.85	1366.59	113.9	12
2010	51.88	58.85	103.67	142.85	158.65	127.39	128.46	161.89	110.76	104.61	93.73	73.71	1316.45	109.7	12
2011	80.69	81.32	122.49	155.98	153.37	118.9	123.98	124.18	106.67	94.63	71.22	63.18	1296.61	108.1	12
2012	74.18	74.16	118.04	129.69	121.23	100.28	100.39						717.97	102.6	7
2017	81.91	97.75	117.15	117.57	115.54	87.94	93.12	99.69	70.17	67.49	64.7	65.16	1078.19	89.8	12
MÍNIMA	40.45	57.86	94.43	82.2	100.6	87.94	55.84	90.21	57.6	55.6	39.6	41.2	497.7	72	5
MÁXIMA	135.98	122.78	141.37	155.98	170.89	134.47	128.8	161.89	127.63	133.38	129.1	132.38	1366.59	113.9	12
MEDIA	68.9	76.8	114.1	125	134.1	111.7	105.7	110.7	101.1	91.5	75	63.5	1074.7	98	11
DESV.ST	22.1	15.7	14	22.5	21.4	17.4	20.9	17.5	16.9	18.2	19.3	19.1	243.5	10.4	2.1

TEMPERATURA MÁXIMA PROMEDIO
AÑO	ENE	FEB	MAR	ABR	MAY	JUN	JUL	AGO	SEP	OCT	NOV	DIC	ACUM	PROM	MESES
1987	26	27.7	29.4	27.9	32.9	31.3	30.2	30.9	31.5	27.8	27.6	28.1		29.3	12
1988					33.1	31.7	31.2	31	30.6	27.3	28.7	26.4		30	8
1989	26.3	27.9	29.4	28.5	32.9	32	30.2	30.9	28.4	27.8	27.9	25		28.9	12
1990	26.1	28.2	29	32.1	33.9	31.7	31.9	31.8	31.1	31.2	29.2	27		30.3	12
1991	28.5	26.8	24.3	26	26.5	33.4	32.1	32.3	30.6	29.7	26.9	26.1		28.6	12
1992	24.5	27.6	30	31.7	32.1	33	31	31.3	30.2	29.5	28	28.8		29.8	12
1993	27.7	29.2	30.1	33.1	33.6	32.6	31.9	31.3	31.1	29	28.8	27.6		30.5	12
1994	26.3	27.1	29.9	32.3	33.2	33.5	32.7	31.4	30.6	31.4	30.8	28.1		30.6	12
1995	28	28.4	31.3	32.1	36.3	33.2	31.8	32.1	30	29.6	29.4	28.6		30.9	12
1996	26.1	29.9	29		34.4	35.9	35.2	36.6	36	36.7	35.8	37.6		33.9	11
1997	37.4	37	35.8	34.7	35.2	34.7	34.4	33.9	34.3	34.6	28.6	34.5		34.6	12
1998	34.8	34.3	34.5	33.8	33.6									34.2	5
2004	31.6						32.2	32.5	31.2	31.6	30.4	26.3		30.8	7
2005	28.5	29.2	32.9	32.9	33.8	33.5	32.2	31.7	31.1	29.8	28	26.9		30.9	12
2006	26.8	27.5	31	33.2	33.8	30.7	31.6	31.2	32.6	32	29.3	27.6		30.6	12
2007	25.6	29.2	30.8	34.3	36.2	35.4	35	33		29.4	29.3	29.5		31.6	11
2008	27.9	30.9	31.1	34.6	36.2	31.5	32.2	33.5	31.1	28.9	29.6	28.1		31.3	12
2009	28.3	29.3	31.9	34.6	35	34.1	33.3	32.4	33	33	27.4	27.2		31.6	12
2010	24.6	26.3	29.3	34.4	35.9	33.9	32.7	31.4	31	30	29.8	28.2		30.6	12
2011	27.5	27.8	31.5	36.2	36.5	34.5	31.7	32.9	31	28.6	28.2	26.5		31.1	12
2012	27.9	28.4	32.2	34.4	34.1	33.1	32.3	32.5	32	31.1	29.6	29.1		31.4	12
2013	26.1	30.3	29.7	34.8	33.5	33.1	32.1	32	31.8	30.6	26.8	27.6		30.7	12
2014	24	28.7	31.7	32.1	32.2	32.9	33.9	33.8	32.7	31.2	28	27.7		30.7	12
2015	25	28.2	28.7	35.9	34	32	33.3	33.7	32.4	31.5	30.1	29		31.1	12
2016	26.2	26.1	32.1	33.7	36	32.9	32.6	32.9	32.2	31.4	28.9	29.2		31.2	12
2022	28.4	28.4	31.2	34.5	35.8	32.5	33.1	33.9	31.7	30.9	29.7	29.5		31.6	12
2023	28.9	28.9	32.4	33.6	35.2	37.5	35.2	33.5	32.9	31	29.4	28		32.2	12
MÍNIMA	24	26.1	24.3	26	26.5	30.7	30.2	30.9	28.4	27.3	26.8	25		28.6	5
MÁXIMA	37.4	37	35.8	36.2	36.5	37.5	35.2	36.6	36	36.7	35.8	37.6		34.6	12
MEDIA	27.7	28.9	30.8	33	34.1	33.2	32.5	32.5	31.6	30.6	29.1	28.4		31.1	11.3
DESV.ST	3	2.4	2.2	2.5	2	1.5	1.4	1.3	1.5	2.1	1.7	2.6		1.4	1.8

TEMPERATURA MÁXIMA EXTREMA
AÑO	ENE	FEB	MAR	ABR	MAY	JUN	JUL	AGO	SEP	OCT	NOV	DIC	ACUM	PROM	MESES
1987	34	35.5	38.5	35	39	35.5	32.5	33.5	34	30.5	33.5	35		34.7	12
1988					37	38	35	34	34.5	30	33	30		33.9	8
1989	34	35.5	38.5	35	39	37	32.5	33.5	31	31	33	32.5		34.4	12
1990	33	35	35.5	36.5	38.5	36	34.5	34	32.5	34	36	32.5		34.8	12
1991	35.5	35.5	35.5	34.5	30.5	37.5	34	34.5	33.5	34	33.5	32		34.2	12
1992	32.5	34.5	36.5	37	35.5	36	33.5	33	33	33.5	35	33.5		34.5	12
1993	33	35.5	38	38	37.5	38.5	35	33.5	34	33.5	33.5	32.5		35.2	12
1994	33.5	34.5	37.5	39.5	36.5	38.5	35.5	33	33	36	35	31.5		35.3	12
1995	34.5	36	38	38.5	39	38.5	35.5	35	32.5	34.5	34	37		36.1	12
1996	34	37.5	36.5		38	38	38	38	39	39	39	39		37.8	11
1997	40	40	39	39	39	36	35	35	37	39	35	35		37.4	12
1998	36.5	36.5	38	35.5	36									36.5	5
2004	35.5						38.5	35.5	32.5	35.5	35.5	32.5		35.1	7
2005	34	35.5	40	40.5	38	39.5	34	37	33.5	35	34.5	33		36.2	12
2006	34	34	36	38	40	34	37	33.5	36	38	36	35		36	12
2007	33.5	37	37	41.5	40.5	39	37	37		35	34	33.5		36.8	11
2008	35	38	38	41	41	35	36.5	36	38	32.5	35.5	35		36.8	12
2009	35	35	38.5	40.5	39.5	38.5	36.5	35	36	37	33	35.5		36.7	12
2010	37.5	38	37	42	41	40	37	35	35.5	36	38.5	34		37.6	12
2011	35	37.5	39	40	41	38	34.5	37	36.5	32.5	35	33.5		36.6	12
2012	35	38	37.5	39.5	39.5	38	35	36	35.5	35.5	32	36		36.5	12
2013	36	38	40	41	39	35.5	35	34	34.5	34	34.5	34.5		36.3	12
2014	33	36	37	40	41	36	38	36	37	37	37	32		36.7	12
2015	34	36	38	41	38	36	36	36.5	35.5	36	35	35.5		36.5	12
2016	34.5	35.5	38.5	40.5	40	39	35	36.5	35	35	35.5	35		36.7	12
2022	36	35	38	39	41	36.5	36	36	36.5	36	36.5	34		36.7	12
2023	31	31	36	37	39	42	38	37	36	35	33	31		35.5	12
MÍNIMA	31	31	35.5	34.5	30.5	34	32.5	33	31	30	32	30		33.9	5
MÁXIMA	40	40	40	42	41	42	38.5	38	39	39	39	39		37.8	12
MEDIA	34.6	36	37.7	38.8	38.6	37.5	35.6	35.2	34.9	34.8	34.8	33.9		36	11.3
DESV.ST	1.8	1.8	1.2	2.2	2.3	1.8	1.6	1.5	1.9	2.3	1.7	2		1.1	1.8

TEMPERATURA MÍNIMA PROMEDIO
AÑO	ENE	FEB	MAR	ABR	MAY	JUN	JUL	AGO	SEP	OCT	NOV	DIC	ACUM	PROM	MESES
1987	15.4	18.3	18.2	19.4	21.8	23.1	22.6	22.7	22.6	19.4	18.8	18		20	12
1988					21.9	23.2	22.5	22.9	22.4	20.9	19.7	18		21.4	8
1989	15.4	18.3	18.2	19.5	21.8	22.5	22.6	22.7	22.4	21.1	21	17.3		20.2	12
1990	18.8	18.3	19.4	22.1	22.7	22.8	22.6	22.3	22.5	21.9	20.2	18.5		21	12
1991	19.9	18.5	18.8	21.9	23.9	23.2	21.7	21.9	21.6	20.9	18.5	19.4		20.8	12
1992	17.8	18.1	20.3	21.8	21.9	23.6	22.6	22.6	22.7	21.5	20.4	19.6		21.1	12
1993	19.1	18.3	18.8	21.6	22.7	22.5	22.4	22.2	22.3	21.4	20.4	18.4		20.8	12
1994	17.9	18.8	19.4	21.5	22.8	22.5	21.7	22.5	22.1	21.6	20.2	20.3		20.9	12
1995	18.1	18.5	19.4	22.3	23.2	23.3	22.8	23.1	23	21.3	21.3	19.8		21.3	12
1996	16.8	17.3	17.1		20.4	20.5	21.6	21.1	20.9	20.7	19.3	19.6		19.6	11
1997	17.9	18.6	20.2	19.9	20	20.3	19.9	19.8	20.5	20.2	20.5	19.1		19.7	12
1998	19	18.9	18.5	21.5	21.4									19.9	5
2004	21.8						22.2	22.4	21.8	21.7	18.2	17.1		20.7	7
2005	17.2	19	19.6	19.6	22	22.4	22.1	22.4	21.8	20.3	18.8	18.5		20.3	12
2006	17.8	16.9	18.3	20.2	21.4	21.6	22.4	22.3	22.4	22.2	19.3	18.5		20.3	12
2007	18.5	17.4	19.8	20.2	21.7	22.3	22.1	22.1		20.3	18.7	18.3		20.1	11
2008	17.9	19.3	18.5	20.8	22.2	22.6	22	22.4	22.3	20.8	16	17		20.1	12
2009	16.5	17.5	17.8	20.3	21.5	22.3	22.2	22.2	22.7	22.1	19.3	19.2		20.3	12
2010	16.5	17.6	18.1	21.6	22.7	23.2	22.8	22.6	22.5	20.1	19.1	16.1		20.2	12
2011	17.4	17.8	19.2	21.9	22.3	22.2	22.1	22.3	22	19.9	19.2	17.7		20.3	12
2012	18.1	19	19.2	19	22.3	22.4	21.9	22.2	22.1	21.3	17.5	17.9		20.2	12
2013	18.4	18	17.2	20.7	21.8	22.6	21.9	21.8	22.4	21.9	20.1	18.7		20.5	12
2014	16.6	18.6	20	20.5	21.8	23.5	23.6	22.9	23.2	22.3	19.3	19.7		21	12
2015	18.5	17.7	20.2	23.7	22.9	22.5	22.7	23.5	23.3	22.7	22.7	20.1		21.7	12
2016	18	17.9	21	22.5	23.6	21.9	23.1	23.2	23.3	22.4	20.9	20.6		21.5	12
2022	18.2	17.7	19.2	21.3	22.5	22.4	22.8	22.2	22.2	21.4	20.6	18.7		20.8	12
2023	19	18.3	20.5	20.8	22.3	23.7	22.9	22.9	22.6	22.3	20.5	19.3		21.3	12
MÍNIMA	15.4	16.9	17.1	19	20	20.3	19.9	19.8	20.5	19.4	16	16.1		19.6	5
MÁXIMA	21.8	19.3	21	23.7	23.9	23.7	23.6	23.5	23.3	22.7	22.7	20.6		21.7	12
MEDIA	17.9	18.2	19.1	21	22.1	22.5	22.3	22.4	22.3	21.3	19.6	18.7		20.6	11.3
DESV.ST	1.3	0.6	1	1.1	0.9	0.8	0.7	0.7	0.7	0.9	1.3	1.1		0.6	1.8

TEMPERATURA MÍNIMA EXTREMA
AÑO	ENE	FEB	MAR	ABR	MAY	JUN	JUL	AGO	SEP	OCT	NOV	DIC	ACUM	PROM	MESES
1987	12	14	10.5	15	17.5	21.5	21	21.5	21.5	16	16	13		16.6	12
1988					18	21.5	21	21.5	20	18	15.5	14.5		18.8	8
1989	12	14	10.5	15	17.5	21	21	21.5	20	18	17.5	11.5		16.6	12
1990	16	15	14	17.5	21.5	21	20	20	21.5	20	17	14.5		18.2	12
1991	17.5	16	9.5	18	22	21.5	20.5	20	20.5	18	13.5	16.5		17.8	12
1992	15.5	15.5	18.5	18	16.5	21	21	21	21	18	16.5	16.5		18.2	12
1993	14	15	14.5	17	20.5	18.5	20	20.5	21	18	16.5	15.5		17.6	12
1994	11.5	16.5	13.5	19.5	19.5	20.5	20	21.5	18.5	18	16.5	16		17.6	12
1995	14	15	15	20	19.5	21.5	22	22	22	16	18	16		18.4	12
1996	13	9.5	9		15	19	20	20	19	19	10	15		15.3	11
1997	15	15	17	15	18	19	18	15	18.5	18	18.5	15		16.8	12
1998	16	16	15	18	19									16.8	5
2004	19.5						21.5	20.5	20.5	19.5	13.5	12.5		18.2	7
2005	14	15.5	17.5	14	19.5	20.5	20.5	21	20	17	13	15		17.3	12
2006	14	12	16	16.5	17.5	18.5	20	21.5	21	18	13	11.5		16.6	12
2007	16	10.5	15	12.5	19	20.5	20.5	21		15.5	13.5	16		16.4	11
2008	11.5	15.5	14	17.5	20.5	21.5	20.5	21.5	20.5	14.5	12.5	12		16.8	12
2009	11.5	12.5	13	16.5	19	20.5	20	20.5	21	15.5	16	14.5		16.7	12
2010	12	12.5	16	18.5	18	22.5	20.5	21.5	18.5	17.5	14	13		17	12
2011	14.5	16	17	20	19.5	21	21	21	18.5	14.5	12	11.5		17.2	12
2012	14	16.5	16	15	19.5	20	20	21	20.5	19	13	15		17.5	12
2013	15	12.5	10.5	16	19	21	21	20.5	21	20	16	14		17.2	12
2014	12	15.5	14.5	15.5	19.5	22	21	21	22	18	17	17		17.9	12
2015	15.5	15	16	20	20	16	21	21	22	20.5	19	18.5		18.7	12
2016	11.5	12	17.5	20	18	0	21.5	22.5	22	20	16.5	18		16.6	12
2022	14.5	14	14.5	16.5	20	20	20.5	20	20	19	18	14		17.6	12
2023	15	16	17	19	17.5	20	22	22	21	19	18	16		18.5	12
MÍNIMA	11.5	9.5	9	12.5	15	0	18	15	18.5	14.5	10	11.5		15.3	5
MÁXIMA	19.5	16.5	18.5	20	22	22.5	22	22.5	22	20.5	19	18.5		18.8	12
MEDIA	14.1	14.3	14.5	17.1	18.9	19.6	20.6	20.8	20.5	17.9	15.4	14.7		17.4	11.3
DESV.ST	2	1.9	2.7	2.1	1.5	4.3	0.8	1.4	1.1	1.7	2.3	1.9		0.8	1.8

TEMPERATURA MEDIA MENSUAL
AÑO	ENE	FEB	MAR	ABR	MAY	JUN	JUL	AGO	SEP	OCT	NOV	DIC	ACUM	PROM	MESES
1987	20.7	23	23.8	23.6	27.4	27.2	26.4	26.8	27	23.6	23.2	23		24.6	12
1988					27.5	27.4	26.9	27	26.5	24.1	24.2	22.2		25.7	8
1989	20.9	23.1	23.8	24	27.4	27.2	26.4	26.8	25.4	24.5	24.4	21.1		24.6	12
1990	22.5	23.2	24.2	27.1	28.3	27.2	27.2	27	26.8	26.5	24.7	22.8		25.6	12
1991	24.2	22.6	21.6	24	25.2	28.3	26.9	27.1	26.1	25.3	22.7	22.8		24.7	12
1992	21.1	22.9	25.1	26.8	27	28.3	26.8	27	26.4	25.5	24.2	24.2		25.4	12
1993	23.4	23.8	24.5	27.4	28.1	27.6	27.1	26.8	26.7	25.2	24.6	23		25.7	12
1994	22.1	23	24.6	26.9	28	28	27.2	27	26.4	26.5	25.5	24.2		25.8	12
1995	23	23.4	25.4	27.2	29.8	28.2	27.3	27.6	26.5	25.5	25.4	24.2		26.1	12
1996	21.5	23.6	23		27.4	28.2	28.4	28.9	28.4	28.7	27.5	28.6		26.7	11
1997	27.6	27.8	28	27.3	27.6	27.5	27.1	26.9	27.4	27.4	24.6	26.8		27.2	12
1998	26.9	26.6	26.5	27.6	27.5									27	5
2004	26.7						27.2	27.4	26.5	26.6	24.3	21.7		25.8	7
2005	22.9	24.1	26.2	26.2	27.9	28	27.2	27	26.5	25	23.4	22.7		25.6	12
2006	22.3	22.2	24.6	26.7	27.6	26.1	27	26.8	27.5	27.1	24.3	23		25.4	12
2007	22	23.3	25.3	27.2	29	28.9	28.6	27.6		24.9	24	23.9		25.9	11
2008	22.9	25.1	24.8	27.7	29.2	27	27.1	28	26.7	24.9	22.8	22.6		25.7	12
2009	22.4	23.4	24.9	27.5	28.2	28.2	27.8	27.3	27.9	27.6	23.4	23.2		26	12
2010	20.6	22	23.7	28	29.3	28.5	27.8	27	26.8	25	24.5	22.1		25.4	12
2011	22.4	22.8	25.4	29	29.4	28.4	26.9	27.6	26.5	24.2	23.7	22.1		25.7	12
2012	23	23.7	25.7	26.7	28.2	27.8	27.1	27.4	27	26.2	23.6	23.5		25.8	12
2013	22.2	24.1	23.4	27.8	27.6	27.9	27	26.9	27.1	26.2	23.5	23.1		25.6	12
2014	20.3	23.6	25.9	26.3	27	28.2	28.8	28.3	28	26.8	23.6	23.7		25.9	12
2015	21.8	23	24.4	29.8	28.4	27.2	28	28.6	27.9	27.1	26.4	24.6		26.4	12
2016	22.1	22	26.6	28.1	29.8	27.4	27.9	28	27.8	26.9	24.9	24.9		26.4	12
2022	23.3	23	25.2	27.9	29.1	27.4	28	28	27	26.1	25.1	24.1		26.2	12
2023	24	23.6	26.4	27.2	28.8	30.6	29	28.2	27.8	26.6	25	23.6		26.7	12
MÍNIMA	20.3	22	21.6	23.6	25.2	26.1	26.4	26.8	25.4	23.6	22.7	21.1		24.6	5
MÁXIMA	27.6	27.8	28	29.8	29.8	30.6	29	28.9	28.4	28.7	27.5	28.6		27.2	12
MEDIA	22.8	23.6	24.9	27	28.1	27.9	27.4	27.4	27	25.9	24.4	23.5		25.8	11.3
DESV.ST	1.9	1.3	1.3	1.4	1	0.8	0.7	0.6	0.7	1.2	1.1	1.6		0.6	1.8
