COMISIÓN NACIONAL DEL AGUA
COORDINACIÓN GENERAL DEL SERVICIO METEOROLÓGICO NACIONAL
BASE DE DATOS CLIMATOLÓGICA NACIONAL 

ESTADÍSTICA MENSUAL
EMISIÓN   : 25/10/2024 

DATOS DISPONIBLES EN LA BASE DE DATOS A: OCTOBER DE 2024; 
CON LA INFORMACIÓN SUMINISTRADA POR LAS UNIDADES ADMINISTRATIVAS 

 ESTACIÓN  : 7198 
 NOMBRE    : SIMOJOVEL (SMN) 
 ESTADO    : CHIAPAS 
 MUNICIPIO : SIMOJOVEL 
 SITUACIÓN : SUSPENDIDA 
 CVE-OMM   :   
 LATITUD   : 17.13333333 ° 
 LONGITUD  : -92.71666667 ° 
 ALTITUD   : 660 msnm 


LLUVIA MÁXIMA 24 H.
AÑO	ENE	FEB	MAR	ABR	MAY	JUN	JUL	AGO	SEP	OCT	NOV	DIC	ACUM	PROM	MESES
1926									30.5	34.5	63	11.8	139.8	35	4
1927	18	0.01	46	19.5	34	34	43	40	35	27	12	22.5	331.01	27.6	12
1928	25	12.5	13	16	33	42	23	61	145	18	65	43	496.5	41.4	12
1929	12	26	10	0.01	60	56	31	60	40	50	25	25	395.01	32.9	12
1930	30	18	10	27	40.5	30.5	20	12	20	40	10	12	270	22.5	12
1931	11	10	10	30	30								91	18.2	5
1942		1	17.2	3.5	13.2	18.9	48	36.4	60	14	47.4	38	297.6	27.1	11
1943	29	90.5	40	2	45	80.4	24	41	20.8	36.5	41.5	5.2	455.9	38	12
1944	6.1	7.7	0.01	18.2	6.5	34.5	8.5	26.1	1.1	37.7	0	1.3	147.71	12.3	12
1945	11.5	58	0	0	0.01	0	0	25.1	16.2	9.2	16.7	5.4	142.11	11.8	12
1946	2.5	0.01	0.01	3.3	37.3	24	4.8	0.01	0	17	7.1	1.5	97.53	8.1	12
1947	6	2.9	2.4	25.2	15.1	14.4	40	62.5	37.5	0.01	9.3	3.1	218.41	18.2	12
1948	2.4	1.4	0.01	4.5	62.1	34.5	80.8	36.7	45.8	50.3	84.8	4	407.31	33.9	12
1949	11.4	0.01	10.2	25.5	12.5	24.5	26.8	9.3	54.5	16.2	5.4	0	196.31	16.4	12
1950	2.9	15.4	19.7	0.01	13.5	11.5	37.4	15.5	35.3	58.2	8.6	8	226.01	18.8	12
1951	0.01	5.2	5	1.5	26.3	18.6	73.4	28.2	23.9	11	60.8	3.9	257.81	21.5	12
1952	7.9	5.5	0.01	5.9	35.2	47.1	43.3	36.2	39.1	77.9	5.5	30.4	334.01	27.8	12
1953	7.3	9.8	28	20.2	9.1	23.8	25	20.4	28.7	18.5	39.5	39.5	269.8	22.5	12
1954	10	12.3	15.6	10.2	25.2	60.7	72.3	30	54.4	8.5	8.7	5.1	313	26.1	12
1955	13.3	10		0.01	20.3	38.6	60.6	40.1	40.3		25.9	20.1	269.21	26.9	10
1956	14.5	5.2	70.1	46.2	38.7	53.4	39.6	58.5	35	31.9	72.3	18.4	483.8	40.3	12
1957	10.5	24.7	20.1	8.7	37.4	53.4	32.6	18.5	30.1	24.6	17.2	35.4	313.2	26.1	12
1958	5.6	28.9	5.3	19.2	16.4	32.5	37.7	40.3	71.9	40.2	20	31.7	349.7	29.1	12
1959	24.6	44.4	30.8	26.6	43.5	60	72.5	38.7	20.6	105	48.2	9.2	524.1	43.7	12
1960	20.2	3.5	16.7	13.5	20	20	35.6	60.5	80.5	40.6	20.7	24.2	356	29.7	12
1961	21.2	30.9	29.2	20	74		39.8	80	20	120	20.1		455.2	45.5	10
1962	15.7	0	4.4	50.6	20.8	41.7	42.4	37.2	57.3	28.7	9.2	6	314	26.2	12
1963	9.4	68.6	29.2	5.3	16.4	43.7	43.2	41.9	40.7			6.8	305.2	30.5	10
1964	21.4	8.7	50.6	74.8	26.9	35.6	44.5	48.9	68.5	74.5	19.8	137.9	612.1	51	12
1965	22.3	37.2	45.9	20	10.5	32.9	36.9	33	51.5	33.2	19	18.5	360.9	30.1	12
1966	8.7	22	9.4	16.9	19	109.5	34.5	18.5	41.7	30	15.9	14.8	340.9	28.4	12
1967	35	10.9	15.5	10.5	35.7	51.5	13.6	34	90.5	130.5	9.5	87.5	524.7	43.7	12
1968	35	30.5	11.5	13	68.7	49.5	42	20.5	22.5	103	22.5	22	440.7	36.7	12
1969	21	5.2	3.9	12	21.5	40	51.3	42.5	49	32.2	45	16	339.6	28.3	12
1970	40.2	11.4	8.5	16	27.5	48.9	40	108.9	65		46	9	421.4	38.3	11
MÍNIMA	0.01	0	0	0	0.01	0	0	0.01	0	0.01	0	0	91	8.1	4
MÁXIMA	40.2	90.5	70.1	74.8	74	109.5	80.8	108.9	145	130.5	84.8	137.9	612.1	51	12
MEDIA	15.5	18.2	17.5	16.6	29.3	39.6	38.4	38.3	43.3	42.5	27.9	21.7	328.5	29	11.3
DESV.ST	10.4	21	17.2	16	17.7	21	19	21.5	27.4	33.5	22.3	27.2	126.8	10.1	1.8

LLUVIA TOTAL MENSUAL
AÑO	ENE	FEB	MAR	ABR	MAY	JUN	JUL	AGO	SEP	OCT	NOV	DIC	ACUM	PROM	MESES
1926									154.3	182.06	149.02	31.81	517.19	129.3	4
1927	36.01	0.04	98.51	34.53	145.82	203.06	166.06	160.56	246.53	202.51	42.04	71.04	1406.71	117.2	12
1928	99.51	27.03	46.32	33.55	131.56	215.85	114.95	217.05	373.07	82.56	195.55	138.03	1675.03	139.6	12
1929	45.01	34	10.01	0.01	187.03	277.05	161.08	325.04	329.5	313.23	86.54	152.52	1921.02	160.1	12
1930	119	37.02	17.05	27.02	181.54	147.55	200.05	78.06	125.07	142.53	19	46.55	1140.44	95	12
1931	31.55	29.52	48.03	110	116.54								335.64	67.1	5
1942		2.02	27.91	8.93	18.94	89.43	189.03	221.23	400.21	92	324.63	241.23	1615.56	146.9	11
1943	163.32	146.62	53.51	2.03	97.01	224.8	75.18	148.88	105.84	185.04	72.4	7.2	1281.83	106.8	12
1944	29.25	7.7	0.01	18.2	16.3	67.5	11.11	62.3	1.1	93.81	0	1.3	308.58	25.7	12
1945	16.02	119.7	0	0	0.01	0	0	75.43	73.61	28.46	17.94	5.46	336.63	28.1	12
1946	3.62	0.01	0.04	3.3	55.81	45.62	7.51	0.01	0	17	7.11	1.52	141.55	11.8	12
1947	11.1	5.7	3.91	25.2	26.6	14.4	60.42	228.32	51.01	0.01	9.3	3.13	439.1	36.6	12
1948	7.03	1.42	0.02	5.55	94.94	88.63	210.83	135.32	181.44	185.25	138.57	4.02	1053.02	87.8	12
1949	17.33	0.03	22.02	26.65	51.12	117.33	130.57	46.24	154.12	43.34	5.43	0	614.18	51.2	12
1950	5.93	26.25	75.72	0.02	19.93	25.83	116.14	33.58	104.51	94.92	8.64	10.23	521.7	43.5	12
1951	0.05	9.32	6.96	3.04	85.82	58.34	133.63	92.44	126.13	56.83	159.75	9.77	742.08	61.8	12
1952	7.93	10.32	0.01	19.96	77.64	226.86	111.74	131.01	132.22	234.34	11.72	56.46	1020.21	85	12
1953	15.84	10.82	36.4	22.72	20.41	136.93	91.44	75.24	85.14	52.05	124.83	99.34	771.16	64.3	12
1954	15.52	16.01	17.65	30.94	95.62	385.43	295.33	260.84	302.52	90.56	35.66	16.38	1562.46	130.2	12
1955	15.44	23.73		0.01	57.3	121.15	369.91	160.23	242.46		36.87	59.76	1086.86	108.7	10
1956	55.72	10.43	79.01	46.2	291.9	297.3	164.9	114.3	229.6	132.1	123.8	67	1612.26	134.4	12
1957	43.9	58.1	36.6	20.4	98.61	252.37	155.83	114.85	196.01	83.26	19.95	92.46	1172.34	97.7	12
1958	28.86	49.64	11.33	27.41	56.44	255.63	217.86	210.72	257.64	146.12	77.28	116.28	1455.21	121.3	12
1959	57.78	75.32	45.96	63.24	76.02	352.12	183.15	204.14	133.27	367.25	250.45	52.75	1861.45	155.1	12
1960	49.85	3.52	22.02	36.21	35.84	101.24	289.64	402.15	495.75	168.23	47.73	68.06	1720.24	143.4	12
1961	112.57	96.82	50.52	53.04	156.04		253.76	332.73	90.45	274.73	47.35		1468.01	146.8	10
1962	40.53	0	7.62	175.24	76.44	158.83	202.06	128.46	220.16	158.49	31.26	21.35	1220.44	101.7	12
1963	42.38	121.62	61.17	8.43	50.51	200.25	297.52	171.55	378.13			16.86	1348.42	134.8	10
1964	29.95	15.94	78.72	121.61	104.53	236.1	229.83	127	420.13	176.71	69.72	162.98	1773.22	147.8	12
1965	74.45	40.47	54.6	22.5	21.9	208.61	109.53	198.63	188.92	178.04	64.91	84.52	1247.08	103.9	12
1966	37.28	50.06	18.24	54.71	66.94	396.64	226.37	127.73	164.64	162.83	70.51	43.71	1419.66	118.3	12
1967	67.53	45.91	39.1	47.03	130.13	299.85	53.36	168.52	211.72	354.03	39.41	129.94	1586.53	132.2	12
1968	69.22	101.41	14.45	39.9	223.15	205.24	228.72	109.32	189.22	288.41	51.92	62.22	1583.18	131.9	12
1969	28.55	22.9	12.14	22.63	70.3	210.71	278.02	417.01	344.71	89.16	155.11	21	1672.24	139.4	12
1970	89	25.1	29	20	98.5	223.2	222.2	341.4	384.1		118.41	14.5	1565.41	142.3	11
MÍNIMA	0.05	0	0	0	0.01	0	0	0.01	0	0.01	0	0	141.55	11.8	4
MÁXIMA	163.32	146.62	98.51	175.24	291.9	396.64	369.91	417.01	495.75	367.25	324.63	241.23	1921.02	160.1	12
MEDIA	44.5	36	31	33.2	89.3	182.6	168.4	170.3	208.6	150.8	79.2	57.9	1177	104.2	11.3
DESV.ST	37.9	39.5	26.9	37.5	64.2	105.3	90.4	103.1	124.7	96	75.8	57.9	510.8	41.7	1.8

EVAPORACIÓN MENSUAL
AÑO	ENE	FEB	MAR	ABR	MAY	JUN	JUL	AGO	SEP	OCT	NOV	DIC	ACUM	PROM	MESES
1943	113.3	95.1	178.3	168.8	175.2	131.7	178.4	177.7	166.4	144.4	223.4	85.2	1837.9	153.2	12
1944	51.2	92.3	138.4	178.8	189.3	28.4	160.5	179.1	164.2	216.6	87.5	86.9	1573.2	131.1	12
1945	70.8	81	134.9	154	138	134.6	137.6	184.9	169.2	126.6	107	85.8	1524.4	127	12
1946	82.4	68.4	103.8	114.6	119.6	114.4	110	67.1	115.4	120.8	109.8	104.5	1230.8	102.6	12
1947	101.8	90.4	112.2	124.7	126.4	129.4	145.5	75.8	98.1	105.2	101	84.6	1295.1	107.9	12
1948	88.3	61.9	99.3	101.2	107.7	108.4	108.8	12.4	101.1	122.1	112.1	114.8	1138.1	94.8	12
1949	112.8	87.8	97.7	98.1	84.5	107.4	119.5	116.9	120.8	104.2	100.9	86	1236.6	103	12
1950	79.9	76.3	93.7	80.6	91	93.2	80	101.3	105.2	129.4	69.3		999.9	90.9	11
1951	106.2	83.6	101.7	88.4	113.8	116.5	106.8	117.2	103.5	107.7	108.1	84.7	1238.2	103.2	12
1952	101.9	105.3	106.7	88	102.8	116.5	103.5	115.7	107.7	131.6	87.1	98	1264.8	105.4	12
1953	92.2	86.1	80	79.8	94	101.3	127.8	116.9	113.2	100.8	102.8	105.4	1200.3	100	12
1954	88.5	83.8	94.8			114.4	126.8	134.9	123.7	140.5	100.5	87.8	1095.7	109.6	10
1955		76.2		65	83	93.8	100.9	99.9	93.7		84.5	89.1	786.1	87.3	9
1956	88.3	79.7	97.2	92.8	109.9	95.5	111.1	99.6	116.7	107.8	101.2	107	1206.8	100.6	12
1957	113.9	96	86.8	90.3	8.5								395.5	79.1	5
1958									69.9	79.5	89.9	100.1	339.4	84.8	4
1959	84.4	83.1	101.1	79.7	91.6	140.9	129	144.8	111.5	115	108.8	99.7	1289.6	107.5	12
1960	88.1	88.7	78.5	89.9	92.2	97.2	118.2	110.1	108.8	109.6	84.1	104.8	1170.2	97.5	12
1961	93.2	88.46	88.9	95.3	111.6		119.8	113.2	102.1	118.5	90.8		1021.86	102.2	10
1962	80.4	77.9	84.6	95.1	94.1	92.5	94.6	110.8	95.5	101.1	90.5	77	1094.1	91.2	12
1963	87.7	93.5	105.4	98	102.4	106.1	119.3	104.3	96.6			86.2	999.5	100	10
1964	98.3	92.8	134.2	157.9	163.3	152.5	139.9	71.4					1010.3	126.3	8
1965										81	80.1	75.4	236.5	78.8	3
1966	54.8	55.2	67.3	73	80	91.5	94.3	98.1	86.4	83.5	79.6	61.7	925.4	77.1	12
1967	83.2	78.1	70.1	62.7	115.2	103.7	100.2	98.8	92.4	74.4	44.9	81.2	1004.9	83.7	12
1968	59.7	79.1	92.1	115.6	87.9	84.2	103.5	101.6	92.4	70.2	79.9	58.8	1025	85.4	12
1969	61.75	85.02	98.5	73.97	112.69	106.31	95.52	85.13	77.54	79.01	57.49	43.34	976.27	81.4	12
1970	49.18	91.1	112.84	120.09	110.58	109.24	88.6	108.87	102.8		60.15	66.84	1020.29	92.8	11
MÍNIMA	49.18	55.2	67.3	62.7	8.5	28.4	80	12.4	69.9	70.2	44.9	43.34	236.5	77.1	3
MÁXIMA	113.9	105.3	178.3	178.8	189.3	152.5	178.4	184.9	169.2	216.6	223.4	114.8	1837.9	153.2	12
MEDIA	85.3	83.7	102.4	103.5	108.2	107.1	116.8	109.9	109.4	111.7	94.5	86.5	1076.3	100.2	10.6
DESV.ST	18.9	10.8	23.9	31.7	34.9	23.9	22.9	36.7	24.9	31.2	32	17	340.9	17.6	2.6

TEMPERATURA MÁXIMA PROMEDIO
AÑO	ENE	FEB	MAR	ABR	MAY	JUN	JUL	AGO	SEP	OCT	NOV	DIC	ACUM	PROM	MESES
1926									30.8	30.1	27.1	28.3		29.1	4
1927	25.5	30.6	30.2	33.2	34.2	31.8	31.3	31.4	30.5	29.4	25.6	27.5		30.1	12
1928	25.7	29.1	31	31.2	32.5	32	31.6	31.7	30.8	30.5	27	25.3		29.9	12
1929	26.5	28.9	35.4	38.4	34.6	32.1	31.7	31.5	30	29.5	28.6	27.9		31.3	12
1930	27.4	29	31.3	33.3	35.1	32	31.9	32.6	33	31.1	31.3	30		31.5	12
1931	29.6	31.1	33.1	31.9	32.8									31.7	5
1942		27.6	28.4	32.2	33.9	32	30	29	29.1	28.2	25.2	25		29.1	11
1943	25.9	26.2	29.5	30.8	32	30.7	31.9	32.1	30.7	26.1	23.9	24.4		28.7	12
1944	23.8	29.4	31.4	33	31.9	28.8	31.2	30.7	29.6	26.4	26.3	22.1		28.7	12
1945	23	27.7	30.2	30.5	30.4	31.5	30.5	29.7	25.1	24.3	24.7	23		27.6	12
1946	24	26.4	29.6	30.9	32.1	29.2	30.8	30.7	30.2	28.3	25.9	23.4		28.5	12
1947	24.3	24.4	29.1	31	30.5	30	29.6	29	27.8	27	25.8	24.1		27.7	12
1948	23.7	25.7	31.4	28.4	29.2	28.1	30.3	29.6	27.9	26.3	25.4	24.9		27.6	12
1949	25.1	23.2	23.2	22.6	26.9	25.8	29.7	30.8	28.2	27	25.8	22.4		25.9	12
1950	21.7	26.4	25.6	22.8	23.4	23.1	24.2	25.1	29.6	26	26.2	21.9		24.7	12
1951	23.3	19.4	27.3	27.9	26.3	19.3	24.5	25	24.3	25.3	22.5	22.7		24	12
1952	21.8	23.5	28	28	30.4	28.6	26.9	26	24.6	23.2	24.2	22.7		25.7	12
1953	22.3	24	27.8	28	28	24.3	32.4	24.2	22.8	20.9	20.3	21.4		24.7	12
1954	20.7	19.9	23.8	28.5	32.4	31.7	31.9	31.3	23.8	20.1	20.3	19.1		25.3	12
1955	18.8	20.4		23.9	21.7	21.6	21.5	22.7	22.2		25	22.6		22	10
1956	19.7	19.3	20.1	23.8	22.7	21.3	23	25	22.1	21.3	20.6	20.1		21.6	12
1957	20.3	22.1	22	24.6	26	25.9	24.2	24.4	24.3	24.4	24.8	23.8		23.9	12
1958	24.8	24							27.3	26.9	25.4	23.7		25.4	6
1959	22.9	28	30.5	29.4	29.8	23	20.3	20.2	20.2	20.4	19.9	20.1		23.7	12
1960	19.7	19.9	19.6	20	30.4	20.4	21.9	21.7	20.2	19.6	20.3	19.3		21.1	12
1961	17.6	16.6	24.5	30.9	34.8		31.2	34.6	34.5	27.9	29.1			28.2	10
1962	23.2	26.6	30.4	28.4	30.6	29.8	29.4	30.5	29.2	26.9	25.1	30.2		28.4	12
1963	23.2	24.4	25	27.9	31.6	30.6	26.8	25.1	22.7			23.2		26	10
1964	22.2	24.2	29.6	30	29.6	28.6	26.9	26.6	26.7	23.7	24.3	22.2		26.2	12
1965	22.7	25	26.5	28.9	30.5	30	27.4	32	32.9	29.8	30.3	26.1		28.5	12
1966	24.5	27.2	28.1	33.7	33.5	32.2	32.9	33.1	30.7	29.1	26.9	24.5		29.7	12
1967	25.9	27.7	31.6	32.6	34.8	33.7	33	33.2	31.4	28.2	27.6	29.4		30.8	12
1968	27.2	27	31.1	34.2	33.3	32.1	31.7	32.7	31.2	28.6	27.8	26.4		30.3	12
1969	27.3	29.4	30.2	35.2	34.6	33.3	32.3	30.7	28.7	28.3	26	26.6		30.2	12
1970	25.3	24.7	30	34.2	31.1	31	30.5	31.4	30.5		25.8	26.8		29.2	11
MÍNIMA	17.6	16.6	19.6	20	21.7	19.3	20.3	20.2	20.2	19.6	19.9	19.1		21.1	4
MÁXIMA	29.6	31.1	35.4	38.4	35.1	33.7	33	34.6	34.5	31.1	31.3	30.2		31.7	12
MEDIA	23.6	25.3	28.3	29.7	30.7	28.5	28.9	28.9	27.8	26.3	25.3	24.3		27.3	11.2
DESV.ST	2.7	3.6	3.7	4.1	3.5	4.2	3.7	3.8	3.8	3.3	2.8	3		2.9	2

TEMPERATURA MÁXIMA EXTREMA
AÑO	ENE	FEB	MAR	ABR	MAY	JUN	JUL	AGO	SEP	OCT	NOV	DIC	ACUM	PROM	MESES
1926									33	33	32.5	32		32.6	4
1927	30.8	33.5	35	39	38.5	34	34.5	33	33.5	33.8	31	39		34.6	12
1928	31	34	41	39	39	38	36	34.5	34	37	31	35		35.8	12
1929	32	33	43	40.5	42.5	38	38	39	32	33	33	33		36.4	12
1930	32	32.5	37	40	40	39	37	39	39	36	35	33		36.6	12
1931	33.5	35	39	39	36									36.5	5
1942		32.5	35.5	39.8	39.5	36	38.8	31.8	34.8	31.8	28.5	30		34.5	11
1943	31	30.8	35	39	35	34	34.5	33.8	32.2	30.6	29	29.9		32.9	12
1944	29	33	35.8	39.8	39.6	34.6	32.7	36.3	36.3	33.7	28.8	29.1		34.1	12
1945	26.1	32.1	34.1	36.1	34.1	36.1	33.9	33	31.1	29.6	29.1	29.1		32	12
1946	29.3	31.1	34.8	34	35.6	32.6	37.1	32.3	33	32	36.1	26.6		32.9	12
1947	28.1	30.1	39.1	35.1	34.1	32.1	32.1	31.4	34.6	30.1	31.1	33.1		32.6	12
1948	27.6	30.6	36	34.6	34.1	32.6	39.2	37.6	31.6	30.1	31.1	33.1		33.2	12
1949	28	26.2	25.1	24.8	30.9	33.1	33.1	33	31.1	30.1	31.1	26.1		29.4	12
1950	33	29.2	32.1	24.8	29	29.7	30.1	32	33	33.7	28.2	28		30.2	12
1951	27.6	21.5	33.2	32.1	32	21.1	32	32.9	30.2	38.1	27.6	24.2		29.4	12
1952	27.5	29.6	37.2	32.4	35.6	31.1	30	30.4	28.5	27.8	29.9	25.5		30.5	12
1953	26.1	26.8	35.1	38.4	35.9	26.6	36	26.5	24.7	22.7	21.5	22.8		28.6	12
1954	23	22.7	26.5	31	38.1	32.9	39.8	32.5	32.5	22.5	22.4	21.4		28.8	12
1955	20.5	21.9		26.9	29.7	23.3	26.2	34.2	24.4		34.3	24.6		26.6	10
1956	21.3	20.7	21.5	29.2	33.7	24	24.8	34.2	25.9	22.8	22.2	22.3		25.2	12
1957	26.4	25.2	26.1	33.5	28.5	31	25.6	25.7	26.5	26.1	28	27		27.5	12
1958	27.9	33.1							31.5	34	28.5	40		32.5	6
1959	26.2	38.5	40.1	39.2	40	30.5	29	21.5	22.3	22.7	21.2	21.5		29.4	12
1960	21	21.3	22.5	22.4	40.1	21.6	25	32.6	23.2	21.6	22.2	24.4		24.8	12
1961	19.6	18.5	32.5	37	38		37.5	37.5	36.4	36.2	39.5			33.3	10
1962	36	32	37	32.8	38	37.3	32	39.4	36.4	36.1	28.6	37.2		35.2	12
1963	27.7	27.2	27.9	36.5	37.3	31.7	29.6	35.7	25			27		30.6	10
1964	25	30	35	35.3	36	36.5	29.5	29.3	28.4	27.2	28.7	24.2		30.4	12
1965	31.1	28.8	30.9	33.8	36.5	35.2	35	34.8	35.4	34	35	31.2		33.5	12
1966	28.1	34.3	35	36	38.5	35.8	35	37.2	34.1	34.5	35	31		34.5	12
1967	31	33	37.5	37	39	38.5	35	35.5	36.5	37.5	32.5	33		35.5	12
1968	31.5	37	37.5	36	36.5	37	37.2	38	38.5	33	35.5	31.5		35.8	12
1969	31	37	38.5	40	40	38.5	36	37.5	31.5	32	33	32.5		35.6	12
1970	30	32	38	38	39.5	36.5	34.5	34.5	35		31.5	29.5		34.5	11
MÍNIMA	19.6	18.5	21.5	22.4	28.5	21.1	24.8	21.5	22.3	21.6	21.2	21.4		24.8	4
MÁXIMA	36	38.5	43	40.5	42.5	39	39.8	39.4	39	38.1	39.5	40		36.6	12
MEDIA	28.2	29.8	34.2	34.9	36.4	32.9	33.3	33.6	31.6	31.1	30.1	29.3		32.2	11.2
DESV.ST	3.9	5.1	5.3	4.8	3.5	5	4.2	4	4.4	4.8	4.5	4.9		3.3	2

TEMPERATURA MÍNIMA PROMEDIO
AÑO	ENE	FEB	MAR	ABR	MAY	JUN	JUL	AGO	SEP	OCT	NOV	DIC	ACUM	PROM	MESES
1926									19.7	19.3	15.5	15.4		17.5	4
1927	13.3	15.8	16.3	18.1	19.3	19.4	18.1	19	19.3	17.7	15.1	15.3		17.2	12
1928	13.7	16.1	17.2	20.1	20.1	21.4	20.7	20.8	21.7	19.8	17.1	15.7		18.7	12
1929	15.1	15.8	17.1	17.6	20.1	20.3	19.3	19.1	19.4	17.7	18	14.6		17.8	12
1930	14.8	15.3	17.4	17.5	19.3	15.4	15.7	16.2	17.8	15.2	14.1	12.9		16	12
1931	11.6	13	15.1	17.8	15.3									14.6	5
1942		20.4	19	21.7	23	22.4	21.7	21.3	21.7	20.4	19.3	19		20.9	11
1943	18.2	16.2	18.9	20.2	21.7	20.7	21.1	21.3	22.1	19.9	18.4	17.1		19.6	12
1944	15.7	18.1	19.3	18.7	19.2	20.1	19.6	19.7	19.9	17.7	16.3	14.2		18.2	12
1945	15.2	16.3	17.4	19.4	19.5	20.5	19.1	19.7	19.6	18.6	16.6	15.4		18.1	12
1946	16.1	16	17.5	17.8	19.9	19.1	18.2	19.1	19.6	19.3	17	15.7		17.9	12
1947	16	14.8	17.3	18.9	19.2	19.5	19.1	18.7	19	19.2	18	15.4		17.9	12
1948	14.5	15.1	14.8	17.4	17.6	15	18.9	17.7	18.5	17.6	16.4	15.4		16.6	12
1949	14	13.3	16.6	14.3	13.7	15.2	18.3	17.6	18.5	19.2	17.8	14.4		16.1	12
1950	14.2	14.2	13.8	14.3	14.5	14	18.2	19.4	19.9	17.4	16.2	14.2		15.9	12
1951	15.6	15.3	21.6	20.8	18.1	15.7	17.3	17.9	19.7	20.5	15.9	15.6		17.8	12
1952	13.7	13.8	16	17	16.9	18.3	18	17.3	16.1	13.9	15	12.3		15.7	12
1953	11.8	15.3	16.1	17.6	17.7	15	16.3	21.1	14.5	18.3	12.8	12.4		15.7	12
1954	13.2	15	19.7	20.4	17.4	21	14.2	14.2	20.2	18	18.4	17		17.4	12
1955	16.7	18.5		21.6	19.5	19.5	18.8	20.1	20.4		22	19.6		19.7	10
1956	17.5	17.3	18.4	21.7	20.4	18.5	19.9	21.9	19.4	19	18.8	17.2		19.2	12
1957	18	19.2	18.1	20.3	21.1	21	19.6	19.9	19.9	19.9	19.8	21.1		19.8	12
1958	22.1	16.9							20.8	20.3	20.1	17.9		19.7	6
1959	16.3	18.1	17.3	19.4	18.8	19.4	16.9	16.7	17.9	18.1	16.8	17.9		17.8	12
1960	16.6	17.5	16.9	17	19	17	19	17.7	17.3	15.9	16.8	16.1		17.2	12
1961	12.8	14.1	18.1	21.5	23.7		23.4	22.5	23	20.3	19.6			19.9	10
1962	16	17.1	18.7	19.6	20.2	20.9	20.4	20.7	20.8	20	19.6	18.5		19.4	12
1963	18.2	19.8	18.8	18.7	20.9	18.8	16.2	15.1	13.7			14.4		17.5	10
1964	13.4	13.6	16.2	19.2	20.7	20.8	20.9	20	21.1	18.3	17.8	17.1		18.3	12
1965	16.3	17.3	16.8	20.1	21.6	22.2	21.1	19.5	19.8	18.9	17.6	16		18.9	12
1966	15	15.9	16.5	19.3	19.6	19.5	19.5	19.6	20.2	19	15.7	13.8		17.8	12
1967	14.3	14.5	16	17.4	19.3	19.6	18.6	18.6	19.1	18.3	16.1	16		17.3	12
1968	14.7	13.9	15.1	18.3	19.1	18.5	18.4	19.1	19.8	18.5	15.8	14.8		17.2	12
1969	13.6	16.9	15.2	18.8	19.7	20.1	19.3	20	19.9	19.2	16.7	14.9		17.9	12
1970	12.3	13.7	16.5	19.3	18.5	20.2	19.5	19.2	18.8		15.2	15.2		17.1	11
MÍNIMA	11.6	13	13.8	14.3	13.7	14	14.2	14.2	13.7	13.9	12.8	12.3		14.6	4
MÁXIMA	22.1	20.4	21.6	21.7	23.7	22.4	23.4	22.5	23	20.5	22	21.1		20.9	12
MEDIA	15.2	16	17.2	18.8	19.2	19	18.9	19.1	19.4	18.6	17.2	15.8		17.8	11.2
DESV.ST	2.2	1.9	1.6	1.8	2.1	2.3	1.9	1.9	1.9	1.5	1.9	2		1.4	2

TEMPERATURA MÍNIMA EXTREMA
AÑO	ENE	FEB	MAR	ABR	MAY	JUN	JUL	AGO	SEP	OCT	NOV	DIC	ACUM	PROM	MESES
1926									17.8	14.5	10.9	11.5		13.7	4
1927	8.9	12.9	12.4	15.9	15.9	17	14.9	14.9	15.9	12.4	5.9	10.9		13.2	12
1928	9.9	12.4	13	15	11.5	15	15.5	12.5	19	15	10	10		13.2	12
1929	11	12	10	15	15	15	12	14	14	10.5	9	9		12.2	12
1930	11	10	14	14	15	10	10	11	12	9	10	8		11.2	12
1931	7	9	10	14	11									10.2	5
1942		18.1	13	19	21	20	20.8	20	20	16.5	15	11.5		17.7	11
1943	15.8	12	15.8	17	20	11.5	19.5	19.4	20.5	14.4	15.5	4.9		15.5	12
1944	11.8	15	17.5	15	15	17.6	18	17.5	18.4	12.7	13	9.5		15.1	12
1945	9	13.5	13.9	15.5	16.9	18.4	17	18.4	15.5	13	6.5	7		13.7	12
1946	8.5	11	11.5	13.4	16.4	16	9	17.3	17.5	16.5	10.5	12		13.3	12
1947	13.5	4	14	16	17	16	17.3	10.9	17	17	13	10		13.8	12
1948	3	10.5	12	14.5	12.5	10	15.5	11	13.5	14.5	13.4	12.5		11.9	12
1949	11.5	12	12.2	12.8	12	12	14	13	13.5	17	13	12		12.9	12
1950	12	12	12	12.8	12.8	10.5	13	13	18.4	12.7	12	9.5		12.6	12
1951	11.8	11.5	16.9	15.6	14.7	13.1	13	13.2	14	18	11.4	12		13.8	12
1952	10.4	0.9	10.3	13.8	13.8	13.5	15.7	14.3	13.5	11.5	9.1	10		11.4	12
1953	5	10.1	9.5	13.2	15.4	12.3	12.5	17	12.1	16.5	11	10.8		12.1	12
1954	12	12.6	17.3	18	14.9	19.2	12	12.5	18.1	16.6	16.8	14.9		15.4	12
1955	14.7	16.3		20	17.5	17.8	16.7	18.1	18.8		19.6	13.1		17.3	10
1956	15.5	15.3	16.5	20.4	18.6	11.3	17.9	20.3	17.5	17.2	16.9	14.6		16.8	12
1957	15.4	17.4	10.3	18.6	12.2	19.4	14.2	18.5	18.3	18.3	17.6	20.1		16.7	12
1958	20.3	11.2							18.5	9.5	17.9	13.2		15.1	6
1959	13.2	15.9	14.5	14.4	14.7	16.5	10.5	14.2	15.4	15.3	11.4	15.2		14.3	12
1960	13.4	15.3	15.3	13.3	14.7	14.2	13.3	12.7	13.4	12.9	12.4	12.7		13.6	12
1961	10	11.4	10.5	15	17.5		18.8	19	19.2	18.2	15.2			15.5	10
1962	13.3	14	14	16.4	17	18.9	19.4	19	19.5	18.1	14	14.5		16.5	12
1963	15.2	16	15.8	10.8	19.5	16.3	15	14.3	12.3			10.1		14.5	10
1964	10.4	10.1	12.9	15.5	17.7	17.3	19.4	17.7	20	15.8	13.4	14.7		15.4	12
1965	12	11.4	12.8	16.5	15	20.1	18.9	16.8	17.9	15.8	15	13		15.4	12
1966	10.1	11.5	12.5	17	17	14.2	12.5	16.8	18.7	16	12	9.5		14	12
1967	12	10	12.5	15.5	15.5	18	17	15.5	16.5	15	13.5	11		14.3	12
1968	11.5	10	11	16	17.5	16	17	17.5	17.5	15.5	10	10.5		14.2	12
1969	1.65	11.5	10	10	12.5	14.5	17	13	18.5	16	13.5	10.5		12.4	12
1970	5.5	9	10.5	13.5	15	17.5	18	17	16.5		11	12		13.2	11
MÍNIMA	1.65	0.9	9.5	10	11	10	9	10.9	12	9	5.9	4.9		10.2	4
MÁXIMA	20.3	18.1	17.5	20.4	21	20.1	20.8	20.3	20.5	18.3	19.6	20.1		17.7	12
MEDIA	11.1	11.9	12.9	15.3	15.5	15.5	15.5	15.6	16.7	14.9	12.7	11.5		14.1	11.2
DESV.ST	3.8	3.4	2.3	2.3	2.5	3	3.1	2.8	2.5	2.5	3.1	2.8		1.8	2

TEMPERATURA MEDIA MENSUAL
AÑO	ENE	FEB	MAR	ABR	MAY	JUN	JUL	AGO	SEP	OCT	NOV	DIC	ACUM	PROM	MESES
1926									25.2	24.7	21.3	21.9		23.3	4
1927	19.4	23.2	23.2	25.7	26.8	25.6	24.7	25.2	24.9	23.5	20.4	21.4		23.7	12
1928	19.7	22.6	24.1	25.6	26.3	26.7	26.1	26.2	26.2	25.1	22	20.5		24.3	12
1929	20.8	22.4	26.2	28	27.4	26.2	25.5	25.3	24.7	23.6	23.3	21.2		24.6	12
1930	21.1	22.1	24.4	25.4	27.2	23.7	23.8	24.4	25.4	23.1	22.7	21.4		23.7	12
1931	20.6	22	24.1	24.9	24									23.1	5
1942		24	23.7	27	28.4	27.2	25.9	25.1	25.4	24.3	22.2	22		25	11
1943	22	21.2	24.2	25.5	26.9	25.7	26.5	26.7	26.4	23	21.1	20.8		24.2	12
1944	19.8	23.8	25.4	25.9	25.5	24.5	25.4	25.2	24.8	22	21.3	18.1		23.5	12
1945	19.1	22	23.8	25	25	26	24.8	24.7	22.4	21.5	20.6	19.2		22.8	12
1946	20	21.2	23.6	24.4	26	24.1	24.5	24.9	24.9	23.8	21.4	19.5		23.2	12
1947	20.1	19.6	23.2	25	24.9	24.8	24.4	23.9	23.4	23.1	21.9	19.8		22.8	12
1948	19.1	20.4	23.1	22.9	23.4	21.6	24.6	23.6	23.2	22	20.9	20.1		22.1	12
1949	19.6	18.2	19.9	18.5	20.3	20.5	24	24.2	23.4	23.1	21.8	18.4		21	12
1950	18	20.3	19.7	18.6	19	18.6	21.2	22.2	24.8	21.7	21.2	18		20.3	12
1951	19.4	17.4	24.5	24.4	22.2	17.5	20.9	21.4	22	22.9	19.2	19.1		20.9	12
1952	17.8	18.6	22	22.5	23.6	23.5	22.4	21.6	20.4	18.6	19.6	17.5		20.7	12
1953	17	19.6	22	22.8	22.9	19.6	24.4	22.6	18.6	19.6	16.6	16.9		20.2	12
1954	17	17.4	21.8	24.4	24.9	26.4	23	22.8	22	19	19.4	18		21.3	12
1955	17.8	19.4		22.8	20.6	20.6	20.1	21.4	21.3		23.5	21.1		20.9	10
1956	18.6	18.3	19.2	22.8	21.5	19.9	21.4	23.4	20.8	20.1	19.7	18.6		20.4	12
1957	19.1	20.6	20	22.5	23.6	23.4	21.9	22.1	22.1	22.1	22.3	22.5		21.9	12
1958	23.5	20.4							24	23.6	22.8	20.8		22.5	6
1959	19.6	23	23.9	24.4	24.3	21.2	18.6	18.4	19	19.2	18.4	19		20.8	12
1960	18.1	18.7	18.2	18.5	24.7	18.7	20.4	19.7	18.8	17.8	18.6	17.7		19.2	12
1961	15.2	15.4	21.3	26.2	29.2		27.3	28.6	28.8	24.1	24.4			24	10
1962	19.6	21.9	24.5	24	25.4	25.4	24.9	25.6	25	23.4	22.4	24.4		23.9	12
1963	20.7	22.1	21.9	23.3	26.2	24.7	21.5	20.1	18.2			18.8		21.8	10
1964	17.8	18.9	22.9	24.6	25.1	24.7	23.9	23.3	23.9	21	21	19.6		22.2	12
1965	19.5	21.1	21.6	24.5	26	26.1	24.2	25.8	26.4	24.4	24	21		23.7	12
1966	19.8	21.6	22.3	26.5	26.6	25.9	26.2	26.4	25.4	24	21.3	19.1		23.8	12
1967	20.1	21.1	23.8	25	27	26.7	25.8	25.9	25.2	23.2	21.9	22.7		24	12
1968	21	20.4	23.1	26.2	26.2	25.3	25	25.9	25.5	23.6	21.8	20.6		23.7	12
1969	20.4	23.1	22.7	27	27.1	26.7	25.8	25.4	24.3	23.8	21.4	20.8		24	12
1970	18.8	19.2	23.2	26.8	24.8	25.6	25	25.3	24.6		20.5	21		23.2	11
MÍNIMA	15.2	15.4	18.2	18.5	19	17.5	18.6	18.4	18.2	17.8	16.6	16.9		19.2	4
MÁXIMA	23.5	24	26.2	28	29.2	27.2	27.3	28.6	28.8	25.1	24.4	24.4		25	12
MEDIA	19.4	20.6	22.7	24.3	24.9	23.8	23.9	24	23.6	22.4	21.2	20		22.6	11.2
DESV.ST	1.6	2	1.8	2.3	2.3	2.8	2.1	2.3	2.5	1.9	1.7	1.7		1.5	2
