COMISIÓN NACIONAL DEL AGUA
COORDINACIÓN GENERAL DEL SERVICIO METEOROLÓGICO NACIONAL
BASE DE DATOS CLIMATOLÓGICA NACIONAL 

ESTADÍSTICA MENSUAL
EMISIÓN   : 25/10/2024 

DATOS DISPONIBLES EN LA BASE DE DATOS A: OCTOBER DE 2024; 
CON LA INFORMACIÓN SUMINISTRADA POR LAS UNIDADES ADMINISTRATIVAS 

 ESTACIÓN  : 7151 
 NOMBRE    : SAN QUINTIN (CFE) 
 ESTADO    : CHIAPAS 
 MUNICIPIO : OCOSINGO 
 SITUACIÓN : OPERANDO 
 CVE-OMM   :   
 LATITUD   : 16.40583333 ° 
 LONGITUD  : -91.34583333 ° 
 ALTITUD   : 200 msnm 


LLUVIA MÁXIMA 24 H.
AÑO	ENE	FEB	MAR	ABR	MAY	JUN	JUL	AGO	SEP	OCT	NOV	DIC	ACUM	PROM	MESES
1964							55.5	41	54.5	54	20.5	25.6	251.1	41.9	6
1965	27.2	11.8	41	15	21	40.2	144.6	47.5	26.5		30.1	10	414.9	37.7	11
1966	14	11.4	9.3	42.6	113	66.8	60	64.3	134	57.7	13.5	4.5	591.1	49.3	12
1967	29	8.5	12.5	40.5	37	51.5	47.5	49.5	61	60	35	10.5	442.5	36.9	12
1968	23.5	3	31.5	20.5	55.5	89.5	41	67.5	93	47	8	35	515	42.9	12
1969	12.5		35.5		33.5	76		114.5	43	43	21		379	47.4	8
1970	17.5	21	13	25.5	44.5	62	68	56	79	36	9.5	20	452	37.7	12
1972	19	10.5	13.5	7.5	42.5	63.5	79.5	49.5	46	51.5	20.5	13.5	417	34.8	12
1973	7.5	11	0.5	20	51.5	61	52.5	56.5	80.5	84.5	49	23.5	498	41.5	12
1974	30	32	8	23	33	69	73.5	26	65	45	79.5	8	492	41	12
1975	22.5	24	22.5	0.5	40.5	62.5	71	52	109	125	68	16.5	614	51.2	12
1976	19	18	10.5	17	65.5	68.5	64.5	65	71	58	21.5	8	486.5	40.5	12
1977	7	13.5	0	47.5	32.5	113	34	58.5	46	34.5	25.5	22.5	434.5	36.2	12
1978	13.5	9	11.5	60.5	75	59.5	67	54	61	55.5	15	33	514.5	42.9	12
1979	5.5	15.5	16	9	26.5	61	100	77	70	82	11	45.5	519	43.2	12
1980	35	11	6	15	34	56.5	41	65.5	75.7	53.5	31.5	19.5	444.2	37	12
1981	11.5	27.3	37	62.5	24.6	99.2	64	68.8	64.4	39.3	18	18	534.6	44.5	12
1982	17.9	14.9	41.3	11.2	81.5	70.5	37.1	60.4	97.4	34.6	37.1	17.8	521.7	43.5	12
1983	4.8	16	20.7	21.9	23.7	64.9	58.7	63.5	70	43.5	32.7	17.4	437.8	36.5	12
1984	9.4	7.6	4.8	29.9	125.8	89.8	101.5	91.7	85.1	31.4	6.9	22	605.9	50.5	12
1985	9	17.4	19.5	10	34.9	53.3	34	76.6	65.7	28.4	26.4	35.5	410.7	34.2	12
1986	13.6	54	21	19.7	51.5	111.5	39.1	40.3	47.9	42.4	28.6	19	488.6	40.7	12
1987	6	2.6	18.5	98	1.5	76	50.5	56.6	46.8	38	23.6	33.6	451.7	37.6	12
1988	21	24	7.3	27.4	7.7			114.4	80.3	42	21.5	11.5	357.1	35.7	10
1989	21.4	13.2	1.4	20	39.5			38.7	52	40	46.9	14.5	287.6	28.8	10
1990	22.5	6.5	14.9	20.5	38.8	52.2	51.3	87.1	80.3	40.2	35.1	45.4	494.8	41.2	12
1991											35.7	46.9	82.6	41.3	2
2012								40	60.5	30.2	25	25	180.7	36.1	5
2013	25												25	25	1
2014								45.5	35.5	60	30	4	175	35	5
2016				0	10	35		25	43.2	62.3	82	15	272.5	34.1	8
2018	10	20	0	0	30								60	12	5
MÍNIMA	4.8	2.6	0	0	1.5	35	34	25	26.5	28.4	6.9	4	25	12	1
MÁXIMA	35	54	41.3	98	125.8	113	144.6	114.5	134	125	82	46.9	614	51.2	12
MEDIA	16.8	16.1	16.1	25.6	43.5	68.9	62.4	60.4	67	50.7	30.3	21.4	401.6	38.7	10.1
DESV.ST	8.3	10.7	12.5	22.2	28.6	19.7	25.8	21.7	23.1	20.1	18.9	12	156.8	7.5	3.3

LLUVIA TOTAL MENSUAL
AÑO	ENE	FEB	MAR	ABR	MAY	JUN	JUL	AGO	SEP	OCT	NOV	DIC	ACUM	PROM	MESES
1964							451.03	208.02	358	199.63	85.64	144.21	1446.53	241.1	6
1965	89.16	22.84	53.38	28.02	58.51	293.9	434.82	238.44	313.23		115.54	44.75	1692.59	153.9	11
1966	40.08	38.12	47.39	183.44	271.7	439.51	325.58	352.16	632.53	416.24	55.63	18.2	2820.58	235	12
1967	60.77	27.61	25.64	74.13	56.07	411.52	277.04	282.07	266.55	369.59	113.61	21.61	1986.21	165.5	12
1968	86.6	10.16	56.09	30.04	280.04	459.02	300.04	394.05	442.6	252.55	34.36	73.2	2418.75	201.6	12
1969	36		111.5		175.5	308.5		574.5	525	216	107		2054	256.8	8
1970	48.5	43.5	15	39.5	129	275	591.5	401	466	229.5	53	90	2381.5	198.5	12
1972	81.5	27	47	15.5	57.5	378.5	556.5	320	335.5	225.5	115.5	41	2201	183.4	12
1973	24.5	20.5	0.5	26	192.5	416.5	286.5	471	339	558	245	31	2611	217.6	12
1974	101.5	62.5	23	64.5	205.5	427.5	364	152	301.5	326.5	157.5	50	2236	186.3	12
1975	109.5	44	26	1	77	265	241	240.5	463.5	472.5	189.5	87.5	2217	184.8	12
1976	107	45	19	23	131	434.5	461.5	207.5	524	182	100.5	58	2293	191.1	12
1977	18.5	30.5	0	71.5	93.5	468	251.5	348.3	353	195	89	110.5	2029.3	169.1	12
1978	44	27.5	30.2	103.5	326	540	459	383	613.5	289.5	108.5	80.5	3005.2	250.4	12
1979	25	31.5	33.5	32	121	384	447	574	506.5	201	43	204	2602.5	216.9	12
1980	100	41	21.5	44.5	129.5	397	384	443.5	456.8	186.8	99.7	99.6	2403.9	200.3	12
1981	45.5	100.2	63.5	183.8	79.5	540.5	456.2	660.1	548.8	262.6	39.9	85.1	3065.7	255.5	12
1982	56	49.1	49.2	25.7	348.8	494	324.8	308.8	487.3	249.9	102.9	58.1	2554.6	212.9	12
1983	14.7	48.7	59.1	43	42.3	308	462	321.5	423.7	186.8	78.5	65.6	2053.9	171.2	12
1984	31.43	20.14	12.1	57.03	390.45	405.72	535.41	567.62	699	219.59	29.19	137.04	3104.72	258.7	12
1985	23.54	72.77	50.85	12.24	112.7	391.8	201.77	313.34	501.94	189.47	103.06	155.81	2129.29	177.4	12
1986	60.09	87.06	29.75	25.81	202.31	436.9	282.7	298.63	415.62	192.76	146.85	36.99	2215.47	184.6	12
1987	14.11	5.18	49.16	99.33	2.62	566.94	468.42	368.85	325.34	69.52	88.93	131.69	2190.09	182.5	12
1988	80.49	77.16	15.77	65	19.88			865.43	432.67	216.7	89.02	43.13	1905.25	190.5	10
1989	101.41	49.75	3.44	75.74	171.43			308.21	489.63	221.94	191.73	40.98	1654.26	165.4	10
1990	117.13	20.65	31.66	81.71	151.63	453.3	374.91	350.81	463.71	168.13	159.53	121.2	2494.37	207.9	12
1991											121.65	201.88	323.53	161.8	2
2012								163.7	336.8	141.6	151.9	100	894	178.8	5
2013	195												195	195	1
2014								212.8	269.9	460.5	84.5	4	1031.7	206.3	5
2016				0	27.2	190.5		198.2	506.2	505.5	262.5	64.1	1754.2	219.3	8
2018	43.7	85	0	0	100.5								229.2	45.8	5
MÍNIMA	14.11	5.18	0	0	2.62	190.5	201.77	152	266.55	69.52	29.19	4	195	45.8	1
MÁXIMA	195	100.2	111.5	183.8	390.45	566.94	591.5	865.43	699	558	262.5	204	3104.72	258.7	12
MEDIA	65	43.5	33.6	54.1	146.4	403.6	388.6	363	441.3	264.5	112.1	82.7	2006.1	195.8	10.1
DESV.ST	41.7	25	25	48	103.6	92.9	107.3	161.3	109.2	118.8	57	51.6	764.1	40.1	3.3

EVAPORACIÓN MENSUAL
AÑO	ENE	FEB	MAR	ABR	MAY	JUN	JUL	AGO	SEP	OCT	NOV	DIC	ACUM	PROM	MESES
1964							103.9	120.7	118.5	84	66.9	73.2	567.2	94.5	6
1965	67.3	85	125.1	168.5	203	127.8	112.2	114.9	94.2		58.2	56	1212.2	110.2	11
1966	62.3	70.3	90.7	127.4	137.8	109.9	120.5	130	105.2	87.4	61.3	46.4	1149.2	95.8	12
1967	73.2	83	126.7	161.2	187.8	138.1	109.1	131.8	113	84.3	60.7	59.7	1328.6	110.7	12
1968	52	74.8	121.2	155.5	160.3	128.2	122.6	121.9	113.6	76.2	71.3	59.4	1257	104.8	12
1969	74		84.1		135.4	110.1		105.8	99.9	111.1	60.1		780.5	97.6	8
1970	66	69.6	128.1	160.4	151.5	123.5	118.1	114.3	89.2	90.7	56.8	57.5	1225.7	102.1	12
1972	82.3	85.6	153.4	175.9	185.4	102.3	101.3	102.5	99.6	93.1	81.3	65.1	1327.8	110.7	12
1973	73.8	90.9	182.3	167.7	159.8	112.2	123.9	121.2	128.9	87.3	74.7	75.1	1397.8	116.5	12
1974	69.9	87.3	137.6	151.2	149.2	107.6	112.3	114.9	108.6	69.9	81.6	63.2	1253.3	104.4	12
1975	69.1	100.4	139.9	185.7	198.8	129.1	140	137.8	109	91.2	74.9	60.6	1436.5	119.7	12
1976	59.7	91.8	162.5	185.1	142.4	105.6	123.5	124	109.1	90.6	46.5	50.6	1291.4	107.6	12
1977	68.6	72.6	163.2	124.5	171.1	109.4	115.2	120.3	117.8	96.2	76.9	63.2	1299	108.2	12
1978	68.1	83.4	119.9	161.3	168.6	132.3	121.4	130.6	111.7	101.4	81.2	80	1359.9	113.3	12
1979	75.8	85.9	120.4	173.6	149.1	99.2	126.2	97.8	91.8	92	63.8	55.6	1231.2	102.6	12
1980	79.4	82.2	147.3	120	160.8	113	126.3	112.8	98.3	86.4	69.2	61.7	1257.4	104.8	12
1981	67	75.2	128.9	108.1	127.3	104.4	103.4	118	113.1	86.8	80.7	64.7	1177.6	98.1	12
1982	78.7	90.3	160.4	182.5	165.8	121.1	108.3	137.1	104.7	97.2	79.3	85.2	1410.6	117.6	12
1983	80.7	79.7	157.9	143.4	190.4	136	111.9	124.5	107.7	100.4	82.8	78.2	1393.6	116.1	12
1984	65.37	78.08	154.08	172.4	135.88	125.65	113.04	121.07	106.01	111.39	85.32	60.76	1329.05	110.8	12
1985	78.68	75.58	122.97	146.99	175.98	130.95	142.18	133.74	121.45	108.3	92.94	80.07	1409.83	117.5	12
1986	72.26	108.76	136.11	190.79	156.12	134.99	114.05	127.76	103.84	102.72	86.52	77.53	1411.45	117.6	12
1987	87.02	107.91	152.42	126.21	167.44	142.01	106.9	126.07	137.14	88.98	80.02	69.03	1391.15	115.9	12
1988	61.55	91.19	116.29	168.4	165.11			167.6	134.9	98.6	89.9	64.4	1157.94	115.8	10
1989	73.6	88.2	141	139.1	148.6			128.4	95.9	82.7	72.5	66.8	1036.8	103.7	10
1990	66	83.7	114.9	147.4	159.2	112.8	126	119.5	108.7	95.4	47.6	60.1	1241.3	103.4	12
1991											60.27	49.49	109.76	54.9	2
2012								15.9	80.75	107.4	73.3	61.63	338.98	67.8	5
2013	95.48												95.48	95.5	1
2014								57.93	66.15	45.13	25.75	0.55	195.51	39.1	5
2016				97.35	92.65	47.5		51.4	20.5	13.93	32.04	19.75	375.12	46.9	8
2018	28.75	35.75	84.95	48.7	21.05								219.2	43.8	5
MÍNIMA	28.75	35.75	84.1	48.7	21.05	47.5	101.3	15.9	20.5	13.93	25.75	0.55	95.48	39.1	1
MÁXIMA	95.48	108.76	182.3	190.79	203	142.01	142.18	167.6	137.14	111.39	92.94	85.2	1436.5	119.7	12
MEDIA	70.2	83.1	133.6	149.6	154.3	116.8	117.5	114.8	103.8	88.6	69.1	60.9	1052.1	99	10.1
DESV.ST	12.2	14.2	24.5	32.2	35.5	19.4	10.7	28.9	21.8	19.9	16.1	17.2	444.2	22.7	3.3

TEMPERATURA MÁXIMA PROMEDIO
AÑO	ENE	FEB	MAR	ABR	MAY	JUN	JUL	AGO	SEP	OCT	NOV	DIC	ACUM	PROM	MESES
1964							31.1	32.4	33	29.5	29.2	28		30.5	6
1965	26.9	29.5	31.3	34.1	34.3	32.5	31.3	31.8	32		28.9	28		31	11
1966	27	28.5	29.1	32.7	32.9	31.6	32.2	32.2	32	30.5	27.1	25.8		30.1	12
1967	27.5	28.5	30.6	33	34.1	32.5	31.2	32	32.3	29.4	28.1	28.5		30.6	12
1968	26.2	27.7	29.6	33.5	34.2	32.6	31.1	31.6	32.2	30.4	29.7	28.2		30.6	12
1969	29.3		30		34.4	33.8		32.5	32.1	32.5	29			31.7	8
1970	28	27.4	32	35	33.1	32.5	31.9	32.5	31.7	31.7	27.1	28		30.9	12
1972	29.5	28.7	33	34.5	34.6	32.5	31	31.4	32.1	31.5	31.5	27.9		31.5	12
1973	28.2	29.2	35.4	34.8	34.7	32.5	32.1	32.1	33.2	30.6	29.6	27.5		31.7	12
1974	28.8	28.8	31.8	32.7	34.6	32.2	31	31.6	32.2	28.6	28.8	27.9		30.8	12
1975	27.1	30.2	33	35	36.9	32.7	32	32.1	31.2	29.8	28.8	26.8		31.3	12
1976	25.4	26.9	32	33.1	33.9	31.6	30.9	31.9	32	30.8	27.2	26.7		30.2	12
1977	27.7	28.3	33.2	31.2	34.4	31.9	31	32.1	32.5	31.1	29.6	28.7		31	12
1978	26.8	28.5	30.4	33.7	35.4	32.6	31.5	32.3	31.8	30.8	30.4	29.3		31.1	12
1979	27.6	28.9	31	35.2	34.2	31.7	32.7	31.4	31.2	31.3	28.7	27.1		30.9	12
1980	28.9	28.5	32.6	31.8	35.2	31.9	32.2	32.4	31.9	30.7	28.2	25.8		30.8	12
1981	26.6	27.9	31.9	31.8	34.1	32	31.6	32.4	31.9	30.9	30.2	28.2		30.8	12
1982	29	29.6	31.8	34.7	34.1	32.7	30.5	31.6	31.5	30.4	28.9	28.3		31.1	12
1983	27.9	27.6	32.6	33.4	35.4	33.9	31.9	31.9	32.3	31	31	29.1		31.5	12
1984	26.8	28.2	32.5	34.2	33.2	31.4	31.1	31.3	30.8	31.3	28.4	27		30.5	12
1985	26.8	27.8	30.7	32.5	34.3	32.2	31.9	32.5	31.9	31	29.2	27.6		30.7	12
1986	25.9	30.5	29.9	34.3	33.8	32.1	30.9	31.6	30.9	30.5	29.9	28.5		30.7	12
1987	27	29.9	32.4	30.3	34.3	32.7	31.1	31.6	32.3	28.7	28.5	27.3		30.5	12
1988	25.9	28.3	29.6	34.4	34.9			32.1	31.7	29.4	29.9	26.8		30.3	10
1989	27.5	27.2	31.1	31.9	32.3			31.3	30.1	29.3	28.7	26.7		29.6	10
1990	27.2	28.2	29.5	32.4	33.5	30.9	30.6	30.7	31	30.2	27	27.3		29.9	12
1991											27.1	26.8		27	2
MÍNIMA	25.4	26.9	29.1	30.3	32.3	30.9	30.5	30.7	30.1	28.6	27	25.8		27	2
MÁXIMA	29.5	30.5	35.4	35.2	36.9	33.9	32.7	32.5	33.2	32.5	31.5	29.3		31.7	12
MEDIA	27.4	28.5	31.5	33.3	34.3	32.3	31.4	31.9	31.8	30.5	28.9	27.6		30.6	11.1
DESV.ST	1.1	0.9	1.5	1.3	0.9	0.7	0.6	0.5	0.7	0.9	1.2	0.9		0.9	2.3

TEMPERATURA MÁXIMA EXTREMA
AÑO	ENE	FEB	MAR	ABR	MAY	JUN	JUL	AGO	SEP	OCT	NOV	DIC	ACUM	PROM	MESES
1964							33	34	34.5	34	33	32		33.4	6
1965	32	34	37	37.5	36	37	33	33.5	34		32.5	32.5		34.5	11
1966	31	34.5	34.5	36	36	33.5	34	34	33.5	34	32	31.5		33.7	12
1967	31.5	33	35	35.5	38	37	33.5	33.5	35.5	32.5	32	33		34.2	12
1968	30	33.5	38.5	36.5	37	35	33	34	34.5	33	34	32		34.2	12
1969	32		39		40	37.5		36.5	34	35	32			35.8	8
1970	32	36	38	38	36.5	35.5	33.5	34.5	33.5	35	33	31		34.7	12
1972	33	33	38.5	37.5	37	35	33.5	32.5	33.5	35	34.5	31.5		34.5	12
1973	34	33.5	40.5	42.5	40	35	34	35.5	35.5	33.5	33	32		35.8	12
1974	31.5	34	37	38	41.5	35.5	32.5	33.5	35.5	32.5	31.5	31.5		34.5	12
1975	32.5	34.5	38	40	40	37	34	33.5	35.5	33	32.5	30.5		35.1	12
1976	31.5	31.5	36	35.5	38	35.5	33	33.5	33.5	33.5	32	31.5		33.8	12
1977	32.5	35	42	41	37	34	33	35	35	33.5	33	33.5		35.4	12
1978	33.5	35	38	38	40	34.5	33	34	34.5	33.5	32.5	33		35	12
1979	34	34.5	39	39.5	38.5	35.5	36	34	34	36	34	31.5		35.5	12
1980	33	33.5	37.5	39	39	35	34	34	34	34	33	29.5		34.6	12
1981	32.5	34	38	34.5	36.5	35	33	34	34	33	33	32.5		34.2	12
1982	32.5	33.5	37.5	37.5	36.5	36	33	33	33.5	33.5	32.5	32		34.2	12
1983	34.5	36.5	40.5	41	38	39	34.5	33.5	34.5	33.5	35	33		36.1	12
1984	31.5	36.5	43	40.5	40	34	34.5	33	33	33.5	32	31		35.2	12
1985	30.5	33	38	35	37	35	33.5	36.5	33.5	32.5	31.5	32.5		34	12
1986	30	34	38	39	36.5	34.5	33	33	33	33.5	32	32		34	12
1987	32	39	43	36	37	36	33.5	33.5	34	32.5	32.5	31.5		35	12
1988	32.5	33.5	35.5	44	39.5			34	35	32.5	34	30		35	10
1989	29.5	33	37	36	36			33	32.5	32.5	31.5	31		33.2	10
1990	30.5	34	35	35.5	36.5	35.5	32	32	32	32.5	32	31.5		33.2	12
1991											32	30		31	2
MÍNIMA	29.5	31.5	34.5	34.5	36	33.5	32	32	32	32.5	31.5	29.5		31	2
MÁXIMA	34.5	39	43	44	41.5	39	36	36.5	35.5	36	35	33.5		36.1	12
MEDIA	32	34.3	38.2	38.1	37.9	35.5	33.5	33.9	34.1	33.5	32.7	31.7		34.4	11.1
DESV.ST	1.3	1.5	2.3	2.5	1.6	1.3	0.8	1.1	0.9	0.9	0.9	1		1	2.3

TEMPERATURA MÍNIMA PROMEDIO
AÑO	ENE	FEB	MAR	ABR	MAY	JUN	JUL	AGO	SEP	OCT	NOV	DIC	ACUM	PROM	MESES
1964							21.3	21.1	21.4	19.6	19.3	18.4		20.2	6
1965	16.7	17.7	17.2	18.4	21.2	21.3	20.8	20.9	21.4		19.8	18.9		19.5	11
1966	17.3	18.1	18.8	21.2	21.5	21.8	21.7	21.4	21.6	21.1	18	16.5		19.9	12
1967	16.5	17.4	17.3	19.6	20.5	21.4	20.6	21	21.1	20.6	18	18.1		19.3	12
1968	17.6	15.2	17	19.4	20.8	21.6	20.9	20.9	21.6	21	18.3	18.5		19.4	12
1969	17.8		20.2		22.4	22.1		21.9	21.8	21.5	19.4			20.9	8
1970	17.6	16.9	18.8	21.4	20.2	21.9	21.3	21.2	21.3	21.4	17.8	17.9		19.8	12
1972	18.3	16.9	17.5	20.2	21.5	22.2	21.1	20.9	21.1	20.8	21.1	17.6		19.9	12
1973	17.4	16.9	19.7	21.8	22.5	21.6	21.4	21.2	21.7	21.4	20.4	15.6		20.1	12
1974	18.6	16.7	18.6	19.4	20.7	21.7	20.6	20.8	21.2	19.5	18.6	17.6		19.5	12
1975	17.2	17.5	19.1	19.6	21.3	21.2	20.2	20.8	20.5	20.5	19.5	17.2		19.6	12
1976	16.2	16	17.9	19.2	20.6	21.5	20.6	20.4	20.7	20.7	19.1	18.2		19.3	12
1977	16.1	17.8	18.1	19.7	20.9	21.3	20.5	21.2	21.6	21	19.3	18.9		19.7	12
1978	16.9	17.2	18.8	19.4	21.3	21.5	21.2	21.5	21.4	20.5	20.4	18.7		19.9	12
1979	16.6	17.4	19.7	20.5	21.5	22	21.4	21	21.6	21.2	18.8	18.2		20	12
1980	17.7	17.7	19.3	19.7	22.2	21.8	21.2	21.2	21.6	20.7	19.4	17.3		20	12
1981	16.2	17.6	18.7	20.1	21	22	21.1	21.5	21.2	21.4	18.4	18.6		19.8	12
1982	18	17.8	18.2	20.2	21.4	22.1	20.8	21	21.4	20.6	19.5	18.5		20	12
1983	17	18	17.9	20.6	22.5	22.3	21.5	21.2	21.6	20.8	20.3	18.6		20.2	12
1984	17	18.4	18.2	19.6	21.4	20.5	20.6	20.9	21.3	20.9	17.6	18.2		19.6	12
1985	15.9	17.4	18.9	19.4	21.1	21.3	20.8	20.6	20.9	20.8	19.4	18.7		19.6	12
1986	16.4	17.6	16	17.9	21.3	21.1	20.6	21.2	21.1	20.4	20.3	18.7		19.4	12
1987	14.8	17.5	19	18.8	20.7	22.2	21.6	21.4	21.7	19.1	18.1	18.8		19.5	12
1988	18.1	18.2	18.3	20.6	20.6			21.6	21.4	20.2	19.2	17.1		19.5	10
1989	17.9	16.1	16	19.6	21.6			21	21.5	20.4	20.1	17.5		19.2	10
1990	17.9	17.8	18.7	20	21.5	21.7	21.4	21.4	21.5	20.8	19.4	19		20.1	12
1991											19	17.1		18	2
MÍNIMA	14.8	15.2	16	17.9	20.2	20.5	20.2	20.4	20.5	19.1	17.6	15.6		18	2
MÁXIMA	18.6	18.4	20.2	21.8	22.5	22.3	21.7	21.9	21.8	21.5	21.1	19		20.9	12
MEDIA	17.1	17.3	18.3	19.8	21.3	21.7	21	21.1	21.4	20.7	19.2	18		19.7	11.1
DESV.ST	0.9	0.7	1.1	0.9	0.6	0.4	0.4	0.3	0.3	0.6	0.9	0.8		0.5	2.3

TEMPERATURA MÍNIMA EXTREMA
AÑO	ENE	FEB	MAR	ABR	MAY	JUN	JUL	AGO	SEP	OCT	NOV	DIC	ACUM	PROM	MESES
1964							20	19.5	20.5	16	16	16.5		18.1	6
1965	12.5	12	11	15	19	19	19	19.5	19		17.5	14		16.1	11
1966	12.5	14	15	19	20	20.5	20	18	20.5	17.5	15	14		17.2	12
1967	13	12	14	15.5	16	20	19	20	19.5	18	5.5	12.5		15.4	12
1968	14.5	10.5	12	16.5	18	20.5	19.5	19	20	17	12.5	14.5		16.2	12
1969	15.5		17		20.5	21		21	19.5	18	16			18.6	8
1970	12	12	13	17	14.5	19.5	20	19	20	19.5	13.5	14.5		16.2	12
1972	15.5	9.5	15	16	17.5	21.5	19.5	20	19.5	19	19	12		17	12
1973	14.5	12.5	16	18.5	20.5	20	19.5	19	20.5	19	18	11.5		17.5	12
1974	16.5	14.5	12.5	16.5	18	19.5	18.5	18.5	19	16	14	14.5		16.5	12
1975	13.5	15	15.5	16	17.5	19.5	19	19	18	18.5	13.5	15		16.7	12
1976	8	12.5	15	15.5	18	20	19	19	19	18.5	14.5	15		16.2	12
1977	13	15	14.5	16	18.5	18.5	18.5	20	20.3	18	14	12.5		16.6	12
1978	12.5	12	15	14	17.5	20.5	19.5	20.5	20	15	18.5	14		16.6	12
1979	12.5	12	16	17	19	20.5	20	12	18.5	19.5	15.5	13		16.3	12
1980	14	13	14	15	19.5	19.5	19	20	20.5	18.5	17	12		16.8	12
1981	12.5	13	14.5	18	17	21	20	20	18.5	19	16	13.5		16.9	12
1982	14.5	12.5	14.5	16	18	20.5	18.5	19.5	20.5	15	16	12		16.5	12
1983	13	12.5	13	17	18.5	20.5	20	19.5	19.5	16.5	15.5	13.5		16.6	12
1984	13	15	10	12.5	19	9.5	10.5	19.5	20	18	13.5	15		14.6	12
1985	12.5	14	16	12.5	18	19	18	19	20	18.5	16.5	15		16.6	12
1986	10.5	12	9.5	14	18	17	19	19	19.5	17.5	18.5	16		15.9	12
1987	8	13.5	12	13	17	20.5	20	20	20.5	15	13.2	14.5		15.6	12
1988	13.5	14.5	12.5	15	15.5			19	20	17	14	13		15.4	10
1989	14.5	10	9.5	15.5	19			19	19.5	17.5	18.5	8.5		15.2	10
1990	15.5	11	13.5	18.5	19	19.5	19	20	20.5	16	16	15.5		17	12
1991											14	13		13.5	2
MÍNIMA	8	9.5	9.5	12.5	14.5	9.5	10.5	12	18	15	5.5	8.5		13.5	2
MÁXIMA	16.5	15	17	19	20.5	21.5	20	21	20.5	19.5	19	16.5		18.6	12
MEDIA	13.1	12.7	13.6	15.8	18.1	19.5	18.9	19.2	19.7	17.5	15.2	13.7		16.4	11.1
DESV.ST	2	1.5	2.1	1.8	1.4	2.4	1.9	1.6	0.7	1.4	2.7	1.7		1	2.3

TEMPERATURA MEDIA MENSUAL
AÑO	ENE	FEB	MAR	ABR	MAY	JUN	JUL	AGO	SEP	OCT	NOV	DIC	ACUM	PROM	MESES
1964							26.2	26.8	27.2	24.6	24.2	23.2		25.4	6
1965	21.8	23.6	24.2	26.2	27.8	26.9	26	26.4	26.7		24.4	23.4		25.2	11
1966	22.1	23.3	24	27	27.2	26.7	27	26.8	26.8	25.8	22.6	21.1		25	12
1967	22	23	24	26.3	27.3	27	25.9	26.5	26.7	25	23	23.3		25	12
1968	21.9	21.4	23.3	26.4	27.5	27.1	26	26.2	26.9	25.7	24	23.4		25	12
1969	23.6		25.1		28.4	28		27.2	27	27	24.2			26.3	8
1970	22.8	22.1	25.4	28.2	26.6	27.2	26.6	26.9	26.5	26.5	22.5	23		25.4	12
1972	23.9	22.8	25.2	27.4	28	27.4	26	26.1	26.6	26.1	26.3	22.8		25.7	12
1973	22.8	23	27.5	28.3	28.6	27	26.8	26.6	27.5	26	25	21.6		25.9	12
1974	23.7	22.8	25.2	26	27.6	27	25.8	26.2	26.7	24	23.7	22.8		25.1	12
1975	22.1	23.9	26	27.3	29.1	27	26.1	26.5	25.9	25.1	24.1	22		25.4	12
1976	20.8	21.4	25	26.1	27.2	26.6	25.8	26.1	26.4	25.8	23.1	22.4		24.7	12
1977	21.9	23	25.7	25.4	27.6	26.6	25.8	26.6	27	26	24.5	23.8		25.3	12
1978	21.9	22.9	24.6	26.6	28.4	27	26.4	26.9	26.6	25.6	25.4	24		25.5	12
1979	22.1	23.1	25.4	27.9	27.9	26.9	27	26.2	26.4	26.2	23.8	22.6		25.5	12
1980	23.3	23.1	26	25.8	28.7	26.9	26.7	26.8	26.8	25.7	23.8	21.6		25.4	12
1981	21.4	22.8	25.3	26	27.6	27	26.4	27	26.5	26.1	24.3	23.4		25.3	12
1982	23.5	23.7	25	27.5	27.8	27.4	25.6	26.3	26.4	25.5	24.2	23.4		25.5	12
1983	22.4	22.8	25.2	27	29	28.1	26.7	26.5	27	25.9	25.6	23.9		25.8	12
1984	21.9	23.3	25.4	26.9	27.3	26	25.9	26.1	26	26.1	23	22.6		25	12
1985	21.4	22.6	24.8	26	27.7	26.8	26.4	26.6	26.4	25.9	24.3	23.1		25.2	12
1986	21.1	24	23	26.1	27.5	26.6	25.8	26.4	26	25.4	25.1	23.6		25	12
1987	20.9	23.7	25.7	24.6	27.5	27.5	26.4	26.5	27	23.9	23.3	23		25	12
1988	22	23.2	24	27.5	27.8			26.9	26.5	24.8	24.5	22		24.9	10
1989	22.7	21.6	23.6	25.8	27			26.1	25.8	24.9	24.4	22.1		24.4	10
1990	22.5	23	24.1	26.2	27.5	26.3	26	26	26.2	25.5	23.2	23.1		25	12
1991											23	22		22.5	2
MÍNIMA	20.8	21.4	23	24.6	26.6	26	25.6	26	25.8	23.9	22.5	21.1		22.5	2
MÁXIMA	23.9	24	27.5	28.3	29.1	28.1	27	27.2	27.5	27	26.3	24		26.3	12
MEDIA	22.3	22.9	24.9	26.6	27.8	27	26.2	26.5	26.6	25.6	24.1	22.8		25.2	11.1
DESV.ST	0.9	0.7	1	0.9	0.6	0.5	0.4	0.3	0.4	0.7	0.9	0.8		0.7	2.3
