COMISIÓN NACIONAL DEL AGUA
COORDINACIÓN GENERAL DEL SERVICIO METEOROLÓGICO NACIONAL
BASE DE DATOS CLIMATOLÓGICA NACIONAL 

ESTADÍSTICA MENSUAL
EMISIÓN   : 25/10/2024 

DATOS DISPONIBLES EN LA BASE DE DATOS A: OCTOBER DE 2024; 
CON LA INFORMACIÓN SUMINISTRADA POR LAS UNIDADES ADMINISTRATIVAS 

 ESTACIÓN  : 7208 
 NOMBRE    : NOVILLERO 
 ESTADO    : CHIAPAS 
 MUNICIPIO : MAPASTEPEC 
 SITUACIÓN : OPERANDO 
 CVE-OMM   :   
 LATITUD   : 15.50055556 ° 
 LONGITUD  : -92.94305556 ° 
 ALTITUD   : 72 msnm 


LLUVIA MÁXIMA 24 H.
AÑO	ENE	FEB	MAR	ABR	MAY	JUN	JUL	AGO	SEP	OCT	NOV	DIC	ACUM	PROM	MESES
1963						15.5	76.4	60.5	179.2	25.7	133	0	490.3	70	7
1964	0			15.8	31.3	85.5	160	92.5	111	30	25.9	9	561	56.1	10
1965	8.7	0	2.6	36.5	101	64.3	52	52.5	88.6	60.4	9.7	0	476.3	39.7	12
1966	0	22	0	40.3	70.8	100.2	49	75.3	85.6	71.5		0.01	514.71	46.8	11
1967	0.01	0	6.3	18.7	28.3	31.2	29.2	41.3	33.7	38.3	11.3	0	238.31	19.9	12
1968	0.01	0	0.01	6.9	32.5	25.6	56.3	40.2	52.4	22.3	10	0	246.22	20.5	12
1969	0	21.4	0	18.4	30.2	44.2	72.4	70.3	52	70.6	8.5	0	388	32.3	12
1970	0	0	0	5.3	24.5	88.5	48.2	80.4	88.2	64.3	20.6	0	420	35	12
1972	0	0	18.7	30	76.3	54	72.4	138.5	77.6	66.5	42.2	5	581.2	48.4	12
1973	0	0	2.6	27.6		54.6	44.3	69.2	66.4	49.3	40.6	0	354.6	32.2	11
1974	22.7	0	15.2	8.3	88.6	96.3	49.2	55.8	82.4	18.4	34.4	2.4	473.7	39.5	12
1975	2.3	4.8	16.3	6.8	28.3	94.6	94.8	46.7	65.3	40.6	73.4	5.2	479.1	39.9	12
1976	0	0	0	74.6	74.2	72.5	22.6	42.5	52.4	42.5	26.2	0	407.5	34	12
1977	0	0	0	28.4	21.4	26.2	60.8	70.5	46.3	24.6	10.3	12.6	301.1	25.1	12
1978	0	0	0	6.2	82.6	40.6	32.5	58.6	56.4	11.3	12.2	10.8	311.2	25.9	12
1979	0	0	0		72.4	28.9	68.4	110.6	78.4	101.3	26.4	0	486.4	44.2	11
1980	12.6	0	0	16	62.3	78.8	68.3	121.5	104	27	10.2	2.8	503.5	42	12
1981	0	0	19	52	56	80	70	60	71	113	2	0	523	43.6	12
1982	0	31	11.5	22	43	60.7	32.6	60	50.4	36.7	23.6	2.4	373.9	31.2	12
1983	0	31.3	40.6	0	22.4	41.7	53.7	66.6		58.6		8.5	323.4	32.3	10
1984	0	1.7	16.7	0	24.8	41.7	76.5	61.4	53.8	37.6	11.7	0	325.9	27.2	12
1985	0	17.8	12.8	23.8	44.3	53.6	53.8	65.8	33.7	33.7	47.8	0.01	387.11	32.3	12
1986	0.9	6.7	0	18.6	124.6	57.6	38.7	47.3	62.8	56.4	27.4	0	441	36.8	12
1987	0	0	33.7	16.3	29.6	53.7	69.7	52.5	37.3	14.5	5.3	0	312.6	26	12
1988	2	0	3.9	0.01	44.6	67.2	83.5	78.5	86.3	46.1	8.5	0	420.61	35.1	12
1989	5.4	0	6.5	6.5	68	27.5	77.4	80	61.5	20	42	2	396.8	33.1	12
1990	0	2.5	4.5	42.5	58.5				44.2	53	43	31.5	279.7	31.1	9
1991	20.5	0	0	85	12	82	65.5	34.5	70	73	3.5	0	446	37.2	12
1992	0	0	11.2	14	18	22.5	44	32	52				193.7	21.5	9
2001									119	44.5	0	0.01	163.51	40.9	4
2002	0	1.5	0	29.5	72	52	61	77	88	50.5	14	0	445.5	37.1	12
2003	0	0	18	15	82	86.5	75	62	43	55	22	0	458.5	38.2	12
2004	0	0	0	0	72.5	53	58	62	51	67	21	2	386.5	32.2	12
2005	0	5	0	1	52	78	99.5	95.5	148	334	2	0.01	815.01	67.9	12
2006	2.5	0	0.01	55	61	143.5	111	129	71	81	33	19	706.01	58.8	12
2007	0	0	41	39	41	60	159	159	46	102	0	0.01	647.01	53.9	12
2008	0	21	0	13	46	117.5	156.6	95	111	42	0	0	602.1	50.2	12
2009	0	0	20	0.01	42	211	48	62	39	71	42	0	535.01	44.6	12
2010	0.1	0	2	75	59	137	93	112	182	23	1.5	0	684.6	57	12
2011	0.1	20	24	81	66	78	51	88	106	82	6	0	602.1	50.2	12
2012	0	1	18	38	83	53	71	131	77	42.5	1	0	515.5	43	12
2013	0	0	0	8	173	62	65	71.5	81	41	35	0	536.5	44.7	12
2014	0	3	0	26	21	105.5	47.5	42	72.5	98.5	4	0	420	35	12
2015	0	0	20	31	41.5	61	73.5	48	57	89.5	48	0	469.5	39.1	12
2016	0	0	0	10	65	68	68	142	81	25	31	0	490	40.8	12
2017	0	0	0.1	10	33.5		44	41	84	92	2	0	306.6	27.9	11
2018	0	0	2	32	55.5								89.5	17.9	5
2019	29	0.01	0.01	0	49	98	58	92	114	55			495.02	49.5	10
2020	16	0	2	2	58	138	91	123.5	57	68.5	1	0	557	46.4	12
2021	16	0	4	2	62	118	77	81.5	53	62	22.15	0	497.65	41.5	12
MÍNIMA	0	0	0	0	12	15.5	22.6	32	33.7	11.3	0	0	89.5	17.9	4
MÁXIMA	29	31.3	41	85	173	211	160	159	182	334	133	31.5	815.01	70	12
MEDIA	2.9	4.1	7.9	23.1	55.4	72	68.7	76.2	75.5	59	22.1	2.4	441.6	39.1	11.3
DESV.ST	6.8	8.6	11	22.5	29.7	37.7	30.2	31.3	33.3	47.8	24	5.9	139.9	11.5	1.7

LLUVIA TOTAL MENSUAL
AÑO	ENE	FEB	MAR	ABR	MAY	JUN	JUL	AGO	SEP	OCT	NOV	DIC	ACUM	PROM	MESES
1963						74.1	509.5	453.71	952.72	109.02	304.31	0	2403.36	343.3	7
1964	0			39.1	182.41	620.05	682.44	523.31	498.01	87.81	71.4	35.5	2740.03	274	10
1965	9.71	0	2.6	51.21	255.13	533.31	330.23	401.82	543.6	362.5	17.3	0	2507.41	209	12
1966	0	22	0	159.2	404.41	492.7	379.61	478.94	670.74	426.92		0.01	3034.53	275.9	11
1967	0.01	0	18.02	73.94	251.44	402.14	209.85	352.46	376.03	182.69	11.32	0	1877.9	156.5	12
1968	0.03	0	0.01	10.94	236.32	233.22	467.61	400.41	655.6	192.23	18.7	0	2215.07	184.6	12
1969	0	21.4	0	33.1	198.7	394.6	372.4	565.7	382.5	345	18.2	0	2331.6	194.3	12
1970	0	0	0	17.1	128.3	521.2	487	541.9	767.1	385.7	35.7	0	2884	240.3	12
1972	0	0	43.9	81.7	315.9	429.4	372.4	596.1	493.3	465.1	102.3	5	2905.1	242.1	12
1973	0	0	2.6	34.1		410.3	290.1	559.2	391.6	293.9	74	0	2055.8	186.9	11
1974	63.1	0	55.3	30.6	534.4	512	552.5	484.4	578.8	53.8	57.6	2.4	2924.9	243.7	12
1975	2.3	4.8	32.3	16.5	194.6	524.9	549.8	513.1	410.1	310.7	175.5	8.2	2742.8	228.6	12
1976	0	0	0	157.1	201.7	443.2	210.2	300.9	412.5	165.6	86.2	0	1977.4	164.8	12
1977	0	0	0	82	178	258.4	414.4	261.4	306.8	165.2	23.2	34.1	1723.5	143.6	12
1978	0	0	0	12	262	429.9	335.3	379	432.3	46.8	21.2	13.2	1931.7	161	12
1979	0	0	0		243.8	222.4	186.1	647.6	481.1	357.1	60.4	0	2198.5	199.9	11
1980	12.6	0	0	28.7	263.2	350.8	468.3	462.9	640.7	157	11.7	2.8	2398.7	199.9	12
1981	0	0	19	124.5	277.5	457.6	359.5	426.7	312.4	523	3	0	2503.2	208.6	12
1982	0	55	11.5	118.6	342.2	503.1	179.6	235.4	377.7	186.9	37.9	3.2	2051.1	170.9	12
1983	0	76.5	81.1	0	66.3	295.2	359.5	552.9		332.5		8.5	1772.5	177.2	10
1984	0	1.7	16.7	0	159.93	277.25	377.71	395.53	372.04	181.05	14.91	0	1796.82	149.7	12
1985	0	17.81	12.81	63.5	213.44	311.41	407.23	357.93	180.15	365.21	107.65	0.01	2037.15	169.8	12
1986	0.9	10.3	0	54.51	381.22	190.47	301.45	477.81	311.14	298.03	48.11	0	2073.94	172.8	12
1987	0	0	33.7	23.7	117.74	403.04	495.14	329.85	419.52	14.53	5.3	0	1842.52	153.5	12
1988	2.01	0	8.01	0.05	86.26	518.04	504.01	760.72	603.72	135.34	41.6	0	2659.76	221.6	12
1989	5.4	0	6.51	6.5	174.83	293.8	577.05	531.74	541.02	89.56	75.42	2	2303.83	192	12
1990	0	5.5	13	257.51	322.74				441.33	309.53	49.71	37.1	1436.42	159.6	9
1991	58.5	0	0	110.7	35.6	497.01	293.32	370.4	407.01	343.53	3.5	0	2119.57	176.6	12
1992	0	0	11.21	14.01	84.01	144.04	399.03	451	571				1674.3	186	9
2001									431.55	201.53	0	0.01	633.09	158.3	4
2002	0	1.5	0	87.5	166.56	292.03	318.52	398.03	647.51	283.02	27.51	0	2222.18	185.2	12
2003	0	0	18	20	172.02	397.02	395.54	381.01	463.5	272	32.5	0	2151.59	179.3	12
2004	0	0	0	0	272.51	286.04	362.56	541.05	186.58	520.53	21.02	2	2192.29	182.7	12
2005	0	5	0	1.02	290.04	695.01	573.55	641.55	1018.5	1002.51	4	0.01	4231.19	352.6	12
2006	3.5	0	0.01	58.54	187.52	705.53	736.52	439.53	531.52	481.01	86.53	19	3249.21	270.8	12
2007	0	0	67	54.02	246.02	244.54	483	528.02	393.56	477.55	0	0.01	2493.72	207.8	12
2008	0	29.5	0	22	174.53	579.01	521.17	391.03	543.7	240.51	0	0	2501.45	208.5	12
2009	0	0	25.02	0.02	174.51	692.52	339.01	432.51	328.01	302.51	62.01	0	2356.12	196.3	12
2010	0.1	0	2.1	169.5	271.2	676.1	556.5	928.3	1000.6	52	2.5	0	3658.9	304.9	12
2011	0.1	25.6	40	92.2	252.3	411.04	403.03	618.51	680.7	387.4	8	0	2918.88	243.2	12
2012	0	1	35	70	353.03	196.03	492.53	478	393.54	280.02	1.01	0	2300.16	191.7	12
2013	0	0	0	14	316.5	302	354.5	488	548	252	140	0	2415	201.2	12
2014	0	3.2	0	32.1	106.3	440.7	240.8	303.4	515.1	413.7	4	0	2059.3	171.6	12
2015	0	0	26	55	157	199	344.5	260.5	307	347.5	179	0	1875.5	156.3	12
2016	0	0	0	10	251	363.5	244.5	470.5	648	102	41.5	0	2131	177.6	12
2017	0	0	0.1	18.6	33.5		62.6	64.5	512.5	313.02	6	0	1010.82	91.9	11
2018	0	0	2.01	129	306.5								437.51	87.5	5
2019	29.01	0.01	0.02	0	238.04	407.52	361.53	404.12	582	357.52			2379.77	238	10
2020	16	0	2.03	2.03	188.02	552	492	469.9	397.51	306.82	2.02	0	2428.33	202.4	12
2021	20.51	0	4	2.03	349.02	425.02	389.51	459.32	245.54	422.5	34.16	0	2351.61	196	12
MÍNIMA	0	0	0	0	33.5	74.1	62.6	64.5	180.15	14.53	0	0	437.51	87.5	4
MÁXIMA	63.1	76.5	81.1	257.51	534.4	705.53	736.52	928.3	1018.5	1002.51	304.31	37.1	4231.19	352.6	12
MEDIA	4.7	6	12.5	51.9	225.9	404.5	398.8	457.7	498	289.6	47.3	3.7	2262.4	199.8	11.3
DESV.ST	13.2	14.9	19.2	56.3	99.2	152.2	132.6	140.2	183	169.2	59.4	9.2	643.8	51.5	1.7

EVAPORACIÓN MENSUAL
AÑO	ENE	FEB	MAR	ABR	MAY	JUN	JUL	AGO	SEP	OCT	NOV	DIC	ACUM	PROM	MESES
1980										101.5	124.3	150.5	376.3	125.4	3
1981	144.6	131.3	152.5	153.5	134.9	127.3	178.1	174.4	157.5	115.5	152.1	137.8	1759.5	146.6	12
1982	141.2	131	157.7	168	152	113.1	139.1	149.5	108.1	133.9	130.4	125.9	1649.9	137.5	12
1983	163	136.3	177.2	168.6	174.6	150.3	144.6	140		127.9		124	1506.5	150.7	10
1984	155.26	142.18	179.28	170.18	164.12	160.23	144.32	141.19	145.66	130.03	141.12	145.93	1819.5	151.6	12
1985	187.87	128.69	172.68	158.7	149.54	126.82	129.66	126.45	136.44	134.8	138.08	144.37	1734.1	144.5	12
1986	150.64	140.07	166.73	165.81	159.97	139.6	123.06	103.57	115.4	134.4	133.05		1532.3	139.3	11
1987			28.76	136.59	144.06	119.6	120.05	120.68	113.86			140.11	923.71	115.5	8
1988	186.05	191.76	206.32	185.38	160.92	116.92	100.82	77.55	99.66	100.5	110.84		1536.72	139.7	11
1989		193.95	184.29	186.71	128.3	103.65	93.2	96.01	69.65	117.05	110.36	142.38	1425.55	129.6	11
1990	154.15	157.52	179	154.79	89.49				67.88	104.01	109.83	132.22	1148.89	127.7	9
1991	142.75	162.17	210.02	172.85	160.11	138.28	125.74	125.68	94.87	81.98	101.09	123.15	1638.69	136.6	12
1992	92.52	102.41	122.2	125.16	129.78	85.93	90.6	86.45	80.65				915.7	101.7	9
2002										141.16	100.43	131.69	373.28	124.4	3
2003	167.44	159.77	172.83	192.68	154.9	116.95	153.25	158.93	132.39	126.32	160.27	143.04	1838.77	153.2	12
2004	163.94	154.01	190.11	172.37	182.34	147.68	154.19	153.34	164.65	165.44	161.12	159.67	1968.86	164.1	12
2005	150.68	143.65	179.71	175.45	150.44	123.68	124.65	118.92	123.98	108.37	143.63	152.67	1695.83	141.3	12
2006	170.99	179.01	200.05	203.7	171.7	124.28	108.6	117.73	105.94	122.61	130.34	145.7	1780.65	148.4	12
2007	173.58	153.4	179.55	164.54	140.74	100.68	104.47	92.35	97.55	85.43	115.48	117.04	1524.81	127.1	12
2008	128.05	111.45	142.44	146.1	129.12	90.57	91.26	108.55	88.1	94.51	136.53	117.62	1384.3	115.4	12
2009	133.55	135.74	140.53	157.94	144.81	92.56	94.49	98.09	102.95	109.31	109.72	18.81	1338.5	111.5	12
2011						89.98	80.76	100.35	88.85	80.69	112.65	53.06	606.34	86.6	7
2012	82.76	106.63	124.28	127.72	105.88	88.35	98.49	89.63	91.57	88.63	90.59	23.12	1117.65	93.1	12
2013	68.66	80.39	98.67	102.74	81.33	80.31	88.08	83.51	72.89	72.84	72.57	19.4	921.39	76.8	12
2014	76.94	77.49	77.34	95.9	77.17	67.5	84.17	72.17	50.83	56.81	72.44	17.79	826.55	68.9	12
2015	67.98	83.52	118.73	137.02	128.8	118.91	109.93	118.33	86.72	106.67	78.15	17.89	1172.65	97.7	12
2016	72.64	103.17	146.8	165.91	121.4	82	94.28	94.28	93.44	103.42	103.18	33.51	1214.03	101.2	12
2017	115.69	115.01	132.13	132.28			1.39	141.02	97.36	103.26	97.45	15.04	950.63	95.1	10
2018	92.2	96.16	112.7	101.91	112.72								515.69	103.1	5
2019	112.4	105.33	118.49	121.07	102.14	94.91	102.83	111.04	101.19	107.63			1077.03	107.7	10
2020	110.45	109.12	123.5	126.94	117.56	87.55	110.72	108.32	99.06	98.62	104.78	10.93	1207.55	100.6	12
2021	103.31	105.69	123.25	115.9	101.99	95.83	103.52	102.15	106.02	113.87	116.48	18.95	1206.96	100.6	12
MÍNIMA	67.98	77.49	28.76	95.9	77.17	67.5	1.39	72.17	50.83	56.81	72.44	10.93	373.28	68.9	3
MÁXIMA	187.87	193.95	210.02	203.7	182.34	160.23	178.1	174.4	164.65	165.44	161.12	159.67	1968.86	164.1	12
MEDIA	130	129.9	148.9	151.3	134.7	110.5	110.5	114.6	103.3	109.2	116.9	94.9	1271.5	120.7	10.5
DESV.ST	37.6	31.8	40.9	28.5	28.4	24.1	32.5	26	26.4	22.9	24.4	57.6	438.7	24.5	2.6

TEMPERATURA MÁXIMA PROMEDIO
AÑO	ENE	FEB	MAR	ABR	MAY	JUN	JUL	AGO	SEP	OCT	NOV	DIC	ACUM	PROM	MESES
1980										32.3	33.1	33.8		33.1	3
1981	33.5	34.9	35	34.7	33.6	31.4	31.8	31.5	31.7	32.3	34	35		33.3	12
1982	35.3	35.7	35.5	34.2	33.3	32.5	33.1	33.6	33	33.7	35.3	34.3		34.1	12
1983	35.2	36.2	34.6	36.5	36.3	34.3	33.4	33.1		32.7		33.8		34.6	10
1984	34.6	35.1	36.1	36.7	34	32.7	31.3	31.5	30.9	32	32.6	34.7		33.5	12
1985	34	34.9	36.1	35.4	33.5	31.4	32	31.5	31.9	31.4	32	32.9		33.1	12
1986	33.5	34.6	35.4	37	35.1	32.6	32.6	33.2	32.5	32.5	33	33.4		33.8	12
1987	35.9	33.9	36.8	37.3	36.6	34.2	32.8	32.6	32.5	33.3	35.6	35.8		34.8	12
1988	36.4	36.5	35.9	36.4	36.6	33.7	33	33.3	31.1	32.8	33.1	33		34.3	12
1989	33.9	34.4	34.4	36.2	34.5	32	32.3	31.9	31.4	32.9	33	33.2		33.3	12
1990	34	33.8	35.1	34.4	33.4				32.5	32.6	33.2	33.8		33.6	9
1991	33.4	34.3	34.7	35	34.8	33.9	34.2	34.7	34.6	34.3	34.2	33.3		34.3	12
1992	32.8	33.4	35	35	35.4	33.8	33.3	33.6	34.1					34	9
2001										34.7	36.5	35.2		35.5	3
2002	35.8	36.4	36.6	36.9	37.1	33.7	35.1	35	33.1	34.9	34.8	36.7		35.5	12
2003	36.4	36.8	36.4	37.4	35.5	33.5	35.1	34.9	34.3	33.6	35.6	34.7		35.4	12
2004	35.5	35.8	37.1	36.4	36.8	34.9	34.9	35.1	35.5	35.5	35.3	35.1		35.7	12
2005	34.7	34.9	36.2	36.7	35.1	34.2	33.7	33.6	33.7	32.6	34.8	34.8		34.6	12
2006	35.7	37.3	37.3	38	35.9	33.6	33.1	33.5	33.5	33.9	34.5	34.8		35.1	12
2007	36.1	35.8	35.9	35.9	34.6	33.1	33.3	32.6	33.1	32.1	33.9	33.9		34.2	12
2008	34.3	34.1	34.6	35.4	34	32.4	32.7	33.6	32.8	32.9	35.2	34.2		33.9	12
2009	35	35.4	35	36.3	35.4	33	33.1	33.4	34	34.3	34.2	34.2		34.4	12
2010	35.4	36.1	36	35.7	33.6	31.7	32.2	31.6	31.1	33.9	33.4	33.7		33.7	12
2011	34.8	35.2	35.9	34.7	35.1	32.2	32.1	33.6	33.4	32.5	34.6	33.1		33.9	12
2012	34.2	34.7	36	36.4	34.5	33.8	34.7	34.1	34.3	33.7	34.6	34.2		34.6	12
2013	34.8	35.8	36.5	37.1	35.3	34.1	35.1	34.8	32.9	34.8	34.3	35.7		35.1	12
2014	36.5	35.9	36.7	37.7	35.4	34.3	36.1	33.4	32.2	33	35.6	34.7		35.1	12
2015	34.5	35.6	36.1	36.7	35.6	35	34.7	34.7	33.1	33.8	34.2	35.6		35	12
2016	34.5	35.5	35.6	37.4	34.9	33	34.1	33.6	33.4	34	34.2	34		34.5	12
2017	34.6	35.2	36	36.5	32		31.5	35.8	34.4	35.2	34.5	34.3		34.5	11
2018	34.6	35.6	36.2	35.4	35.9									35.5	5
2019	36.1	36.4	36.3	36.8	35	34.7	35.2	35.3	35.6	34.9				35.6	10
2020	35.3	35.4	36.3	37.2	36.8	33.6	35.4	35	34.9	35.3	35.5	35.7		35.5	12
2021	35.8	36.2	36.7	36.6	35	34	35.1	35.6	35.5	35.7	36.5	36.5		35.8	12
2022	35.7	35.9	36.4	37.1	34.9	33.6	35.6	34.8	34.3	35	34.9	35.6		35.3	12
2023	35.6	35.9	35.8	36.6	36	35	35.2	35.3	36	34.6	35.1	34.7		35.5	12
MÍNIMA	32.8	33.4	34.4	34.2	32	31.4	31.3	31.5	30.9	31.4	32	32.9		33.1	3
MÁXIMA	36.5	37.3	37.3	38	37.1	35	36.1	35.8	36	35.7	36.5	36.7		35.8	12
MEDIA	35	35.4	35.9	36.3	35	33.4	33.7	33.7	33.4	33.6	34.4	34.5		34.5	11
DESV.ST	1	0.9	0.7	1	1.2	1	1.4	1.3	1.4	1.2	1.1	1		0.8	2.4

TEMPERATURA MÁXIMA EXTREMA
AÑO	ENE	FEB	MAR	ABR	MAY	JUN	JUL	AGO	SEP	OCT	NOV	DIC	ACUM	PROM	MESES
1980										34	35.5	36		35.2	3
1981	38.5	39	37	38.5	36	33	33	33	33.5	35	35.5	38		35.8	12
1982	39.5	38	39	36.5	36	33.5	34.5	36.5	35	36.5	37.5	36.5		36.6	12
1983	36.5	39	38	38.5	38.5	35.5	35	35		35		35		36.6	10
1984	36.5	36.5	37.5	38	37	34.5	33	33	33	33	34	37.5		35.3	12
1985	38	37.5	38.5	38.5	35.5	33.5	34.5	33.5	34	32.5	33.5	34.5		35.3	12
1986	34.5	36	38	38.5	38	35.5	34.5	34.5	34.5	34.5	34.5	35		35.7	12
1987	37	37.5	38.5	38.5	38	36.5	34.5	34.5	33.5	35	40	38.5		36.8	12
1988	39	41	37	39.5	38.5	36	34.5	35.5	33	35.5	35	34.5		36.6	12
1989	35.5	36	37	38	38	35.5	35	33	33.5	35	34.5	34.5		35.5	12
1990	35	36	38	36.5	35.5				34	34	35	35.5		35.5	9
1991	36	36	36	37	38	37	36	36	36	35.5	36	35		36.2	12
1992	35	35	36	36	37.5	36	35	36	36					35.8	9
2001										36.5	37.5	38.5		37.5	3
2002	37	37.5	37.5	38	39	37.5	37.5	37	38	38	37	38		37.7	12
2003	38	38	37.5	39	38.5	36.5	36.5	36	35.5	35.5	37	36		37	12
2004	37	37	38.5	38	39	37	37	37.5	37	37	36.5	37		37.4	12
2005	36	36	37.5	39	38	36.5	36.5	35	36	35.5	36.5	36.5		36.6	12
2006	38	39	39	39.5	38.5	36.5	37	35	35.5	36.5	36	36		37.2	12
2007	37.5	37	37	37.5	36.5	35	35	34	35	34.5	35.5	35.5		35.8	12
2008	35.5	35.5	36.5	36.5	36.5	36	35.5	35	35	36	36.5	35.5		35.8	12
2009	36.5	36.5	36.5	37.5	37.5	35.5	35	35	35.5	36	36	35		36	12
2010	36	38	37.5	37.5	37	34.5	34.5	33.5	34.5	35.5	34.5	35		35.7	12
2011	36	36.5	37.5	37.5	37.5	35	35	36	34.5	34.5	35.5	34.5		35.8	12
2012	35	36	38	38	37.5	37	36.5	37.5	35.5	35.5	35.5	35		36.4	12
2013	35.5	36.5	38	38	38	36.5	37	37	36	36.5	36	36.5		36.8	12
2014	37.5	37	38.5	39	38	37	37.5	36.5	35.5	36.5	36.5	35.5		37.1	12
2015	35.5	36.5	38	38	38	38.5	38	37.5	35.5	36	36	36		37	12
2016	36	38	38	38.5	38	35	36	35.5	35	35	36	35		36.3	12
2017	35.5	36	37	37.5	32		31.5	36	37	37.5	36.5	35.5		35.6	11
2018	36	36.5	37.5	38	37.5									37.1	5
2019	37	37.5	37.5	37.5	37.5	36.5	37	37.5	37.53	37				37.3	10
2020	36.5	36.5	37.5	38.5	38	36.5	37	37.5	37	37	36.5	36		37	12
2021	37	37	37.5	38.5	37.5	36	37	37	37	37.5	37.1	37		37.2	12
2022	36.5	36.5	37	39	37.5	36	37	37	37	37	36.5	36.9		37	12
2023	36.5	36.5	37	37.5	38	36.5	37	37	37.5	36.5	37	36		36.9	12
MÍNIMA	34.5	35	36	36	32	33	31.5	33	33	32.5	33.5	34.5		35.2	3
MÁXIMA	39.5	41	39	39.5	39	38.5	38	37.5	38	38	40	38.5		37.7	12
MEDIA	36.6	37	37.6	38	37.4	35.9	35.6	35.6	35.4	35.7	36	36		36.4	11
DESV.ST	1.2	1.2	0.7	0.9	1.3	1.2	1.5	1.5	1.4	1.3	1.2	1.2		0.7	2.4

TEMPERATURA MÍNIMA PROMEDIO
AÑO	ENE	FEB	MAR	ABR	MAY	JUN	JUL	AGO	SEP	OCT	NOV	DIC	ACUM	PROM	MESES
1980										22.3	21.9	20.7		21.6	3
1981	19.2	20.9	22.8	23.5	24.1	23.7	23	23.1	23.2	22.5	20.6	21.2		22.3	12
1982	19.6	20.7	22	23.6	23.5	23.1	23.3	23.7	23.1	22.6	20.9	19		22.1	12
1983	18.2	22.7	21.6	23.6	23.6	22.9	22.6	22.9		23		22		22.3	10
1984	22	22.1	22.9	24.1	23.1	22.7	22.6	22.6	22.4	23	22.5	20.5		22.5	12
1985	19.2	20.5	22.8	22.6	23.2	23.1	22.9	22.9	22.5	23.3	22.1	20.1		22.1	12
1986	20	20.9	21.3	23.4	22.3	22.7	22.6	22.6	20.9	20.7	20.9	19.3		21.5	12
1987	19	19	21.5	21	20.7	20.8	20.3	20.9	21.4	22	20.9	20.9		20.7	12
1988	21.2	20.9	21.5	23.2	23.7	23	22	22.2	21.8	22.3	21.1	21.6		22	12
1989	21.8	20.4	20.7	23.2	23	22	21.9	22	22	22.7	21.9	21.1		21.9	12
1990	20.5	21.1	22.7	23	23.2				22.9	23.3	23.5	23.2		22.6	9
1991	22.5	22.8	22.5	23.4	23.8	23.5	23	23.5	22.2	23	22.2	21.7		22.8	12
1992	21.7	22.1	23.4	23.1	23.6	23.3	22.9	22.6	23					22.9	9
2001										23.2	20.6	20.6		21.5	3
2002	20.3	21	21.5	22.9	23.8	23.3	23	23	22.6	22.9	22	21.1		22.3	12
2003	20.4	20.9	21.8	23	23	22.4	22.1	22.2	22	21.9	22.3	20.2		21.9	12
2004	19.8	20.5	22.8	23.3	23.2	22.7	22.2	22.3	22.9	22.6	22.7	19.5		22	12
2005	19.8	20.9	22.6	22.6	22.1	21.5	21.3	22.4	22.5	22.2	20.6	20.4		21.6	12
2006	20.5	21.6	21.8	22.8	22.9	22.6	22.8	22.8	22.7	22.8	21.7	20.7		22.1	12
2007	20.6	20.7	21	22.1	22.9	22.6	22.2	22.4	22.4	21.8	20.6	20.2		21.6	12
2008	20	20.6	21.4	22	22	22.1	21.8	21.9	22	21.7	20.7	20.6		21.4	12
2009	19.9	20.6	20.6	22.2	23	23	23.1	22.6	22.9	23	21.6	19.9		21.9	12
2010	20.2	21.4	22.5	23.2	22.9	22.8	22.5	22.2	22.3	21.5	20	19.2		21.7	12
2011	19.8	19.9	20.5	22.9	23.6	22.6	22.2	22.3	22.2	21.9	20.7	18.8		21.4	12
2012	19.6	20.4	21.6	22.6	22.3	22.6	22.7	23.1	23.4	23.2	21.5	20.1		21.9	12
2013	20.7	20.8	21.6	22.6	23.1	22.7	23.1	23.2	22.6	22.5	21.6	20.6		22.1	12
2014	18.9	19.7	22.3	24.5	24.2	24.1	24	24.1	23.4	23.2	21.4	20.4		22.5	12
2015	20.2	20.7	22.7	24.4	24.4	24.4	24.3	24.2	24	24.2	24.2	23.9		23.5	12
2016	21.7	21.7	23.3	24.8	24.4	23.3	23.8	24	24	24.4	23.3	22.4		23.4	12
2017	21.4	21.9	23.4	24	23		23.5	24.2	23.8	24.1	23	21.5		23.1	11
2018	20.1	22.2	23.4	23.9	23.8									22.7	5
2019	23.2	23.5	23.9	24.1	23.5	23.4	23.8	23.8	23.6	23.7				23.6	10
2020	23	22.8	23.2	23.9	23.5	22.8	23	23.2	23.2	23.4	23.2	22.8		23.2	12
2021	22.9	22.9	23.3	23.6	22.9	22.5	22.7	22.8	23	23.2	23.3	23.2		23	12
2022	20.1	21.8	23.3	23.6	23.8	22.5	23.2	23.1	22.8	23.1	23.2	22.8		22.8	12
2023	22.3	22.7	23	23.4	23.4	23.1	22.9	23.3	22.9	23	23	22.5		23	12
MÍNIMA	18.2	19	20.5	21	20.7	20.8	20.3	20.9	20.9	20.7	20	18.8		20.7	3
MÁXIMA	23.2	23.5	23.9	24.8	24.4	24.4	24.3	24.2	24	24.4	24.2	23.9		23.6	12
MEDIA	20.6	21.3	22.3	23.2	23.2	22.8	22.7	22.9	22.7	22.8	21.9	21		22.3	11
DESV.ST	1.3	1	0.9	0.8	0.7	0.7	0.8	0.7	0.7	0.8	1.1	1.3		0.7	2.4

TEMPERATURA MÍNIMA EXTREMA
AÑO	ENE	FEB	MAR	ABR	MAY	JUN	JUL	AGO	SEP	OCT	NOV	DIC	ACUM	PROM	MESES
1980										20	19.5	17		18.8	3
1981	15.5	17.5	21	21.5	23	23	22	20.5	22	20.5	18	19		20.3	12
1982	17.5	17.5	19.5	22	22	20.5	21.5	21.5	21.5	19.5	18	17.5		19.9	12
1983	16	19	14.5	22	22.5	22	21.5	21.5		21.5		19.5		20	10
1984	18.5	19	20	23.5	22	21	21	21.5	20	21.5	20.5	18.5		20.6	12
1985	16	18	21.5	21.5	21.5	21.5	21.5	20.5	20	22.5	20	17.5		20.2	12
1986	16.5	18.5	17.5	22	19.5	21	20.5	21	18	19	19	17		19.1	12
1987	15.5	18	19.5	17.5	19.5	19	18	19.5	20	20.5	17.5	18.5		18.6	12
1988	18.5	18.5	17	22	22	20	20	21	18.5	20	20	20		19.8	12
1989	20.5	18.5	17	21.5	20.5	19	19	20	17	21	20	19		19.4	12
1990	19	20	20.5	21	21				21	22	22	21		20.8	9
1991	19	20.5	20	21	22	21.5	21.5	22.5	20	21	19.5	19		20.6	12
1992	19	21	21.5	21.5	21.5	20	21	21	22					20.9	9
2001										22.5	19	19.5		20.3	3
2002	19.5	19.5	20	22	22.5	22	22.5	22	21	22	20	19.5		21	12
2003	19	20	21	21.5	22	21	21	21	20	20	21	17.5		20.4	12
2004	18.5	19	21.5	22.5	22	21	21	21.5	22	21.5	22	18		20.9	12
2005	18	20	21	22	21	20.5	20	21.5	21	20.5	19	19		20.3	12
2006	19	20.5	20	22	22	21.5	21	21.5	21.5	21.5	19.5	19		20.8	12
2007	19.5	20	17.5	21.5	22	21	21	21.5	21.5	19.5	19	19		20.2	12
2008	19	19.5	19.5	21	21	21	21	21	21	20.5	19.5	19		20.2	12
2009	18.5	19.5	19	21	20.5	21	21.5	21	22	22	20	19		20.4	12
2010	19	20	21	22	21	22	21.5	21.5	21	19.5	18	18		20.4	12
2011	18.5	19	19.5	21.5	22.5	21	19.5	21	21	19.5	18	18		19.9	12
2012	18.5	19	20	20	21	20	21.5	21.5	22.5	22	19.5	19		20.4	12
2013	19	20	19.5	22	21	20.5	22	22.5	21	22	20	19.5		20.8	12
2014	17	18	20.5	23.5	23	23	23	23.5	22.5	22	2.5	20		19.9	12
2015	19.5	19.5	21.5	23	23.5	23	23.5	23	23	22.5	23.5	23.5		22.4	12
2016	20	20.5	22	24	22.5	22	22.5	23	22.5	23.5	21	22		22.1	12
2017	20	21	22	23	23		23.5	24	22.5	23.5	21.5	21		22.3	11
2018	18.5	21	22	22.5	22.5									21.3	5
2019	22.5	23	23	23.5	22.5	22.5	23	22.5	22	23				22.8	10
2020	22	22	22.5	23	22.5	21	22	21.5	22.5	22	22.5	22.5		22.2	12
2021	22	22	22.5	22.5	22	22	22	22	22	22	23	23		22.2	12
2022	18	20	22.5	22.5	22	21	22.5	22	21.5	22	22	22		21.5	12
2023	18.5	22	22.5	23	22.5	22.5	22	22	22	22	22	22		21.9	12
MÍNIMA	15.5	17.5	14.5	17.5	19.5	19	18	19.5	17	19	2.5	17		18.6	3
MÁXIMA	22.5	23	23	24	23.5	23	23.5	24	23	23.5	23.5	23.5		22.8	12
MEDIA	18.7	19.7	20.3	22	21.8	21.2	21.4	21.6	21.1	21.3	19.6	19.5		20.7	11
DESV.ST	1.7	1.3	1.9	1.2	0.9	1	1.2	1	1.4	1.2	3.5	1.7		1	2.4

TEMPERATURA MEDIA MENSUAL
AÑO	ENE	FEB	MAR	ABR	MAY	JUN	JUL	AGO	SEP	OCT	NOV	DIC	ACUM	PROM	MESES
1980										27.3	27.5	27.2		27.3	3
1981	26.4	27.9	28.9	29.1	28.9	27.5	27.4	27.3	27.4	27.4	27.3	28.1		27.8	12
1982	27.4	28.2	28.8	28.9	28.4	27.8	28.2	28.6	28	28.2	28.1	26.6		28.1	12
1983	26.7	29.5	28.1	30	30	28.6	28	28		27.9		27.9		28.5	10
1984	28.3	28.6	29.5	30.4	28.6	27.7	27	27	26.6	27.5	27.6	27.6		28	12
1985	26.6	27.7	29.5	29	28.4	27.2	27.4	27.2	27.2	27.4	27	26.5		27.6	12
1986	26.8	27.8	28.4	30.2	28.7	27.6	27.6	27.9	26.7	26.6	27	26.4		27.6	12
1987	27.4	26.4	29.1	29.1	28.6	27.5	26.5	26.8	27	27.6	28.2	28.3		27.7	12
1988	28.8	28.7	28.7	29.8	30.1	28.4	27.5	27.8	26.5	27.5	27.1	27.3		28.2	12
1989	27.9	27.4	27.5	29.7	28.8	27	27.1	27	26.7	27.8	27.4	27.2		27.6	12
1990	27.2	27.4	28.9	28.7	28.3				27.7	28	28.4	28.5		28.1	9
1991	28	28.5	28.6	29.2	29.3	28.7	28.6	29.1	28.4	28.6	28.2	27.5		28.6	12
1992	27.2	27.8	29.2	29	29.5	28.5	28.1	28.1	28.6					28.4	9
2001										29	28.6	27.9		28.5	3
2002	28	28.7	29	29.9	30.5	28.5	29	29	27.9	28.9	28.4	28.9		28.9	12
2003	28.4	28.8	29.1	30.2	29.2	28	28.6	28.5	28.1	27.8	29	27.5		28.6	12
2004	27.6	28.1	30	29.9	30	28.8	28.5	28.7	29.2	29	29	27.3		28.8	12
2005	27.2	27.9	29.4	29.7	28.6	27.9	27.5	28	28.1	27.4	27.7	27.6		28.1	12
2006	28.1	29.4	29.5	30.4	29.4	28.1	28	28.1	28.1	28.4	28.1	27.8		28.6	12
2007	28.4	28.2	28.4	29	28.8	27.9	27.8	27.5	27.8	27	27.2	27		27.9	12
2008	27.1	27.4	28	28.7	28	27.2	27.2	27.8	27.4	27.3	28	27.4		27.6	12
2009	27.4	28	27.8	29.2	29.2	28	28.1	28	28.4	28.6	27.9	27		28.1	12
2010	27.8	28.8	29.2	29.5	28.2	27.2	27.4	26.9	26.7	27.7	26.7	26.5		27.7	12
2011	27.3	27.6	28.2	28.8	29.4	27.4	27.1	28	27.8	27.2	27.6	26		27.7	12
2012	26.9	27.6	28.8	29.5	28.4	28.2	28.7	28.6	28.8	28.5	28	27.2		28.3	12
2013	27.8	28.3	29	29.9	29.2	28.4	29.1	29	27.8	28.6	28	28.2		28.6	12
2014	27.7	27.8	29.5	31.1	29.8	29.2	30	28.8	27.8	28.1	28.5	27.6		28.8	12
2015	27.4	28.1	29.4	30.6	30	29.7	29.5	29.5	28.6	29	29.2	29.8		29.2	12
2016	28.1	28.6	29.5	31.1	29.6	28.1	29	28.8	28.7	29.2	28.8	28.2		29	12
2017	28	28.6	29.7	30.2	27.5		27.5	30	29.1	29.7	28.8	27.9		28.8	11
2018	27.4	28.9	29.8	29.6	29.9									29.1	5
2019	29.6	30	30.1	30.4	29.2	29	29.5	29.5	29.6	29.3				29.6	10
2020	29.1	29.1	29.8	30.6	30.1	28.2	29.2	29.1	29	29.3	29.4	29.2		29.3	12
2021	29.3	29.6	30	30.1	29	28.2	28.9	29.2	29.2	29.5	29.9	29.9		29.4	12
2022	27.9	28.9	29.9	30.4	29.4	28	29.4	29	28.5	29	29	29.2		29	12
2023	29	29.3	29.4	30	29.7	29	29	29.3	29.4	28.8	29	28.6		29.2	12
MÍNIMA	26.4	26.4	27.5	28.7	27.5	27	26.5	26.8	26.5	26.6	26.7	26		27.3	3
MÁXIMA	29.6	30	30.1	31.1	30.5	29.7	30	30	29.6	29.7	29.9	29.9		29.6	12
MEDIA	27.8	28.3	29.1	29.8	29.1	28.1	28.2	28.3	28	28.2	28.1	27.8		28.4	11
DESV.ST	0.8	0.8	0.7	0.7	0.7	0.6	0.9	0.9	0.9	0.8	0.8	0.9		0.6	2.4
