COMISIÓN NACIONAL DEL AGUA
COORDINACIÓN GENERAL DEL SERVICIO METEOROLÓGICO NACIONAL
BASE DE DATOS CLIMATOLÓGICA NACIONAL 

ESTADÍSTICA MENSUAL
EMISIÓN   : 25/10/2024 

DATOS DISPONIBLES EN LA BASE DE DATOS A: OCTOBER DE 2024; 
CON LA INFORMACIÓN SUMINISTRADA POR LAS UNIDADES ADMINISTRATIVAS 

 ESTACIÓN  : 7395 
 NOMBRE    : FINCA LA VICTORIA 
 ESTADO    : CHIAPAS 
 MUNICIPIO : MOTOZINTLA 
 SITUACIÓN : SUSPENDIDA 
 CVE-OMM   :   
 LATITUD   : 15.28777778 ° 
 LONGITUD  : -92.42083333 ° 
 ALTITUD   : 989 msnm 


LLUVIA MÁXIMA 24 H.
AÑO	ENE	FEB	MAR	ABR	MAY	JUN	JUL	AGO	SEP	OCT	NOV	DIC	ACUM	PROM	MESES
1960	0	3	0	0	6	70	36	57	87	122	24	0	405	33.8	12
1961	1	17	15	48	112	160	60	60	60	25	105	8	671	55.9	12
1962	0	0	8	75	50	117	70	73	105	31	4	0	533	44.4	12
1963	2	48	3	85	26	48	80	50	210	38	79	0	669	55.8	12
1964	0	8	22	8	29	89	80	80	43	53	30	8	450	37.5	12
1965	18	10	4	14	30	63	30	41	60	70	18	0	358	29.8	12
1966	0	37	37	52	65	120	60	35	82	42	10	0	540	45	12
1967	0	1	14	28	58	72	26	55	46	55	1	10	366	30.5	12
1968	17	5	0	15	112	60	25	53	66		7	30	390	35.5	11
1969	22	4	27	50	50	78	30	66	130	70	20	0	547	45.6	12
1970	1	0	4	3	67	55	60	88	85	60	58	2	483	40.2	12
1971	30	0	2	28	70	54	40	92	90	46	3	3	458	38.2	12
1972	6	8	64	30	59	72	37	41	84	40	20	0	461	38.4	12
1973	0	1	3	30	40	50	50	120	75	64	46	3	482	40.2	12
1974	19	12	43	35	67	60	28	43	170	5	10	0	492	41	12
1975	11	4	10	15	50	89	61	62	78	49	22	12	463	38.6	12
1976	3	6	11	34	67	99	40	50	34	57	85	0	486	40.5	12
1977	0	0	0	46	23	64	35	40	39	50	21	30	348	29	12
1978	5	25	40	15	53	55	52	40	95	42	18	6	446	37.2	12
1979	0	1	51	54	66	33	56	117	85	58	3	68	592	49.3	12
1980	16	1	5	40	67	51	65	75	60	63	20	0	463	38.6	12
1981	0	0	23	60	41	102	71	115	46	47	6	2	513	42.8	12
1982	0	38	2	40	36	52	30	62	160	3	0	0	423	35.2	12
1983	0	130	55	20	49	85	60	54	76	72	51	19	671	55.9	12
1984	0	0	6	25	66	60	60	65		18	15	5	320	29.1	11
1985	0	0	18	34	49	88	60	163		25	55	14	506	46	11
1986	0	7	1	21	35	55		40	38	40	28	0	265	24.1	11
1987	0	0	20	44	25	75	80	45	66	10	29	9	403	33.6	12
1988	0	11	21	56	38	122	48	234	78	40	20	2	670	55.8	12
1989	22	10	22	67	90	43	27	85	81	51	46	8	552	46	12
1990	18	48	12	57	56	53		46	33	67	25	15	430	39.1	11
1991	28	0	30	58	32	57	69	49	46	37	14	49	469	39.1	12
1992	2	6	55	29	45	89	56	46	64	63	15	0	470	39.2	12
1993	12	14	23	46	41	72	37	59	65	54	5	0	428	35.7	12
1994	0	9	4	45	64	66	36	41	46	95	27	0	433	36.1	12
1995	0	14	48	56	49	86	54	93	98	54	38	32	622	51.8	12
1996	6	0	9	64	48	68	97	74	69	45	35	15	530	44.2	12
1997	14	15	13	39	46	56	65	76	159	48	79	38	648	54	12
1998	0	0	0	2	37	46	59	127	315	54	135	22	797	66.4	12
1999	0	15	5	53	85	72	59	68	72	51	9	5	494	41.2	12
2000	9	0	25	34	83	86	72	72	52	32	49	1	515	42.9	12
2001	2	10	4	25	60	28	49	62	120	52	38	0	450	37.5	12
2002	0	0	30	15	67	93	37	53	71	46	35	6	453	37.8	12
2003	0	5	5	50	33	46		46	94	70	25	0	374	34	11
2004	0	39	21	26	37	46		23	56	95	3	35	381	34.6	11
2005	10	15	39	24	49	72	86	52	228	409	28	9	1021	85.1	12
2006	9	0	26	18	31	108.5	44	45	60	50	30	12.5	434	36.2	12
2007	5	19.5	20	44	87	163	66	133	69	184	2.5	28	821	68.4	12
2008	0	10	26	30	52	124	146	103	118	73	0	0	682	56.8	12
2009	3	3	0	25	36	80	43	35	73	40	20		358	32.5	11
MÍNIMA	0	0	0	0	6	28	25	23	33	3	0	0	265	24.1	11
MÁXIMA	30	130	64	85	112	163	146	234	315	409	135	68	1021	85.1	12
MEDIA	5.8	12.2	18.5	36.2	52.7	75	55	70.1	88.3	60.5	29.3	10.3	504.7	42.5	11.8
DESV.ST	8.3	21.1	17	19.2	21.6	29	22.3	37.6	53.9	58.4	28	14.8	138.4	11.2	0.4

LLUVIA TOTAL MENSUAL
AÑO	ENE	FEB	MAR	ABR	MAY	JUN	JUL	AGO	SEP	OCT	NOV	DIC	ACUM	PROM	MESES
1960	0	4	0	0	24	514	308	420	562	728	75	0	2635	219.6	12
1961	2	35	27	120	243	824	248	307	445	183	402	9	2845	237.1	12
1962	0	0	13	208	202	852	326	412	404	192	17	0	2626	218.8	12
1963	3	51	7	155	100	355	572	358	940	142	209	0	2892	241	12
1964	0	16	30	28	223	529	524	388	388	152	93	15	2386	198.8	12
1965	20	11	15	19	106	470	214	285	409	305	32	0	1886	157.2	12
1966	0	38	57	253	174	438	277	244	495	304	11	0	2291	190.9	12
1967	0	1	19	103	209	432	192	282	412	251	2	20	1923	160.2	12
1968	30	6	0	30	411	531	186	320	421		16	35	1986	180.5	11
1969	22	5	62	139	148	501	258	570	312	474	50	0	2541	211.8	12
1970	2	0	5	14	229	433	295	458	474	314	82	2	2308	192.3	12
1971	35	0	4	54	309	272	223	474	580	357	7	5	2320	193.3	12
1972	8	11	70	62	253	404	200	221	276	147	51	0	1703	141.9	12
1973	0	1	6	114	138	453	243	786	427	420	109	3	2700	225	12
1974	40	18	98	52	316	432	200	224	668	18	19	0	2085	173.8	12
1975	24	7	26	29	229	502	310	257	459	245	74	13	2175	181.2	12
1976	3	8	23	64	211	559	181	198	215	211	132	0	1805	150.4	12
1977	0	0	0	138	134	263	119	342	235	142	79	42	1494	124.5	12
1978	5	30	69	46	213	242	335	370	629	141	48	6	2134	177.8	12
1979	0	1	96	196	334	227	394	579	576	208	3	68	2682	223.5	12
1980	41	2	11	126	297	239	269	424	521	250	27	0	2207	183.9	12
1981	0	0	40	164	176	759	530	574	515	382	6	2	3148	262.3	12
1982	0	107	2	100	293	497	215	262	758	8	0	0	2242	186.8	12
1983	0	145	102	48	158	520	320	316	543	218	137	22	2529	210.8	12
1984	0	0	10	29	481	460	514	496		111	16	5	2122	192.9	11
1985	0	0	26	112	251	597	308	600		197	130	14	2235	203.2	11
1986	0	18	1	33	142	384		284	276	139	93	0	1370	124.5	11
1987	0	0	41	62	118	486	425	301	333	18	29	11	1824	152	12
1988	0	11	73	118	217	684	320	698	585	109	53	4	2872	239.3	12
1989	22	12	27	157	341	473	152	563	630	367	113	8	2865	238.8	12
1990	30	50	58	265	273	360		233	351	256	54	15	1945	176.8	11
1991	28	0	32	110	295	506	235	257	319	160	18	74	2034	169.5	12
1992	2	9	153	77	240	622	324	298	549	244	71	0	2589	215.8	12
1993	28	14	104	103	311	572	202	461	528	283	7	0	2613	217.8	12
1994	0	16	4	126	314	550	183	332	290	505	65	0	2385	198.8	12
1995	0	14	147	246	377	723	331	651	631	217	81	32	3450	287.5	12
1996	6	0	9	227	446	646	501	580	649	284	43	15	3406	283.8	12
1997	19	23	36	209	339	313	187	226	684	197	260	46	2539	211.6	12
1998	0	0	0	2	89	469	380	644	1453	307	322	39	3705	308.8	12
1999	0	15	7	136	296	587	361	449	624	390	16	5	2886	240.5	12
2000	9	0	46	79	693	441	280	328	416	106	120	1	2519	209.9	12
2001	2	11	19	34	324	206	293	389	560	213	55	0	2106	175.5	12
2002	0	0	30	56	323	391	194	259	609	322	90	19	2293	191.1	12
2003	0	5	6	110	126	469		290	579	421	61	0	2067	187.9	11
2004	0	41	69	36	280	332		215	419	613	3	49	2057	187	11
2005	10	15	122	51	298	629	423	446	680	1095	34	11	3814	317.8	12
2006	14	0	46	61	149	540.51	354.9	388.9	364	375	73	23.5	2389.81	199.2	12
2007	5	26	30	180.5	366.4	732.5	498.3	719.5	462.5	584	2.5	28	3635.2	302.9	12
2008	0	15	33	64	154.5	730.5	776	627	736	307.5	0	0	3443.5	287	12
2009	3	7	0	56.5	343	489.1	137	252	302.6	257	44		1891.2	171.9	11
MÍNIMA	0	0	0	0	24	206	119	198	215	8	0	0	1370	124.5	11
MÁXIMA	41	145	153	265	693	852	776	786	1453	1095	402	74	3814	317.8	12
MEDIA	8.3	16	38.2	100	254.3	492.8	311.3	401.2	514.5	283.1	70.7	13.1	2452	206.7	11.8
DESV.ST	12.2	26.5	39.3	69.3	116.3	152.5	133.5	154.2	205.7	189.8	80.7	18.2	561.6	45.1	0.4

EVAPORACIÓN MENSUAL
AÑO	ENE	FEB	MAR	ABR	MAY	JUN	JUL	AGO	SEP	OCT	NOV	DIC	ACUM	PROM	MESES
1968										50.9			50.9	50.9	1
MÍNIMA										50.9			50.9	50.9	1
MÁXIMA										50.9			50.9	50.9	1
MEDIA										50.9			50.9	50.9	1
DESV.ST															
