COMISIÓN NACIONAL DEL AGUA
COORDINACIÓN GENERAL DEL SERVICIO METEOROLÓGICO NACIONAL
BASE DE DATOS CLIMATOLÓGICA NACIONAL 

ESTADÍSTICA MENSUAL
EMISIÓN   : 25/10/2024 

DATOS DISPONIBLES EN LA BASE DE DATOS A: OCTOBER DE 2024; 
CON LA INFORMACIÓN SUMINISTRADA POR LAS UNIDADES ADMINISTRATIVAS 

 ESTACIÓN  : 7160 
 NOMBRE    : SIMOJOVEL (DGE) 
 ESTADO    : CHIAPAS 
 MUNICIPIO : SIMOJOVEL 
 SITUACIÓN : OPERANDO 
 CVE-OMM   :   
 LATITUD   : 17.14 ° 
 LONGITUD  : -92.71416667 ° 
 ALTITUD   : 660 msnm 


LLUVIA MÁXIMA 24 H.
AÑO	ENE	FEB	MAR	ABR	MAY	JUN	JUL	AGO	SEP	OCT	NOV	DIC	ACUM	PROM	MESES
1965										33.2	19	18.5	70.7	23.6	3
1966	8.7	22	9.4	16.9	19	109.5	34.5	18.5	41.7	30	15.9	14.8	340.9	28.4	12
1967	40	10.9	12.5	10.5	35.7	51.5	13.6	97.5	90.5	65.5	9.5	87.5	525.2	43.8	12
1968	35	9	11.5	13	68.7	49.5	42	20.5	22.5	103	22.5	22	419.2	34.9	12
1969	21	5.2	3.9	12	21.5	35.5	51.3	42.5	49	32.2	45	16	335.1	27.9	12
1970	40.2	11.4	8.5	16	27.5	42.5	40	108.1	65	39	46	9	453.2	37.8	12
1971	10	15.1	20	18.5	16.5	58.5	14.5	56.5	47.5	40	52	8.5	357.6	29.8	12
1972	9.2	12	16	37.5	22.5	69.9	43.5	43	46.5	20	30	38.5	388.6	32.4	12
1973	6	18.5	1.5	3.1	85.5	39.5	19	58.5	20.5	69.5	60.5	17.5	399.6	33.3	12
1974	8.5	37.5	11.5	41.5	34	53	27	39	62.5	52.5	80	29.5	476.5	39.7	12
1975	37	9	28	0	42.9	50	42.5	54.5	42.8	98	54	8.5	467.2	38.9	12
1976	31	16.5	2.5	13.5	16.5	56.5	57.5	70.5	26.5	35.5	32	13	371.5	31	12
1977	6	5	7.5	73.5	48	53	18	50	80	22	25.5	79	467.5	39	12
1978	80.5	8.5	20	15	20	28.5	56.5	44	35	59.5	28.5	22.5	418.5	34.9	12
1979	29.5	8.5	43	30.5	30.5	55.5	40.5	66.5	66.5	49	15.5	18.5	454	37.8	12
1980	5					35	49	21.7	80	38	35	15.5	279.2	34.9	8
1981	6	45.5	38.7	32	22.5	63	33.5	60.5	70	36	20	19	446.7	37.2	12
1982	4.5	16.5	30	21.5	50	45	40	42	80	42	30	15	416.5	34.7	12
1983	13.5	27	18.5	0	38	65.5	50.5	20.5	63.5	63	22.5		382.5	34.8	11
1984	14	4	16.5	0	70	65	53	30	73	85.5	16	37	464	38.7	12
1985	9	29	25.5	46.5	37.5	59	28.5	44	55.5	27	31	42.5	435	36.2	12
1986	28	0	85		85	22	65	69	36		18.5	8.5	417	41.7	10
1987	5.5	0	5.5	0					164	24	26.5	23.7	249.2	31.1	8
1988	23.5	30.5	3.5	5.5	14.5		35	109	56.5	66	36	13	393	35.7	11
1989	33.5	26.5	59.5	29.5	50	70	28.5	65	45	38.5	61	6	513	42.8	12
1990	25		14	18.5	8	46.5	22	40	27.5	40.5	36.5	12.5	291	26.5	11
1991	24.5	30.5	41	18.5	28.5	120.5	42	10	25	28.5	70	23.5	462.5	38.5	12
1992	18.5	7.5	25.5	44.5	40.5	78.5	55.5	78.5	40.5	43.5	25	135.5	593.5	49.5	12
1993	18	43	18	25	48	92	86	98	45	45.5	14.5	48	581	48.4	12
1994	58	150	28	25.5	25	40	45	60.5	48	150	28.5	8.5	667	55.6	12
1995	44.5	30	24.5	25.5	45	120	80	180	150	62.5	25.5	55.5	843	70.2	12
1996	10	15	7	43.5	42.5	80.5	120.5	65.5	130	125	100.5	31.5	771.5	64.3	12
1997	25	36.5	38	20.5	20	80	95	50	65		85	55	570	51.8	11
1998	18.5	3.5	3.5	0	36	112.5	47.5	38.5	65	40	95.5	10.5	471	39.2	12
1999	20	20.5	0	0	45	70.5	80	75	100	45	40	20.1	516.1	43	12
2000	50	18.5		25.5	50.5	80	48.5	67	81	65	26	42	554	50.4	11
2001	7	33	27	12.5	52	65	62	63	132	42	29.5	134	659	54.9	12
2002	32	40	33	14	41.5	67	40	35	101.5	21.5	67	80	572.5	47.7	12
2003	15	27	14.5	24	29.5	62	44	45	50	55	94	30	490	40.8	12
2004	38	21	20	62	18	76.5	60	43	50	45	65	21.5	520	43.3	12
2005	7.5	3.5	10	52	28.5	60.5	20	20	24	16	31	12.9	285.9	23.8	12
2006	26.2	18.4	28	16.4	48.6	57	29.5	39	52	83	29.2	62.5	489.8	40.8	12
2007	40	11.2	27.5	43.5	20	37.2	34.9	56	53.5	209	13.3	30.9	577	48.1	12
2008	31.8	36.5	8.9	66	126	49	78	16.5	117.4	57	33	14.4	634.5	52.9	12
2009	40.4	54	33.1	50.5	104.2	39.8	30.8	45.4	72.4	37.2	39.8	19.4	567	47.2	12
2010	38.2	31.2	7.6	26.2	36.4	46.4	80.5	67.5	127.2	33.5	160.3	12.9	667.9	55.7	12
2011	10.7	22.5	22.5	40.2	12.4	22.1	36.5	105	82.5	44.6	15.8		414.8	37.7	11
2012	37.2	20.7	59.8	26.3	47.9	24.5	28.1	100.1	52.8	17	4.3	88.5	507.2	42.3	12
2013	16.4	6.9	6.9	44.5	24.1	65.1	32.2	61.3	59.9	44.3	27.6	26.6	415.8	34.6	12
2014	55.8	2.3	26	43.2	62.7	74.2	15.8	32.8	50.7	54.8	50.3	5.7	474.3	39.5	12
2015	17.8	10.3	18.8	19.8	80.2	63.7	22.7	64.2	72.7	48.8	25.3	86.5	530.8	44.2	12
2016	11.2	18.8	8.9	31.3	23.5	23.8	16.8	51.6	53.7	44.5	41.2	13.8	339.1	28.3	12
2017	16.1	14	20	33.4	48.8	57.7	17.8	0	46.6	52.1	35.4	3.9	345.8	28.8	12
2018	35.6												35.6	35.6	1
2019	10.4	15.6	41.8	12.8	39.9	60	34.3	53	84.3				352.1	39.1	9
2020	13.8	35.8	10.7	16.2	23.7	60.2	26.5	60.5	39.8	75.5	125.8	11.3	499.8	41.6	12
2021	19.3	0	1.4	30.9	41.1	78.6	21.8	78.9	60.8	12.1	4.7	0	349.6	29.1	12
2023									35.5	56.2	101.2	40.5	233.4	58.4	4
MÍNIMA	4.5	0	0	0	8	22	13.6	0	20.5	12.1	4.3	0	35.6	23.6	1
MÁXIMA	80.5	150	85	73.5	126	120.5	120.5	180	164	209	160.3	135.5	843	70.2	12
MEDIA	23.9	21.6	20.8	25.5	40.6	60.2	43.3	56.1	64.6	53	42.4	31.9	452.1	40.2	11.2
DESV.ST	15.9	22.2	16.6	17.6	23.5	22.9	22.5	30.3	31.9	33.9	31.2	30.5	142.8	9.7	2.2

LLUVIA TOTAL MENSUAL
AÑO	ENE	FEB	MAR	ABR	MAY	JUN	JUL	AGO	SEP	OCT	NOV	DIC	ACUM	PROM	MESES
1965										185.04	65.31	79.52	329.87	110	3
1966	37.28	46.06	18.24	54.11	67.44	394.64	224.87	127.54	164.64	163.34	70.51	25.71	1394.38	116.2	12
1967	58.53	45.91	29.1	50.81	120.13	289.25	44.36	257.52	232.71	254.73	38.91	129.94	1551.9	129.3	12
1968	69.23	38.91	14.45	29.9	223.15	205.54	208.82	109.32	200.72	288.41	51.92	62.22	1502.59	125.2	12
1969	28.5	22.9	12.1	22.6	70.3	170.7	277.5	396	358.7	83.1	155.1	21	1618.5	134.9	12
1970	89	25.1	22.5	20	98.5	196.2	220.2	340.6	384.1	184.8	118.4	14.5	1713.9	142.8	12
1971	15.57	32	353.5	38.11	38.43	356.35	365	375.44	302.25	168.33	132.85	24.23	2202.06	183.5	12
1972	25.6	32	16	58.2	48.6	246.8	281.2	157.9	164	73.6	84.5	105	1293.4	107.8	12
1973	16.5	39	3.5	9.1	193	240	103.1	376.8	118	223	95	32.5	1449.5	120.8	12
1974	29	84	30	81	120	244.5	170.5	138.5	234	228	154.5	44.5	1558.5	129.9	12
1975	75.5	22.5	30.5	0	134.4	234	164	149.8	328.1	296.1	140.6	27.5	1603	133.6	12
1976	94.5	59.5	2.5	26.5	53.5	332	188	280.5	138	147	107.5	36	1465.5	122.1	12
1977	28	13.5	10	97.5	126.5	249.5	86	255.5	232.6	94.5	47.5	231.5	1472.6	122.7	12
1978	103	18.5	48.5	29.5	49	235	275.6	191.5	241.8	243.9	69.5	61.5	1567.3	130.6	12
1979	85	34	48.5	110	171	405	295.1	416.5	520	108	63.5	77	2333.6	194.5	12
1980	8.5					40.01	192	105.2	324	178.3	82	48.5	978.51	122.3	8
1981	11.11	94.2	58.2	52.5	109	405	164.5	552.3	360.5	205.5	55.5	58	2126.31	177.2	12
1982	8.5	45.5	30	69.5	190	190	241	127	447	100	72	55.5	1576	131.3	12
1983	31.4	77	44.6	0	54.5	275	225.5	140	291	173	46		1358	123.5	11
1984	48.5	13.5	27.5	0	281.5	366	305.7	212.5	469	169	56	76	2025.2	168.8	12
1985	26.5	83	38.5	121.5	95.5	313.5	177.5	155.5	263.1	70.7	83.5	81	1509.8	125.8	12
1986	134	0	147.1		147.1	85.5	201.5	324.1	217.3		49	35.5	1341.1	134.1	10
1987	5.5	0	5.5	0					420	163.5	50	47.4	691.9	86.5	8
1988	85.5	87	11	17	17.5		157	589	201.5	306.5	108	38	1618	147.1	11
1989	61	132	59.5	65	190	365	215	217	285	197.5	98.5	30.3	1915.8	159.7	12
1990	71		53.5	59.5	53.5	246	214	208	342	105.5	271.5	43.5	1668	151.6	11
1991	60	91	66.5	39.5	144.5	433.5	185	13.5	213	221	239	134	1840.5	153.4	12
1992	206	26.3	34	112.5	109	361	202	334	390	141	141.5	194	2251.3	187.6	12
1993	68	65	48.5	64	102.9	567.5	298	470.5	230	234	45.5	126.9	2320.8	193.4	12
1994	159.5	348.5	85.5	49.5	81	235	222	469	408	467	167.5	15	2707.5	225.6	12
1995	102	157	65	119.5	175	728.5	426.5	1259	1078.5	375.5	119.5	199.5	4805.5	400.5	12
1996	98.8	32	17	165.5	239	761	683	549.5	503.5	346.5	378	115.5	3889.3	324.1	12
1997	99.5	162	77.5	72.5	149	281	313	370.5	594.6		375.3	247.5	2742.4	249.3	11
1998	33.1	12.5	7	0	66	293.5	413.5	262	340	327	239	48	2041.6	170.1	12
1999	69.5	70	0	0	205	506	362.4	479.5	874.5	427	209	77.6	3280.5	273.4	12
2000	86	35.5		63	399	350	225	340.5	400.5	217.4	76.5	99	2292.4	208.4	11
2001	24.51	99.02	69.02	47.04	139.01	165.08	195.55	191.55	474.54	141.04	72.08	169.03	1787.47	149	12
2002	51.04	130.54	91.52	24.51	139.52	348.55	187.06	234.53	507.54	115.05	142.61	154.06	2126.53	177.2	12
2003	46.55	31.02	40.51	28.01	149.58	250.05	216.07	206.54	263.05	269.07	436.05	85.57	2022.07	168.5	12
2004	141.62	49.55	43.02	126.01	93.54	289.55	276.66	218.04	258.59	162.08	187.5	78.5	1924.66	160.4	12
2005	24	6	23	65.5	127	295	117.2	131.5	121.7	60.2	85.1	35.4	1091.6	91	12
2006	88.2	46.4	34.7	16.4	161.4	276	199.8	142.5	262.6	348.6	95.7	132.2	1804.5	150.4	12
2007	119.6	28.7	49.1	77.9	48.3	251	161.5	297	232.6	627.7	54.3	46.3	1994	166.2	12
2008	87.6	48.4	22.4	169.3	359.3	280.4	261.7	128.8	555.6	181.4	67.5	33.9	2196.3	183	12
2009	68.6	58.5	70.6	135.6	258.2	234	109	379.9	274.1	82.8	158.2	46.3	1875.8	156.3	12
2010	71.8	39.8	20.4	77.5	108.3	318.7	380.5	553.9	530.1	63.4	233	52.4	2449.8	204.2	12
2011	38.1	46.5	37.4	142.3	32.6	143.5	348.8	356.9	394.6	319.3	64.8		1924.8	175	11
2012	91.3	64.7	128.3	77.9	131.5	121.3	165.2	419.6	319.5	54	7.3	141.2	1721.8	143.5	12
2013	62.1	24.1	24.3	56.3	128.8	304.5	120.5	266.3	257.4	247	141.7	106.1	1739.1	144.9	12
2014	128.7	3.1	57.4	113.3	223.4	232.2	75.5	121.4	352	246.2	92.5	13.4	1659.1	138.3	12
2015	61.6	43.1	39.8	56.5	174.2	209.5	114.3	234.8	364	214.8	98.4	191.1	1802.1	150.2	12
2016	54.9	33.3	17.7	37.7	79.7	172.4	70.7	180.7	288	206.2	108.8	43.5	1293.6	107.8	12
2017	29.7	32	36.3	93.4	131.7	300.6	106.1	0	414	214.9	41.2	6.4	1406.3	117.2	12
2018	91.5												91.5	91.5	1
2019	54.6	31.8	108.6	19.2	148.1	275.6	141.8	186.7	269				1235.4	137.3	9
2020	45.5	56.2	18.6	32.7	132.9	211.7	137.8	386.2	344.9	322.6	476.8	23.1	2189	182.4	12
2021	52.4	0	1.4	44	169.9	401.4	106.7	204.22	242.53	43.01	4.7	0	1270.26	105.9	12
2023									179.3	210.6	261.1	98.2	749.2	187.3	4
MÍNIMA	5.5	0	0	0	17.5	40.01	44.36	0	118	43.01	4.7	0	91.5	86.5	1
MÁXIMA	206	348.5	353.5	169.3	399	761	683	1259	1078.5	627.7	476.8	247.5	4805.5	400.5	12
MEDIA	65.4	55.1	46.2	59.2	137	295.9	218.9	288.8	342.5	209.2	128.4	77.8	1799.9	158.7	11.2
DESV.ST	40.8	55.5	53.2	43.9	77	131.8	109.6	194.3	168.6	112.9	102.1	59.5	737.3	54.2	2.2

EVAPORACIÓN MENSUAL
AÑO	ENE	FEB	MAR	ABR	MAY	JUN	JUL	AGO	SEP	OCT	NOV	DIC	ACUM	PROM	MESES
1965										83.1	78.3	70.5	231.9	77.3	3
1966	55.1	59	64.9	77.2	86.4	97.6	93.3	102.9	96.9	91.8	80.7	61.5	967.3	80.6	12
1967	88.8	85.6	77.4	68.8	127.1	104.4	100.8	95	94.3	72.2	47.7	73.4	1035.5	86.3	12
1968	57.6	77.2	85.4	116.7	78	76.1	106	105.2	103.8	75.7	68.8	59.8	1010.3	84.2	12
1969	57.9	83.8	98.9	83.1	110.2	120.2	97.12	79	84.2	74.3	61.3	43.51	993.53	82.8	12
1970	45.3	89.9	117.7	123.2	110.1	117.7	87.5	105.3	99.4	99.7	61.1	69.4	1126.3	93.9	12
1971	61.08	93.21	120.9	124.89	103.88	104.82	105.87	93.39	87.33	96.51	15.43	80.48	1087.79	90.6	12
1972	87.8	76.1	78.1	71	77.9	78.8	82.7	78.4	73.2	65.5	74.8	60.1	904.4	75.4	12
1973	52.84	38	86	89.5	81.6	79.3	77.5	84.3	85.3	82.3	62.3	78.4	897.34	74.8	12
1974	60.6	47.3	66.9	75.4	85.7	78.1	63.1	81.4	100.6	97	69.5	65.3	890.9	74.2	12
1975	63.2	64.7	82.5	85.5	105.4	100.8	110.6	64.5	59	50.3	36.4	81.9	904.8	75.4	12
1976	69.4	58	62.2	61.7	80.5	50.8	67.5	39.9	51.2	35.2	33.7	38.5	648.6	54.1	12
1977	40.1	33.4	62.1	102.7	79.8	37	49.9	29.13	28.25	119.4	33.78	34.88	650.44	54.2	12
1978	24.81	36.39	53.23	71.02	51.7	30.9	42.5	43.7	26.7	37.55	34.6	35.1	488.2	40.7	12
1979	41.1	32.7	59.7	56.1	54.4	47.3	41.1	55.9	31.5	29.9			449.7	45	10
1980						32.31	125.3	106.3		64.37	51.7	52.5	432.48	72.1	6
1981	47.1	44.9	34.9	52.8	67.5	36.1	38.7	33.8	34.7	40.5	33.1	46.3	510.4	42.5	12
1982	46.6	42.6	69.4	61.4	62.8	82.9	49.5	55.7	46.6	45.2	40.9	41.1	644.7	53.7	12
1983	50.4	45.1	59.4	58.44	78.1	63.3	67.7	54	39	61.8	92.51		669.75	60.9	11
1984	62.16	61.56	76.83	95.68	79.49	39.54	46.7	53.44	43.05	57.14	50.42	55.4	721.41	60.1	12
1985	35.85												35.85	35.9	1
2000								137.12	125.54	83.18	75.5	42.19	463.53	92.7	5
2001	44.82	59.23	81.47	64.5	72.02	61.29	68.69	45.7	53	30.86	29.19	29.55	640.32	53.4	12
2002	26.09	22.99	34.4	41.65	48.3	24.83	32.75	37.6	19.9	23.1	17.75	20.3	349.66	29.1	12
2003	26.3	39.55	55.4	53.1	64	38.03	48.1	51.6	47.6	29.55	23.25	23.55	500.03	41.7	12
2004	23.85	33.1	42.65	51.55	48.15	39.55	51.05	51.75	40.15	47.8	25.2	22.15	476.95	39.7	12
2005	17.7	30.9	54.6	53.55									156.75	39.2	4
2011									77.63	61.55	69.69	55.6	264.47	66.1	4
2012	63.09	78.61	114.11	103.24	92.91	100.81	126.98	126.64	131.21	84.19	64.86	46.68	1133.33	94.4	12
2013	46.54	76.35	84.59	114.14	92.97	100.31	120.12	129.45	82.52	89.79	53.62	33.65	1024.05	85.3	12
2014	48.04	88.88	99.3			73.63	120.42	112.01	67.6	94.5	57.65	56.26	818.29	81.8	10
2015	53.8	83.06	35.46										172.32	57.4	3
2020	125.85	153.49	215.71	233.79	194.82	137.65	158.18	142.54	116.75	121.11	117.89	107.61	1825.39	152.1	12
2021	131.51	152.13	199.54	221.76	175.11	142.55	152.08	137.49	122.55	137.85	125.41	119.73	1817.71	151.5	12
MÍNIMA	17.7	22.99	34.4	41.65	48.15	24.83	32.75	29.13	19.9	23.1	15.43	20.3	35.85	29.1	1
MÁXIMA	131.51	153.49	215.71	233.79	194.82	142.55	158.18	142.54	131.21	137.85	125.41	119.73	1825.39	152.1	12
MEDIA	55.2	65.1	81.9	89.3	88.8	74.9	83.3	80.5	71.4	70.4	56.2	55.4	733.7	70.6	10.1
DESV.ST	26.1	32.2	41.9	46.4	34.7	34.2	35.6	34.9	32.8	29.5	27	23.9	410.5	28	3.4

TEMPERATURA MÁXIMA PROMEDIO
AÑO	ENE	FEB	MAR	ABR	MAY	JUN	JUL	AGO	SEP	OCT	NOV	DIC	ACUM	PROM	MESES
1965										30.1	29.8	25.5		28.5	3
1966	24.5	27.9	28.2	33.7	33.5	32.3	32.9	33.1	31.2	29.4	25.8	24.3		29.7	12
1967	25.6	27	31.4	32.5	34.4	33.4	32.7	33.2	31.5	28.1	27.5	29.2		30.5	12
1968	26.3	26.3	30.6	34.2	33.3	31.9	31.3	30.9	31.3	28.6	28	26		29.9	12
1969	27.4	29.6	30	35	34.6	33.7	32.2	30.7	28.6	28.6	26.2	27.2		30.3	12
1970	25.3	25.1	30.6	34.3	31.1	31	30.5	31.4	30.4	29.5	26.7	26.7		29.4	12
1971	27	29.1	31.7	32	34.1	32.5	30.2	29.5	29	27.5	25.6	27.2		29.6	12
1972	28.6	27.3	32.2	33.1	34	28.6	27.9	28.9	28.6	27	26.2	24.5		28.9	12
1973	24.3	23.9	31.3	32.9	31.1	29.3	27.7	27.2	28	25.4	24.8	20.6		27.2	12
1974	24.5	23	27.6	28.4	30.7	28.1	28	29.4	26.8	23.3	23.8	22.8		26.4	12
1975	23	25.5	29.5	32.1	32.2	29.4	28.7	28.9	26.4	27	25.6	21.8		27.5	12
1976	20.5	23.3	28.5	30.1	31.2	28	27.5	27.9	28.1	25.1	21.4	22		26.1	12
1977	26.5	26.7	30.6	29.8	32.7	27.1	27.3	26.2	27.6	26.3	26.8	25.5		27.8	12
1978	24.7	23.7	27.2	33.2	27.1	29.9	29.6	28.4	26.6	26.8	27.4	26.1		27.6	12
1979	25	27.4	29.8	31.6	32.5	29.6	28.2	27.3	26	27.6	27.4	25.1		28.1	12
1980	26.9					31.4	31.7	30.9	28.1	28	25.9	25		28.5	8
1981	26	26.7	30.2	32.1	32.7	29.7	29	27.7	27.6	28.3	27.9	27.3		28.8	12
1982	28.4	28.6	31.3	33.5	31.1	31	30.8	30.8	28.1	27.1	26.6	25.1		29.4	12
1983	25.7	25.8	31.8	32.6	33.7	31.4	31.1	30.9	28.8	28	28.9			29.9	11
1984	24	26.6	31.4	33	30.3	27.2	27.8	28.6	25.6	26.6	25.5	25.4		27.7	12
1985	24.1	25.8	30.4	32	31.7	30.3	28.3	29.7	26.6	25.7	25.4	24.1		27.8	12
1986	22	26.4	31.4		31.4	31.7	31.3	30.2	27.4		25.3	24.9		28.2	10
1987	25.5	24.8	27.9	28					29.4	25	25.4	24.9		26.4	8
1988	24.7	25.4	26.9	29.4	32.4		30.4		27.8	26.1	27.4	25.2		27.6	10
1989	26.6	26	26.5	27.4	27.4	26.4	26.6	27	24.5	26	26.2	25.1		26.3	12
1990	25.6		25.7	28.2	30.5	27.5	26.2	27.3	25.9	25.2	25.2	26.3		26.7	11
1991	25	25.6	27.7	27.5	26.7	26.2	27.1	26.8	26.3	24.5	24.1	25		26	12
1992	24.5	26.4	34.4	34	32	33.2	33.5	34.3	34.2	34.2	31.7	31.8		32	12
1993	31.9	30.1	29.4	33.3	31.7	27.3	27.4	27	25.8	25.6	25.5	26.2		28.4	12
1994	25.5	26.1	27.4	27.8	27.9	27.1	27.1	26.4	26.9	28.6	28	26.8		27.1	12
1995	26.6	25.6	26.9	29.8	30.7	28.6	27.9	25.8	26.1	26	26.2	25.3		27.1	12
1996	25	25.3	26.4	29.3	29.5	26.6	26.9	27	27.4	26.3	25.2	26.2		26.8	12
1997	25.7	25.5	27.3	30	30.1	27.8	27.6	27.2	26		25.6	25.1		27.1	11
1998	25.9	25.5	26.9	29.1	28.6	28.5	34.5	35.5	32.3	28.2	25.9	24.8		28.8	12
1999	24.8	26.3			30.3	28.6	28	27.9	26.9	26.4	25.9	24.7		27	10
2000	25.9	27		32.1	30.8	30.2	32.3	29.8	29.3	27.1	27.6	21.4		28.5	11
2001	22.9	26.7	28.4	31.6	30.6	30	30.6	30.1	28.3	25.5	23.3	23.1		27.6	12
2002	22.3	23	28.2	31.4	31.8	28.6	29.3	30.2	27.8	27.1	23.9	22.5		27.2	12
2003	21.8	26.7	30.2	32	33.6	29.3	31.6	32.6	31.6	25.6	23.9	22.2		28.4	12
2004	23.6	26.4	29.3	32.5	32	32.4	32.9	32.8	29.9	27.8	25.1	23		29	12
2005	23.7	27.3	31.3	31.8	32.2	32.1	30.7	30.1	29.9	27.3	25.8	25.4		29	12
2006	25.3	25.3	28.9	31.2	31.6	29.1	29.4	30.5	30.4	29.9	26	24.6		28.5	12
2007	25.6	27.5	29.1	32.4	32.5	32.5	31.8	29.8	29.4	26.7	25.5	27.3		29.2	12
2008	26.2	28.2	29.9	31.6	32.7	28.4	29.2	30.4	28.6	25.5	25.3	25.7		28.5	12
2009	25.3	26.8	29.8	31.6	30.8	30.7	34	32.9	33.2	30.5	24.9	26.2		29.7	12
2010	23.5	25.4	27.2	31.6	32.3	30.6	29.6	29.5	28.7	27.5	26.4	23.3		28	12
2011	24.1	25.2	28.7	32.2	31.9	29.9	28.4	29.2	28.2	25.5	26.5			28.2	11
2012	25.9	26.1	29	29.8	26.8	26.4	26.2	25.9	26	25.8	26.1	25.7		26.6	12
2013	24.1	26.1	25.7	29	25	25.6	25.4	26	23.7	23.9	22.4	24.4		25.1	12
2014	22.6	27.5	25.9	27.4	24.4	24.4	28.1	28.4	24.9	24.4	23.3	24.7		25.5	12
2015	22.9	22.6	22.8	24.9	26.8	23.9	23.5	24	23.9	24.2	24.8	24.8		24.1	12
2016	24.4	24.3	29.3	27.9	27.9	29.8	30.5	28.1	26.6	28.4	26.7	28.5		27.7	12
2017	25	28.1	26.9	27.8	28.9	26.8	28.4	28.2	25.8	26.2	24.6	22.9		26.6	12
2018	22.8													22.8	1
2019	24.7	25.3	24.3	24.2	29	30	27.4	24.2	23.2					25.8	9
2020	24.7	26.4	25.7	26.9	28.3	26.3	25.5	24.8	23.3	23.9	23.9	23.6		25.3	12
2021	22	24.8	25.7	25.3	26.8	26	33.9	33.5	32.5	32.8	31.1	32.4		28.9	12
2023									31.4	30.4	26.6	25.9		28.6	4
MÍNIMA	20.5	22.6	22.8	24.2	24.4	23.9	23.5	24	23.2	23.3	21.4	20.6		22.8	1
MÁXIMA	31.9	30.1	34.4	35	34.6	33.7	34.5	35.5	34.2	34.2	31.7	32.4		32	12
MEDIA	24.9	26.1	28.8	30.7	30.7	29.2	29.4	29.2	28	27.1	26	25.2		27.8	11.1
DESV.ST	1.9	1.6	2.3	2.6	2.5	2.4	2.5	2.6	2.5	2.1	1.8	2.2		1.6	2.2

TEMPERATURA MÁXIMA EXTREMA
AÑO	ENE	FEB	MAR	ABR	MAY	JUN	JUL	AGO	SEP	OCT	NOV	DIC	ACUM	PROM	MESES
1965										34	35	31		33.3	3
1966	29	37	35	36	38.5	36	35	37	34	34.5	32	31		34.6	12
1967	31	33	35	37	39	38.5	35	35.5	36.5	32.5	32.5	33		34.9	12
1968	31.5	32.5	35.5	36	36.5	35	33.5	33.5	38.5	33	35.5	31		34.3	12
1969	31	37	38.5	40	40	38	36.5	37.5	31.5	32	33	32.5		35.6	12
1970	30	32	38	38	39.5	36.5	34.5	34.5	35	39	31.5	29.5		34.8	12
1971	31	33.5	36.5	37.5	37.5	37.5	32	33.5	32.5	32	29.5	30.5		33.6	12
1972	37.5	35	34	36	37.5	32.5	32.5	35	32.5	28.5	28.5	29.5		33.2	12
1973	28	27.5	37.5	36.5	36	38	30.5	30	30	27.5	27.5	24.5		31.1	12
1974	26.5	28.5	33.5	32	35	32.5	31	33.5	29.5	26	27.5	25		30	12
1975	27	28	35	34.5	35.5	32	31.5	32.5	29.5	29	27.5	27.5		30.8	12
1976	24.5	26.5	32.5	33.5	34.5	32	31.5	31	33	30	23.5	25		29.8	12
1977	29.5	29	35	35	35.5	30.5	35.5	30.5	29.5	29	28.8	28.5		31.4	12
1978	27.5	28	33.5	35.5	33.5	37.5	36.5	31.5	28.5	36.5	31.5	32.5		32.7	12
1979	29.5	32	35.5	35.5	36.5	31.5	36.5	30	29.5	30.5	35	28.5		32.5	12
1980	28.5					34	34.5	33.5	32.5	33.5	29.5	28		31.8	8
1981	29.5	30.5	34.5	34.5	35	33.5	33.5	30.5	31.5	32.5	30	29		32	12
1982	31.5	30.5	35.5	36.5	35	34	34	33.5	30.5	30	30	29		32.5	12
1983	29	29.5	35.5	35	35.5	34.5	33.5	33.5	33.5	31.5	30.5			32.9	11
1984	28.5	33.5	34.5	35.5	35.5	30.5	30.5	30	29	29.5	27.5	26.5		30.9	12
1985	29.5	28.5	35	34.5	34.5	33.5	30.5	33.5	28.5	28	29	26.5		31	12
1986	25.5	30	33.5		33.5	34.5	34	32.5	30		27.5	26.5		30.8	10
1987	27.5	26	31	33.5					32.5	28	28.5	26.5		29.2	8
1988	28.5	29.5	29	37.5	35		33.5		30.5	29.5	30.5	28.5		31.2	10
1989	28.5	29	28.5	29	29.5	30	29.5	28.5	28	28.5	28.5	27		28.7	12
1990	27		27.5	33.5	34.5	33	29	30.5	28.5	29.5	30	29		30.2	11
1991	28	29	39	30.5	29.5	32.5	30.5	29.5	31	26.5	27	28		30.1	12
1992	27.5	29.5	39	38	36.5	36.5	36.5	37.5	38.5	40.5	39.5	36.5		36.3	12
1993	37	37	37	38.5	37.5	35.5	32	30	29	29	27.5	34		33.7	12
1994	28	29.5	29.5	31	29.5	29	29.5	27.5	29	30.5	29.5	29.5		29.3	12
1995	28.5	28.5	32	34.5	33.5	37.5	32	28	29.5	29.5	28.5	29.5		31	12
1996	28	29.5	33.5	34.5	33.5	29.5	29	29.5	30	30.5	29.5	28.5		30.5	12
1997	28.5	28	33.5	33.5	34.5	31.5	30.5	29.5	28		28	27		30.2	11
1998	28	27.5	30	32.5	32.5	32.5	39	39.5	38.5	38	29	27.5		32.9	12
1999	27.5	28.5			35	35	31.5	30.5	29	29.4	29.5	27.5		30.3	10
2000	28.5	29.5		39	38.5	32.5	35	33	33	32	32	26		32.6	11
2001	27	30	35	36	34	34.5	33.5	34.5	33.5	29.5	26	25.5		31.6	12
2002	27.5	27	32.5	33.5	35	33	33	34	32.5	30	30	25		31.1	12
2003	24.5	30	34	37	38.5	34.5	35	35.5	35	31	27	27		32.4	12
2004	28	31.5	35	36	38	36	37	36	34.5	32	31	26.5		33.5	12
2005	28	32	37	38	36	38	32	33	32.5	31.5	31	30		33.2	12
2006	31	32	34	36	38	32	31	33	33	35	31	32		33.2	12
2007	34	37	37	38	37	39	34	33	31	31	29	29.5		34.1	12
2008	31	36	36	40	39	31	32.5	34	35	30	31	29		33.7	12
2009	31	31	39	37	35	34	37	36	36	36	30	32		34.5	12
2010	35	35	36	39	37	36	33	31	32	33	31	27		33.8	12
2011	30	31	35	35	38	34	33	33	33	30	32			33.1	11
2012	31	34	33	35	33	33	32	31	32	31	34	32		32.6	12
2013	31	32	32	38	34	33	33	32	30	31	30	30		32.2	12
2014	29	34	33	37	32	32	34	34	32	32	32	32		32.8	12
2015	31	32	34	34	33	33	32	33	32	32	32	32		32.5	12
2016	33	33	38	39	37	34	36	33	33	34	33	36		34.9	12
2017	32	33	33	38	36	32	33	34	32	33	31	29		33	12
2018	31													31	1
2019	31	36	33	32	35	35	34	33	27					32.9	9
2020	31	37	32	33	36	33	33	33	29	30	31	34		32.7	12
2021	32	34	39	39	37	31	36.5	35	34.5	36	35	35		35.3	12
2023									33	35	31	31		32.5	4
MÍNIMA	24.5	26	27.5	29	29.5	29	29	27.5	27	26	23.5	24.5		28.7	1
MÁXIMA	37.5	37	39	40	40	39	39	39.5	38.5	40.5	39.5	36.5		36.3	12
MEDIA	29.6	31.3	34.4	35.7	35.5	33.9	33.2	32.8	31.8	31.5	30.3	29.3		32.4	11.1
DESV.ST	2.6	3	2.7	2.5	2.4	2.5	2.3	2.5	2.7	3	2.7	2.9		1.7	2.2

TEMPERATURA MÍNIMA PROMEDIO
AÑO	ENE	FEB	MAR	ABR	MAY	JUN	JUL	AGO	SEP	OCT	NOV	DIC	ACUM	PROM	MESES
1965										18.9	17.6	15.9		17.5	3
1966	14.6	15.6	16.3	19.3	19.4	19.5	19.3	19.6	20.2	18.9	15.7	13.5		17.7	12
1967	14.1	14.5	15.8	17.4	19.3	19.6	18.6	18.6	19.1	18.3	16.2	16		17.3	12
1968	14.7	13.4	15.1	18.3	19.1	18.5	18.4	19.1	19.7	18.5	15.8	14.8		17.1	12
1969	14	17	15.2	18.8	19.9	20.1	19.3	19.9	19.8	19	16.7	14.7		17.9	12
1970	12.2	13.6	16.7	19.3	18.5	20.1	19.5	19.2	18.9	18.7	15.1	15.2		17.2	12
1971	14.5	14.5	16.4	17.1	20.5	18.8	18.1	18	19	17.6	17	16.3		17.3	12
1972	15.7	15.3	16.3	20.5	21	20.1	19.4	18.3	19.6	20.1	19.4	15.8		18.5	12
1973	14.5	13.2	19.3	21	20.8	21	20.7	20.9	21.1	20.4	18.4	14.5		18.8	12
1974	16.9	14.8	18.5	20.1	21.4	21	19.7	20.7	20.6	18.6	17.8	16		18.8	12
1975	16.4	17.2	19.5	21.6	22.3	21.1	20	20.3	17.6	18.6	16.7	16.2		19	12
1976	15.2	14.8	19.4	20.5	20.6	18.2	17.7	19.2	18.4	16.1	12.6	12.2		17.1	12
1977	15.7	16.9	18.6	18.6	20.1	16.5	16.5	15.8	16.9	16.8	16.9	15.4		17.1	12
1978	13.7	14	16.4	20.6	16.3	16.6	16.2	16.9	15.9	15.7	16.2	15.4		16.2	12
1979	14.6	15.4	18	18.1	19.3	16.7	16.6	15.2	14.7	15.9	16	14.4		16.2	12
1980	16.9					18.6	18.2	17.2	16.3	16.6	15	14.5		16.7	8
1981	15.1	14.6	17	16.5	16.9	15.7	15.7	15.4	15.6	16.1	15.8	15.5		15.8	12
1982	16.4	16.6	16.6	17.1	16.8	16.7	16.5	16.3	15	14.8	14.8	14		16	12
1983	15.1	15	16.4	16.4	16.6	16.1	15.9	15.9	15.1	15.7	16.1			15.8	11
1984	13.7	14.8	16.1	15.9	16.1	15.8	15.4	15.4	15.1	15.4	15.1	14.9		15.3	12
1985	13.9	15	16	16.3	16.7	16	15.8	15.5	15.1	15	14.7	13.7		15.3	12
1986	10.9	14.3	16		16	15.4	15.5	15.2	15.2		14.7	14.7		14.8	10
1987	14.6	14.2	15.1	14.9					15	14.3	14.5	14.1		14.6	8
1988	12.7	13.9	14.5	15	15.1		15.3		15	14.5	14.9	13.5		14.4	10
1989	14.5	13.6	13.6	14.3	13.9	13.7	14	14.2	13.5	14.1	14.1	13.5		13.9	12
1990	13.3		13.3	14.4	14.5	13.9	13.2	12.9	12.2	12.9	12.2	14.7		13.4	11
1991	16.2	16.2	15.5	16.1	15.9	14.6	15.8	16	13.3	14.2	13.8	14.6		15.2	12
1992	13.5	15.4	18.1	18.8	18.2	18.8	18.8	19.1	19.3	18.3	16.9	14.8		17.5	12
1993	15.2	14.5	14.4	16.2	15.3	12.2	12.9	13.4	12.9	11.9	12	11.6		13.5	12
1994	11.7	11.6	11.6	12.8	13.4	12.8	12.4	12.4	13.2	14.4	14.4	13.9		12.9	12
1995	13.4	12.4	13.3	14.1	14.6	13.7	13.1	12.5	13.1	11.8	12.4	12		13	12
1996	11.6	12.1	13.5	14.1	13.5	13.1	13.6	13.3	13.5	12.8	12.1	12.2		12.9	12
1997	12.5	12.6	13.5	14.2	14.3	13.6	12.9	13.3	13		12.6	11.8		13.1	11
1998	12.4	12.5	13.6	13.8	14	14.1	20	19.4	19.2	18.4	16.5	13.7		15.6	12
1999	12.8	13.9			18.9	17.3	19.5	19.6	20.3	19.5	18.7	17.5		17.8	10
2000	18.8	19.4		20.2	20.4	20.6	19.9	18.7	19.5	18.3	18.5	13.6		18.9	11
2001	13.8	17.3	18.4	21.1	20.7	19.8	20.2	20	19.7	19.5	15.7	15.3		18.5	12
2002	15.5	15.8	19.2	20.5	21.5	20.2	20.6	20.9	20.1	20.9	17.6	14.6		19	12
2003	14.3	20	21.3	20.3	22.1	20.6	21.1	21.6	21.3	18.4	16.3	13		19.2	12
2004	15.6	17.6	19.4	20.6	20.7	21.2	21.3	21.2	20.8	20.8	17.4	16.5		19.4	12
2005	15.4	18.4	20.8	20.3	19.5	20.6	19.9	20	19.9	18.6	16.4	16.4		18.9	12
2006	15.4	14.6	16.6	18.4	19.9	19.8	19.8	19.9	20.1	20	16.9	16.8		18.2	12
2007	16.2	15.9	16.7	19.4	19.6	20	19.5	19.6	19.5	18.3	16.3	15.6		18	12
2008	15.2	16.5	16.5	18.7	20.1	19.8	19.2	19.9	19.8	18.1	14.6	14.9		17.8	12
2009	14.5	14.6	15.9	18.4	19	19.7	19.3	19.3	20	19	16.8	16.1		17.7	12
2010	14.3	15.5	16.1	19.4	20.5	20.6	19.9	20.2	20	17.1	15.8	12.8		17.7	12
2011	14.5	14.9	16.6	18.5	19.8	19.5	19.6	19.9	19.6	17.6	16.3			17.9	11
2012	14.7	16.5	16.2	16.4	19.6	19.9	18.6	19.5	19	18.3	15.2	14.4		17.4	12
2013	15.6	15.7	14.9	18.3	18.9	19.5	18.7	18.7	19.6	19.2	18.2	16		17.8	12
2014	14	15.8	17	18	19.2	20	19.3	19.3	19.8	18.9	16.1	15.2		17.7	12
2015	15.6	14.8	16.8	18.9	19	19.4	19	19.4	19.8	19.5	19.2	17.4		18.2	12
2016	15.1	14.6	18.4	19.6	20.4	20	19.7	19.9	19.9	19.2	17.2	16.7		18.4	12
2017	15.1	15.4	16.3	18.3	20.3	20.2	19.5	19.7	20.8	18.7	16.4	15.1		18	12
2018	14.2													14.2	1
2019	15.2	16.2	16.8	17.5	20.8	21.3	19.3	19.7	20.1					18.5	9
2020	15.8	16.4	16.9	20.1	19.8	20.2	20.2	20.3	20.4	19.2	18.1	15.6		18.6	12
2021	16.3	19.3	21.3	19	20	20	19.7	23.4	22.9	23.1	20.4	20.2		20.5	12
2023									21.1	21.1	19.7	17.2		19.8	4
MÍNIMA	10.9	11.6	11.6	12.8	13.4	12.2	12.4	12.4	12.2	11.8	12	11.6		12.9	1
MÁXIMA	18.8	20	21.3	21.6	22.3	21.3	21.3	23.4	22.9	23.1	20.4	20.2		20.5	12
MEDIA	14.6	15.3	16.6	18	18.5	18.2	17.9	18.1	18	17.5	16	14.9		16.9	11.1
DESV.ST	1.4	1.8	2.1	2.3	2.5	2.6	2.4	2.7	2.8	2.5	1.9	1.6		1.9	2.2

TEMPERATURA MÍNIMA EXTREMA
AÑO	ENE	FEB	MAR	ABR	MAY	JUN	JUL	AGO	SEP	OCT	NOV	DIC	ACUM	PROM	MESES
1965										15.8	15	13		14.6	3
1966	10	11.5	12.5	17	14	14	12.5	17	19	16	12	9.5		13.8	12
1967	12	10	12.5	15.5	15.5	18	17	15.5	16.5	15	13.5	11		14.3	12
1968	11.5	1.5	11	16	17.5	16	17	17.5	17.5	15.5	10	10.5		13.5	12
1969	10	10.5	10	10	12.5	14.5	17	13	18.5	10.5	13.5	10.5		12.5	12
1970	5.5	9	10.5	13.5	15	17.5	18	17	16.5	17	11	12		13.5	12
1971	12	10	12.5	10.5	17.5	16	16.5	14	14	11	14	14		13.5	12
1972	13.5	11.5	14.5	17	18	18	16	12.5	11.5	18.5	16.5	10		14.8	12
1973	9	6.5	15	15.5	18.5	19.5	19.5	19.5	20	18.5	15	11		15.6	12
1974	15.5	6.5	13.5	17.5	19.5	19	17	17.5	19	16.5	14.5	10.5		15.5	12
1975	13.5	14.5	16	19.5	20	20	14.5	18	14	13.5	9.5	13.5		15.5	12
1976	11.5	11.5	17	18	18	13.5	13	14	11.5	10.5	10	10		13.2	12
1977	10.5	14.5	11.5	12	17	15	15	10	10	12	12.5	11.5		12.6	12
1978	11	10	13.5	14.5	10.5	15	14	15.5	14	12	13.5	11.5		12.9	12
1979	11	12	12	16	16	14.5	13.5	12	12	12.5	13.5	11.5		13	12
1980	15					16.5	16.5	15.5	13	12	11.5	11		13.9	8
1981	13	11	14	15	16	14.5	14	14	14	13	13.5	12.5		13.7	12
1982	12	14.5	13	14.5	15.5	16	15.5	15	13	12	11	11.5		13.6	12
1983	13.5	13.5	14	15	14	15	14	14	14	14	14			14.1	11
1984	11.5	12	12.5	13.5	15	15	15	15	14	11	13	13		13.4	12
1985	11	13	15	15	15.5	15	15	15	15	14	12	11.5		13.9	12
1986	10	11	15		15	15	15	15	13.5		13.5	13		13.6	10
1987	13	13	13	13.5					15	13	13	12		13.2	8
1988	10	12	11	14	14.5		15		15	12	13	11.5		12.8	10
1989	11	10	11	13.5	11	12	12	13.5	10.5	12	12.5	12		11.8	12
1990	11		10	13	13	12	11	11	10	10	9	11.5		11	11
1991	13	13	9.5	14	14.5	11.5	14	14	12	13	10.5	11.5		12.5	12
1992	11	12	14.5	16	15	16	16	15	17	13	13.5	12.5		14.3	12
1993	11	11.5	10	13	12.5	8	10	11.5	10	10	9.5	10		10.6	12
1994	10	10	9.5	10	11.5	10	11	11	11	13	12.5	10.5		10.8	12
1995	11	10	11	12	12.5	12	12	10	10.5	10	10	10		10.9	12
1996	10	10	11.5	12	10	11.5	10.5	11	11.5	10	8	10		10.5	12
1997	10	10	11	12.5	13	12	11.5	12	11.5		10	10		11.2	11
1998	10	11	11.5	12.5	12	12	17.5	18	18	17.5	14	10.5		13.7	12
1999	10	12			17	14	17	17	17	15	15	12		14.6	10
2000	15	14.5		17	17	18	17	17	18	15.5	15	11		15.9	11
2001	11	11	11	15.5	18	17.5	18	17	17	13.5	12	13		14.5	12
2002	10	10	14	18.5	19	18	18	18.5	17	19	12	10		15.3	12
2003	9	16	12	11	19.5	18	20	20	20	12.5	11	10		14.9	12
2004	11	12	13	15	15	20	20	20	18	19	14	11.5		15.7	12
2005	10.5	15	18	12.5	16.5	19	18.5	18.5	18.5	15	10	12		15.3	12
2006	12	11	12	13	16	16	17	15.5	19	17	11	11		14.2	12
2007	14	12	12	15	15	18	17	18	18	12	10	13.5		14.5	12
2008	10	13	12	14	18	18	17	19	16	13	10	11		14.2	12
2009	10	11	9	14	15	18	17	17	18	13	13	11		13.8	12
2010	9	10	13	16	17	18	17	19	17	14	10	10		14.2	12
2011	11	12	13	16	16	17	18	18	15	12	12			14.5	11
2012	1.7	14	13	12	18	18	17	18	17	16	11	11		13.9	12
2013	12	11	9	14	16	18	16	16	18	18	14	13		14.6	12
2014	10	13	12	13	15	19	17	18	18	14	12	12		14.4	12
2015	11	12	14	16	17	18	18	17	18	15	15	15		15.5	12
2016	9	9	15	17	16	18	18	18	17	17	12	14		15	12
2017	11	10	12	14	14	18	18	17	19	10	13	10		13.8	12
2018	9													9	1
2019	11	13	15	13	18	19	17	18	18					15.8	9
2020	13	13	13	17	18	18	18	17	19	16	16	13		15.9	12
2021	13	15	18.5	14	19	18	18	22	22	20	17	17.5		17.8	12
2023									19	16	17	10		15.5	4
MÍNIMA	1.7	1.5	9	10	10	8	10	10	10	10	8	9.5		9	1
MÁXIMA	15.5	16	18.5	19.5	20	20	20	22	22	20	17	17.5		17.8	12
MEDIA	11	11.4	12.7	14.4	15.7	16	15.8	15.8	15.6	14	12.5	11.6		13.8	11.1
DESV.ST	2.2	2.4	2.1	2.1	2.4	2.8	2.5	2.8	3.1	2.7	2.1	1.5		1.6	2.2

TEMPERATURA MEDIA MENSUAL
AÑO	ENE	FEB	MAR	ABR	MAY	JUN	JUL	AGO	SEP	OCT	NOV	DIC	ACUM	PROM	MESES
1965										24.5	23.7	20.7		23	3
1966	19.6	21.8	22.2	26.5	26.4	25.9	26.1	26.4	25.7	24.1	20.8	18.9		23.7	12
1967	19.9	20.8	23.6	25	26.9	26.5	25.7	25.9	25.3	23.2	21.9	22.6		23.9	12
1968	20.5	19.9	22.9	26.2	26.2	25.2	24.9	25	25.5	23.6	21.9	20.4		23.5	12
1969	20.7	23.3	22.6	26.9	27.2	26.9	25.8	25.3	24.2	23.8	21.4	21		24.1	12
1970	18.8	19.4	23.6	26.8	24.8	25.6	25	25.3	24.6	24.1	20.9	21		23.3	12
1971	20.8	21.8	24	24.6	27.3	25.6	24.1	23.8	24	22.6	21.3	21.8		23.5	12
1972	22.1	21.3	24.2	26.8	27.5	24.4	23.6	23.6	24.1	23.6	22.8	20.1		23.7	12
1973	19.4	18.5	25.3	27	26	25.1	24.2	24	24.6	22.9	21.6	17.6		23	12
1974	20.7	18.9	23	24.2	26	24.6	23.9	25	23.7	21	20.8	19.4		22.6	12
1975	19.7	21.4	24.5	26.9	27.2	25.2	24.4	24.6	22	22.8	21.1	19		23.2	12
1976	17.9	19	24	25.3	25.9	23.1	22.6	23.5	23.2	20.6	17	17.1		21.6	12
1977	21.1	21.8	24.6	24.2	26.4	21.8	21.9	21	22.2	21.6	21.9	20.4		22.4	12
1978	19.2	18.9	21.8	26.9	21.7	23.2	22.9	22.6	21.2	21.2	21.8	20.8		21.9	12
1979	19.8	21.4	23.9	24.9	25.9	23.1	22.4	21.2	20.4	21.8	21.7	19.8		22.2	12
1980	21.9					25	25	24	22.2	22.3	20.4	19.8		22.6	8
1981	20.6	20.6	23.6	24.3	24.8	22.7	22.4	21.6	21.6	22.2	21.9	21.4		22.3	12
1982	22.4	22.6	24	25.3	24	23.9	23.6	23.6	21.6	21	20.7	19.6		22.7	12
1983	20.4	20.4	24.1	24.5	25.2	23.8	23.5	23.4	22	21.9	22.5			22.9	11
1984	18.9	20.7	23.8	24.4	23.2	21.5	21.6	22	20.4	21	20.3	20.1		21.5	12
1985	19	20.4	23.2	24.1	24.2	23.1	22	22.6	20.9	20.4	20	18.9		21.6	12
1986	16.4	20.4	23.7		23.7	23.6	23.4	22.7	21.3		20	19.8		21.5	10
1987	20	19.5	21.5	21.4					22.2	19.6	20	19.5		20.5	8
1988	18.7	19.6	20.7	22.2	23.8		22.9		21.4	20.3	21.1	19.4		21	10
1989	20.6	19.8	20	20.9	20.6	20	20.3	20.6	19	20	20.1	19.3		20.1	12
1990	19.5		19.5	21.3	22.5	20.7	19.7	20.1	19	19	18.7	20.5		20	11
1991	20.6	20.9	21.6	21.8	21.3	20.4	21.5	21.4	19.8	19.4	19	19.8		20.6	12
1992	19	20.9	26.2	26.4	25.1	26	26.1	26.7	26.8	26.2	24.3	23.3		24.8	12
1993	23.5	22.3	21.9	24.8	23.5	19.8	20.1	20.2	19.4	18.8	18.8	18.9		21	12
1994	18.6	18.9	19.5	20.3	20.6	20	19.8	19.4	20	21.5	21.2	20.4		20	12
1995	20	19	20.1	22	22.6	21.1	20.5	19.1	19.6	18.9	19.3	18.6		20.1	12
1996	18.3	18.7	20	21.7	21.5	19.9	20.2	20.1	20.4	19.6	18.6	19.2		19.9	12
1997	19.1	19	20.4	22.1	22.2	20.7	20.2	20.2	19.5		19.1	18.5		20.1	11
1998	19.1	19	20.2	21.5	21.3	21.3	27.2	27.4	25.8	23.3	21.2	19.2		22.2	12
1999	18.8	20.1			24.6	23	23.8	23.8	23.6	23	22.3	21.1		22.4	10
2000	22.4	23.2		26.1	25.6	25.4	26.1	24.2	24.4	22.7	23	17.5		23.7	11
2001	18.4	22	23.4	26.4	25.6	24.9	25.4	25	24	22.5	19.5	19.2		23	12
2002	18.9	19.4	23.7	26	26.6	24.4	25	25.5	24	24	20.8	18.6		23.1	12
2003	18	23.4	25.8	26.1	27.9	25	26.4	27.1	26.5	22	20.1	17.6		23.8	12
2004	19.6	22	24.4	26.6	26.4	26.8	27.1	27	25.4	24.3	21.2	19.8		24.2	12
2005	19.6	22.9	26	26	25.9	26.4	25.3	25	24.9	23	21.1	20.9		23.9	12
2006	20.4	20	22.8	24.8	25.8	24.5	24.6	25.2	25.2	25	21.4	20.7		23.4	12
2007	20.9	21.7	22.9	25.9	26	26.2	25.6	24.7	24.4	22.5	20.9	21.4		23.6	12
2008	20.7	22.4	23.2	25.1	26.4	24.1	24.2	25.1	24.2	21.8	20	20.3		23.1	12
2009	19.9	20.7	22.9	25	24.9	25.2	26.6	26.1	26.6	24.8	20.9	21.1		23.7	12
2010	18.9	20.4	21.6	25.5	26.4	25.6	24.8	24.9	24.4	22.3	21.1	18		22.8	12
2011	19.3	20	22.6	25.4	25.9	24.7	24	24.5	23.9	21.6	21.4			23	11
2012	20.3	21.3	22.6	23.1	23.2	23.1	22.4	22.7	22.5	22	20.6	20		22	12
2013	19.9	20.9	20.3	23.6	22	22.6	22	22.4	21.6	21.5	20.3	20.2		21.4	12
2014	18.3	21.6	21.4	22.7	21.8	22.2	23.7	23.9	22.4	21.6	19.7	20		21.6	12
2015	19.2	18.7	19.8	21.9	22.9	21.6	21.2	21.7	21.9	21.9	22	21.1		21.2	12
2016	19.8	19.4	23.9	23.8	24.1	24.9	25.1	24	23.2	23.8	22	22.6		23	12
2017	20	21.8	21.6	23	24.6	23.5	24	24	23.3	22.4	20.5	19		22.3	12
2018	18.5													18.5	1
2019	20	20.8	20.6	20.9	24.9	25.6	23.4	22	21.6					22.2	9
2020	20.2	21.4	21.3	23.5	24	23.2	22.9	22.6	21.9	21.5	21	19.6		21.9	12
2021	19.1	22	23.5	22.1	23.4	23	26.8	28.4	27.7	28	25.8	26.3		24.7	12
2023									26.2	25.8	23.1	21.5		24.1	4
MÍNIMA	16.4	18.5	19.5	20.3	20.6	19.8	19.7	19.1	19	18.8	17	17.1		18.5	1
MÁXIMA	23.5	23.4	26.2	27	27.9	26.9	27.2	28.4	27.7	28	25.8	26.3		24.8	12
MEDIA	19.8	20.7	22.7	24.3	24.6	23.7	23.7	23.6	23	22.3	21	20.1		22.4	11.1
DESV.ST	1.2	1.3	1.7	2	1.9	2	2	2.2	2.2	1.9	1.5	1.6		1.4	2.2
