COMISIÓN NACIONAL DEL AGUA
COORDINACIÓN GENERAL DEL SERVICIO METEOROLÓGICO NACIONAL
BASE DE DATOS CLIMATOLÓGICA NACIONAL 

ESTADÍSTICA MENSUAL
EMISIÓN   : 25/10/2024 

DATOS DISPONIBLES EN LA BASE DE DATOS A: OCTOBER DE 2024; 
CON LA INFORMACIÓN SUMINISTRADA POR LAS UNIDADES ADMINISTRATIVAS 

 ESTACIÓN  : 7193 
 NOMBRE    : PICHUCALCO (DGE) 
 ESTADO    : CHIAPAS 
 MUNICIPIO : PICHUCALCO 
 SITUACIÓN : OPERANDO 
 CVE-OMM   :   
 LATITUD   : 17.50861111 ° 
 LONGITUD  : -93.12 ° 
 ALTITUD   : 50 msnm 


LLUVIA MÁXIMA 24 H.
AÑO	ENE	FEB	MAR	ABR	MAY	JUN	JUL	AGO	SEP	OCT	NOV	DIC	ACUM	PROM	MESES
1961	152.8	43.5	106.2	53.5	43.8	75	105.4	77.4	73.7	182.5	61.8	125.3	1100.9	91.7	12
1962	50.2	26	46.1	52.5	30	48.7	104.8	94.8	80.2	254	55	84.9	927.2	77.3	12
1963	150	147	87.1	8.6	49.5	42	72.3	69.5	110.2	29.5	92.3	187.5	1045.5	87.1	12
1964	114.5	46.5	65.3	220.6	66.7	69.3	76.3	45.7	108.2	72.5	74.6	245.8	1206	100.5	12
1965	85	106	80	205	12	73	72.5	96	40	88	37.4	193	1087.9	90.7	12
1966	60.5	57.2	57	36.2	68	70.8	45.2	106.4	84.3	99	41	73	798.6	66.6	12
1967	78.4	43.5	34	43.5	172.5	127.2	20.5	101.4	238	131.3	48	208	1246.3	103.9	12
1968	104	45	37	42	44.5	46	110.5	123.5	186.5	144.5	123	140	1146.5	95.5	12
1969	95.5	68	42.5	13.9	49.5	77	60.6	107	70.6	90.2	124.3	34.2	833.3	69.4	12
1970	169	38	25	33.6	112	89.8	101.8	84	70.4	77	93.3	20	913.9	76.2	12
1972	68	158.2	30.5	35.1	25.2	110	200	73.5	70.5	60.5	120.5	234.5	1186.5	98.9	12
1973	75	41.5	9.8	81	49	75	49	110	91	127.4	90	106	904.7	75.4	12
1974	133	151.1	34	230	127	100	106	96.5	135	123.5	80	22.2	1338.3	111.5	12
1975	83	37	52	15	51.4	107	42	87.5	128.5	172.3	105	133	1013.7	84.5	12
1976	112.2	45.2	71	73.5	22.3	120	80	85.3	122	114.7	115	58	1019.2	84.9	12
1977	49	34.3	61.2	20	12.5	43	34.7	40	30.1	49.3	120	120	614.1	51.2	12
1978	98.2	89	74.2	32.1	82.1	73.7							449.3	74.9	6
1981	18	162.3	56	50	78	85.2	107	88	98	88	58	165	1053.5	87.8	12
1982	42	48	42	13	220	132	85	55	136	147	145	226	1291	107.6	12
1983	77.3	32	12	38	27	200	45	240		122	72	144	1009.3	91.8	11
1984	144	44	22	30.5			140	98	226	47	145	82.6	979.1	97.9	10
1985	148	68	64	144	44	55	112	108	86.5	232	38	152	1251.5	104.3	12
1986	70.5	43.5	232	38	94	42	35	43	42.5	187	112.5	85.5	1025.5	85.5	12
1987	72	82	85.3	19	58	127	132	142	118	82.1	152	0	1069.4	89.1	12
1988	145	308	43	165	0	155	72.5	225	58.5	225	187.5	147.5	1732	144.3	12
1989	27.5	210	87.5	18	85.5	168.5	87.6	112.8	208.9	186.7	127.5	183.5	1504	125.3	12
1990	196	164.5	95.6	66.5	110.6	64.6	36	87.5	215.7	125.5	148.5	214.5	1525.5	127.1	12
1991	215.3	68.6	108	5	112.5	73.2	75.7	45.2	67.5	225.6	95.6	135.7	1227.9	102.3	12
1992	137.5	162.5	152.6	57.5	87.6	72.5	45.1	72.5	235.2	215.4	183.5	20.6	1442.5	120.2	12
1993	22.5	152.5	25.1	35.4	63.5	187.5	34.6	115.3	215.3	194.3	144.3	32.5	1222.8	101.9	12
1994	220.5	68	92	153.4	84.2	36.3	34.3	132.1	105	63.5	43.5	144.3	1177.1	98.1	12
1995	55.3	60	163.4	144.2	27	114	68.2	95.2	189.4	52.5	113.5	114.8	1197.5	99.8	12
1996	64.2	27.5	35.2	230.2	34.2	149	92.4	78.8	98.9	98	66.6	45.6	1020.6	85	12
1997										98	66.6	45.6	210.2	70.1	3
1998	39.5	12.6	5.8	17.9		85	93.9	78.1	63.8	195.3	147.6	97.2	836.7	76.1	11
1999	44.7	92.7	16.5	59.8	62.5	47.3	103.7	102.4	84.3	163.5	59.8	144.5	981.7	81.8	12
2000	82.3	142.9	46.2	24.5	77.4	132	35.7	108.9	99.5	52.3	247.9	162.1	1211.7	101	12
2001	29.4	183.5	18.5	104.9						156.5	50.5	95.2	638.5	91.2	7
2002	110.9	139.9	51.5	58.9	47.5	50.3	38.9	55.9	44.4	46.8	214.4		859.4	78.1	11
2003				119	40	82.5	63.4	94.5	90	194	90.3	120.1	893.8	99.3	9
2004	300.5	90.5	120	51	120.7	40	60	136	80	60	110	40	1208.7	100.7	12
2005		69	60										129	64.5	2
2006									67.5	107.8			175.3	87.7	2
2007	35	49	19	12	35	106	108	90	285	90	105		934	84.9	11
2008	70	80	85	85	60	90	90	80	90	60	60	30	880	73.3	12
2009	45	202	48	35	35	45	50	65	60	60	45		690	62.7	11
2011							40	70.8	97	32.5	20	20	280.3	46.7	6
2012	33.2	10.6	16.2	28	27.3	46.5	23.6	50.8	45				281.2	31.2	9
2013										80	95.6	257.4	433	144.3	3
2014								45.2	42.3	45	52	15.5	200	40	5
2015	38.5	46	28.5	32.5	68	145	27	47.5	63.5	93	68.5	109	767	63.9	12
2016	75	58.5	68.5	68.5	8.5	32.5	28.5	88.5	78.5	52	56	68.5	683.5	57	12
2017	82.5	0	68.5	98.5	85	72.5	55.5	37.5	105	197.5	45.5	48.5	896.5	74.7	12
2018	167	55.5	93	126.5	105	43	65.5	58	68.5	38.5	165	108	1093.5	91.1	12
2019	35	176	63.5	58	35	92.5	95	145	147	158	275	95.5	1375.5	114.6	12
2020	24.5	95.5	38.5	38	135	78.5	76	98	112	140	189.5	37	1062.5	88.5	12
2021	88.5	62.5	0	25.5	82.5	98.5	96.5	8					462	57.8	8
MÍNIMA	18	0	0	5	0	32.5	20.5	8	30.1	29.5	20	0	129	31.2	2
MÁXIMA	300.5	308	232	230.2	220	200	200	240	285	254	275	257.4	1732	144.3	12
MEDIA	92.7	87.2	60.3	67.6	66	87.7	72.7	90.1	109.3	117.5	103.4	109.7	942.9	87.5	10.6
DESV.ST	59.6	62.8	43.1	60.1	43.2	41	35.7	41.1	60.6	61.2	55.8	68.4	361.1	22.6	2.8

LLUVIA TOTAL MENSUAL
AÑO	ENE	FEB	MAR	ABR	MAY	JUN	JUL	AGO	SEP	OCT	NOV	DIC	ACUM	PROM	MESES
1961	542.81	176.5	189.4	158.61	85.6	298.12	397.01	445.22	294.31	883.1	205.3	329.72	4005.7	333.8	12
1962	240.22	33.14	118.43	257	143	267.93	321.6	683	468.3	557.6	102.51	169.82	3362.55	280.2	12
1963	411.01	253.12	212.31	20.8	146.6	146.22	396.5	476.94	643.8	218.3	318.1	320.6	3564.3	297	12
1964	345.7	180.9	178.4	371.8	241.3	517.61	521	302.71	480	257.9	260.2	729.8	4387.32	365.6	12
1965	355.4	303.01	281.01	266	22.2	342.6	303.1	441.02	184.3	826.8	130.31	445.9	3901.65	325.1	12
1966	310.72	219.11	156.92	176.61	151.31	434.41	272.81	457.21	682.7	762.4	179.22	242.81	4046.23	337.2	12
1967	253.9	211.9	63.6	106.31	246.5	563.9	138.7	355.6	799.8	430.82	95.9	433.9	3700.83	308.4	12
1968	432.8	194.71	133.31	74.51	150.4	151.31	420.9	501.9	697.41	741.2	336.5	323.3	4158.25	346.5	12
1969	291.5	168.7	170.5	19.9	140.2	239	439.9	540.7	630.4	411.9	401.4	95.4	3549.5	295.8	12
1970	382	96.4	80.5	63.1	331.5	542.9	590.1	505.4	649	602.1	330.8	70.4	4244.2	353.7	12
1972	275.8	317.8	57.8	47.1	28.2	513.1	622.5	442.3	552.5	218.9	578.1	358.8	4012.9	334.4	12
1973	272.6	207.8	15.3	184.5	171.6	278	255.4	803.1	384.6	969.7	224.5	331	4098.1	341.5	12
1974	325.6	591.9	38.1	359.1	190.1	439.1	385.9	549.7	797.1	512.1	324.8	50.6	4564.1	380.3	12
1975	270.4	121.7	82.3	29.4	126.2	280.3	178.1	402	658.4	1044	337.6	240.6	3771	314.2	12
1976	445.9	148.8	146.7	89.1	92.2	385	349.6	525	367.3	593.5	752.3	279.9	4175.3	347.9	12
1977	191.2	190.3	111.4	75.8	27.9	252.1	166.4	164.6	219	254.4	683.7	406.8	2743.6	228.6	12
1978	308.4	287.7	190.2	41.1	176.1	547.1							1550.6	258.4	6
1981	58.5	652.9	245	90	144	602.2	603.5	695.5	614	434	150.8	476	4766.4	397.2	12
1982	202.5	282	112	18.5	590	458	294	292	966.6	454.1	443.2	750	4862.9	405.2	12
1983	323	136	12	92	51	465	304	695		603.4	299	776.8	3757.2	341.6	11
1984	328.6	141	62	40.5			579.4	659.5	1080.5	256	310	213.2	3670.7	367.1	10
1985	414.5	177	224	364.8	131	490	483.5	357.5	327	562.5	80.5	445	4057.3	338.1	12
1986	424.4	130.5	270	49	335.5	232.1	83.2	256.8	227.5	475	431	141	3056	254.7	12
1987	165.5	158	280.8	37	83.2	672.7	737.7	549.5	363.2	338.3	288	0	3673.9	306.2	12
1988	550.7	553	140.9	210.5	0	703.9	265	939.1	352.3	990.7	404.5	283.5	5394.1	449.5	12
1989	99.5	376.5	154	43.5	160	617.4	259.9	410.11	1017.2	629.7	521.4	665.3	4954.51	412.9	12
1990	580.2	333	220.3	110	263.7	220.2	249.9	271.3	744.1	581.8	723.4	564.3	4862.2	405.2	12
1991	490.9	399.4	148.5	5	140	249.4	278.9	227.5	556.7	1023.5	485.4	345.4	4350.6	362.6	12
1992	706	450.9	221.9	174.1	189.2	321.5	229.4	385.1	750.9	472.5	557.6	65.31	4524.41	377	12
1993	87	205.5	99.9	89.4	153.8	949.9	195.8	441.5	764.4	1103.01	272.81	174.7	4537.72	378.1	12
1994	439.7	241.3	272.3	322.8	136.3	127.4	228	583.5	609.6	231.8	108.2	296.7	3597.6	299.8	12
1995	263.4	157.7	311.6	293.6	27	511.3	391.1	670.7	641.2	250.5	321.4	306.9	4146.4	345.5	12
1996	195.8	65.8	78.7	428.2	100.8	541.6	483.4	543	703	413.2	345.5	116.2	4015.2	334.6	12
1997										413.2	364.7	116.2	894.1	298	3
1998	118	23.4	12.3	30.1		135.1	553.6	409.4	394.2	633.8	310	204.4	2824.3	256.8	11
1999	141.3	215.9	34.1	165	114.4	248.3	445.3	448.7	649.3	960.1	150.1	305.5	3878	323.2	12
2000	211.6	227.3	61.4	34.4	434.4	480.9	131.8	623.2	589.1	288.6	511.8	440.7	4035.2	336.3	12
2001	62.1	588.5	26.8	346.7						685.7	213.7	298	2221.5	317.4	7
2002	256.3	544.5	212.2	118.5	73.3	275.8	101	289.1	441.6	163.7	630		3106	282.4	11
2003				151.9	140.5	372	225.3	353.6	370.5	491	472.6	256.1	2833.5	314.8	9
2004	651.8	349.3	257.5	119	421.2	154	282	335	495	203	247	150	3664.8	305.4	12
2005		131.3	99										230.3	115.2	2
2006									378.8	434.2			813	406.5	2
2007	296	371	71	12	35	248	527	611	661	555	547		3934	357.6	11
2008	255.9	440	285	375	160	223	709	522	935	283	221	124	4532.9	377.7	12
2009	332	443	297	132	105	268	270	339	288	238	353		3065	278.6	11
2011							394.4	343.6	429.1	297.9	60.9	72.3	1598.2	266.4	6
2012	116.3	31.7	66.6	93	218.8	323.9	157.8	422.5	327.6				1758.2	195.4	9
2013										484.1	624.5	848.4	1957	652.3	3
2014								162.1	415.3	241.1	175.8	38	1032.3	206.5	5
2015	273.6	76.5	125.5	37.5	134.5	339	79	299.5	408.5	563.5	329.5	542.1	3208.7	267.4	12
2016	302.8	219	121.5	112	19	129.5	128.8	490.7	517.5	318.5	272.5	249	2880.8	240.1	12
2017	131	0	176	255	155	216.5	185.5	97	684	918.1	158.5	104.5	3081.1	256.8	12
2018	532	121	157.5	240	130.5	187.5	150.5	220.5	335.5	68	355.5	196.5	2695	224.6	12
2019	149	429	232	86	110	350.5	172.5	202.1	340.5	359.5	1078	381.5	3890.6	324.2	12
2020	46	350.5	56.5	38	490	329.5	227	570	829	578.5	826.5	87	4428.5	369	12
2021	183.5	153	0	25.5	140	203	249	19.5					973.5	121.7	8
MÍNIMA	46	0	0	5	0	127.4	79	19.5	184.3	68	60.9	0	230.3	115.2	2
MÁXIMA	706	652.9	311.6	428.2	590	949.9	737.7	939.1	1080.5	1103.01	1078	848.4	5394.1	652.3	12
MEDIA	300.9	252.5	144.5	138.8	163.7	364.2	328.3	437.9	554.3	514.8	363.6	303.3	3431.6	321.4	10.6
DESV.ST	155.7	159	87.5	117.5	123.2	176.5	167.7	181.3	215.4	260.3	209.5	206.1	1174.5	79.7	2.8

EVAPORACIÓN MENSUAL
AÑO	ENE	FEB	MAR	ABR	MAY	JUN	JUL	AGO	SEP	OCT	NOV	DIC	ACUM	PROM	MESES
1961	44.1	64.5	145.6	151.6	217.7	167.9	143.7	140.9	146.9	76.7	89.3	88.5	1477.4	123.1	12
1962	68.9	129.7	147.8	144.3	193.2	166.2	157.3	87.5	123.8	120.9	89.8	79.2	1508.6	125.7	12
1963	74.2	79.3	127	160.6	158.7	181.3	136.7	131.3	117.5	107.65	81.43	56.75	1412.43	117.7	12
1964	55	81.3	112.2	140.9	193.5	128.2	129.5	157.3	125.5	102.6	91.7	71.1	1388.8	115.7	12
1965	71	75.1	119.2	167.9	186.9	150.3	116.6	117.1	115.3	83.8	89.8	67	1360	113.3	12
1966	54.5	52.4	99.6	117	148.6	170.5	134.1	127	95.5	105.8	89.9	55.5	1250.4	104.2	12
1967	65.3	58.8	102	142.1	168.5	128.1	136.2	135.3	112.6	80.3	78.7	81.2	1289.1	107.4	12
1968	56	54.6	82.5	135.8	153.9	131	126.3	124.5	117.6	106	81.4	59	1228.6	102.4	12
1969	67.3	83	79.1	141.5	146.5	147.3	117.7	97.49	75.7	87.8	59.4	62.1	1164.89	97.1	12
1970	47.3	48.7	93.2	143.4	129.1	108.3	95.5	104.9	88.5	81.5	51.3	72.6	1064.3	88.7	12
1972	63.8	60.8	126.4	143.6	160.3	119.9	113.2	109	112.1	103.7	74	63.4	1250.2	104.2	12
1973	53.8	48.7	133	120.6	142.3	27.1	106.2	118.7	133.7	95.3	94.6	60.9	1134.9	94.6	12
1974	81.7	60.2	115.7	111.7	145.6	105.1	109.7	117.2	101.6	76.9	71.3	67.7	1164.4	97	12
1975	66.2	73.7	117.5	146.7	172.1	135.9	124.2	128.4	94.9	89.4	69.7	59.6	1278.3	106.5	12
1976	43.2	58	113.2	111.3	136.1	116.1	115.4	106.1	109.5	87.4	45.7	39.8	1081.8	90.2	12
1977	58.8	46	105.2	94.6	156.1	119.9	114.6	128.3	113.2	93.1	76.2	64.8	1170.8	97.6	12
1978	54.92	53.78	80.96	20.59		104.35							314.6	62.9	5
1982								67.64	44.95	113.4	88.87	74.2	389.06	77.8	5
1983	54.2		106.02	82.25	100.48	136.62	73.57			152.7	102.2	73	881.04	97.9	9
1984	68.97	41.56	60.2	112.84						80.9		73.4	437.87	73	6
1985	92.8	104.8	133.39	74.5	83.5	62.7	113.9	120.6	96.4	73.8		55.6	1011.99	92	11
1986	34	97.8	100.9	77.1	81.2	160.6	30.7		107.3	130.6			820.2	91.1	9
1987	95.4	109.1	74.2	72.4	34.7	110.17	33.4	77.9	124.08	105.86	33.48	66.9	937.59	78.1	12
1988	77.7	91	87.2	96.42	106.26	107.34		153.44	121.88		94.01	95.23	1030.48	103	10
1989	96.04	102.11	94.33	128.31	110.04	95.47	100.68						726.98	103.9	7
1993	103.97	95.52	90.85	103.62	109.82	45.6							549.38	91.6	6
1998										32.41	80.97	60.61	173.99	58	3
1999	62.94	77.42	132.51	145.17	187.71	137.15	76.25	88.36	30.2	26.51	53.51	62.24	1079.97	90	12
2000	74.42	116.59	192.91	187.82	114.05	72.78	151.54	68.49	61.06	59.78	80.69	67.73	1247.86	104	12
2001	75.39	74.02	159.07	161.42						43.21	95.52	20.22	628.85	89.8	7
2002	71.34	47.26	116.54	195.29	175.55	90.96	154.63	114.28	54.85	109.21			1129.91	113	10
MÍNIMA	34	41.56	60.2	20.59	34.7	27.1	30.7	67.64	30.2	26.51	33.48	20.22	173.99	58	3
MÁXIMA	103.97	129.7	192.91	195.29	217.7	181.3	157.3	157.3	146.9	152.7	102.2	95.23	1508.6	125.7	12
MEDIA	66.7	74.5	112	125.2	142.8	119.5	113	114	101	89.9	77.6	65.3	1018.9	97.1	10.2
DESV.ST	16.7	23.9	28.2	37.8	41.7	37.8	32.8	24.3	29	27.9	17.6	14.5	354.5	15.9	2.7

TEMPERATURA MÁXIMA PROMEDIO
AÑO	ENE	FEB	MAR	ABR	MAY	JUN	JUL	AGO	SEP	OCT	NOV	DIC	ACUM	PROM	MESES
1961	25.2	27.5	33.7	33.8	36.7	35	33.1	33.6	34.1	29.8	29.6	29.6		31.8	12
1962	27	33.6	33.6	33.7	36.6	35.5	34.1	34.1	33.2	32.6	29.8	28.6		32.7	12
1963	27.9	29	32.4	34.9	34.7	36.2	33.9	33.5	32.7	31.5	29.3	26.2		31.9	12
1964	26.1	29.2	31.6	33.9	36.5	33.6	33.3	35.4	33.9	30.9	31.4	28.2		32	12
1965	28.6	30	31.5	35.2	36.5	35.6	32	33.2	33.6	29.6	30.4	28.2		32	12
1966	26	27.5	29.4	32.9	34.4	34.1	33.8	34	32.5	31	28.5	26.3		30.9	12
1967	26	27.3	31.5	34.2	35.4	33.7	34.2	34.2	32.8	29.8	29.1	29.1		31.4	12
1968	27.2	26.7	28.6	34.2	35.3	34.3	33.2	33.1	33.1	31.3	29.9	27.4		31.2	12
1969	27.3	30	28.5	34.4	34.6	35.6	33.4	31.6	31.2	31.9	27.8	27.9		31.2	12
1970	26.2	26.6	30.9	34.9	33.1	33.3	32.3	33.3	31.4	30.2	27.1	29		30.7	12
1972	27.9	27.8	33.7	35.3	36.3	33.5	33.1	32.7	33	32.3	29.8	27.9		31.9	12
1973	26.8	26.6	33.9	33.2	34.6	35.2	34.5	32.9	34.5	31	31.5	27.7		31.9	12
1974	30.4	28.4	32.8	32.6	35	32.2	32.7	33.1	31.9	29.4	29.1	28.5		31.3	12
1975	28.2	29.8	33	35.4	37	34.6	33.5	33.8	31.5	30.4	29.1	27.6		32	12
1976	25.3	27.5	32.7	32.5	34.3	33.2	32.9	32.4	32.8	30.4	25.9	25.2		30.4	12
1977	27.2	26.1	31.4	31	35.8	33.4	32.9	33.6	33	30.9	29.4	27.7		31	12
1978	26.8	26.8	29.3	32	35.7	32.7								30.6	6
1982								28	26.8	27	26.6	26.3		26.9	5
1983	26.4	26.5	26.5	26.8	27.2	26.9	26.6	26.8		26.8	26.7	26.3		26.7	11
1984	25.2	25.6	27.1	28			27	26.9	26.6	27	26.4	26.7		26.6	10
1985	25.9	26.5	27	26.8	27.8	27.1	27.1	27.4	27	26.7	26.7	26.1		26.8	12
1986	25.9	26.7	26.2	28.7	28.9	27.3	27.8	27.3	27.2	26.9	26.6	26.4		27.2	12
1987	24.9	26.2	26.3	26.9	28.4	27.6	27.1	27.2	27.6	26.3	25.9	25.9		26.7	12
1988	24	25.7	27	29.3	30.7	28.1	27.3	27	27.3	25.9	26.9	26.3		27.1	12
1989	27.3	26.4	26.8	29.6	30.5	28.4	28.4	27.6	26.4	26.6	27.8	25.3		27.6	12
1990	27	26.6	26.7	29.7	30.6	28.4	27.6	27.8	27.4	27.9	27.3	26.4		27.8	12
1991	27.3	26.3	28.5	31.3	30.8	30.1	28.8	28.9	27.7	27.2	26.7	27.6		28.4	12
1992	25.4	26.4	28.4	28.9	28.3	28.8	29.4							27.9	7
1996						33.6	34.4	34.3	35.1	32.4	30.1	28.3		32.6	7
1997										32.4	29.8	28.6		30.3	3
1998	29.1	31.8	32.6	36.8		39.4	35.4	35.3	35	31.8	31.7	28.4		33.4	11
1999	28.8	29.7	32.4	35.9	38.1	36.1	34.3	35	32.9	30.3	28.1	28		32.5	12
2000	30.2	31.6	37.5	38	38.1	37	37.9	35.6	35.4	33	33.3	29.1		34.7	12
2001	30.1	31.1	34.5	38.9						29.7	29.7	28.2		31.7	7
2002	25.8	25.1	28.5	36.4	36.9	37.5	39.7	35.1	32.1	31.8	28.2			32.5	11
2003				36.2	37.8	35.9	35.3	35.3		27.3	26.9	26.3		32.6	8
2004	25.7	31.9	37.8	40.1	38.7	41.2	41	41.1	40.9	39.4	36.8	34.7		37.4	12
2005		36.4	39.8											38.1	2
2006									35.9	34.4				35.1	2
2009	29	29	27.9	31.8	34.9	32.4	30.8	29.4	30.7	31.4	28.5			30.5	11
2011							23.1	23.6	21.7	21.4	20.2	19.2		21.5	6
2012	19.9	21.1	20.8	21.9	22	21.8	21.6	21.7	21.7					21.4	9
2013										32	29.3	28.3		29.9	3
2022	29.5	29.2	32	36	33.2	31	36.2	33.5						32.6	8
MÍNIMA	19.9	21.1	20.8	21.9	22	21.8	21.6	21.7	21.7	21.4	20.2	19.2		21.4	2
MÁXIMA	30.4	36.4	39.8	40.1	38.7	41.2	41	41.1	40.9	39.4	36.8	34.7		38.1	12
MEDIA	26.9	28.1	30.6	32.8	33.7	32.8	31.9	31.6	31.2	30	28.6	27.4		30.5	10
DESV.ST	2	2.7	3.8	3.9	3.9	4	4.2	4	4	3	2.6	2.2		3.3	3.2

TEMPERATURA MÁXIMA EXTREMA
AÑO	ENE	FEB	MAR	ABR	MAY	JUN	JUL	AGO	SEP	OCT	NOV	DIC	ACUM	PROM	MESES
1961	32	33	40	39	40.3	38	36	36	38	34.3	35	35		36.4	12
1962	34	39	40	40	41	40	36	38	36	35	34	32		37.1	12
1963	34	37	37	38	38	39	37	36	36	34	35	34		36.2	12
1964	34	37	37	39	42	37	35	37	37	37	35	35		36.8	12
1965	33	36	37	38	39	40	34	36	36	33	34	33.5		35.8	12
1966	30.3	35	36	36.8	38.8	37.2	36	37	34.8	35	35	32.4		35.4	12
1967	31.2	33.4	36	37.3	39.8	38.2	35.8	37.2	36.5	33.8	34	33.9		35.6	12
1968	31	33	39.2	37.3	38	37.3	34.8	34.6	36.4	34.2	34.8	32.4		35.2	12
1969	31.3	34.8	37.4	38.2	40.3	39.4	36.6	34.8	34	34.8	33.6	33.4		35.7	12
1970	32	36	38	39.4	38.4	38	34.9	36.3	33.8	34.2	32.6	31.5		35.4	12
1972	31.9	33	40.6	39.4	39.8	36	35.4	34	34.6	35.3	33.8	32.8		35.5	12
1973	32.4	32	39.9	39.9	40.7	37.4	37.4	35.5	37.5	35.2	35.2	33		36.3	12
1974	33	35.5	38	38.6	39.8	37.5	35	35.5	34.9	33.3	33.4	32.2		35.6	12
1975	33.7	33.7	37	39.5	41.4	38.3	36	36	35	34	32.5	31		35.7	12
1976	32	33	35.5	35.5	38.5	39	35	35	35.5	35	32	32		34.8	12
1977	33.5	35.5	37	37.5	38.5	36	35	36.5	37.5	35	34	33.5		35.8	12
1978	33.5	33.5	35.5	36	41.5	35.5								35.9	6
1982								29	29	29	29	29		29	5
1983	28	28	28	30	29	28	28	28		28	28	29		28.4	11
1984	27.5	28	29.5	30			28	27.5	27.5	28	29	28		28.3	10
1985	27	27.5	27.5	28	30	28	28.5	28.5	27.5	27.5	28	27.5		28	12
1986	28	28	28	31	32.5	28.5	30	28.5	28.5	28.5	28.5	28		29	12
1987	28	27.5	29	29	30	30	29	28.5	28.5	27.5	27.5	28		28.5	12
1988	26.5	28	29	32.5	33	32	28.5	28.5	28.5	27.5	28.5	28		29.2	12
1989	29.5	28.5	30.5	33	39.5	32.5	31.5	36.5	31	29.5	33.5	27.8		31.9	12
1990	30	30	28.6	31.7	36.5	34	29	32.5	29.2	30.2	30.7	30.5		31.1	12
1991	28.9	28.9	31.4	33.8	33.2	34.9	31.4	30.5	29.2	30.5	29	35.5		31.4	12
1992	28.7	29.7	31.2	31.7	30.6	30.5	30.4							30.4	7
1996						38	38	37	37	36	36	35		36.7	7
1997										36	36	35		35.7	3
1998	36	38	39	43		43	39	37	38	37	34	32		37.8	11
1999	35	33	35	40	43	39	36	38	37	35	32	36		36.6	12
2000	33	36	40	41	41	40	40	38	38	36	39	32		37.8	12
2001	34	34	38	41						32	31	30		34.3	7
2002	30	28	34	38	38	40	42	41	35	34	34			35.8	11
2003				42	42	39	37	38.5		36	34	30		37.3	8
2004	30.5	38	42	45	44	43	44	43	46	43	42	39		41.6	12
2005		41	46											43.5	2
2006									38	38				38	2
2009	38	36	40	38	40	40	37	37	38	38	36			38	11
2011							26	28	25	24	25	22		25	6
2012	24	25	25	27	26	24	23	23	23					24.4	9
2013										36	36.5	36.5		36.3	3
2022	34	34	37	40	38	35	39	34						36.4	8
MÍNIMA	24	25	25	27	26	24	23	23	23	24	25	22		24.4	2
MÁXIMA	38	41	46	45	44	43	44	43	46	43	42	39		43.5	12
MEDIA	31.4	32.9	35.4	36.6	37.7	36.2	34.2	34.3	33.9	33.3	32.9	31.8		34.3	10
DESV.ST	3	3.9	4.9	4.4	4.5	4.4	4.6	4.4	4.7	3.8	3.4	3.3		4.1	3.2

TEMPERATURA MÍNIMA PROMEDIO
AÑO	ENE	FEB	MAR	ABR	MAY	JUN	JUL	AGO	SEP	OCT	NOV	DIC	ACUM	PROM	MESES
1961	19	18.5	20.9	22.3	22.7	23	22.9	22.6	22.7	21.7	20.3	19		21.3	12
1962	16.9	19	19	21.4	22.4	22.8	22.7	22.7	22.9	22.6	18.8	18.6		20.8	12
1963	17.6	17.5	20.8	22.1	23.2	23.7	23.1	22.9	22.9	22.1	19.9	16.8		21	12
1964	16.9	18.5	20.6	23	23.7	23.1	22.9	23.1	22.9	20.5	20.6	19.2		21.2	12
1965	18.6	19.1	19.8	21.3	23.6	23.5	22.5	23	23.3	21.6	21.2	19.3		21.4	12
1966	18.4	18.6	20	22.9	23.4	23.4	23.6	23.4	23.4	22.5	19.4	16.4		21.3	12
1967	17.5	17.7	19.7	21.7	22.9	23.4	22.6	22.8	22.9	21.6	19.5	19.2		21	12
1968	18.6	17.2	18.4	22	23.1	23.4	22.6	22.7	23.4	22.1	19.4	18.9		21	12
1969	18.7	20.2	20.2	23.1	23.9	23.8	23.7	23.4	23.5	22.9	20.1	18.5		21.8	12
1970	18.5	17.8	19.5	23.4	22.3	23.7	23.6	23.8	23.3	23	18.6	19.4		21.4	12
1972	19.4	17.6	20.7	22.4	23.6	24.1	23	22.8	23.1	22.7	21.9	18.7		21.7	12
1973	18.1	18.1	21	21.9	23.2	23.3	23.3	23.4	23.1	22.1	21.3	15.6		21.2	12
1974	19.6	17.4	20.5	21.8	22.6	23.2	22.3	22.7	22.8	21.1	20.2	19		21.1	12
1975	18.5	18.6	21.1	22.8	24.1	23	22	22.3	22.3	21.8	20.3	18.2		21.2	12
1976	16.8	16.7	20.7	21.5	23	22.9	22.6	22.5	22.7	21.9	20	18.5		20.8	12
1977	17.9	18.8	20	21.3	23.1	22.9	22.3	23.1	22.8	22.1	19.9	19.7		21.2	12
1978	17.3	17.7	19.4	21.5	22.8	23.1								20.3	6
1982								16.3	16.2	15.5	14.2	13.4		15.1	5
1983	11.8	12.4	13.2	17.2	17.3	17	16.5	15.9		16.4	16.3	14.5		15.3	11
1984	15.3	17.6	17.9	19.4			21.2	21.6	20.5	20.2	19.6	18.8		19.2	10
1985	18.1	18.1	19.6	19.9	21.7	22.2	21.7	21.5	21.3	21.5	21.1	20.1		20.6	12
1986	19.5	18.9	18.8	21.7	21.8	21.2	20.1	21	21.4	20.4	20.6	19.6		20.4	12
1987	17.2	18.8	19.5	19.4	21.5	20.6	20.2	20.5	20.9	19.5	19.1	19.5		19.7	12
1988	18.3	18.7	20.1	21.2	21.7	19.6	19.6	18.9	19.6	18.8	19.2	18.7		19.5	12
1989	18.9	18.4	18	20.3	20.5	19	20.1	18.9	17.7	17.3	18.3	15.9		18.6	12
1990	17.5	17.5	17.9	19.7	20.1	18.3	17.8	18.2	17.4	18.8	18.5	17.6		18.3	12
1991	17.8	17.1	18.9	21.2	21.8	20.3	18.6	19.2	18	17.5	17.2	17.5		18.8	12
1992	16.3	17.2	18.7	19.5	19.5	18.9	20							18.6	7
1996						22.4	23	22.9	23.7	12.8	11.8	11.4		18.3	7
1997										13.1	11.9	10.7		11.9	3
1998	10.6	8.9	9	19.1		20	18.3	20.7	21.2	13.5	12.6	9.6		14.9	11
1999	7.8	9.1	10.3	22.5	23.7	23	22.6	22.6	23.1	21.6	19.3	18		18.6	12
2000	20.3	20.6	21.1	22.1	22.6	22.3	24	23.6	23.6	22.6	21.3	12.7		21.4	12
2001	11.2	13.3	13.3	15.7						15.3	13.5	12.5		13.5	7
2002	11.2	11.5	13	15.8	16.7	16.9	16.9	20.6	23.9	23.1	21			17.3	11
2003				21.3	24	24.6	23.6	24.2		20.8	19.8	19		22.2	8
2004	19.5	19.9	21.4	21.7	23.2	23.2	22.9	23.2	22.8	22.8	20.4	18.7		21.6	12
2005		19.2	20.5											19.9	2
2006									24.1	25				24.6	2
2009	13.3	13	13.8	13.9	14	13.8	15.1	14.9	15	15.2	15.1			14.3	11
2011							12.2	11.3	13.1	11.1	7.4	6.1		10.2	6
2012	6.7	7.8	7.4	7.9	10.1	10.6	9.9	10.9	10.6					9.1	9
2013										23.5	21.8	19.9		21.7	3
2022	20.1	19.2	21.8	24.7	23.5	23.3	23.5	23						22.4	8
MÍNIMA	6.7	7.8	7.4	7.9	10.1	10.6	9.9	10.9	10.6	11.1	7.4	6.1		9.1	2
MÁXIMA	20.3	20.6	21.8	24.7	24.1	24.6	24	24.2	24.1	25	21.9	20.1		24.6	12
MEDIA	16.7	16.9	18.3	20.6	21.7	21.5	20.9	21	21.2	20	18.5	16.9		19.2	10
DESV.ST	3.4	3.2	3.6	3.1	3	3.1	3.3	3.3	3.3	3.5	3.3	3.4		3.4	3.2

TEMPERATURA MÍNIMA EXTREMA
AÑO	ENE	FEB	MAR	ABR	MAY	JUN	JUL	AGO	SEP	OCT	NOV	DIC	ACUM	PROM	MESES
1961	17	14	15	19	15	22	21	20.5	21	19	15	14		17.7	12
1962	11	16	16	17	20	20	20	21	21	20	15	15		17.7	12
1963	14	12	18	20	20	21	21	21	21	20	2	10		16.7	12
1964	12	16	16	20	21	21	21	21	21	16	15	16		18	12
1965	11	12	16	17	21	21	20	21	22	17	18.3	16		17.7	12
1966	12.2	13	15	21	20.2	21.3	22	21.3	22	18.2	14	12.2		17.7	12
1967	13	13	16.3	19	19.3	22	19.4	21	19.8	18	16.5	14		17.6	12
1968	14.5	12.2	13	18.2	21.3	22	20.4	21	21	16	14.2	14		17.3	12
1969	16	17.8	18	19.6	21	22	21.3	22	22	21	16	16		19.4	12
1970	14	11.6	13.8	20.4	15	21.3	22	21.8	21.2	20	13.5	16		17.6	12
1972	15.3	11.8	18	20	19.4	22.2	21	21.4	22	20	19	11.8		18.5	12
1973	12.2	12.3	16.7	19	19.5	22.2	22	22	22	21	18.2	11.3		18.2	12
1974	18	13	13.9	19	20.4	21	20.2	21	19.4	18	14.9	15		17.8	12
1975	15	14	18.3	19.5	21.4	20.3	21	21	19	18.5	14.5	14.5		18.1	12
1976	12	13	17	18	21	20.5	20.5	21	21	18.5	17	15		17.9	12
1977	14	14.5	16.5	16.5	21	21.5	21	21	21	16.5	14	13.5		17.6	12
1978	13	12.5	15.5	17.5	18.5	21.5								16.4	6
1982								15	15	11	11	10		12.4	5
1983	9	10	12	13	15	14	15	15		14	14	10		12.8	11
1984	10	14	11.5	13			19	19.5	19	18	17.5	17		15.8	10
1985	16	16	17	12	19.5	21	19	19.5	19.5	20	18.5	18		18	12
1986	15.5	14	14	19.5	19.5	19	18.5	18	19.5	18	18.5	18		17.7	12
1987	12.5	15	12.5	15.5	19.5	18.5	18	18	18	17	15.5	16.5		16.4	12
1988	15	14	17.5	17	19.5	16.5	18	17.5	17.5	17	16.5	16.5		16.9	12
1989	17.5	15	10.5	18	18	16.5	16.5	17	15.8	15.8	16	12.7		15.8	12
1990	15.7	15.6	15.5	15.7	16.3	16.5	16	16.6	16	16.4	15.8	14.5		15.9	12
1991	15.3	12.1	12	16.8	19	17.6	17.4	17	16	12	15.7	14.7		15.5	12
1992	14.1	14.2	16.2	17.2	17.2	17	19.2							16.4	7
1996						20	22	21	23	8	9	7		15.7	7
1997										8	9	7		8	3
1998	7	5	5	14		18	17	19	18	12	8	6		11.7	11
1999	4	4	7	13	22	21	21	20	22	17	16	14		15.1	12
2000	17	16	19	19	20	20	22	23	21	21	15	9		18.5	12
2001	9	10	10	14						13	12	10		11.1	7
2002	8	7	10	14	14	15	15	15	22	21	14			14.1	11
2003				17	14	23	22	22		20	17	15		18.8	8
2004	2	15	18	18	21	21	20	22	21	20	15	14		17.2	12
2005		16	16											16	2
2006									22	22				22	2
2009	8	9	9	9	8	9	11	11	11	11	11			9.7	11
2011							9	8	9	3	0	1		5	6
2012	3	2	4	3	5	8	7	8	0					4.4	9
2013										22	17.5	13		17.5	3
2022	18.5	17	19	23	23	23	22	23						21.1	8
MÍNIMA	2	2	4	3	5	8	7	8	0	3	0	1		4.4	2
MÁXIMA	18.5	17.8	19	23	23	23	22	23	23	22	19	18		22	12
MEDIA	12.5	12.7	14.3	16.8	18.4	19.4	18.9	19	18.9	16.8	14.2	13		15.9	10
DESV.ST	4.1	3.5	3.8	3.7	3.8	3.5	3.6	3.8	4.5	4.3	4.1	3.7		3.7	3.2

TEMPERATURA MEDIA MENSUAL
AÑO	ENE	FEB	MAR	ABR	MAY	JUN	JUL	AGO	SEP	OCT	NOV	DIC	ACUM	PROM	MESES
1961	22.1	23	27.3	28	29.7	29	28	28.1	28.4	25.8	25	24.3		26.6	12
1962	22	26.3	26.3	27.6	29.5	29.1	28.4	28.4	28	27.6	24.3	23.6		26.8	12
1963	22.8	23.2	26.6	28.5	29	30	28.5	28.2	27.8	26.8	24.6	21.5		26.5	12
1964	21.5	23.9	26.1	28.4	30.1	28.4	28.1	29.2	28.4	25.7	26	23.7		26.6	12
1965	23.6	24.6	25.6	28.2	30	29.6	27.2	28.1	28.5	25.6	25.8	23.8		26.7	12
1966	22.2	23	24.7	27.9	28.9	28.8	28.7	28.7	28	26.8	24	21.4		26.1	12
1967	21.8	22.5	25.6	28	29.1	28.6	28.4	28.5	27.8	25.7	24.3	24.1		26.2	12
1968	22.9	22	23.5	28.1	29.2	28.8	27.9	27.9	28.2	26.7	24.6	23.1		26.1	12
1969	23	25.1	24.4	28.8	29.2	29.7	28.5	27.5	27.4	27.4	24	23.2		26.5	12
1970	22.4	22.2	25.2	29.1	27.7	28.5	28	28.5	27.4	26.6	22.9	24.2		26.1	12
1972	23.6	22.7	27.2	28.8	30	28.8	28	27.8	28	27.5	25.9	23.3		26.8	12
1973	22.5	22.4	27.4	27.6	28.9	29.2	28.9	28.1	28.8	26.6	26.4	21.6		26.5	12
1974	25	22.9	26.6	27.2	28.8	27.7	27.5	27.9	27.4	25.2	24.6	23.8		26.2	12
1975	23.4	24.2	27	29.1	30.6	28.8	27.8	28	26.9	26.1	24.7	22.9		26.6	12
1976	21	22.1	26.7	27	28.6	28	27.8	27.4	27.8	26.1	23	21.9		25.6	12
1977	22.5	22.5	25.7	26.1	29.4	28.1	27.6	28.4	27.9	26.5	24.6	23.7		26.1	12
1978	22	22.2	24.4	26.8	29.2	27.9								25.4	6
1982								22.1	21.5	21.2	20.4	19.9		21	5
1983	19.1	19.4	19.9	22	22.2	22	21.6	21.4		21.6	21.5	20.4		21	11
1984	20.2	21.6	22.5	23.7			24.1	24.2	23.6	23.6	23	22.8		22.9	10
1985	22	22.3	23.3	23.4	24.8	24.6	24.4	24.4	24.1	24.1	23.9	23.1		23.7	12
1986	22.7	22.8	22.5	25.2	25.4	24.2	24	24.1	24.3	23.6	23.6	23		23.8	12
1987	21	22.5	22.9	23.1	25	24.1	23.6	23.9	24.2	22.9	22.5	22.7		23.2	12
1988	21.1	22.2	23.6	25.2	26.2	23.9	23.5	23	23.5	22.4	23	22.5		23.3	12
1989	23.1	22.4	22.4	25	25.5	23.7	24.2	23.2	22	22	23	20.6		23.1	12
1990	22.2	22	22.3	24.7	25.4	23.4	22.7	23	22.4	23.4	22.9	22		23	12
1991	22.6	21.7	23.7	26.2	26.3	25.2	23.7	24	22.9	22.4	22	22.6		23.6	12
1992	20.9	21.8	23.5	24.2	23.9	23.9	24.7							23.3	7
1996						28	28.7	28.6	29.4	22.6	21	19.9		25.5	7
1997										22.8	20.9	19.6		21.1	3
1998	19.9	20.4	20.8	28		29.7	26.9	28	28.1	22.6	22.1	19		24.1	11
1999	18.3	19.4	21.4	29.2	30.9	29.6	28.4	28.8	28	26	23.7	23		25.6	12
2000	25.2	26.1	29.3	30	30.4	29.6	31	29.6	29.5	27.8	27.3	20.9		28.1	12
2001	20.6	22.2	23.9	27.3						22.5	21.6	20.4		22.6	7
2002	18.5	18.3	20.8	26.1	26.8	27.2	28.3	27.9	28	27.5	24.6			24.9	11
2003				28.8	30.9	30.2	29.4	29.8		24	23.4	22.6		27.4	8
2004	22.6	25.9	29.6	30.9	31	32.2	32	32.1	31.9	31.1	28.6	26.7		29.6	12
2005		27.8	30.1											29	2
2006									30	29.7				29.9	2
2009	21.1	21	20.9	22.9	24.4	23.1	23	22.1	22.9	23.3	21.8			22.4	11
2011							17.6	17.5	17.4	16.2	13.8	12.6		15.8	6
2012	13.3	14.5	14.1	14.9	16	16.2	15.8	16.3	16.1					15.2	9
2013										27.8	25.6	24.1		25.8	3
2022	24.8	24.2	26.9	30.4	28.4	27.1	29.9	28.2						27.5	8
MÍNIMA	13.3	14.5	14.1	14.9	16	16.2	15.8	16.3	16.1	16.2	13.8	12.6		15.2	2
MÁXIMA	25.2	27.8	30.1	30.9	31	32.2	32	32.1	31.9	31.1	28.6	26.7		29.9	12
MEDIA	21.8	22.5	24.5	26.7	27.7	27.1	26.4	26.3	26.2	25	23.6	22.2		24.9	10
DESV.ST	2.2	2.3	3.1	3	3.1	3.1	3.4	3.4	3.5	2.7	2.4	2.3		3	3.2
