COMISIÓN NACIONAL DEL AGUA
COORDINACIÓN GENERAL DEL SERVICIO METEOROLÓGICO NACIONAL
BASE DE DATOS CLIMATOLÓGICA NACIONAL 

ESTADÍSTICA MENSUAL
EMISIÓN   : 25/10/2024 

DATOS DISPONIBLES EN LA BASE DE DATOS A: OCTOBER DE 2024; 
CON LA INFORMACIÓN SUMINISTRADA POR LAS UNIDADES ADMINISTRATIVAS 

 ESTACIÓN  : 7229 
 NOMBRE    : SANTO DOMINGO (CFE) 
 ESTADO    : CHIAPAS 
 MUNICIPIO : CHIAPA DE CORZO 
 SITUACIÓN : OPERANDO 
 CVE-OMM   :   
 LATITUD   : 16.45361111 ° 
 LONGITUD  : -93.05555556 ° 
 ALTITUD   : 500 msnm 


LLUVIA MÁXIMA 24 H.
AÑO	ENE	FEB	MAR	ABR	MAY	JUN	JUL	AGO	SEP	OCT	NOV	DIC	ACUM	PROM	MESES
1976									62	36	62	0	160	40	4
1977	0	0	0	8.5	53.5	72	30.1	58	55	6	12.5	0	295.6	24.6	12
1978	0	0	0	6.5	40	114.5	56	119	54	3.5	1.5	0.5	395.5	33	12
1979	0	0	4	6.5	24.5	15	38.5	50	28.5	54	0.3	0	221.3	18.4	12
1980	3.5	0	0	0.2	22.7	20	82.7	40	57	7.6	1.4	0	235.1	19.6	12
1981	0	0	0.9	8	43.3	34.5	66.6	50.5	63.4	19.2	16.7	0	303.1	25.3	12
1982	0	7.8	0.4	3	31.7	40	51.5	17	53.5	65.9	0	1.1	271.9	22.7	12
1983	0	27.5	35	0	4.5	44.5	23.6	84.1	42.4	17	2.2	1.5	282.3	23.5	12
1984	0	0	0	0	11.7	67	64.5	48.1	29.7	2.1	0.01	0.01	223.12	18.6	12
1985	0.01	0	2.7	13.5	57.4	40.3	88.8	46.7	37.7	26.9	3.32	0	317.33	26.4	12
1986	0	0	0	3.9		26	25.7	82.5	24.3	46.1	1.5	0	210	19.1	11
1987	0	0	3.5	1.7	22	39.5	34	58	25.8	0.8	0	0	185.3	15.4	12
1988	0.01	0	0	0	18.4			58.8	39.2	3.6	1	0	121.01	12.1	10
1989	0.2	0	0	52.2	18.6	76.5		28.4	43.4	29.1	40.6	0	289	26.3	11
1990	1.1	14.2	3.1	6.2	40	103.3	22.6	31.9	87.3	28.8	3.5	4.1	346.1	28.8	12
1991	6.5	0.01	0.1	11.1	44.7	64.1	19.4	52	65.8	45.3	0.4	16	325.41	27.1	12
1992	1	1	7.5	13	25.1	70.5	56.9	43.2	46.7	26.9	1.4	5.3	298.5	24.9	12
1993	0.01	0.1	0.1	7.2	17.3	66	40	42	40	45.5	4	0.1	262.31	21.9	12
1994	0.01	0.01	0.1	37	36	82	40.8	67.2	33.5	37	5.4	0.01	339.03	28.3	12
1995	0.1	0.1	1	23	64.3	111.5	34	69	43.5	36	2.4	5.8	390.7	32.6	12
1996	0.01	0.1	2.6	10.8	36.4	93.3	100.5	184	80.4	102.4	52.3	15.2	678.01	56.5	12
1997	68.6	33.6	34.6	62.3	100.5	85.2	75.2	45.2	106.3	70.6	95.4	20	797.5	66.5	12
1998	35.3	2.2	15.4	10	8.4	40.2	106.3	76.3	140.4	117.5	155.5	34.5	742	61.8	12
1999	0.1	0.01	32.5	111.7	63.5	134.2	109.3	73.5	149.7	124.4	84.5	20.2	903.61	75.3	12
2000	28.5	24.3	23.4	55.3	77.2	77.4	54.5	187	88.2	6.8	0	0	622.6	51.9	12
2001	0	0.7	0	49	56.5	78.5	32.1	48.1	49.9	11.3	0.5	4.5	331.1	27.6	12
2004	0	0	0	14.2	33.2	73.4	37	34	63.7	28	0.5	0.01	284.01	23.7	12
2005	0	0	0	0	49	69.4	83.8	64	34.8	78.1	1.2	0	380.3	31.7	12
2006	0	0	0	8.4	81.4	32.8	62.6	29.8	40	29.8	2.5	0.01	287.31	23.9	12
2007	1.3	0	31	32.8	4.8	76.8	23.5	61.3	28	68.5	20.1	0	348.1	29	12
2008	0	0	0		87	88	52.8	91.2	32.9	15.5	0	0.5	367.9	33.4	11
2009	0	0	0	2.5	47.2	36.7	36.8	41.1	87.3	19.6	4.6	9.2	285	23.8	12
2010	0	0	2.2	42.5	9.8	85.8	72.6	72.5	49.6	9.7	1.2	0.1	346	28.8	12
2011	0	1.8	1	32	16	76	60	67.5	97.3	38.9	1.5	0	392	32.7	12
2012	0	6.5	18	44.4	79.1	42.8	68.8	96	76.5	10	0	4.1	446.2	37.2	12
2013	0	0	0	4	44.9	62.5	47.5	59	92.8	13.6	5	1	330.3	27.5	12
2014	0.4	6.1	3.6	14.2	61	60.2	38.5	33.2	93.3	27	0.01	0	337.51	28.1	12
2015	0	0	19.2	10.4	27.3	46.7	36.5	30.3	54.5	32.7	1.2	0.2	259	21.6	12
2016	0	0	2.2	9.6	39.9	126	35	47	30	11.3	1.5	10.1	312.6	26	12
2017	5.4	0	0	53.3	55	53.3	31.7	20	43.7	26.3	0	0	288.7	24.1	12
2018	0	0	11.3	31	34.5	52	82.5	35.6	55.5	60	10.2	0	372.6	31	12
2019	0.01	0.01	0	0	34.2	46.2	28.2	35	55.3	65.4	2.4	0.01	266.73	22.2	12
2020	0	0	0	0.8	40.5	41.4	32.2	55.9	82				252.8	28.1	9
2021	0	0	2.5	23.7	53	40	53.3	46.5	30.9	24.6	0	1.6	276.1	23	12
MÍNIMA	0	0	0	0	4.5	15	19.4	17	24.3	0.8	0	0	121.01	12.1	4
MÁXIMA	68.6	33.6	35	111.7	100.5	134.2	109.3	187	149.7	124.4	155.5	34.5	903.61	75.3	12
MEDIA	3.5	2.9	6	19.6	40.9	64.4	52.1	60	59	35.6	14	3.6	349.6	30.1	11.6
DESV.ST	12.3	7.6	10.5	23.3	23.2	28.1	24.2	35	29.1	30.1	31.4	7.3	161.4	13.2	1.3

LLUVIA TOTAL MENSUAL
AÑO	ENE	FEB	MAR	ABR	MAY	JUN	JUL	AGO	SEP	OCT	NOV	DIC	ACUM	PROM	MESES
1976									278	49	68	0	395	98.8	4
1977	0	0	0	10	85.01	256.5	108.1	305.5	228.5	11	18	0	1022.61	85.2	12
1978	0	0	0	9.5	126.5	313.5	305	317	262.5	10	1.5	0.5	1346	112.2	12
1979	0	0	4	14.5	54	41	161.5	320.3	121.5	90.5	0.3	0	807.6	67.3	12
1980	3.5	0	0	0.2	66.9	121	285.2	208.6	219.8	19.6	2.4	0	927.2	77.3	12
1981	0	0	0.9	20.5	105.9	144.5	320.2	248.4	319.2	48.4	16.7	0	1224.7	102.1	12
1982	0	7.8	0.4	6.5	107.6	261.9	227.9	57.21	161.5	156.3	0	2.2	989.31	82.4	12
1983	0	39.01	48	0	9.1	261.9	92.4	307.4	258	47.1	2.2	1.5	1066.61	88.9	12
1984	0	0	0	0	82.81	299.92	363.4	199.1	205.73	5.31	0.02	0.01	1156.3	96.4	12
1985	0.04	0	3.2	22.51	169.61	231	343.82	140.21	86.15	47.22	3.34	0	1047.1	87.3	12
1986	0	0	0	8.41		78.31	158.4	306.9	131.21	88.3	2.51	0	774.04	70.4	11
1987	0	0	3.5	2.7	73.01	191.73	190.6	132	177.41	0.82	0	0	771.77	64.3	12
1988	0.01	0	0	0	47.3			288.62	148.53	11.35	1.01	0	496.82	49.7	10
1989	0.21	0	0	67.9	78.01	231.32		173.61	267.32	74.81	43.02	0	936.2	85.1	11
1990	1.37	14.2	3.11	21	77.6	326	165.4	142	229.44	40.52	3.85	6.91	1031.4	86	12
1991	6.7	0.1	0.3	15.2	85.1	279.4	87.71	128.11	215.2	112	1.61	17.42	948.85	79.1	12
1992	5	1.1	7.8	24.2	46.2	393.4	189.5	87.71	220.31	39.4	3.22	5.54	1023.38	85.3	12
1993	0.23	1.24	0.81	11.6	55.3	262.5	145.3	215.94	140.61	62.83	4.23	2.24	902.83	75.2	12
1994	0.21	0.19	1.12	50.85	93.8	210.18	158.41	236.2	80.42	88.22	11.94	0.22	931.76	77.6	12
1995	2.13	1.43	1.09	40.2	178.4	418.7	221.11	310.2	177.9	87.81	2.6	8.91	1450.48	120.9	12
1996	0.16	0.7	3.01	21.9	126.1	726.2	571.5	688.7	496.9	729	259.3	33	3656.47	304.7	12
1997	196.5	69.7	150.6	411.5	555.7	450.1	279.5	298.3	871.7	532.4	482.4	39.4	4337.8	361.5	12
1998	69.9	2.2	15.4	18	14.6	135.4	591.1	761.5	1495.7	508.1	482.1	62.8	4156.8	346.4	12
1999	2.01	0.21	125.2	448.6	411.5	969.3	367.9	651.6	972.3	859.9	323.2	49.7	5181.42	431.8	12
2000	28.5	33.6	56.5	231.4	739.7	524.2	224.2	802.8	1017.1	16.71	0	0	3674.71	306.2	12
2001	0	0.7	0	50	142.4	228.41	196.21	268.42	236.11	23.6	0.5	4.8	1151.15	95.9	12
2004	0	0	0	25.41	88	314.7	204.71	116.71	225.81	52.3	0.5	0.01	1028.15	85.7	12
2005	0	0	0	0	103.3	280.2	379.81	322.8	106.3	127.1	1.2	0	1320.71	110.1	12
2006	0	0	0	15.1	443.61	148.22	181.3	107	137	117.11	7.2	0.02	1156.56	96.4	12
2007	1.3	0	31	66.52	21	293.5	90.82	244.5	133.51	210.2	20.1	0	1112.45	92.7	12
2008	0	0	0		190.9	279.21	346.91	353.7	115	20.73	0	0.5	1306.95	118.8	11
2009	0	0	0	3.9	140.1	184.6	151.64	146.72	181.31	70.71	13.3	15.4	907.68	75.6	12
2010	0	0	2.2	57.3	19.7	476.3	349.6	436.2	247.1	19.2	1.7	0.1	1609.4	134.1	12
2011	0	3.4	1	35.8	47.5	252.7	268	262.8	451.6	106.1	1.5	0	1430.4	119.2	12
2012	0	7.5	21.3	110.9	137.84	174.3	225.5	435.8	211.2	20.5	0	8.1	1352.94	112.7	12
2013	0	0	0	4	130.1	419.3	175.4	171.8	419.1	50.8	7.4	1	1378.9	114.9	12
2014	0.4	7.1	3.9	14.2	102	376.2	123.8	108.5	507.2	83.21	0.02	0	1326.53	110.5	12
2015	0	0	19.8	26	95.4	115.7	139.9	106.3	310.5	67.7	2	0.3	883.6	73.6	12
2016	0	0	3.6	9.6	101.2	413.9	135.6	198.2	192.6	14.7	2	10.1	1081.5	90.1	12
2017	5.4	0	0	88.1	262.6	275.6	201.5	92.6	335.4	51	0	0	1312.2	109.3	12
2018	0	0	22.5	31	53.3	282.91	104.81	202.32	302.83	195.31	10.21	0	1205.19	100.4	12
2019	0.01	0.01	0	0	179.31	197.9	101.9	201.41	247.4	292.73	2.41	0.01	1223.09	101.9	12
2020	0	0	0	1.3	166.61	220.7	88.1	308.42	201.41				986.54	109.6	9
2021	0	0	2.7	53.6	201.72	242.53	138.4	195.71	195.74	50.73	0	1.6	1082.73	90.2	12
MÍNIMA	0	0	0	0	9.1	41	87.71	57.21	80.42	0.82	0	0	395	49.7	4
MÁXIMA	196.5	69.7	150.6	448.6	739.7	969.3	591.1	802.8	1495.7	859.9	482.4	62.8	5181.42	431.8	12
MEDIA	7.5	4.4	12.4	48.8	143.2	293	223.5	269.9	307.7	123.5	41.9	6.3	1434.4	122.4	11.6
DESV.ST	31.6	13	30.8	95.5	146	166.7	119.6	174.4	278.3	188.1	116.4	14	1046.6	85.7	1.3

EVAPORACIÓN MENSUAL
AÑO	ENE	FEB	MAR	ABR	MAY	JUN	JUL	AGO	SEP	OCT	NOV	DIC	ACUM	PROM	MESES
1978												139.8	139.8	139.8	1
1979	162.2	160.6	219.6	225.6	222.8	151.4	149.8	121.9	91.5	119.6	119.9	114.1	1859	154.9	12
1980	148.5	167.5	247.9	226.1	215	152.5	154.4	135.3	92.8	125	117.5	129.5	1912	159.3	12
1981	143.7	163	220.3	213.2	196.2	123.5	132.7	133.3	108.7	117.8	121.3	121.5	1795.2	149.6	12
1982	155.8	166.7	228.3	218.7	171.1	124.6	130.8	152.8	113.9	102	112	111	1787.7	149	12
1983	133.16	122.89	192.17	208.04	225.9	156	136.5	132.3	114.7	112.8	114.3	119.3	1768.06	147.3	12
1984	123.68	151.15	212.61	229.02	161.18	127.79	116.35	117.28	91.91	120.06	125.4	135.62	1712.05	142.7	12
1985	139.15	158.2	225.14	205.2	197.96	127.78	141.18	128.12	113.69	108.21	122.01	97.36	1764	147	12
1986	125.1	158.4	209.68	209.74		140.84	142.25	135.64	113.5	120.51	115.28	121.91	1592.85	144.8	11
1987	140.12	151.36	207.72	187.41	190.57	121.16	130.64	133.95	125.29	116.03	125.33	129.92	1759.5	146.6	12
1988	131.55	163.82	215.86	237.62	214.65			115.23	94.92	89.32	105	120.92	1488.89	148.9	10
1989	137.7	164.7	223.95	215.65	177.15	132.45		119.86	82.92	103.96	102.76	101.29	1562.39	142	11
1990	131.9	146.8	198.4	199.2	191.99	132.55	131	130.43	108.15	117.94	119.21	111.78	1719.35	143.3	12
1991	142.77	155.6	249.42	237.8	179.93	149.13	138.65	144.1	107.25	107.79	99.88	103.46	1815.78	151.3	12
1992	118.23	147.01	215.7	218	197.7	136.55	131.4	140.05	114.26	106.56	108.83	115.81	1750.1	145.8	12
1993	138.34	159.49	212.61	221.99	202.85	135.82	141.57	121.33	101.69	102.57	113.19	116.82	1768.27	147.4	12
1994	137.99	161.82	220.13	228.48	190.7	131.03	146.75	122.72	117.15	122.47	126.74	123.82	1829.8	152.5	12
1995	146.81	168.36	216.03	209.08	193.11	133.13	131.86	109.57	97.09	83.93	114.75	103.61	1707.33	142.3	12
1996	134.59	173.35	208.77	211.65	165.28	123.49	129.41	124.22	120.12	121.62	115.87	120.21	1748.58	145.7	12
1997	139.01	157.28	213.94	197.05	164.1	124.14	133.4	135.69	100.55	93.1	98.06	98.9	1655.22	137.9	12
1998	131.66	162.89	214.02	221.29	219.39	178.16	136.52	137.8	96.91	100.82	84.9	101.81	1786.17	148.8	12
1999	140.95	162.38	227.13	246.88	211.83	131.19	136.33	134.82	89.09	99.33	109.49	116.68	1806.1	150.5	12
2000										114.08	111.01	111.54	336.63	112.2	3
2001	142.19	159.49	216.27	218.67	182.27	145.29	150.88	136.5	106.37	116.96	117.65	104.61	1797.15	149.8	12
2004	124.68	160.45	197.16	231.33	162.17	133.08	141.42	148.65	119.92	122.91	130.62	127.33	1799.72	150	12
2005	151.5	169.59	243.59	229.73	198.73	141.15	123.86	119.34	112.93	113.04	122.38	125.72	1851.56	154.3	12
2006	154.39	167.64	231.74	237.68	151.6	123.04	136.2	133.64	120.63	109.84	114.95	121.97	1803.32	150.3	12
2007	145.68	169.65	212.97	204.5	203.94	143.3	152.54	127.21	110.23	95.75	108.72	124.38	1798.87	149.9	12
2008	139.07	138.83	212.64		206.6	62.21	118.61	116.67	103.87	101.08	102.15	92.55	1394.28	126.8	11
2009	132.79	166.76	210.55	235.58	203.09	128.19	144.3	140.48	128.85	126.8	104.22	116.82	1838.43	153.2	12
2010	128.35	146.68	209.15	206.85	199.42	125.84	115.03	104.45	104.07	128.2	112.35		1580.39	143.7	11
2017	134.83	165.58	194.86	204.65	154.19	101.1	121.52	131.03	96.92	78.3	92.45	91	1566.43	130.5	12
2018	76.87	124.38	207.31	189.77	157.43	114.07	161.04	127.86	97.42	90.25	78.21	81.42	1506.03	125.5	12
2019	111.38	150.41	201.49	213.64	190.94	118.2	154.23	140.56	125.57	96.47	86.63	84.91	1674.43	139.5	12
2020	83.99	132.84	202.25	203.88	173.19	103.35	141.05	118.71	103.17				1262.43	140.3	9
2021	106.6	127.32	189.86	192.34	143.08	126.45	125.88	119.5	95.29	104.19	69.82	76.03	1476.36	123	12
MÍNIMA	76.87	122.89	189.86	187.41	143.08	62.21	115.03	104.45	82.92	78.3	69.82	76.03	139.8	112.2	1
MÁXIMA	162.2	173.35	249.42	246.88	225.9	178.16	161.04	152.8	128.85	128.2	130.62	139.8	1912	159.3	12
MEDIA	133.4	156	215	216.3	188.4	130.3	136.8	129.1	106.5	108.5	109.5	112.2	1622.6	144.1	11.2
DESV.ST	17.9	13.3	14.3	15.1	22.3	19.3	11.5	10.9	11.6	12.8	14.1	15.4	370.3	9.8	2.4

TEMPERATURA MÁXIMA PROMEDIO
AÑO	ENE	FEB	MAR	ABR	MAY	JUN	JUL	AGO	SEP	OCT	NOV	DIC	ACUM	PROM	MESES
1976									32.1	30.9	28.3	27.2		29.6	4
1977	29.9	30.3	34.9	33.7	35.2	32	32.1	31.8	30.9	30.6	30.4	30.3		31.8	12
1978	29.5	31	32.9	35.2	35.8	32.3	30.9	31.5	30	30	30.9	30.8		31.7	12
1979	29.6	32.1	34.5	34.4	35.8	32.5	32.8	31.6	29.5	30.8	29.4	28.8		31.8	12
1980	31.9	32	36.4	35.3	37.2	33.1	32.5	32.2	30.6	30.8	29.8	28.6		32.5	12
1981	30	31.2	34.5	36	36.3	31.6	31.1	31.5	30.6	30.8	30	30.4		32	12
1982	32.5	33.1	35.5	36.6	34.7	32.2	31	32.4	31.3	30.3	30.5	29.9		32.5	12
1983	30	30.6	32.6	35.2	38	33.9	32.1	32.7	31.3	31	31.9	31.2		32.5	12
1984	29.5	31.6	34.4	37.6	34	31.7	30.1	31	29.9	31.8	30	31.1		31.9	12
1985	30.8	31.9	35.2	35.5	35.8	32.5	32	32.3	32.3	32	29.6	31.3		32.6	12
1986	29.5	33.5	33.4	37.5		32.7	32	32.3	32.1	32.1	32.1	32.2		32.7	11
1987	30.8	34.5	34.6	34.4	36.6	33.4	32.5	32.7	32.9	29.8	31.8	32.4		33	12
1988	29.5	33.2	35.1	37.4	37.5			32	31.4	30.5	31.8	30.3		32.9	10
1989	31.8	32.1	33	35.3	34.4	31.9		31.4	28.8	29.2	30.8	28.6		31.6	11
1990	31	31.4	33.4	35.6	35.4	32	31.1	31.4	31	31.4	31	29.9		32	12
1991	32.1	32.1	36	37.9	35.3	33	32.3	32.8	31	30.7	29.2	29.5		32.7	12
1992	29.3	31.5	35.2	35.4	34.7	32.6	31.3	32.4	31	30.5	30.4	31		32.1	12
1993	31.7	33.6	34.6	36	36.3	33.6	32.1	31.9	31.1	31.2	31.3	30.7		32.8	12
1994	30.7	32.8	34.4	37.1	35.8	32.3	33	32.4	32.4	32.2	32.6	31.5		33.1	12
1995	32.5	34.6	35.6	35.9	35.9	32.5	32.5	32.1	30.7	29.6	31.6	30.2		32.8	12
1996	30.1	33.1	33.7	35.2	34.3	29.1	29	28.4	29	28.6	28.6	27.6		30.6	12
1997	27.1	27.6	27.7	28.5	29.3	29	29.4	29.2	29.2	29.2	29	28.2		28.6	12
1998	27.5	28.1	29	28.9	28.5	28.2	29.1	29.4	29.2	29.2	28.5	27.8		28.6	12
1999	31.1	32.9	27.7	28.5	28.9	28.7	28.4	28.4	28.8	28.1	28.1	27.5		28.9	12
2000	27.9	28.3	28.5	28.7	29.4	29.2	28.7	28.9	28.5	30.8	32	29.5		29.2	12
2001	30.7	32.9	34.5	36.6	35.8	33.2	32.9	32.7	31.1	31.3	31.1	30.9		32.8	12
2004	30.8	32.7	34.6	36.7	34	33.2	34	34.3	33.2	33.7	32.3	30.9		33.4	12
2005	31.2	34	36.4	36.6	36	34.2	32.5	32.5	32.5	30.4	30.6	30.9		33.1	12
2006	31	32.3	34.6	36	33.5	31.7	32.8	33.1	32.7	31.6	29.7	30.2		32.4	12
2007	30.5	33.8	36.4	36.2	36	34.2	34.2	32.8	32	29.6	30.2	31.3		33.1	12
2008	32.1	34.2	35.1		36.8	31.1	32.1	32.5	31.1	29.9	30.1	30.7		32.3	11
2009	30.9	33.9	34.3	36.6	35.4	33.1	33.5	33.8	33.5	33.2	29.8	31.1		33.3	12
2010	29.2	31.5	34.1	36.6	36.9	33	32.1	31.2	30	30.7	30	29.1		32	12
2011	31.8	33.2	34.8	37.1	37.3	34.2	32.2	32.5	31.4	29.3	30.5	30.6		32.9	12
2012	31.9	33.3	34.8	35.5	35.8	31.9	32.6	32.2	32.1	31.6	29.8	30.6		32.7	12
2013	30.1	34.1	33.4	38.8	36.4	32.7	32.4	32.4	31	31.9	29.1	29.9		32.7	12
2014	28.2	33.6	36.8	37	34.5	32.8	33.4	34	31.7	30.4	29.7	30.2		32.7	12
2015	29.8	32.2	34.8	37.8	36.7	34	33.6	34.7	32.4	32.2	32.9	32		33.6	12
2016	29.9	31.3	36.1	38.2	37.9	33	34.2	33	32.3	32.4	30.6	32.7		33.5	12
2017												30		30	1
2018	28.9	34.8	36.9	36.5	36.3	32.8	34.8	33	32.7	31.5	30.4	30.2		33.2	12
2019	30.9	35.2	35.5	37.1	37.4	33.6	34	34.2	33.2	31.3	30.9	31.4		33.7	12
2020	31.6	33.3	37	39.3	36.8	31.1	33.7	33.2	32.4					34.3	9
2021	30.4	34	35.1	37.5	34.8	33.6	33.6	33	32.1	32.5	30.6	32.3		33.3	12
2022	31.8	33.3	35.7	37.5	36.1	32.2	33.2	32.4	30.7	30.5	30.6	29		32.8	12
2023	32.1	34.3	36.3	38.4	38.5	37.5	33.7	33.5	33.5	31.4	30.3	29.2		34.1	12
MÍNIMA	27.1	27.6	27.7	28.5	28.5	28.2	28.4	28.4	28.5	28.1	28.1	27.2		28.6	1
MÁXIMA	32.5	35.2	37	39.3	38.5	37.5	34.8	34.7	33.5	33.7	32.9	32.7		34.3	12
MEDIA	30.5	32.5	34.3	35.8	35.3	32.4	32.2	32.1	31.3	30.9	30.4	30.2		32.2	11.4
DESV.ST	1.3	1.7	2.2	2.6	2.3	1.7	1.6	1.4	1.3	1.2	1.1	1.3		1.4	2

TEMPERATURA MÁXIMA EXTREMA
AÑO	ENE	FEB	MAR	ABR	MAY	JUN	JUL	AGO	SEP	OCT	NOV	DIC	ACUM	PROM	MESES
1976									35	34	34	33		34	4
1977	35	36	40	39.5	37.5	34	34	38.5	33	34	33.5	33.5		35.7	12
1978	35	37.5	38.5	39.5	40	34.5	33.5	34.5	33.5	33.5	33.5	33.5		35.6	12
1979	35	38	38.5	39.5	39.5	36	35.5	34.5	33.5	33	32.5	33		35.7	12
1980	35.5	37	39.5	39.5	41	35.5	36.2	35.5	33.5	35.5	34	38		36.7	12
1981	34	36.5	39.5	39	40.5	36	33.5	34	33.5	33.5	34	34		35.7	12
1982	35.5	36.5	39.5	40.5	38.5	36.5	33.5	34.5	34	32.5	33.5	33.5		35.7	12
1983	35	35	36.5	40	41.5	40	34	35	33	34	34	33.5		36	12
1984	35	37	41	40	39	34.5	33	33	34	36	33	33.5		35.8	12
1985	34.5	36	39	39	39	35	34	35.5	34	34	32.5	34.5		35.6	12
1986	33.5	37	37	42		34.5	34	34	34	37	36	35		35.8	11
1987	35	38	41.5	39	39	37	35	34	35	34	37	36		36.7	12
1988	34	38	39	41	41			34	34	33	34	35		36.3	10
1989	35	36	37.5	37.5	38	35		34	32	32	34	34		35	11
1990	34	36	36.5	40	37.5	35	33	33	33	35.5	35	34		35.2	12
1991	35	38	40	40	38	38	35	35	34	33	33	34		36.1	12
1992	33	36	39	40	38	35	33	35	33	33	35	34		35.3	12
1993	35	38	40	39	39	40	35	34.5	34	34.5	34.5	33		36.4	12
1994	35	35	39.5	40	40	35	35	34.5	35	35	35	34		36.1	12
1995	35	39	40	39	39	35.5	34.5	35	34	34	33.5	34		36	12
1996	34.5	37.5	38.5	39	39	31	31	29.5	31	30	30	29		33.3	12
1997	28.5	29	30	30	30.5	30	30	31	31	30	31	31		30.2	12
1998	31	33	31	31	31	30	31	32	31	32	31	31		31.2	12
1999	35	35.5	31	30	31	30	30	29	30	29	29.5	29.5		30.8	12
2000	30	29	31	30	30	30	35	30	30	33	35	34		31.4	12
2001	35	37	39	39	40	36	34	35	35	35	34	34		36.1	12
2004	35	37	39	41	39	35	37	36	35	35	35	35		36.6	12
2005	35	38	40	41	39	38	35	34	35	34	34	34		36.4	12
2006	36	37	39	40	38.5	34	36	36	34.5	36	34	34		36.2	12
2007	34	40	40.5	39.5	39	37	36	36	35	34	35	35		36.8	12
2008	36.5	36	40		42	35	34	34.5	34	34	34	34.5		35.9	11
2009	36	38	37	39.5	38.5	37	36	35	37	36	34.5	34.5		36.6	12
2010	36	36.5	40	40	40	40	34	33.5	33	34	35	34		36.3	12
2011	36	38	38	40	40.5	38	35	35	34.5	32	34.5	33		36.2	12
2012	35	36	37	37.5	39	35	34	34.5	34	34	32.5	33		35.1	12
2013	34	37	40	41	41	36	35	34	34.5	34	34.5	35		36.3	12
2014	35	38.5	41	39.5	39.5	36	35.5	37	35	34.5	34.5	33		36.6	12
2015	34.5	36.5	38.5	40	40	36.5	37	37	35	36	35.5	35.5		36.8	12
2016	35	36.5	42	42	42.5	38	36	36	34.5	35	34.5	35.5		37.3	12
2017												30		30	1
2018	34.5	38	40.5	39.5	38.5	36.5	39.5	35.5	36	35	32.5	33.5		36.6	12
2019	35	39	39.5	39.5	40.5	36.5	37	36.5	35.5	35.5	34	33		36.8	12
2020	35	37.5	41	43.5	40.5	36.5	36	35.5	34.5					37.8	9
2021	35	37.5	39.5	41	39	36	36	34.5	34.5	35	32.5	34.5		36.2	12
2022	35.5	39	39	41	40	37	35	35	33	35	33.5	32		36.2	12
2023	36	37	40	41	41.5	40.5	35.5	37	35.5	34.5	35	32		37.1	12
MÍNIMA	28.5	29	30	30	30	30	30	29	30	29	29.5	29		30	1
MÁXIMA	36.5	40	42	43.5	42.5	40.5	39.5	38.5	37	37	37	38		37.8	12
MEDIA	34.6	36.7	38.5	39.1	38.7	35.6	34.6	34.5	33.8	33.9	33.8	33.6		35.5	11.4
DESV.ST	1.5	2.1	2.8	3.1	2.9	2.6	1.9	1.9	1.5	1.6	1.5	1.6		1.9	2

TEMPERATURA MÍNIMA PROMEDIO
AÑO	ENE	FEB	MAR	ABR	MAY	JUN	JUL	AGO	SEP	OCT	NOV	DIC	ACUM	PROM	MESES
1976									19.6	19.1	17.3	14.7		17.7	4
1977	13	14.9	16.5	19.5	21.8	20.9	19.8	20.3	20.9	19.6	16.9	16.5		18.4	12
1978	13.7	14.9	17.8	20.9	21.9	21.2	20.3	20.3	20.5	18.6	17.5	15		18.6	12
1979	12.6	14.2	17.5	19.7	21	20.8	20.7	20.4	20.8	19.2	15.9	14.4		18.1	12
1980	14.4	14.9	17.7	19.4	21.9	20.9	20.1	20	20.1	19.2	15.7	13.7		18.2	12
1981	11.6	14.8	18.2	20.6	21.1	21.1	20.2	20.4	20.4	19.9	15.7	15.1		18.3	12
1982	13.9	15.9	17.6	20.7	22.2	20.8	19.9	19.6	20.1	19.1	16.7	14.4		18.4	12
1983	13.7	14.7	14.3	18	22.1	22	20.5	19.8	20.1	19.1	16.8	14.9		18	12
1984	13.6	15.6	16	18.7	21.4	20.3	19.8	20.1	20.3	19.1	14.8	14.7		17.9	12
1985	12.7	14.2	17.7	20	20.5	20.5	19.3	19.5	19.2	18.1	14.8	14.3		17.6	12
1986	12.2	14.4	14.4	19		20.4	19.1	19.7	19.9	18.4	17.9	14.4		17.3	11
1987	10.5	13.4	16.7	18.9	21.3	21.8	20.7	20.3	20.2	16.8	15.7	14.8		17.6	12
1988	14.8	14.2	17.1	20.6	21.1			20.9	20	18.1	16.4	14.1		17.7	10
1989	14.9	14.6	14.6	19.7	21	20.9		20.4	20.4	18.5	18.1	14.2		17.9	11
1990	14.7	15.3	17.4	20.3	21.4	21	20.3	20	20.5	19.6	16.9	14.5		18.5	12
1991	14.7	15.5	17	21.2	21.7	21.4	20.2	19.8	19.9	19.4	16.8	16.1		18.6	12
1992	15.8	15.5	18	20.4	21.6	21.6	20.5	20.5	20.3	18.9	17.9	16.8		19	12
1993	15	14.9	16.7	20	21.5	21.2	20.2	20.2	20.2	19.6	17.1	14.5		18.4	12
1994	13.8	15.6	16.1	19.5	21.5	20.6	19.3	20.2	20.5	19.8	17.3	16		18.4	12
1995	14	15.1	16.3	20.8	21.3	21	20.2	21.1	20.8	19.1	16.5	15.5		18.5	12
1996	12.3	13.5	15.1	19	20.7	17.6	17.4	18.2	17.9	17.3	17.8	18.2		17.1	12
1997	18.4	19.4	19	18.5	18.9	17.8	17.9	19.3	18.4	17.4	18.1	18.2		18.4	12
1998	20	19.2	19	19.2	18.9	18.8	18.3	19.4	18	17.9	19.2	18.8		18.9	12
1999	13.7	14.6	19.6	18.8	18.4	17.3	17.8	18	15.9	15.9	16.6	16.7		16.9	12
2000	16.9	17.4	18	18.4	17.5	16.8	17.7	17.6	16.8	18.1	17.6	14		17.2	12
2001	12.2	16	16.6	20.7	20.7	19.6	19.5	20	20	19.5	15.5	16.2		18	12
2004	14.1	14.9	18.2	19.2	21	21.2	19.9	20.2	20.4	20.6	16.2	14.3		18.4	12
2005	13.4	15.4	19.2	20.9	21.9	21.5	20.5	20.7	20.8	18.3	16.2	16.1		18.7	12
2006	15.3	14.9	17.8	20.3	21.1	21	21.4	21.2	21.3	21.1	17	16		19	12
2007	15.9	15.2	16.9	19	21.1	20.9	20.5	20.6	20.5	18.9	15.7	15.1		18.4	12
2008	13.2	15.5	16		21.3	20.8	20.3	20.4	20.8	19.2	13.8	14.1		17.8	11
2009	13.5	14.2	15.9	18.6	20.7	21.3	20.1	20.5	20.9	20.1	16.9	15.7		18.2	12
2010	14.5	16.1	16.8	21.2	22.5	21.8	20.9	21.4	21.2	16.8	15.5	12.3		18.4	12
2011	13.5	15.1	16.5	19.6	21.4	21.1	20.8	20.7	20.2	18.3	15.2	13.6		18	12
2012	14.4	16.8	17.4	17.4	20.7	20.5	19.9	20.1	20.2	19.5	16.4	14.9		18.2	12
2013	15.8	16.5	16.5	19.5	21.4	20.8	20.8	21.3	21.3	21.1	18.7	16.1		19.1	12
2014	13.5	17	19.3	21	21.7	21.2	20.3	20.3	20.7	20	15.7	14.6		18.8	12
2015	15	14.6	17.8	21.7	21.6	20.8	20.5	20.6	20.9	20.3	19.7	17.9		19.3	12
2016	15.6	14.5	19	21.7	22.8	21.3	20.9	21.1	21.1	20.2	17.8	17.3		19.4	12
2017												14.5		14.5	1
2018	14.1	17	19.5	21.1	21.9	21.2	20.2	20.4	20.9	20.5	18.5	15.6		19.2	12
2019	16.1	16.8	18.5	19.4	22	21.4	20.7	20.7	20.8	20.3	18.1	15.7		19.2	12
2020	15.1	16.4	18.6	21.3	21.1	20.4	20.9	21	21					19.5	9
2021	15.4	14.4	16.1	18	20.6	20.3	20.3	21	20.9	20.1	16.8	16.3		18.4	12
2022	15.5	15.3	17.6	20.9	21.4	20.7	20.3	19.8	20.9	20	18.6	16.1		18.9	12
2023	15.1	15.2	18.6	20.6	21.3	21.8	20.8	21.3	21.2	20.8	17.9	15.2		19.1	12
MÍNIMA	10.5	13.4	14.3	17.4	17.5	16.8	17.4	17.6	15.9	15.9	13.8	12.3		14.5	1
MÁXIMA	20	19.4	19.6	21.7	22.8	22	21.4	21.4	21.3	21.1	19.7	18.8		19.5	12
MEDIA	14.4	15.4	17.3	19.9	21.1	20.6	20	20.2	20.2	19.1	16.9	15.4		18.3	11.4
DESV.ST	1.7	1.3	1.3	1.1	1	1.2	0.9	0.8	1.1	1.2	1.2	1.3		0.8	2

TEMPERATURA MÍNIMA EXTREMA
AÑO	ENE	FEB	MAR	ABR	MAY	JUN	JUL	AGO	SEP	OCT	NOV	DIC	ACUM	PROM	MESES
1976									18	16	13	10		14.2	4
1977	9	13	12.5	16.5	18.5	17	17	19	19.5	14	12	9		14.8	12
1978	10.5	10	12	15	16.5	20.5	19	18	19.5	14	14.5	11		15	12
1979	10.5	10	14.5	15.5	19	19.5	18.5	17	18	17	12.5	10		15.2	12
1980	10.5	10.5	11.5	14.5	20	19	14.5	18	19	14.5	12	8		14.3	12
1981	8	11	14	16.5	17	19.5	19	18	19.5	15.5	13	12		15.2	12
1982	9	12.5	12.5	13	20.5	18.5	18.5	18.5	14	14.5	13	9.5		14.5	12
1983	10.5	5.5	8.5	12	19.5	20	18.5	17.5	18	15	12	8		13.8	12
1984	10	10.5	9	13.5	19.5	18.5	18.5	18.5	19	17	11	10.5		14.6	12
1985	8.5	10	15	13	17.5	19	17	18	18	15	11	12		14.5	12
1986	7	10	10	15		17	18	18	17	13.5	15.5	12		13.9	11
1987	7	9	10	13	16	21	18	18	15	13	12	11.5		13.6	12
1988	10	11	14	16	17			20	19	14.5	14	10		14.6	10
1989	12	8	9	16	18	19		19	19	15	16	8		14.5	11
1990	12.5	12	14	18	20	19.5	18	18	19	14	12	11		15.7	12
1991	12	11	10	17	20	20	19	18	18	15	12	13		15.4	12
1992	12	12	14	16	18	20	19	19	19	17	15	14		16.2	12
1993	9.5	11.5	9.5	16.5	18.5	18	18	18	17.5	17	15	10.5		15	12
1994	9.5	12	11	16	18	19	17.5	18	19	17.5	14	13		15.4	12
1995	11	12	11	18.5	19	20	19	19	19	17.5	11.5	13		15.9	12
1996	8.5	8.5	10	16	18	13	14	15	15	10	15	16		13.2	12
1997	17	16	16	15	17	15	10	18	14	13.5	15	12		14.9	12
1998	16	15	17	17	18	16.5	12	17	13	14	16	16		15.6	12
1999	11	11	17	16	16	15	15	16	11	13	13	13.5		14	12
2000	15	15	15	17	16	14	15	15	15	15	14	11		14.8	12
2001	9	13	13	15	17	18	2.5	19	18.5	16	13	14		14	12
2004	11	12	14	16	19	19	16	19	19	19	11	11		15.5	12
2005	10	11	16	16	19	19	18	19	19	14	11	13		15.4	12
2006	10	10	14	17	18	18	20	18.5	20	17	10	11		15.3	12
2007	13	11	12	16	19	19	18	18.5	19	13	12	13		15.3	12
2008	8.5	12	10.5		18.5	19	18.5	19.5	18.5	13	10	10		14.4	11
2009	9.5	10	11	14	17	19.5	17.5	18.5	19	15	13.5	13		14.8	12
2010	8.5	12.5	11.5	18	20	19.5	19	20	19	14.5	10	9		15.1	12
2011	10	12.5	12.5	16	19.5	19	19	19.5	17	13	12	10		15	12
2012	11	13.5	15	12.5	18	19	18	18.5	19	17	13.5	10		15.4	12
2013	13.5	14	10	16.5	18.5	20	19	19.5	19.5	20.5	14	12		16.4	12
2014	9.5	12	16	16	17	20.5	18.5	19	20	16.5	12.5	12.5		15.8	12
2015	10	11.5	12	18.5	19	18.5	19	19	19.5	17	17	14		16.2	12
2016	8	10	15.5	19	17.5	19.5	19	19.5	19	17.5	12.5	13.5		15.9	12
2017												14.5		14.5	1
2018	10	13.5	17	17.5	19	19.5	18.5	19.5	19.5	19.5	15	9.5		16.5	12
2019	10.5	13.5	15	16.5	19	18.5	19	18.5	19	19	15	13		16.4	12
2020	12	13.5	12.5	18.5	19	19	19	19.5	19.5					16.9	9
2021	12	11	14.5	14.5	18	17.5	18	19.5	19	16.5	12.5	12		15.4	12
2022	12.5	12.5	13	16	18	19	16.5	15	19	17	15.5	14		15.7	12
2023	11.5	13	14	17.5	18	18.5	20	20	19.5	17.5	14.5	9		16.1	12
MÍNIMA	7	5.5	8.5	12	16	13	2.5	15	11	10	10	8		13.2	1
MÁXIMA	17	16	17	19	20.5	21	20	20	20	20.5	17	16		16.9	12
MEDIA	10.6	11.6	12.9	15.9	18.3	18.6	17.3	18.4	18.1	15.6	13.1	11.6		15.1	11.4
DESV.ST	2.1	1.9	2.4	1.7	1.2	1.7	3.1	1.2	2	2.1	1.8	2		0.8	2

TEMPERATURA MEDIA MENSUAL
AÑO	ENE	FEB	MAR	ABR	MAY	JUN	JUL	AGO	SEP	OCT	NOV	DIC	ACUM	PROM	MESES
1976									25.9	25	22.8	21		23.7	4
1977	21.4	22.6	25.7	26.6	28.5	26.4	26	26	25.9	25.1	23.6	23.4		25.1	12
1978	21.6	23	25.4	28	28.8	26.8	25.6	25.9	25.2	24.3	24.2	22.9		25.1	12
1979	21.1	23.1	26	27	28.4	26.6	26.8	26	25.1	25	22.6	21.6		24.9	12
1980	23.1	23.4	27	27.3	29.6	27	26.3	26.1	25.4	25	22.8	21.1		25.3	12
1981	20.8	23	26.4	28.3	28.7	26.4	25.6	26	25.5	25.4	22.9	22.8		25.1	12
1982	23.2	24.5	26.6	28.6	28.5	26.5	25.4	26	25.7	24.7	23.6	22.1		25.4	12
1983	21.9	22.6	23.5	26.6	30	28	26.3	26.2	25.7	25	24.4	23		25.3	12
1984	21.6	23.6	25.2	28.1	27.7	26	25	25.6	25.1	25.5	22.4	22.9		24.9	12
1985	21.8	23	26.5	27.8	28.1	26.5	25.6	25.9	25.8	25	22.2	22.8		25.1	12
1986	20.9	24	23.9	28.2		26.6	25.6	26	26	25.2	25	23.3		25	11
1987	20.6	24	25.6	26.6	29	27.6	26.6	26.5	26.5	23.3	23.8	23.6		25.3	12
1988	22.1	23.7	26.1	29	29.3			26.4	25.7	24.3	24.1	22.2		25.3	10
1989	23.4	23.4	23.8	27.5	27.7	26.4		25.9	24.6	23.9	24.5	21.4		24.8	11
1990	22.9	23.4	25.4	28	28.4	26.5	25.7	25.7	25.8	25.5	24	22.2		25.3	12
1991	23.4	23.8	26.5	29.5	28.5	27.2	26.2	26.3	25.4	25	23	22.8		25.6	12
1992	22.6	23.5	26.6	27.9	28.2	27.1	25.9	26.4	25.6	24.7	24.1	23.9		25.5	12
1993	23.4	24.2	25.6	28	28.9	27.4	26.1	26	25.6	25.4	24.2	22.6		25.6	12
1994	22.2	24.2	25.2	28.3	28.6	26.4	26.1	26.3	26.4	26	25	23.8		25.7	12
1995	23.2	24.9	26	28.4	28.6	26.8	26.4	26.6	25.8	24.4	24	22.9		25.7	12
1996	21.2	23.3	24.4	27.1	27.5	23.4	23.2	23.3	23.4	23	23.2	22.9		23.8	12
1997	22.8	23.5	23.4	23.5	24.1	23.4	23.6	24.2	23.8	23.3	23.6	23.2		23.5	12
1998	23.8	23.6	24	24	23.7	23.5	23.7	24.4	23.6	23.5	23.9	23.3		23.8	12
1999	22.4	23.8	23.6	23.6	23.6	23	23.1	23.2	22.4	22	22.4	22.1		22.9	12
2000	22.4	22.9	23.2	23.5	23.4	23	23.2	23.2	22.6	24.5	24.8	21.8		23.2	12
2001	21.4	24.4	25.6	28.6	28.2	26.4	26.2	26.4	25.6	25.4	23.3	23.5		25.4	12
2004	22.4	23.8	26.4	28	27.5	27.2	27	27.2	26.8	27.2	24.2	22.6		25.9	12
2005	22.3	24.7	27.8	28.8	29	27.9	26.5	26.6	26.6	24.4	23.4	23.5		26	12
2006	23.1	23.6	26.2	28.1	27.3	26.4	27.1	27.1	27	26.4	23.4	23.1		25.7	12
2007	23.2	24.5	26.6	27.6	28.6	27.6	27.4	26.7	26.2	24.2	23	23.2		25.7	12
2008	22.6	24.9	25.6		29	26	26.2	26.4	26	24.5	22	22.4		25.1	11
2009	22.2	24	25.1	27.6	28	27.2	26.8	27.1	27.2	26.7	23.4	23.4		25.7	12
2010	21.9	23.8	25.5	28.9	29.7	27.4	26.5	26.3	25.6	23.8	22.8	20.7		25.2	12
2011	22.6	24.2	25.6	28.4	29.3	27.7	26.5	26.6	25.8	23.8	22.9	22.1		25.5	12
2012	23.1	25	26.1	26.4	28.2	26.2	26.2	26.2	26.1	25.6	23.1	22.8		25.4	12
2013	23	25.3	25	29.1	28.9	26.8	26.6	26.9	26.1	26.5	23.9	23		25.9	12
2014	20.9	25.3	28	29	28.1	27	26.9	27.1	26.2	25.2	22.7	22.4		25.7	12
2015	22.4	23.4	26.3	29.8	29.2	27.4	27	27.7	26.6	26.2	26.3	25		26.4	12
2016	22.8	22.9	27.6	30	30.4	27.1	27.6	27	26.7	26.3	24.2	25		26.5	12
2017												22.2		22.2	1
2018	21.5	25.9	28.2	28.8	29.1	27	27.5	26.7	26.8	26	24.4	22.9		26.2	12
2019	23.5	26	27	28.2	29.7	27.5	27.4	27.5	27	25.8	24.5	23.5		26.5	12
2020	23.4	24.8	27.8	30.3	29	25.8	27.3	27.1	26.7					26.9	9
2021	22.9	24.2	25.6	27.8	27.7	27	27	27	26.5	26.3	23.7	24.3		25.8	12
2022	23.6	24.3	26.7	29.2	28.8	26.5	26.8	26.1	25.8	25.2	24.6	22.6		25.9	12
2023	23.6	24.8	27.4	29.5	29.9	29.6	27.2	27.4	27.4	26.1	24.1	22.2		26.6	12
MÍNIMA	20.6	22.6	23.2	23.5	23.4	23	23.1	23.2	22.4	22	22	20.7		22.2	1
MÁXIMA	23.8	26	28.2	30.3	30.4	29.6	27.6	27.7	27.4	27.2	26.3	25		26.9	12
MEDIA	22.4	24	25.8	27.8	28.2	26.5	26.1	26.2	25.7	25	23.7	22.8		25.2	11.4
DESV.ST	0.9	0.8	1.3	1.6	1.6	1.4	1.2	1	1.1	1.1	0.9	0.9		1	2
