COMISIÓN NACIONAL DEL AGUA
COORDINACIÓN GENERAL DEL SERVICIO METEOROLÓGICO NACIONAL
BASE DE DATOS CLIMATOLÓGICA NACIONAL 

ESTADÍSTICA MENSUAL
EMISIÓN   : 25/10/2024 

DATOS DISPONIBLES EN LA BASE DE DATOS A: OCTOBER DE 2024; 
CON LA INFORMACIÓN SUMINISTRADA POR LAS UNIDADES ADMINISTRATIVAS 

 ESTACIÓN  : 7156 
 NOMBRE    : SANTA MARIA 
 ESTADO    : CHIAPAS 
 MUNICIPIO : HIDALGO 
 SITUACIÓN : OPERANDO 
 CVE-OMM   :   
 LATITUD   : 16.93888889 ° 
 LONGITUD  : -93.82083333 ° 
 ALTITUD   : 345 msnm 


LLUVIA MÁXIMA 24 H.
AÑO	ENE	FEB	MAR	ABR	MAY	JUN	JUL	AGO	SEP	OCT	NOV	DIC	ACUM	PROM	MESES
1961	0.5	42	37		53.5	80	79	48.6	18	89.8	29.6	17.5	495.5	45	11
1962	42	3	16.7	26	34.6	36.2	26.4	46.3	127.5	29.2	16.8	14	418.7	34.9	12
1963	17.3	58	9.4	6	15.6	27.8	90	67.5	83.8	22.4	45.6		443.4	40.3	11
1964	53	6.1	31.1	9	30.5	57	112	46	34.9	53.1	15	80.5	528.2	44	12
1965	39.8	13.7	23.5	48	47.5	40	26.4	133.4	32.5	67.3	22.2	38.6	532.9	44.4	12
1966	19.6	6.4	14.6	37.4	40	63.6	27	41.8	53	46.2	40.1	28.3	418	34.8	12
1967	38	8.6	13.2	15.5	44.7	84.5	26.2	33.5	131.4	44	16.1	118.7	574.4	47.9	12
1968	35.5	21.3	31	12.4	18	48.3	35.3	22.5	51.4	84.6	31.5	48	439.8	36.6	12
1969	15		11.5		40.6	64		76.8	54.5	50.5	102.5		415.4	51.9	8
1970	49.5	22.6	7.5	9.7	24.7	33	93.8	36.5	80	35.6	47	5.3	445.2	37.1	12
1971	9.2	17.6	40.6	26.3	57	44.6	42.8	80	59	81.8	40	28.5	527.4	44	12
1972	36.7	18.8	14.1	15.7	46.7	125.8	37.7	47.6	33.7	27.2	53.5	41.2	498.7	41.6	12
1973	21.5	14	58	10.6	44.4	71.5	68.1	99.7	59.4	30.5	112	31.2	620.9	51.7	12
1974	27.3	47	46.8	90.8	59.5	50.9	39.5	40.2	92.7	34.7	33.7	11.4	574.5	47.9	12
1975	38.5	9.3	10	5.2	83.2	39.5	25.2	68.6	101.2	66.2	82.5	23.4	552.8	46.1	12
1976	82.8	55.7	14.5	2.7	22.5	50.7	60.3	37.5	80.3	52.5	23.2	20	502.7	41.9	12
1977	28.6	7.4	26.2	8.3	44.1	23.8	40.6	75.4	52.1	50.1	103.5	68.2	528.3	44	12
1978	25.2	20.3	22.3	3.4	56.7	90.1	52.3	42	46.2	31.3	43.9	46.6	480.3	40	12
1979	50	32.5	5.8		70.6	74.8	94.8	127.1	72.2	39.4	78.2	48.3	693.7	63.1	11
1980	42	40.3	19.5	9.6	110.8	60.9	65.9	67					416	52	8
1981		15.9	11.2	58.5	69.5	80.3	60.5	74.3	62.3	55.2	39.5	17.5	544.7	49.5	11
1982	15.2	22.4	11.4	20.1	32.2	70.6	27	23.3	91.2	44.9	51.2	45.8	455.3	37.9	12
1983	16.2	17.5	14.9	0.2	18.2	98.8	55	75.6	66.3	40.9	11.1	54.5	469.2	39.1	12
1984	18.4	3.5	23.2	0	172.3	9.5	62	41.2	49.9	42.2		24.2	446.4	40.6	11
1985	25.3	51.3	12.3	7.1	61.5	54.5	44	68	56.3	20.8	11.7	47.7	460.5	38.4	12
1986	34.2	40	29.1	12	260.9	42.5	22.2	37.3	28	24	17.8	34.2	582.2	48.5	12
1987	26	21.4	12.2	0.3	19.4	73.5	49.2	52.6	80.7	27.5	69.8	17.9	450.5	37.5	12
1988	21	41.1		0	0.1	51.4	40.5	68.2	52.3	43.4	55	40.9	413.9	37.6	11
1989	38.6	31.5	23	34.3	15.9	30	42.2	45.5	62.4	70.5	56	17.8	467.7	39	12
1990	13	14	23.7	34	45.5	38.4	38	45.7	52.4	61.8	73.7	33.4	473.6	39.5	12
1991	29.5	41.2	15.7	2.2	34.8	50.5	16.6	45.9	48.5	33.5	56.7	54.5	429.6	35.8	12
1992	20.5	20	20	22.4	23.5	72.9	90.2	44.9	31.2	37.2	22.3	33.3	438.4	36.5	12
1993	49.3	30.1	36.7	14.3	9.1	68.9	45.1	85.9	42.5	93.9	16.1	28.6	520.5	43.4	12
1994	44	27.6	21	10.4	127.5	42.2	41.5	42	49.2	60.8	14.5	23.7	504.4	42	12
1995	20	40.9	11.4	8.7	26.7	144.7	73.7	63.3	38.8	27.7	61.4	13.4	530.7	44.2	12
1996	51.2	23.7	23.3	52.8	32.7	50.5	47.7	45	61.5	28.9	106.6	17.8	541.7	45.1	12
1997	7.8	31.7	35.6	25.7	23.2	30	57	40	20	29.8	52.8	15.8	369.4	30.8	12
1998	10.7	19.1	0.6	4.5	0	40	53.7	43.8	47	46.4	48.1	34	347.9	29	12
1999	26.6	68.8	22.2	31.8	24.7	60.7	74.8	77.5	57.5	69.5	17.7	24.4	556.2	46.4	12
2000	69	19.5	16.6	44	72.5	42.9	34.5	67.4	47.3	36.6	20.4	74	544.7	45.4	12
2001	10.2	38.3	15.3	34	31.2	11.7	59.3	53.2	70.2	48.7	69.9	40.4	482.4	40.2	12
2002	22.8	28.3	24.7	1	45.5	30	21.3	60.5	57.5	16.2	84.7	35.1	427.6	35.6	12
2004	33.3	17.7	16.1	7.8	32.1	41.8	70.8	93.3	55.3	37.5	88.1	48.9	542.7	45.2	12
2005	5.6	8	20.1	2.9	46	36.9	33	33.3	27	84.2	37.2	72.2	406.4	33.9	12
2006	38.2	28.5	23.6	16.6	49.6	56.2	237.8	83.6	38.6	44.7	62.2	35.1	714.7	59.6	12
2007	62.1	12.2	34.1	29	26.5	137	67	61.5	52	167	18	16	682.4	56.9	12
2008	76	30.4	8.2	66.5	77.8	97.2	66.3	71.5	49.4	37.3	86.8	14.8	682.2	56.9	12
2009	59.6	21.4	80	12	33.4	55.1	73	52.5	137.7	31.4	29.5	10.6	596.2	49.7	12
2010	26.6	12.2	4.8	35.5	44.8	68.8	94.4	100.9	124.1	35.1	37.9	47.9	633	52.8	12
2011	67.5	18.3	70.8	5	82.6	41.3	51.6	122.3	49.3	73.5	35.3	17.1	634.6	52.9	12
2012	49.1	14.4	25	31.8	38	58.5	42.8	89.2	61.8	19	3.6	110.1	543.3	45.3	12
2013	21.7	21	29.5	14.6	67.1	107.3	31.1	39.5	67.6	71.8	27	70.9	569.1	47.4	12
2014	47.9	1.7	7.8	87.7	60.1	39	55	86.9	82	88.8	28	17.3	602.2	50.2	12
2015	0	0.1	1.8	10	41	54	21.5	65.4	55.4	33.4	18.5	80.7	381.8	31.8	12
2016	19.3	21.7	8.5	13	6.6	35	34	88.4	72	93.3	51.9	15.7	459.4	38.3	12
2017	156.2	1	13.6	28.3	95.5	92.6	64	44.5	76.3	30.6	11.7	9.8	624.1	52	12
2018	70.6	5.4	8.9	35.2	26.7		31.7	75	38	100	18.8	25.5	435.8	39.6	11
2019	18	34.5	13	4	45	40	59.3	72.3	18.2	90.8	63.2	19.9	478.2	39.9	12
2020	34.1	28.9	8.7	36	28	63.3	44	49	60.6	36	72.4	46	507	42.2	12
2021	32.4	32.8	9.9	25	70.5	80.5	50.2	52.5	89.1	74.3	37.6	6.8	561.6	46.8	12
MÍNIMA	0	0.1	0.6	0	0	9.5	16.6	22.5	18	16.2	3.6	5.3	347.9	29	8
MÁXIMA	156.2	68.8	80	90.8	260.9	144.7	237.8	133.4	137.7	167	112	118.7	714.7	63.1	12
MEDIA	34.9	23.8	21	21.3	49.4	58.7	54.7	62	60.9	51.6	45.2	36.2	510.3	43.5	11.8
DESV.ST	24.9	15.2	15.2	20.5	41	27.8	32.5	24.3	26.5	27	27.7	24.4	84	7.1	0.8

LLUVIA TOTAL MENSUAL
AÑO	ENE	FEB	MAR	ABR	MAY	JUN	JUL	AGO	SEP	OCT	NOV	DIC	ACUM	PROM	MESES
1961	2	71	94		71.02	176.91	269.4	307.4	148.4	377.31	154.53	49.23	1721.2	156.5	11
1962	118.33	3.03	34.43	85.6	90.32	186.42	94.08	202.95	453.82	186.06	59.02	44.45	1558.51	129.9	12
1963	62.54	99.73	39.52	6.32	28.82	123.14	375.62	174.13	365.7	115.01	136.52		1527.05	138.8	11
1964	85.53	19.32	57.83	20.31	95.63	275.51	291.33	229.53	275.63	203.32	74.53	177.64	1806.11	150.5	12
1965	126.73	25.75	41.04	64.4	100.51	276.5	103.2	298.1	173.61	292.95	81.41	136.01	1720.21	143.4	12
1966	57.36	27.54	50.71	56.23	143.61	370.1	182.11	165.41	259.9	369.83	157.41	111.72	1951.93	162.7	12
1967	113.03	43.12	19.7	29.3	76.2	326.03	89.61	163.13	341.92	181.55	52.23	220.41	1656.23	138	12
1968	93.04	93.21	49.8	25.91	60.5	255.91	168.51	119.31	371.21	334.13	82.8	118.73	1773.06	147.8	12
1969	39.8		36.4		63.9	282.1		455	381.7	186.4	213.8		1659.1	207.4	8
1970	88.4	68.5	10.1	19.1	103.2	176.8	395.3	241.8	455.1	180.74	156.01	19.01	1914.06	159.5	12
1971	32.22	32.2	111.9	39.51	136.6	149.5	162.72	386.61	256	289.6	143.61	53.01	1793.48	149.5	12
1972	77.5	38.5	20.3	23.8	66.7	530.3	211.7	233.2	165.1	123.6	178.4	67.2	1736.3	144.7	12
1973	58.41	46.6	60.3	27	152.8	446.7	342	588.8	291.8	234	155.2	93.5	2497.11	208.1	12
1974	39	96.4	56.3	164.5	144.1	248	216.2	133.8	282.9	168.3	158.9	22.9	1731.3	144.3	12
1975	90.3	34.5	15.2	13.8	233.5	113.9	111.01	204.5	395.9	417.9	147.4	55.21	1833.12	152.8	12
1976	214.6	111.2	29.7	3	42.6	302.1	244.8	242.5	363.1	188.5	120.2	103.6	1965.9	163.8	12
1977	69.71	32.8	37.3	24.7	48.6	131.1	224.9	303.7	172.9	212	217.1	166.4	1641.21	136.8	12
1978	63.5	54.8	56.2	3.6	169.4	333.6	321.5	156.9	178.1	161.5	106.3	83	1688.4	140.7	12
1979	157.02	72	7.1		213.7	254.5	232.5	448	271.6	204.1	216.1	172.1	2248.72	204.4	11
1980	66.4	56.9	45.4	33.2	150.7	194.3	311.31	196.2					1054.41	131.8	8
1981		63.4	29.6	120.3	197.7	235.4	368.5	376.1	295.4	219.9	126.5	51.9	2084.7	189.5	11
1982	50.4	50.2	28.1	35.4	203.7	216.4	161.1	77	448.1	137.6	149.9	98.5	1656.4	138	12
1983	60.3	18.4	25.4	0.2	18.5	263.8	193.8	328.61	451.21	195.7	32.4	109.4	1697.72	141.5	12
1984	41.9	10.9	36	0	373.4	27.4	225.2	266	294.5	173.9		51.1	1500.3	136.4	11
1985	75	77.9	20.6	20.5	81.9	268.4	182.7	333.4	272	127.6	23.2	218.5	1701.7	141.8	12
1986	161.7	47	50.7	18.7	419.6	100.1	130.9	199.1	182	130.9	90.9	72.7	1604.3	133.7	12
1987	82.01	52.2	40.21	0.5	26.2	284.3	191.5	138.4	407.9	189.7	138.3	25	1576.22	131.4	12
1988	84.4	93.9		0	0.1	298.6	193.5	416.7	225.1	259.4	155.2	88.8	1815.7	165.1	11
1989	61.51	98.1	32.3	71.1	54.8	120.7	185.4	244.7	449.2	308.7	169.1	61.1	1856.71	154.7	12
1990	36	30.81	82.4	39.2	147.6	115.1	143.5	182.9	313.6	258.8	267.1	101.6	1718.61	143.2	12
1991	80.4	99.1	29.2	2.2	78.9	242.3	49.8	179.2	252.2	195.4	223.1	158.2	1590	132.5	12
1992	70	24.5	25.2	46.7	101	321.8	207.3	138.1	264.9	130.9	64.7	59.4	1454.5	121.2	12
1993	150.2	43.2	61.6	49.1	30	418	162	361.7	349.1	317.2	54.9	73.6	2070.6	172.6	12
1994	111.9	54.6	62.4	33.7	173.3	125.1	142.9	205.6	175.11	166	58.2	51.61	1360.42	113.4	12
1995	108.4	116.4	17.1	28.9	65.2	392	358.7	415.2	291.4	111	129	55.9	2089.2	174.1	12
1996	152.6	55.1	57.71	143.1	141	164.7	220.6	252.3	375.6	147.4	238.7	67.7	2016.51	168	12
1997	21.8	103.62	45.23	39.91	50.83	185.82	223.31	234.71	130.13	204.82	196.91	54.54	1491.63	124.3	12
1998	31.23	21.43	1.32	9.4	0	192.91	279.2	234.73	333.83	292.32	150.13	65.48	1611.98	134.3	12
1999	94.15	163.22	32.22	74.5	51.8	425.62	290.61	340.06	364.41	295.51	82.25	80.2	2294.55	191.2	12
2000	108.12	67.98	18.89	74.32	270.33	217.17	146.78	306.13	235.82	168.21	80.01	160.6	1854.36	154.5	12
2001	33.12	98.81	31.02	52.82	101.8	41.5	197.7	212	308.6	232	151.9	102	1563.27	130.3	12
2002	37.4	88.4	90.6	2.6	91.6	143.7	51	210.4	326.2	50	240.3	92	1424.2	118.7	12
2004	97.2	52.9	41.8	20.6	158.2	142.7	288.4	237.8	280.3	121.6	188.5	124.6	1754.6	146.2	12
2005	20.4	25.7	23.8	6.2	97.4	166.3	216.2	182.2	140.8	226.9	145.7	173.8	1425.4	118.8	12
2006	169.7	96.7	30.6	37.1	187.1	298.2	435.2	257.4	212.1	243.8	113	99.7	2180.6	181.7	12
2007	178.2	41.1	73.7	56.7	34.2	387.2	284.8	324.2	239.6	453.6	54.5	26.3	2154.1	179.5	12
2008	225.3	72.2	32.4	110.7	279.8	257.5	299	107.4	254.7	153.2	136	54.2	1982.4	165.2	12
2009	126.8	74.1	97.4	17.6	103.2	354.6	180.5	186.4	317.2	151.4	161.7	27.3	1798.2	149.8	12
2010	80.2	35.4	20.6	48.8	96.2	264.2	290.7	563	477.4	123.1	146.8	123	2269.4	189.1	12
2011	116.8	60.2	100.1	5	148.4	305.5	273.9	366.9	319.6	368.1	93.1	57.3	2214.9	184.6	12
2012	112.8	55	32.5	53	142	210.1	156.9	272.2	215	119.5	9.9	218.6	1597.5	133.1	12
2013	102	31.5	51.7	37.5	146.1	403.1	205.8	185.6	429.5	292.5	278.6	237.3	2401.2	200.1	12
2014	118.7	5.9	19	153.3	236.1	310	84.6	182.6	410.6	306.2	142.51	42.41	2011.92	167.7	12
2015	0	0.1	3.1	13.3	72.1	185.1	90.2	138.1	476.3	162.7	42.6	259.7	1443.3	120.3	12
2016	59.8	92.1	29.5	30.8	13.6	204.3	136.2	277.5	211.9	255.6	95.8	41.1	1448.2	120.7	12
2017	214.4	1.8	27	62.4	208.6	295.7	134.6	115.2	479.6	218.2	48.8	25.3	1831.6	152.6	12
2018	190.3	13.4	28.2	93.3	47.41		57.5	247.01	204.6	254.8	52.7	81.1	1270.32	115.5	11
2019	89.91	55.7	43.7	6.1	152.9	154.61	166.02	296.02	121.61	290.81	223.01	92.1	1692.49	141	12
2020	83.3	101.9	24.5	62.2	87.2	334.1	100.51	295.6	332.6	253.61	511.8	92.21	2279.53	190	12
2021	90.2	72.2	23.7	54	173.7	293.71	129.6	197.34	386.01	220.5	129.5	22.71	1793.17	149.4	12
MÍNIMA	0	0.1	1.32	0	0	27.4	49.8	77	121.61	50	9.9	19.01	1054.41	113.4	8
MÁXIMA	225.3	163.22	111.9	164.5	419.6	530.3	435.2	588.8	479.6	453.6	511.8	259.7	2497.11	208.1	12
MEDIA	91.3	57.5	40.6	41.6	120.9	246.1	206.5	255.6	302.7	219.6	138.1	94.6	1784.3	152.1	11.8
DESV.ST	51.9	34.1	24.4	38.7	84.5	103.2	90.3	106	98.7	83.2	80.6	59.4	292	24.6	0.8

EVAPORACIÓN MENSUAL
AÑO	ENE	FEB	MAR	ABR	MAY	JUN	JUL	AGO	SEP	OCT	NOV	DIC	ACUM	PROM	MESES
1961	34.5	91.5	151		183.7	138.5	114.5	129.1	116	80.6	88.6	96.7	1224.7	111.3	11
1962	77.8	151.5	201.7	170.3	212.4	156	169.5	159.8	118.3	116	110	88.1	1731.4	144.3	12
1963	101	118.8	179.9	203.1	191	161.5	143.2	148.7	97.3	101.5	79.3		1525.3	138.7	11
1964	81.4	127.2	179.1	238.3	203.5	149	133.1	149.9	115.3	89.8	84.7	79.5	1630.8	135.9	12
1965	88.7	103.4	169	190.1	179.6	134.1	146.9	147.5	133.2	82.3	96.6	77.7	1549.1	129.1	12
1966	76.2	95.2	148.5	204.4	180.7	159.2	141.9	144.2	112.4	91.3	90.8	77.7	1522.5	126.9	12
1967	67.3	92.2	160.9	187.3	202.8	141.5	164	138.7	117	82.6	78.4	79.3	1512	126	12
1968	77.8	90.5	130.5	166.6	180.2	161	148.9	128.1	105.5	89.9	80.4	73.9	1433.3	119.4	12
1969	70		123		188.2	160.2		85	104.8	87.8	78.2		897.2	112.1	8
1970	80.7	95	175.6	189.3	173	155.5	152.9	109.9	122.9	94.7	84.2	92.9	1526.6	127.2	12
1971	86.98	120.67	153.7	194.38	177.49	139.69	154.08	130.74	120.27	125.45	90.3	103.39	1597.14	133.1	12
1972	93.6	111.8	199.7	214.8	184.3	132	149.7	140.9	136.1	124.6	83.8	88.3	1659.6	138.3	12
1973	87.4	81.8	201.3	177.1	179.1	131	133	116.7	117	84.8	97.8	78	1485	123.8	12
1974	97.7	87	155.2	158	191.2	109	134.4	146.4	109.7	86.1	90.1	83	1447.8	120.7	12
1975	89.9	121.6	203.6	228.4	206.3	155.2	156.8	161.5	157.4	129.9	87.6	92.3	1790.5	149.2	12
1976	74.4	102.6	176.7	183.6	221.2	159.1	167.9	168.7	142.6	117.4	90.2	49.3	1653.7	137.8	12
1977	76.1	89.3	178.4	153.9	220.9	160.3	157.1	159.3	160.4	105	80	75.2	1615.9	134.7	12
1978	78.9	97.9	150.1	214.3	235.1	152.9	156.3	159	106.9	111.8	89	78	1630.2	135.8	12
1979	92.05	104.4	157.8		199.9	153.3	159.5	140.9	85.2	101.9	60.5	47	1302.45	118.4	11
1980	73.9	95.4	161	178.1	229.9	128.2	174.1	150.5					1191.1	148.9	8
1981		41.9	160.8	175.4	181.8	121.3	154.6	142.3	101.8	117.3	106.8	85.5	1389.5	126.3	11
1982	105.9	82.9	156.8	173.8	159.3	137.1	147.7	162.8	126.8	102.2	83.2	77.7	1516.2	126.4	12
1983	84.3	98	137.9	219.6	188.6	162.5	144.6	146.6	99.51	89.4	104.61	90.6	1566.22	130.5	12
1984	63.76	93.46	163.3	224.45	168.53	127.42	123.43	131.57	81.06	103.57		91.11	1371.66	124.7	11
1985	76.36						146.53	141.51	102.18	109.03	117.44	95.02	788.07	112.6	7
1986	79.85	113.62	142.6	183.54	149.68	147.05	159.67	161.45	125.94	110.19	88.41	80.57	1542.57	128.5	12
1987	97.43	109.88	158.08	152.22	182.05	106.86	128.45	131.26	118.3	118.22	69.26	90.1	1462.11	121.8	12
1988	77.74	75.83		154.44	209.09	142.19	151.78	112.8	99.45	88.46	94.51	79.59	1285.88	116.9	11
1989	103.79	112.41	149.63	170.32	178.58	135.13	147.34	166.59	98.24	108.19	93.97	84.86	1549.05	129.1	12
1990	100.08	88.3	142.65	182.11	190.28	167.82	168.33	170.35	127.73	104.79	70.61	77.75	1590.8	132.6	12
1991	95.76	89.99	194.75	229.17	200.27	171.09	174.35	184.02	123.12	101.89	89.07	74.17	1727.65	144	12
1992	76.66	101.36	152.95	180.98	182.68	147.98	153.48	126.11	104.02	96.32	73.22	89.24	1485	123.8	12
1993	97.14	104.64	153.75	175.4	194.19	131.86	143.68	140.91	109.74	85.68	83.61	83.71	1504.31	125.4	12
1994	81.56	99.7	144.97	175.27	185.48	151.67	176.45	149.96	112.68	113.22	103.3	88.79	1583.05	131.9	12
1995	88.12	112.84	163.81	178.54	211.67	163.36	163.84	141.63	114.53	97	101.02	78.65	1615.01	134.6	12
1996	77.47	97.46	129.38	161.72	152.47	128.12	135.38	123.95	132.99	89.67	90.81	72.26	1391.68	116	12
1997	79.8	93.85	159.75	163.26	153.66	122.6	145.08	154.52	108.24	77.53	72.95	60.15	1391.39	115.9	12
1998	81.07	137.87	192.55	196.23	224.56	186.64	154.72	157.16	123.02	89.86	88.7	63.08	1695.46	141.3	12
1999	85.69	106.68	154.19	199.19	198.79	162.56	132.88	143.29	84.04	94.15	67.97	70.64	1500.07	125	12
2000	103.06	114.9	176.7	178.88	143.3	103.12	146.25	121.82	102.91	93.17	73.15	68.07	1425.33	118.8	12
2001	70.69	86.16	175.04	185.22	144.34	151.91	148.52	127.2	96.34	90.28	84.78	64.71	1425.19	118.8	12
2002	88.11	64.14	145.4	199.61		122.56	157.39	159.91	107.78	117.71	64.61	58.12	1285.34	116.8	11
2004	76.92	103.15	154.58	191.69	136.63	131.56	145.74	150.98	130.65	122.24	97.61	82.26	1524.01	127	12
2005	125.7	111.25	195.68	212.72	204.1	151.79	129.76	131.47	133.86	106.4	79.5	78.01	1660.24	138.4	12
2006	79.44	100.51	170.35	208.68	167.16	121.76	130.17	139.76	129.07	101.41	80.39	61.54	1490.24	124.2	12
2007	70.31	99.42	155.51	197.31	216.2	161.17	146.53	129.84	118.77	86.54	94.12	91.63	1567.35	130.6	12
2008	101.32	123.14	163.85		198.84	114.26	123.49	143.11	92.97	72.65	101.05	91.93	1326.61	120.6	11
2009	95.75	122.45	189.13	212.53	188.65	135.95	151.19	144.78	130.43	125.48	71.77	82.24	1650.35	137.5	12
2010	75.06	94.25	154.41	200.27	209.52		137.22		106.11	110.92	85.68		1173.44	130.4	9
2011				186.63	185.6	155.43	130.18	125.4	99.62	89.2	88.5	80.4	1140.96	126.8	9
2012	80.82	89.81	157.73	179.8	175.13	110.85	143.7						937.84	134	7
2017	114.91	136.91	184.95	196.44	164.27	124.22	149.65	157.76	120.92	78.74	94.83	86.06	1609.66	134.1	12
2018	71.71	119.5	154.1	153.33	179.71		165.48	149.02	138.13	113.58	84.85	81.5	1410.91	128.3	11
2019	84.09	124.52	139.57	174.84	204.91	142.71	152.62	147.97	123.27	101.44	78.2	70.15	1544.29	128.7	12
2020	84.92	93.05	154.77	192.95	181.81	113.66	148.97	125.8	97.57	83.87	71.52	62.22	1411.11	117.6	12
2021	74.15	107.75	152.35	176.35	157.05	103.84	133.8	130.35	97.02	94.93	74.32	80.27	1382.18	115.2	12
MÍNIMA	34.5	41.9	123	152.22	136.63	103.12	114.5	85	81.06	72.65	60.5	47	788.07	111.3	7
MÁXIMA	125.7	151.5	203.6	238.3	235.1	186.64	176.45	184.02	160.4	129.9	117.44	103.39	1790.5	149.2	12
MEDIA	84.4	102.4	163	188.1	187.2	141.4	148.2	142.4	114.8	99.8	86.1	79.1	1461.6	128	11.4
DESV.ST	14.2	18.4	19.5	21	22.6	19.4	13.8	17.4	16.8	14.3	11.8	11.8	200.8	9.2	1.3

TEMPERATURA MÁXIMA PROMEDIO
AÑO	ENE	FEB	MAR	ABR	MAY	JUN	JUL	AGO	SEP	OCT	NOV	DIC	ACUM	PROM	MESES
1961	25.9	27.4	32.1		35.8	33.8	32.3	32.4	32.3	30.3	29.3	29.9		31	11
1962	26	33.3	32.5	32	34.9	32.1	31	31	29.7	28.7	28	25		30.4	12
1963	26.7	26.6	29.8	33.8	32.5	33.1	30.4	29.6	28.2	27.2	26			29.4	11
1964	25	27.2	33.7	35.2	35.4	32.2	31.7	33.3	33	28.6	29.4	27		31	12
1965	27.6	29.7	31.8	36.2	35	32.5	31.8	32.7	32.2	28.6	29.7	27		31.2	12
1966	25.5	29.1	29.2	35.7	34	32.6	32.7	33.1	32.1	29.3	27.1	25.7		30.5	12
1967	25.9	28.3	31.8	35.5	35.6	34.4	32.3	34.3	31	28.2	27.5	28.7		31.1	12
1968	25.1	26.7	28.9	33.8	34.6	33.9	31	30.9	31.6	29.4	29	27.5		30.2	12
1969	27.3		29		34.6	34		32.2	30.3	30.5	26.4			30.5	8
1970	24	26.1	31.4	35.7	32.7	32.5	31.3	32.4	31.2	30.5	26.3	28.1		30.2	12
1971	28.4	31.5	31.7	33	35.6	32.8	31.2	31.8	32.6	31.1	29	28.1		31.4	12
1972	28.7	28.8	33.7	35.9	35	32.2	31.3	31	31	31	30	28		31.4	12
1973	27	27	35.4	34.7	34.7	33.5	32.2	30.6	32	30	29.9	27.3		31.2	12
1974	29	27.4	32.5	31.6	34.7	30.7	30.7	31.4	31.1	27.6	27.4	27.2		30.1	12
1975	26.5	30.2	33.3	36.3	35.4	33	32.5	31.4	30	29.2	28.1	26.5		31	12
1976	25.4	27.9	33	33.5	35.2	33	32.1	31.5	31.7	29.5	26.2	24.8		30.3	12
1977	26.3	26.1	32.8	32.4	35.8	32.6	31.3	32.6	32.8	30.5	29.6	27.8		30.9	12
1978	26.7	28.1	30.1	34.7	36.1	31.9	31.6	31.6	31.4	29.3	29	28.7		30.8	12
1979	26.5	28.1	31.8		34.6	30.7	32.8	31.3	30.1	30.1	26.3	24.7		29.7	11
1980	28.8	28.1	33	32.3	37.5	32.3	32.1	32.2						32	8
1981		23.5	29.9	31.5	34.5	31.4	31	31.1	30	29.6	27	27.3		29.7	11
1982	28.7	29.3	31.6	34.5	33.3	32.1	30.4	30.6	30.1	29.2	27.9	28.1		30.5	12
1983	25.9	28.4	31	34.4	37.4	33.9	31.4	31.1	31.2	28.8	30.6	28.5		31	12
1984	25.1	26.8	31.6	36	33.1	33	30.2	30	29.5	30.5		26.8		30.2	11
1985	27	26.9	31.3	32.1	34	32.6	31.3	31.4	30.5	29.7	29.2	26.7		30.2	12
1986	24.4	29.6	27.9	33.4	33.6	31.9	30.9	30.6	31.2	29.8	28.8	26.9		29.9	12
1987	26.1	28.2	32	29.6	34.1	32.4	31.1	30.8	32.2	27.1	27.6	28.4		30	12
1988	24.7	26.7		36	35.7	33.5	31.6	31.6	31.1	27.3	29.2	26.4		30.3	11
1989	28.2	27.7	29.7	32.3	34.7	32.9	31.7	31.6	29.8	29.3	28.9	26.5		30.3	12
1990	26.3	28.3	29.6	33	34.8	32.4	31.7	31.6	30.6	29.2	28.7	26.5		30.2	12
1991	28.1	27.1	33.8	36.7	36.7	34.3	32.9	32.5	30.6	29.8	27	26.4		31.3	12
1992	25.6	28.9	31.5	33.3	32.9	34.1	31.9	32	31	29.8	29.1	28.3		30.7	12
1993	28	30	31.9	34.7	35.2	34.8	32.2	32.1	31.6	30.3	28.7	27.2		31.4	12
1994	29	27.5	30.9	33	33.7	31.9	31.4	30.6	29.6	31	29.1	27.8		30.5	12
1995	27.4	28.3	31.1	34.2	36.9	32.9	31.3	31.5	29.7	28.6	28.5	27		30.6	12
1996	26.9	28.6	31	32.2	32.4	32.3	31.4	30.8	32.5	29.7	27	26.8		30.1	12
1997	27.5	27.5	32.1	32.4	33	32.3	31	31	30.4	29.4	28	26.5		30.1	12
1998	27.8	31.5	31.9	34.4	37.3	36.1	31.7	31.9	31.8	29.3	28.4	26.4		31.5	12
1999	27.2	28.4	31	34.6	35.2	32.4	30.6	31.6	30	27.5	25.5	25.5		30	12
2000	27	28.7	33.4	33.1	33.5	31.1	30.8	30.2	30.9	28	28.9	25		30	12
2001	25.8	27.1	31.2	33.9	33	33	32	31.7	30.8	29	28	27		30.2	12
2002	27.3	25	30.3	33.5	34	32.7	32.4	31.7	31.7	31.7	27.4	26.5		30.4	12
2004	26.3	27.9	29.6	33.7	31.6	34	33.2	33.5	33.2	33.1	30.8	27.7		31.2	12
2005	28.3	30	35.7	35.1	36.3	35.8	33.7	33.1	32.5	30.5	29	28.9		32.4	12
2006	27.9	28.7	32.1	35.2	35.5	33.4	32.8	32.9	33.6	32.3	29.1	27.9		31.8	12
2007	27	30.4	32.4	35.6	36	35.7	33.7	32	31.5	28.8	27.8	28.9		31.6	12
2008	28	29.9	30.6	33.8	35.4	31.4	32.1	33.3	31	28.1	28.1	28.3		30.8	12
2009	27	29	29.9	34.6	35.2	33.6	32.7	31.8	32.8	32.6	27.4	28.2		31.2	12
2010	25.1	27.4	30	35	35.9	34.6	32.9	33	31.5	29.7	29.1	26.3		30.9	12
2011	28.4	29.2	31.2	36.1	36.2	33.7	32.4	33.2	32.2	29.3	29.8	27.6		31.6	12
2012	29.2	29.2	31.6	34.2	34.2	32.6	31.4	32.4	32.1	30.5	28.1	29.6		31.3	12
2013	26.5	30.6	29.6	34.8	34.3	32.8	31.8	31.2	32	30.2	26.4	26.2		30.5	12
2014	24.1	29.5	32.4	32.6	30.4	31.6	31.7	32.2	30.9	29	26.3	26.1		29.7	12
2015	24.3	26.7	28.2	34.2	33.9	32	32.6	33	31.8	30.5	28.9	28.2		30.4	12
2016	26.3	25.7	32.1	32.7	35.9	32	32	32.2	32	30.5	27.8	28.5		30.6	12
2017												28.5		28.5	1
2018	24	30.2	32.7	32.5	34.4		32.7	32.2	32.5	31.3	28.1	27.8		30.8	11
2019	26.7	31.2	30.3	33.9	36.7	33.6	32.6	33.6	31.8	31.1	28	27.3		31.4	12
2020	27.7	29.3	32.1	36.5	35	31.6	33.4	32.1	31.2	29.1	27.4	25.9		30.9	12
2021	27.1	29.3	31	34	32.8	32.7	32.1	32.5	32.4	32.1	28.7	30.8		31.3	12
2022	27.7	27.4	30.8	34.8	35.2	31.1	32.1	32.1	30.4	29.7	28.9	28.4		30.7	12
2023	29.4	28.8	32.9	35.2	35.2	36.5	32.5	32.5	32.9	31.4	27.1	27.8		31.9	12
MÍNIMA	24	23.5	27.9	29.6	30.4	30.7	30.2	29.6	28.2	27.1	25.5	24.7		28.5	1
MÁXIMA	29.4	33.3	35.7	36.7	37.5	36.5	33.7	34.3	33.6	33.1	30.8	30.8		32.4	12
MEDIA	26.8	28.4	31.5	34.1	34.7	32.9	31.9	31.9	31.3	29.7	28.2	27.3		30.7	11.6
DESV.ST	1.4	1.7	1.6	1.5	1.4	1.3	0.8	1	1.1	1.3	1.2	1.2		0.7	1.6

TEMPERATURA MÁXIMA EXTREMA
AÑO	ENE	FEB	MAR	ABR	MAY	JUN	JUL	AGO	SEP	OCT	NOV	DIC	ACUM	PROM	MESES
1961	30	35.5	37		41	37.5	35.5	34.5	35.5	35	34	36		35.6	11
1962	35	38.5	39	39	40.5	39	33.5	33	32	33	38	29		35.8	12
1963	34.5	35	36	38.5	35.5	38	33.5	31.5	36	31	32.5			34.7	11
1964	32	33	40.5	41.5	42	34.5	34	36	35	36	35	32		36	12
1965	34	37	39	39.5	38.5	36.5	34	36	34	36.5	34	33.5		36	12
1966	33	37	38	40	39	36.5	35	35.5	36.5	35	34.5	33.5		36.1	12
1967	33	34.5	37.5	40	40	42	36	39	39	34	35	39		37.4	12
1968	31	36.5	39	40	39	38	36.5	33.5	36	34	34.5	37		36.2	12
1969	34		36.5		43	38.5		35.5	33.5	34.5	32.5			36	8
1970	30	36.5	38	40	40.5	38	34	37	36	36	32.5	36		36.2	12
1971	35.5	39.5	39	42	40.5	37	35	36	35.5	35	34	35.5		37	12
1972	36	37	39.5	40.5	40.5	36.5	33	34.5	34	36	35	34		36.4	12
1973	37	35.5	39.5	42.5	42.5	36.5	35.5	33	36.5	36.5	34	32.5		36.8	12
1974	35	35.5	37.5	37	39	37.5	33	34	35	34	32.5	32		35.2	12
1975	34	36	38.5	41	40	37	37	35	36	35	33	31.5		36.2	12
1976	34	34.5	38	39	42.5	38.5	35	34	36	34	36	33		36.2	12
1977	36	36.5	39.5	40.5	42.5	37	34	36	37	35	34.5	35		37	12
1978	34.5	39	39	40.5	42	35.5	35	34	37	33.5	34.5	39		37	12
1979	34.6	39	39.5		41	35	37	35	34	35	32	33		35.9	11
1980	36	37	39.5	40	42	38	35	37						38.1	8
1981		29	37	38	38.5	35	35	35.5	34.5	33.5	34	34		34.9	11
1982	33	34.5	37.5	39.5	37.5	37	32	32	34.5	34	34	32.5		34.8	12
1983	33	34	36.5	39.5	42	38	35	34	39	34	34	33.5		36	12
1984	33	35	37.5	40.5	39	36	32	31.5	33.5	35.5		31		35	11
1985	33.5	34	35	38.5	39	36	36	35	34.5	33.5	34	34		35.2	12
1986	32	35	35	39	40	36	33.5	33	37	34.5	33	33.5		35.1	12
1987	34	37	41.5	39.5	39.5	37	34.5	35	36	32	34	34		36.2	12
1988	34	34		39.5	41.5	40	38	34	34	32	35	32.5		35.9	11
1989	33.5	34	36	38	39	38.5	36	34	34	34.5	34	33		35.4	12
1990	32.5	35	36.5	38.5	39	34.5	33.5	34.5	33	34	34	35		35	12
1991	34.5	36	39.5	43	41	39	35.5	34.5	35	34	34	32.5		36.5	12
1992	33	36	38	39.5	38.5	40	36.5	35.5	33	34.5	36	34		36.2	12
1993	34.5	37	39.5	40	40.5	42.5	35	35.5	36	36.5	35	33		37.1	12
1994	37	35	37.5	40.5	39.5	36.5	35	32.5	34	36	36.5	32.5		36	12
1995	36	37.5	39	39	40	39.5	37	35	33	33	34	37		36.7	12
1996	32	35.5	38	38.5	36	37	36.5	34	36	34.5	33.5	32		35.3	12
1997	34	34.5	37	38	39	37	34.5	33	34	35	34	33.5		35.3	12
1998	34.5	38.5	39	40.5	41.5	42.5	36	36	36	35	33	32		37	12
1999	35	33	36	39	39.5	36	33	35	34	34.5	31.5	32		34.9	12
2000	32	34.5	41.5	38.5	38	37	34	33.5	34.5	32	35	32		35.2	12
2001	35	35	37	39	39.5	37.5	35	34.5	35.5	34	33.5	33.5		35.8	12
2002	36	35	37	38	39	36.5	35	33.5	36	36	35.5	33.5		35.9	12
2004	33	35	36	40.5	39.5	38	38	36.5	36.5	36.5	38.5	36		37	12
2005	35	40.5	42	42	42	41	36	37	35.5	34	37.5	34.5		38.1	12
2006	36	36.5	38	41	43	42	37	35.5	37.5	37.5	36	35		37.9	12
2007	35	40	39	41	41	40	37	34.5	34	34	34	33.5		36.9	12
2008	35	35	38	39	42.5	36	36.5	37	36	33	34.5	34		36.4	12
2009	34	35	36	40.5	39.5	38	35	34	36	37	33	36		36.2	12
2010	35	36.5	39	40	40.5	41	37	37	36	36	34.5	34		37.2	12
2011	35.5	37	38	40	40	38	35.5	37.5	36	34	35	34		36.7	12
2012	35	36	37.5	38	40	37	36	36	39	36	32	36		36.5	12
2013	35	36	38	39	40	35	35	35	40	34	33.5	33		36.1	12
2014	34	35	37.5	39	36.5	35	36	35	35.5	34.5	33.5	31		35.2	12
2015	32.5	34	36	39	39	36.5	35	38	35	34	35	34		35.7	12
2016	33	33.5	38.5	39	40	37.5	34.5	35	35	35	34	35.5		35.9	12
2017												28.5		28.5	1
2018	32	35	38	37	38		36	35	35.5	35	35	35.5		35.6	11
2019	33	35.5	36	38.5	41.5	38	35.5	36.5	36	34.5	33	34.5		36	12
2020	33	36.5	37.5	41	39.5	36.5	36.5	34.5	35.5	33.5	33	33.5		35.9	12
2021	34	35.5	37.5	40	37.5	36	36	36.5	36.5	37.5	33.5	35.5		36.3	12
2022	35.5	35	37.5	39	39.5	36	35	35.5	33	34.5	33	33.5		35.6	12
2023	35	34.5	36	39	39	40	35.5	36.5	35.5	35.5	33	35.5		36.2	12
MÍNIMA	30	29	35	37	35.5	34.5	32	31.5	32	31	31.5	28.5		28.5	1
MÁXIMA	37	40.5	42	43	43	42.5	38	39	40	37.5	38.5	39		38.1	12
MEDIA	34	35.7	38	39.6	40	37.6	35.2	35	35.4	34.6	34.2	33.8		36	11.6
DESV.ST	1.5	1.9	1.5	1.3	1.7	2	1.3	1.5	1.6	1.3	1.4	2		1.2	1.6

TEMPERATURA MÍNIMA PROMEDIO
AÑO	ENE	FEB	MAR	ABR	MAY	JUN	JUL	AGO	SEP	OCT	NOV	DIC	ACUM	PROM	MESES
1961	17.6	17.2	18.3		21	22	16.4	14.4	14.2	12.4	11	10.2		15.9	11
1962	9.7	12.5	13.5	15.3	15.9	16.9	16.6	16.2	16.6	16.3	11.8	12.5		14.5	12
1963	10.6	9.7	13.9	15.1	17.4	17.4	16.7	17.2	19.9	20.4	19.2			16.1	11
1964	15.5	16.9	17.2	19.4	21.1	20.2	20	19.2	20.4	17.2	15.3	14.7		18.1	12
1965	13.8	15.1	18	20.4	22.5	22.5	20.3	17.6	17.9	16.3	15.6	14		17.8	12
1966	12.7	12.4	13.6	17.2	18.1	17.8	18.1	18.1	17.6	16.8	13.9	11.3		15.6	12
1967	11.9	13	14.1	16	18.6	19.2	18	17.8	17.6	16.2	14.3	12.2		15.7	12
1968	13.6	12	12.7	15.8	21.3	21.2	20.7	21.9	20.8	19.4	16.8	15.4		17.6	12
1969	15.1		19.3		22.5	22.1		21.4	22.4	19.9	18.5			20.1	8
1970	15.9	15.6	16.9	21.7	20.1	22.5	22.1	21.8	21.7	21.4	17.2	18.6		19.6	12
1971	16.2	14.5	17.8	18.4	22.5	21.9	21.5	21.5	22.1	20.7	19.7	18.2		19.6	12
1972	17.3	15.3	19.7	21.8	23.2	22.4	22	22.2	22.1	21.6	20.8	17.7		20.5	12
1973	16.8	16.8	20.4	21.4	22.7	22.4	22.2	22.1	22	21.2	20	14.4		20.2	12
1974	18.5	16.4	18.2	20.1	21.3	22.1	21.4	21.9	21.6	19.9	19.2	17.5		19.8	12
1975	17.5	16.5	19.4	22	23.3	22.2	21.3	21.8	21.3	20.2	19.1	17.6		20.2	12
1976	15.2	15.1	17.7	20.1	22.6	22.2	21.7	21.8	21.7	20.6	18.8	16.8		19.5	12
1977	16.3	16.8	17.8	20.6	22.7	22.3	21.5	22	22.4	20.7	18.6	18.2		20	12
1978	16.3	15.9	17.5	20.6	24	22.7	21.8	22.2	21.4	20.5	20.5	17.7		20.1	12
1979	15.9	16.9	18.2		22.5	22.4	22.5	22.1	21.4	21.2	18.6	17.5		19.9	11
1980	17.2	17	17.9	20	23.7	22.4	22.1	22.1						20.3	8
1981		17.9	19.5	22	22	22.6	21.9	22	21.9	21.8	18.6	18.5		20.8	11
1982	17.1	18.1	18.9	22.1	23.3	22.8	22.2	22	21.9	21.2	20.1	18.1		20.6	12
1983	16.9	15.7	17	21.1	23.8	23.2	22.5	22.1	22.2	21.6	20.4	18.5		20.4	12
1984	16.4	17.1	18.1	20.2	22.9	21.4	21.8	21.8	21.4	21.2		18		20	11
1985	15.9	16.7	19.9	20.9	21.8	22.4	21.8	22.3	21.8	21.1	18.7	18.9		20.2	12
1986	15.9	16.2	16.6	19.8	21.3	21.3	21.4	21.9	21.7	20.7	20.3	18.2		19.6	12
1987	13.9	17.4	17.9	19.3	21.5	23.1	22.4	21.9	22.4	19.2	17.6	16.7		19.4	12
1988	17.3	16.9		18.7	22.1	22.8	22.1	22.4	21.4	20.1	19.3	17		20	11
1989	18.2	16.4	15.5	19.4	22.4	22.5	22.2	21.7	21.5	20	19.8	15.5		19.6	12
1990	17.2	17.4	19.1	20.9	22.3	22.5	22	22.3	22	21.3	19.4	16.8		20.3	12
1991	17.7	17.6	19	21.4	23.8	23.5	22.5	22.5	22	21.1	18.9	19		20.8	12
1992	17.5	17	19.2	22.1	21.5	22.9	21.7	21.9	21.7	20.6	19.1	18.4		20.3	12
1993	18.1	17.3	18.1	21.4	22.6	22.3	22.1	22	22	21.1	19.8	17.9		20.4	12
1994	17.1	18.9	18.5	20.8	23.1	22.7	22	22.5	22.3	22	20.5	19.9		20.9	12
1995	17.1	17.1	19	23	24.2	23.6	22.9	23.2	23.1	21.4	21	19.6		21.3	12
1996	15.4	15.9	17.2	20.2	21.8	22.3	21.9	21.1	22.1	20.4	19.4	18.4		19.7	12
1997	16.5	17.7	19.3	21.3	22	22.2	22.3	22.2	22	20.5	20.4	14.9		20.1	12
1998	17.1	16.3	18.5	20.5	22.8	24.4	22.3	22.3	22.3	21.7	21.4	16.8		20.5	12
1999	15.2	16.5	16.8	20.1	21.8	21.6	21.4	21.4	21.5	20.2	17.7	16.4		19.2	12
2000	15.8	16.1	17.9	19.1	22	21.6	21.3	21.5	21.8	20.4	19.9	17.4		19.6	12
2001	14.9	18.1	17.3	20.6	21.7	21.9	21.7	22.2	21.5	21.2	19.1	19.1		19.9	12
2002	16.1	16.7	17.5	21.1	22.5	21.9	22.3	22.3	22.1	21.4	17.7	17.1		19.9	12
2004	17.8	16.6	19.8	19.3	21.9	22.8	22.5	23.2	22.8	22.5	19.2	17.9		20.5	12
2005	17.6	18.4	20.3	22.2	23.8	24.1	23.1	23.3	22.8	21.4	19.4	19.4		21.3	12
2006	18.1	16.8	19	21.5	22.3	22.5	22.9	22.9	22.9	22.8	19.4	18.8		20.8	12
2007	17.9	17.6	19.3	22.1	22.8	23	21.5	21.9	21.9	19.6	18.8	17		20.3	12
2008	16.8	17.4	17.4	19.8	21.7	21.7	21.5	21.7	22	20.8	16.2	16.3		19.4	12
2009	15.8	16.3	17.9	19.4	21.6	22.1	22.2	22.2	22.9	21.6	18.4	17.7		19.8	12
2010	16.1	17.7	18.2	22.4	23.3	23.2	22.9	22.9	22.6	19.9	18.6	15.2		20.2	12
2011	17	16.9	19.1	21.6	22.7	22.8	22.5	23.1	23.1	21.1	19.6	17.6		20.6	12
2012	18.2	19.8	20.2	19	22.5	22.1	22	22.4	22	21.2	18.1	16.9		20.4	12
2013	17.8	17.1	17.7	21.2	23.1	23	22.6	22.4	22.6	22.1	20.1	18.7		20.7	12
2014	16.5	17.7	18.9	22	21.7	22.1	22.4	22.5	22.1	21.4	18.6	18.7		20.4	12
2015	17.9	16.6	19.1	22.4	22.8	22.8	22.4	23.1	22.3	22	21.7	19.6		21.1	12
2016	17	17.4	19.9	21.8	23.1	22.6	22.4	22.5	22.2	22	20.4	19.8		20.9	12
2017												19.5		19.5	1
2018	16.4	19.2	19.3	21.2	21.3		21.9	22	21.5	21.4	19.1	17.4		20.1	11
2019	17.6	17.4	18	20.9	22.5	23.3	23.3	23	22.5	22.6	20.5	17.9		20.8	12
2020	18.7	18.8	20	13.4	23.7	23.3	23.2	23.1	23	21.6	21.1	18.3		20.7	12
2021	18.3	16.6	20	21.1	23.6	22.8	22.8	23.1	22.6	21.9	19.1	19.6		21	12
2022	17.4	17.3	18.9	20.4	22.8	22.2	22.5	22.1	22.5	21.1	20.6	19.3		20.6	12
2023	17.9	17.3	19.5	21.4	22.6	23.3	22.8	22.6	23.1	22.9	20.5	18.5		21	12
MÍNIMA	9.7	9.7	12.7	13.4	15.9	16.9	16.4	14.4	14.2	12.4	11	10.2		14.5	1
MÁXIMA	18.7	19.8	20.4	23	24.2	24.4	23.3	23.3	23.1	22.9	21.7	19.9		21.3	12
MEDIA	16.4	16.6	18.1	20.3	22.1	22.2	21.6	21.7	21.6	20.6	18.8	17.3		19.8	11.6
DESV.ST	1.8	1.7	1.7	2	1.5	1.4	1.5	1.8	1.6	1.8	2.1	2.1		1.4	1.6

TEMPERATURA MÍNIMA EXTREMA
AÑO	ENE	FEB	MAR	ABR	MAY	JUN	JUL	AGO	SEP	OCT	NOV	DIC	ACUM	PROM	MESES
1961	15	12	13		13.5	15.5	13	13	12.5	9.5	6	6		11.7	11
1962	4	7	8.5	12	11.5	15	14.5	11.5	14.5	14.5	8	10		10.9	12
1963	6	3.5	10	12.5	12.5	15.5	15.5	15.5	16.5	17.5	15			12.7	11
1964	11	13	14	16	16	17	17	16.5	18	13	11	11		14.5	12
1965	5.5	9.5	12	14.5	21	20.5	17	16	16.5	11	12	10		13.8	12
1966	7	6.5	9	11.5	15	13.5	16	16	16	13	9	6		11.5	12
1967	7.5	7.5	10	11.5	13.5	16	16.5	16	14	11	10	0.8		11.2	12
1968	8	6	9	13	17	17	16.5	18	16	13	9	10		12.7	12
1969	10.5		16		19.5	17.5		17	20.5	15.5	14			16.3	8
1970	11	12	7	17.5	13	21	21	20	20.5	19	12	12		15.5	12
1971	12	9	14	11.5	18	19	20.5	20	20	17	16	2		14.9	12
1972	12.5	11	17	18.5	18	20	20.5	21	20.5	19	18	11.5		17.3	12
1973	10.5	11	16	18	19.5	20.5	20.5	20.5	20	19.5	17	10.5		17	12
1974	12.5	11.5	12.5	16.5	17	20	19.5	20.5	20	16.5	14.5	13		16.2	12
1975	15.5	13	17	18	19	19	20	20.5	18	16	14	13.5		17	12
1976	11	10	12.5	15	19.5	20	20	20	21	17	15	12		16.1	12
1977	13	13.5	13.5	14.5	17.5	20	15	20	20	15	12.5	11.5		15.5	12
1978	11.5	10	13	13	22	20.5	20.5	21	18	16.5	17.5	13		16.4	12
1979	12	12	15		19.5	20	20.5	20	18	18	14	12		16.5	11
1980	14	13	13.5	13	20.5	20.5	20	19.5						16.8	8
1981		16	16.5	19.5	19	20	20	20.5	20.5	19.5	15	15		18.3	11
1982	13	13	16	18	21	21	20.5	21	20.5	18	17.5	12.5		17.7	12
1983	12.5	11.5	11	16	21	21	21	20.5	20.5	19	17	12		16.9	12
1984	10	11	10	13	20	19	20	20	19.5	19		12.5		15.8	11
1985	12.5	12.5	16	15.5	17	20.5	19.5	21	20	17	15	16		16.9	12
1986	9	10.5	10.5	16.5	15	15	15.5	20	19.5	16	13	15.5		14.7	12
1987	10.5	13	10	14	14	21.5	20.5	18	20	15	13	10.5		15	12
1988	14.5	11		14	18	21	20	21.5	19.5	16.5	16	12		16.7	11
1989	15	10	10	15	18	20	20.5	20	18.5	17	17	11		16	12
1990	14	15	13	19	20.5	21	20	20.5	20.5	17	15	12		17.3	12
1991	12.5	14	9	15	22	21.5	18	21	20	18	15	12.5		16.5	12
1992	14.5	13	15.5	19	17	21	20	20.5	20.5	17.5	15.5	15		17.4	12
1993	11.5	14.5	14	16	19	18.5	20	20.5	20.5	18	15	14		16.8	12
1994	10.5	16.5	10	18	20.5	20	19.5	21	20.5	20	16	16		17.4	12
1995	12.5	12.5	14	19	20	21	20.5	22	21.5	17	17	16		17.8	12
1996	11	10.5	11	18	19	20	20	19.5	21	17	13.5	14		16.2	12
1997	12.5	15	14.5	17.5	20	19	21	21	20	17	17	8		16.9	12
1998	12	8	10	12.5	21	22.5	20.5	20.5	21.5	19.5	18.5	11.5		16.5	12
1999	10.5	12	11	17	20	20	20	20	20	17.5	13	10.5		16	12
2000	10.5	11	15	17	20	20.5	19.5	19.5	20.5	18	13.5	13.5		16.5	12
2001	9	14	11.5	18	18.5	20	19	20.5	20.5	18.5	14	16.5		16.7	12
2002	10	10.5	13.5	19	18	20.5	21	21	21	18.5	11.5	13.5		16.5	12
2004	15.5	13	13.5	16	18	21	20.5	22	21	20.5	14.5	12.5		17.3	12
2005	12.5	14.5	16.5	16	21	22	21	22.5	20	17.5	12.5	14		17.5	12
2006	13	13	13.5	18	18.5	18.5	20	20.5	21.5	19	12	11.5		16.6	12
2007	14	11.5	13	16.5	20	20.5	19.5	21	20.5	15.5	13	13		16.5	12
2008	11.5	14	12	16.5	18	19.5	20	19	20	17	13.5	11		16	12
2009	9	12.5	13	15.5	17	21	20.5	20.5	21	16	15	14		16.2	12
2010	11	11.5	15	18	20	21	21.5	22	19.5	18.5	14.5	12		17	12
2011	13	15	16	15.5	19.5	21	21	21.5	20	16.5	13	14		17.2	12
2012	14	16.5	17	15	20	21	20	21	20	18	13	12.5		17.3	12
2013	13	12	10	15	18	21	20	20	21	20	15.5	16		16.8	12
2014	12	12	12.5	17.5	18.5	21	20.5	21	20	17.5	16	16		17	12
2015	11.5	10.5	16	15.5	20	20.5	21	20	21	19.5	18.5	17		17.6	12
2016	10	10.5	17	18.5	16	21	20.5	21	20	20.5	16.5	17.5		17.4	12
2017												19.5		19.5	1
2018	11	17	17	16	19		20	20.5	20.5	20	14	13		17.1	11
2019	12	14	15	15	20	21.5	21.5	21	18.5	20.5	17.5	14		17.5	12
2020	14.5	15.5	15.5	7.5	21.5	20	21	21.5	21	18.5	19	14.5		17.5	12
2021	15	10.5	15.5	16.5	21	21	21.5	21.5	20.5	17.5	14	16		17.5	12
2022	14	14	13.5	14.5	19.5	18.5	21	21	20.5	18	18	14.5		17.2	12
2023	14.5	13.5	15.5	12.5	15.5	20.5	18	16.5	21.5	19.5	17.5	13.5		16.5	12
MÍNIMA	4	3.5	7	7.5	11.5	13.5	13	11.5	12.5	9.5	6	0.8		10.9	1
MÁXIMA	15.5	17	17	19.5	22	22.5	21.5	22.5	21.5	20.5	19	19.5		19.5	12
MEDIA	11.7	11.9	13.2	15.7	18.4	19.7	19.5	19.8	19.6	17.2	14.4	12.6		16.2	11.6
DESV.ST	2.5	2.6	2.6	2.4	2.4	1.9	1.9	2.1	1.9	2.4	2.7	3.3		1.7	1.6

TEMPERATURA MEDIA MENSUAL
AÑO	ENE	FEB	MAR	ABR	MAY	JUN	JUL	AGO	SEP	OCT	NOV	DIC	ACUM	PROM	MESES
1961	21.8	22.3	25.2		28.4	27.9	24.3	23.4	23.2	21.4	20.1	20		23.5	11
1962	17.9	22.9	23	23.6	25.4	24.5	23.8	23.6	23.1	22.5	19.9	18.8		22.4	12
1963	18.6	18.1	21.9	24.4	25	25.2	23.5	23.4	24	23.8	22.6			22.8	11
1964	20.2	22	25.5	27.3	28.2	26.2	25.9	26.2	26.7	22.9	22.4	20.9		24.5	12
1965	20.7	22.4	24.9	28.3	28.8	27.5	26	25.2	25	22.5	22.6	20.5		24.5	12
1966	19.1	20.8	21.4	26.5	26	25.2	25.4	25.6	24.9	23	20.5	18.5		23.1	12
1967	18.9	20.6	23	25.8	27.1	26.8	25.1	26	24.3	22.2	20.9	20.4		23.4	12
1968	19.4	19.4	20.8	24.8	28	27.5	25.9	26.4	26.2	24.4	22.9	21.4		23.9	12
1969	21.2		24.1		28.6	28		26.8	26.4	25.2	22.4			25.3	8
1970	20	20.9	24.1	28.7	26.4	27.5	26.7	27.1	26.4	26	21.8	23.4		24.9	12
1971	22.3	23	24.8	25.7	29	27.3	26.4	26.6	27.4	25.9	24.4	23.1		25.5	12
1972	23	22	26.7	28.9	29.1	27.3	26.6	26.6	26.6	26.3	25.4	22.9		26	12
1973	21.9	21.9	27.9	28	28.7	28	27.2	26.4	27	25.6	25	20.9		25.7	12
1974	23.8	21.9	25.4	25.9	28	26.4	26	26.6	26.4	23.8	23.3	22.4		25	12
1975	22	23.4	26.3	29.1	29.4	27.6	26.9	26.6	25.6	24.7	23.6	22		25.6	12
1976	20.3	21.5	25.4	26.8	28.9	27.6	26.9	26.6	26.7	25	22.5	20.8		24.9	12
1977	21.3	21.5	25.3	26.5	29.2	27.5	26.4	27.3	27.6	25.6	24.1	23		25.4	12
1978	21.5	22	23.8	27.7	30	27.3	26.7	26.9	26.4	24.9	24.8	23.2		25.4	12
1979	21.2	22.5	25		28.6	26.5	27.6	26.7	25.8	25.6	22.5	21.1		24.8	11
1980	23	22.6	25.4	26.1	30.6	27.3	27.1	27.2						26.2	8
1981		20.7	24.7	26.8	28.2	27	26.4	26.6	26	25.7	22.8	22.9		25.3	11
1982	22.9	23.7	25.2	28.3	28.3	27.5	26.3	26.3	26	25.2	24	23.1		25.6	12
1983	21.4	22	24	27.8	30.6	28.5	27	26.6	26.7	25.2	25.5	23.5		25.7	12
1984	20.8	22	24.9	28.1	28	27.2	26	25.9	25.4	25.9		22.4		25.1	11
1985	21.4	21.8	25.6	26.5	27.9	27.5	26.6	26.9	26.1	25.4	24	22.8		25.2	12
1986	20.1	22.9	22.2	26.6	27.5	26.6	26.1	26.2	26.4	25.2	24.6	22.5		24.7	12
1987	20	22.8	25	24.5	27.8	27.8	26.8	26.4	27.3	23.1	22.6	22.5		24.7	12
1988	21	21.8		27.4	28.9	28.1	26.9	27	26.2	23.7	24.2	21.7		25.2	11
1989	23.2	22	22.6	25.8	28.6	27.7	27	26.6	25.6	24.6	24.4	21		24.9	12
1990	21.8	22.9	24.4	27	28.5	27.4	26.9	27	26.3	25.2	24	21.6		25.2	12
1991	22.9	22.4	26.4	29	30.2	28.9	27.7	27.5	26.3	25.5	23	22.7		26	12
1992	21.6	23	25.4	27.7	27.2	28.5	26.8	27	26.4	25.2	24.1	23.4		25.5	12
1993	23	23.6	25	28	28.9	28.5	27.2	27	26.8	25.7	24.2	22.5		25.9	12
1994	23	23.2	24.7	26.9	28.4	27.3	26.7	26.6	26	26.5	24.8	23.9		25.7	12
1995	22.2	22.7	25	28.6	30.5	28.2	27.1	27.4	26.4	25	24.8	23.3		25.9	12
1996	21.1	22.2	24.1	26.2	27.1	27.3	26.6	26	27.3	25	23.2	22.6		24.9	12
1997	22	22.6	25.7	26.9	27.5	27.2	26.6	26.6	26.2	25	24.2	20.7		25.1	12
1998	22.5	23.9	25.2	27.4	30	30.2	27	27.1	27	25.5	24.9	21.6		26	12
1999	21.2	22.4	23.9	27.4	28.5	27	26	26.5	25.8	23.9	21.6	21		24.6	12
2000	21.4	22.4	25.6	26.1	27.8	26.4	26	25.9	26.4	24.2	24.4	21.2		24.8	12
2001	20.4	22.6	24.2	27.2	27.4	27.4	26.9	27	26.1	25.1	23.6	23		25.1	12
2002	21.7	20.9	23.9	27.3	28.2	27.3	27.4	27	26.9	26.5	22.5	21.8		25.1	12
2004	22	22.2	24.7	26.5	26.8	28.4	27.9	28.4	28	27.8	25	22.8		25.9	12
2005	23	24.2	28	28.6	30	30	28.4	28.2	27.6	26	24.2	24.1		26.9	12
2006	23	22.8	25.6	28.4	28.9	28	27.8	27.9	28.2	27.5	24.2	23.4		26.3	12
2007	22.4	24	25.9	28.9	29.4	29.4	27.6	27	26.7	24.2	23.3	23		26	12
2008	22.4	23.6	24	26.8	28.5	26.5	26.8	27.5	26.5	24.5	22.1	22.3		25.1	12
2009	21.4	22.6	23.9	27	28.4	27.9	27.5	27	27.8	27.1	22.9	23		25.5	12
2010	20.6	22.5	24.1	28.7	29.6	28.9	27.9	28	27	24.8	23.9	20.8		25.6	12
2011	22.7	23	25.1	28.9	29.5	28.2	27.4	28.2	27.7	25.2	24.7	22.6		26.1	12
2012	23.7	24.5	25.9	26.6	28.4	27.4	26.7	27.4	27	25.9	23.1	23.2		25.8	12
2013	22.1	23.9	23.6	28	28.7	27.9	27.2	26.8	27.3	26.1	23.2	22.4		25.6	12
2014	20.3	23.6	25.6	27.3	26	26.9	27	27.4	26.5	25.2	22.5	22.4		25.1	12
2015	21.1	21.6	23.6	28.3	28.4	27.4	27.5	28	27	26.2	25.3	23.9		25.7	12
2016	21.6	21.5	26	27.2	29.5	27.3	27.2	27.4	27.1	26.2	24.1	24.1		25.8	12
2017												24		24	1
2018	20.2	24.7	26	26.9	27.9		27.3	27.1	27	26.4	23.6	22.6		25.4	11
2019	22.1	24.3	24.1	27.4	29.6	28.5	28	28.3	27.1	26.9	24.2	22.6		26.1	12
2020	23.2	24	26	25	29.4	27.5	28.3	27.6	27.1	25.4	24.2	22.1		25.8	12
2021	22.7	23	25.5	27.6	28.2	27.8	27.5	27.8	27.5	27	23.9	25.2		26.1	12
2022	22.5	22.4	24.9	27.6	29	26.6	27.3	27.1	26.4	25.4	24.8	23.9		25.7	12
2023	23.6	23	26.2	28.3	28.9	29.9	27.6	27.6	28	27.1	23.8	23.1		26.4	12
MÍNIMA	17.9	18.1	20.8	23.6	25	24.5	23.5	23.4	23.1	21.4	19.9	18.5		22.4	1
MÁXIMA	23.8	24.7	28	29.1	30.6	30.2	28.4	28.4	28.2	27.8	25.5	25.2		26.9	12
MEDIA	21.6	22.5	24.8	27.2	28.4	27.6	26.8	26.8	26.4	25.1	23.5	22.3		25.2	11.6
DESV.ST	1.3	1.2	1.4	1.2	1.2	1	0.9	1	1	1.3	1.3	1.3		0.9	1.6
