COMISIÓN NACIONAL DEL AGUA
COORDINACIÓN GENERAL DEL SERVICIO METEOROLÓGICO NACIONAL
BASE DE DATOS CLIMATOLÓGICA NACIONAL 

ESTADÍSTICA MENSUAL
EMISIÓN   : 25/10/2024 

DATOS DISPONIBLES EN LA BASE DE DATOS A: OCTOBER DE 2024; 
CON LA INFORMACIÓN SUMINISTRADA POR LAS UNIDADES ADMINISTRATIVAS 

 ESTACIÓN  : 7025 
 NOMBRE    : COMITAN (OBS) 
 ESTADO    : CHIAPAS 
 MUNICIPIO : COMITÁN DE DOMÍNGUEZ 
 SITUACIÓN : OPERANDO 
 CVE-OMM   : 76848 
 LATITUD   : 16.23333333 ° 
 LONGITUD  : -92.13333333 ° 
 ALTITUD   : 1709 msnm 


LLUVIA MÁXIMA 24 H.
AÑO	ENE	FEB	MAR	ABR	MAY	JUN	JUL	AGO	SEP	OCT	NOV	DIC	ACUM	PROM	MESES
1936	0												0	0	1
1942							20.5	40.2	40	10	4.5	0	115.2	19.2	6
1943						20.7	49	45	29.5	43.2	8.7	1.5	197.6	28.2	7
1944	0	0	20		15	41.2	11.2	39.7	72.7	20.5	0		220.3	22	10
1945	15.5	0	2	0	11.2	57.5	54.5	0	36.7	30	13.2	0	220.6	18.4	12
1946	0	0	0	5.2	7.4	31.5	35	58.5	39.2	18.5	42.5	2.2	240	20	12
1947	5.7	3.5	0	28	33	52	28.7	14	66.2	51	19.5	10	311.6	26	12
1948	1.2	2.2	2.7	70	40	55.7	21	26.7	44.4	23.4	21.7	0	309	25.8	12
1949	0	0	25	10	24.5	36.4	18	12.5	51.5	13.2	10	1.5	202.6	16.9	12
1950	3.7	3.7	25.5	12.7	25.7	27.2	60.7	26.7	29.5	20.2	1	0	236.6	19.7	12
1951	1.5	10.5	0	8.2	30.7	61.2	40.2	27.7	56.4	18	25	1	280.4	23.4	12
1952	3	6.2	31.7	31.7	72.5	31.7	60	25	40	61.2	9.7	1.2	373.9	31.2	12
1953	3.7	1.2	15.5	14.2	25.7	25	20.7	21.5	60.4	29.9	7.5	11.7	237	19.8	12
1954	0	1.2	3	7.5	49.5	49	47.5	30.5	34	11	3	0	236.2	19.7	12
1955	5	15	2	42	46	14	54.5	36	23	96.5	13.5	12	359.5	30	12
1956	1	34	19	0	49.6	55.5	24	16.5	51.5	0	30.5	0	281.6	23.5	12
1957	1.5	5.5	7.5	8.5	19	21	29	7	46.5	14.5	5.6	2	167.6	14	12
1958	0	0	22.5	23	49.5	63	43	31	89	25.2	68.9	1.5	416.6	34.7	12
1959	19	0	1	10	20	65	4	16.5	46	0	6	0	187.5	15.6	12
1960	0	0	1	10	30	56	21	0	40.7	36	2	2	198.7	16.6	12
1961	20	3	8	10.5	35	45	60	21	58	27.8	33	2.8	324.1	27	12
1962	2.4	0.5	9.5	16.6	21	60	0	14.7	89.9	34	1.2	3	252.8	21.1	12
1963	2.5	7.2	1.7	4.7	58	44	49.8	14	48.5	34.4	22.1	4.5	291.4	24.3	12
1964	2.7	0	14.2	1.8	26	42	35.5	46	47.5	68.9	5	13.6	303.2	25.3	12
1965	0.5	10.5	0.6	7.7	17.3	20	30.6	31.4	80.1	47	9	2.4	257.1	21.4	12
1966	0.7	32.1	3.5	94.6	15.9	52.6	67.4	39	81.4	61.5	52.5	2	503.2	41.9	12
1967	8.8	2	7	23.9	46	45.5	11	19.5	27	40.3	9.5	3.5	244	20.3	12
1968	2	23	1	11	80	41.4	42.1	31	78.8	40.1	8.6	11.5	370.5	30.9	12
1969	1	3.5	3.2	28	42	0	17.2	41.7	54.5	35.2	9.5	1.2	237	19.8	12
1970	2.3	0	0	0	72.7	70.6	26.7	41.5	30	50	5.8	5.8	305.4	25.4	12
1980						3.3							3.3	3.3	1
1982	0	4.2	1.3	16.2	34	22.3	4.2	2.5	10.2	7.4	2	0.1	104.4	8.7	12
1983	0.1	6.7	3.8	2	26	16.5	9.5	10.3	40.1	5.8	7.9	2.7	131.4	11	12
1984	0.1	10.5	0	15.4	29	9.5	0.8	16.2	8.9	3.4	0	0.5	94.3	7.9	12
1985	0.3	0.3	9.7	8.9	9	15.4	9.7	29.9	27.7	3.8	2.2	5.4	122.3	10.2	12
1986	0.9	1.4	0	1.8	7.1	6.2	6.9	1.9	10	2.6	0.7	0.6	40.1	3.3	12
1987	0	0.1	2.1	9.4	1.4	16.5	1.9	15.1	15.7	4	0.8	0.7	67.7	5.6	12
1988	8.5	0.8	11.7	2.8	5.6	5.5	7.9	10.5	4	3.5	0.3		61.1	5.6	11
1989			1	6.6	10.2	5.5	2.4	10	2.7	3	9.5	2.8	53.7	5.4	10
1990	0.3	1.4	2.7	13	7.1	3.8	5.6	3.9	8.6	7.8			54.2	5.4	10
1991	0.2	0.7	0	5.9	20	8.3	3.4	2.9	2.7	5.6	8.9	4	62.6	5.2	12
1992	0.6	0.8	5.2	1.7					7.2	1.7		0.4	17.6	2.5	7
1993	0.3	0.8			14.6			3	8.3	5.6	2.5	0.4	35.5	4.4	8
1994	1.7	0.5	0.2		6.4		2	2.3		10	3.5	0.5	27.1	3	9
1995	0.7	1.3	3.6	7	5.6	7.2	14.3	6.3	6.1		0.2	0.5	52.8	4.8	11
1996	0	0	1.6	9.3	8.1	8	9.5	8.3	14.6	5.1	0.5		65	5.9	11
1997	0	2.2	14.6	4.1	7.4	2.7	4	4.2	11.5	12.4	6.6	0.3	70	5.8	12
1998	0.1	0.6	1.3	0	14.5	13.2	6		7.3	4.3	8.4	0.9	56.6	5.1	11
1999	0	0.4	0.2									3	3.6	0.9	4
2000	0.7	0.5	3.1		3	6.8	3.3	5	3.2	3.2	1.4	0.2	30.4	2.8	11
2001	0.6	3	28	11.2	52.3	27.5	17.5	21.2	38.7	50	21.7	8.2	279.9	23.3	12
2002	0.4	13.7	24.8	16	31.8	82.6	2	5	66.8	43.3	6	9.9	302.3	25.2	12
2003	2.7	0.9	10.7	8.6	15.8	15.8	12.3	52.4	26.6	110	5.3	24.6	285.7	23.8	12
2004	7.9	3.5	8.4	38.6	54.9	49.7	27.6	14.6	98	40.6	75	3.2	422	35.2	12
2005	0.4	0	2.7	32.7	34.5	43.9	35	36.6	38.2	60.9	1.8	7.2	293.9	24.5	12
2006	2.7	4.1	4	21.4	43.5	72	47.6	11.1	26.5	13.4	4.6	6.5	257.4	21.4	12
2007	6	1.4	0.6	19.8	55.6	50.1	32	31.9	47.3	31.4	4.2	0.5	280.8	23.4	12
2008	1.2	12.1	15.8	10.2	31.4	82	64.7	43	24.8	34.2	2.3	0.6	322.3	26.9	12
2009	4.4	10.7	0.8	2.6	40	34.3	31.6	29.5	69.7	25	17.5	23.1	289.2	24.1	12
2010	2.9	1.1	22.2	31.5	87.5	34.9	39.6	29.6	48.9	6.2	2.7	2.3	309.4	25.8	12
2011	2.7	14.1	20.8	16.4	19.7	42.6	64.3	48.1	36.6	21	4	4.5	294.8	24.6	12
2012	2.9	16.5	19.5	17.7	47.8	29.9	18.6	35.1	19.2	35.6	1.6	2.7	247.1	20.6	12
2013	3.4	8.5	0.2	12.4	19.8	106.4	31.1	47.9	67.1	55	15.8	8.8	376.4	31.4	12
2014	3	0.3	27.2	22.7	51.1	29.5	7.3	54.7	39.5	25	12.1	0.6	273	22.8	12
2015	3.1	1.7	3.8	48	28.4	33.1	21.5	13.3	48.7	29.3	10.4	6.2	247.5	20.6	12
2016	4.7	0.7	38.7	20.1	44.6	57.9	16	54	44.3	10.8	15.7	24	331.5	27.6	12
2017	0.5	0	0.6	19.7	24.5	53.1	9.3	21.3	31.9	21	16	1.7	199.6	16.6	12
2018	4	3.2	1.5	20.8	39.9	27.5	4.4	5.4	23.7	18.7	29.3	2.2	180.6	15.1	12
2019	0.9	7.8	3	8.5	43.1	54.4	7.7	76.2	76.7	76.7	3.6	4.3	362.9	30.2	12
2020	0	7.2	0.4	43.9	67.1	73.5	9.6	80.2	32.6	18.1	17.6	9	359.2	29.9	12
2021	5.6	0.9	50.1	11.2	58.2	54.2	31.5	36.2	64	58.9	6.7	13.8	391.3	32.6	12
2022	0								0				0	0	2
2023			0										0	0	1
MÍNIMA	0	0	0	0	1.4	0	0	0	0	0	0	0	0	0	1
MÁXIMA	20	34	50.1	94.6	87.5	106.4	67.4	80.2	98	110	75	24.6	503.2	41.9	12
MEDIA	2.6	4.7	8.6	16.4	31.7	36.8	24.3	25.1	39	27.4	11.8	4.4	210.2	18	10.8
DESV.ST	4	7.1	10.9	16.7	20.4	23.6	19.4	18.5	24.6	23.6	14.9	5.7	126.6	10.4	2.8

LLUVIA TOTAL MENSUAL
AÑO	ENE	FEB	MAR	ABR	MAY	JUN	JUL	AGO	SEP	OCT	NOV	DIC	ACUM	PROM	MESES
1936	0												0	0	1
1942							112.4	201.6	259.4	26.9	4.5	0	604.8	100.8	6
1943						74.3	107.8	163.4	187.4	278.3	17.9	2.5	831.6	118.8	7
1944	0	0	42.7		33.2	224.1	40.6	112.2	259.4	48.1	0		760.3	76	10
1945	15.5	0	3	0	27.1	174.1	245.3	0	157.2	109.9	13.2	0	745.3	62.1	12
1946	0	0	0	12.4	25.8	92.3	87.1	91.4	201.8	79.1	52	2.2	644.1	53.7	12
1947	9.9	3.5	0	68	190.6	218.2	56.8	46.1	398.3	251.8	91.9	27.6	1362.7	113.6	12
1948	1.2	2.2	4.7	126.3	158	254.7	171.2	96.2	179.2	123.3	50	0	1167	97.2	12
1949	0	0	25	16.2	138.4	178.8	46.6	78.5	418.4	49.6	14.2	1.5	967.2	80.6	12
1950	10.9	5.9	39.2	12.9	86.1	177.4	99	69.4	164.5	136.9	1	0	803.2	66.9	12
1951	2	12.9	0	13.4	132.7	198.7	141.2	88.1	309.8	56.7	33.2	1	989.7	82.5	12
1952	4.7	6.2	108.1	108.1	206.4	180.2	138	66.6	222.3	116	15.4	2.2	1174.2	97.8	12
1953	6.9	1.2	16.7	34.6	73.7	186	120.2	39.1	177.8	135.5	10.2	12.7	814.6	67.9	12
1954	0	3.6	3	23.5	153.2	393	114.5	145.5	297.5	61	3	0	1197.8	99.8	12
1955	6	34.5	6.5	91	186	28	388.5	251.5	159.5	281.5	19.5	23.5	1476	123	12
1956	2	34	42	0	188.1	186.5	86.5	35	190.5	0	49.5	0	814.1	67.8	12
1957	3.5	9.5	9.5	19	101	113	123.2	40.5	225	16	5.6	3.5	669.3	55.8	12
1958	0	0	33.5	52.5	187.8	246	260.4	137	448.5	121.2	246	2.5	1735.4	144.6	12
1959	21	0	1	30	44	276	4	47.5	144	0	6	0	573.5	47.8	12
1960	0	0	1	26	134	385.7	113.5	0	240.8	200	5.5	6	1112.5	92.7	12
1961	46.2	7.7	11.5	36.2	94.1	217.8	210.1	33.5	182.5	82.9	57.7	4.2	984.4	82	12
1962	3.4	0.5	9.5	47.7	80.9	259.4	0	34.6	270.3	98.9	1.2	5.8	812.2	67.7	12
1963	4.3	12.2	3.9	13.7	74.1	193.4	251.3	47.8	239.6	50.6	39.3	6.8	937	78.1	12
1964	2.7	0	23.9	4.4	110.3	239.4	201.3	136.3	272.5	178.3	21.3	50.4	1240.8	103.4	12
1965	1	22.3	0.6	15.4	61.3	92.5	90.1	74.6	375.5	363.5	28.8	11.4	1137	94.8	12
1966	2.4	64.2	8	262	93.6	223.4	314.9	208.5	392.6	194.8	219.3	2	1985.7	165.5	12
1967	8.8	2	16	146.4	61.9	164.1	43.6	93.3	100.9	178	14.5	5.7	835.2	69.6	12
1968	3.8	23	1.2	18.6	179.1	265.6	111.2	108	295.2	144.1	19.5	20.5	1189.8	99.2	12
1969	1	3.8	5.7	72.9	136.6	0	118.4	314.1	215	124.7	15.1	1.2	1008.5	84	12
1970	2.3	0	0	0	117.2	207	124.6	146.6	213.3	127.7	7.8	7.8	954.3	79.5	12
1980						3.3							3.3	3.3	1
1982	0	11.4	2.8	60.6	127.2	87.7	18.8	17	54.7	21.7	7.6	0.2	409.7	34.1	12
1983	0.1	14.8	4.8	2	53.8	104.2	65.3	30.2	111.4	29.8	10.5	3.3	430.2	35.9	12
1984	0.1	30.6	0	32.5	153.5	58.1	0.8	68.9	51.8	8.4	0	2.5	407.2	33.9	12
1985	0.3	0.8	12.6	23.8	34.3	59.6	43.2	81.7	129.5	20.2	6.5	6	418.5	34.9	12
1986	1.8	4	0	2.4	46	21	18.7	8.1	27.3	9.5	2.2	1.2	142.2	11.8	12
1987	0	0.1	2.7	16.8	3.7	76	12.2	19.5	46.9	5.9	0.8	0.8	185.4	15.4	12
1988	10.4	2.5	11.7	2.8	7.1	44.2	25.8	63.8	26.9	16.1	0.8		212.1	19.3	11
1989			1.7	18.3	26.9	28.2	5.3	35.4	21.6	16.1	19.4	3.8	176.7	17.7	10
1990	1.1	2.5	4.1	44.4	19.4	20	19.4	15.9	28.2	14.2			169.2	16.9	10
1991	0.5	1.1	0	18.4	64.6	34.8	14.6	12.3	8.9	12.9	11.5	6	185.6	15.5	12
1992	1.4	0.8	6.4	3.5					20.1	7.3		2.5	42	6	7
1993	0.7	1			47.3			16.1	33	16.1	4.3	0.9	119.4	14.9	8
1994	5.5	0.9	0.4		28		4.5	19.4		26.6	9.4	1.1	95.8	10.6	9
1995	0.9	1.8	8.3	12.4	21.5	31.5	33.8	37.4	41.8		0.3	0.5	190.2	17.3	11
1996	0	0	1.7	17.1	19.9	28.4	21.9	31.5	44.3	24.1	2.1		191	17.4	11
1997	0	3.4	16.9	6.5	20.9	21.4	20.1	13.7	38.7	26.6	15.8	0.8	184.8	15.4	12
1998	0.2	0.6	1.4	0	34.1	53.5	31.1		36.5	17	19.5	1.7	195.6	17.8	11
1999	0	0.7	0.2									7.6	8.5	2.1	4
2000	0.9	0.5	3.9		3	34.9	8.9	30.9	29.4	11.5	1.7	0.5	126.1	11.5	11
2001	0.8	12.2	33.1	15.3	284.3	72.9	60.8	101.3	188.4	136.6	30.3	15.7	951.7	79.3	12
2002	0.8	22	25.4	17	88.8	262.5	9.9	13.8	272.4	133.9	15.6	10.3	872.4	72.7	12
2003	2.8	0.9	19.3	21.6	47.4	106.2	45.3	143.7	175.6	182.8	20.3	38.4	804.3	67	12
2004	11.5	3.8	18.7	44	169.3	156.3	76.22	40.61	478.76	194.8	79.1	3.2	1276.29	106.4	12
2005	0.9	0	5.2	92.2	115.6	298.8	169.7	156	246	173.2	5.4	7.4	1270.4	105.9	12
2006	7.2	4.3	10.9	43.5	255.4	176.7	121	29	92.38	65	6.1	10.9	822.38	68.5	12
2007	20.2	1.4	1.1	30.12	227.9	230.5	88.5	179.7	252.5	192.9	10.5	0.8	1236.12	103	12
2008	2.3	24.7	28.7	21.9	97.5	243.3	227.8	230.4	182.3	74.6	4.6	1.6	1139.7	95	12
2009	4.5	16	1.24	4.7	189.4	270.7	87.23	79.5	156.42	37.5	50.2	57.3	954.69	79.6	12
2010	6.3	1.5	25.3	101.7	196	196.6	267.5	300.3	231.4	15.5	5.9	2.4	1350.4	112.5	12
2011	6	35.2	39.6	40.1	77.5	193.6	201.2	252.2	155.2	80.1	6.1	7.1	1093.9	91.2	12
2012	6.2	23.4	47.9	47.8	237.3	92.9	57.1	180.9	59.3	127.2	2.4	5.1	887.5	74	12
2013	8.5	11.2	0.3	19.6	65.8	398.2	134.3	251	348.3	210.2	58.5	23.6	1529.5	127.5	12
2014	6.8	0.8	30.3	63.2	273.4	200.9	20.7	108.4	197.4	108.44	24.09	1.65	1036.08	86.3	12
2015	9.7	1.9	13.5	80.4	98.5	87.3	71.8	45	205.1	123.5	38.3	14.1	789.1	65.8	12
2016	6.5	0.9	49.4	54.9	171.8	231.8	52.1	206.1	196.3	21.5	34	28.5	1053.8	87.8	12
2017	0.5	0	0.7	54.4	65.1	488	28.5	63.7	185.5	100.8	16.1	3.6	1006.9	83.9	12
2018	10.5	5	2.1	40.9	169.4	117.2	15.7	17.4	95.3	101	55.2	2.6	632.3	52.7	12
2019	2.2	16.7	4.2	15.7	203	144.2	21.9	163.4	392.7	393.4	11.7	8.1	1377.2	114.8	12
2020	0	8.6	0.4	85.9	179.2	312.1	55.8	167.7	164.9	82.2	43.3	10.5	1110.6	92.6	12
2021	12.2	1.4	51.5	24.8	220.7	228.6	104	168.7	260	112.9	7.8	22	1214.6	101.2	12
2022	0								0				0	0	2
2023			0										0	0	1
MÍNIMA	0	0	0	0	3	0	0	0	0	0	0	0	0	0	1
MÁXIMA	46.2	64.2	108.1	262	284.3	488	388.5	314.1	478.76	393.4	246	57.3	1985.7	165.5	12
MEDIA	4.6	7.9	13.5	39.2	111.1	164.1	93.7	95.6	183.6	98.3	25.8	7.9	764.8	65.7	10.8
DESV.ST	7	11.9	18.6	43.7	74.3	108.2	85	79.3	118.4	87.9	42	11.6	476.8	40	2.8

EVAPORACIÓN MENSUAL
AÑO	ENE	FEB	MAR	ABR	MAY	JUN	JUL	AGO	SEP	OCT	NOV	DIC	ACUM	PROM	MESES
1980						2.19							2.19	2.2	1
2001	96.43	93.64	141.61	136.09	128.82	126.69	127.02	120.35	95.82	85.77	81.14	68.15	1301.53	108.5	12
2002	80.69	75.57	139.11	163.73	149.33	111.35	134.43	133.94	83.1	96.95	65.56	78.14	1311.9	109.3	12
2003	78.13	100.66	133.54	141.11	129.72	106.99	116.25	128.32	106.59	72.19	62.06	68.85	1244.41	103.7	12
2004	76.9	92.97	113.17	159.57	76.18	86.51	136.58	138.49	110.05	89.82	79.44	81.41	1241.09	103.4	12
2009			118.75	136.28	137	96.55	124.99	115.76	89.81				819.14	117	7
2010					124.38	101.88	110.57	113.05	82.16	92.51	70.58	75.68	770.81	96.4	8
2011	89.19	95.16	139.19	155.55	148.16	120.17	114.84	114.98	84.54	67.9	78.98	81.76	1290.42	107.5	12
2012	89.18	88.7	131.14	150.95	128.69	110.23	136.32	117.9	108.9	93.33	82.56	86.56	1324.46	110.4	12
2013	78.2	111.45	159.52	177.26	153.68	137.58	137.32	131.2	92.47	92.2	66.05	72.96	1409.89	117.5	12
2014	82.58	100.33	150.31	160.96	125.46	114.26	147.64	151.91	93.97	81.5	70.71	76.17	1355.8	113	12
2015	80.64	88.83	124.31	151.03	143.62	121.29	136.57	156.67	101.67	89.61	65.89	72.05	1332.18	111	12
2016	79.24												79.24	79.2	1
2017			111.25	159.35	114.77	102.37	39.53						527.27	105.5	5
2020	20.38	102.1	145.95	154.43	137.39	108.66	124.33	116.37	99.38	90.31	71.41	67.59	1238.3	103.2	12
2021	77.27	86.39	133.11	140.99	143.93	124.66	112.92	110.08	121.78	105.97	75.17	71.95	1304.22	108.7	12
2022									2.57				2.57	2.6	1
2023			3.8										3.8	3.8	1
MÍNIMA	20.38	75.57	3.8	136.09	76.18	2.19	39.53	110.08	2.57	67.9	62.06	67.59	2.19	2.2	1
MÁXIMA	96.43	111.45	159.52	177.26	153.68	137.58	147.64	156.67	121.78	105.97	82.56	86.56	1409.89	117.5	12
MEDIA	77.4	94.2	124.6	152.9	131.5	104.8	121.4	126.8	90.9	88.2	72.5	75.1	920	89	8.7
DESV.ST	18.9	9.5	37.4	12	19.4	31.1	26	15	27.9	10.4	6.9	6	546.3	40.5	4.7

TEMPERATURA MÁXIMA PROMEDIO
AÑO	ENE	FEB	MAR	ABR	MAY	JUN	JUL	AGO	SEP	OCT	NOV	DIC	ACUM	PROM	MESES
1942							24.6	25.1	24	24.7	23.3	24.2		24.3	6
1943						26.2	25.7	27.6	26.8	23.6	22.5	23		25.1	7
1944	23.1	26.3	27.3		27.5	24.9	26.1	26.1	24.7	23.2	24.3			25.4	10
1945	26	25.1	27.3	28.2	27.1	27	25.2	25.8	24.7	23.7	24.1	25.2		25.8	12
1946	26	24.4	26.9	27.9	27.8	24.6	25.5	26.3	24.9	24	24.2	22.6		25.4	12
1947	23.7	23.5	25.9	26.3	25.6	24.5	24.6	25.2	24.2	24.4	25.3	24.1		24.8	12
1948	23.5	24.9	27.9	26.3	26.6	25.2	25.1	27	25.9	24.7	25.4	25		25.6	12
1949	24.6	26.3	27.1	28.9	27.6	26.4	26.1	28.5	26.8	26.7	24.8	25.8		26.6	12
1950	26	25.9	26.8	28.6	28.2	26.2	26.3	27.5	26.7	25	25.8	24.4		26.4	12
1951	24.3	23.8	27.4	28.9	27.1	27	25.3	27.3	25.1	25.1	24.8	25.4		26	12
1952	24.6	26	29.2	27.4	27.3	25.4	25.7	26.1	25.7	22.5	24.2	24.4		25.7	12
1953	25.3	26.3	27.7	30	29.4	27	26.5	27.1	25	24.2	25	24.6		26.5	12
1954	24.6	26.1	28.1	27.9	27.1	25.7	27.2	27.7	25.7	26	26.2	25.4		26.5	12
1955	26	23.9	26.1	29.8	28.4	27.1	23.9	25.1	23.7	21.4	22.9	24		25.2	12
1956	23.9	28.1	27.8	29.8	26.4	25.2	25.8	27.1	25.1	22.9	21.4	20.8		25.4	12
1957	20.8	23.3	26.6	27.4	27.9	25.8	23.5	25	25.2	23.1	24.5	21		24.5	12
1958	21.8	23.7	28.7	29.7	26.8	25.3	23.6	26	25.6	25.6	24.9	19.8		25.1	12
1959	21.6	22.7	25.5	24.3	28.8	28.4	26.7	26	26	25.4	23.4	24.2		25.2	12
1960	27.6	27.2			28.8	26	25.9	25.9	25.5	25.2	23.4	21.7		25.7	10
1961	21.6	24.2	27.4	27.7	27.3	25.1	24.5	25.2	24.7	23.1	22.7	23.1		24.7	12
1962	22.3	25.7	27	26.7	26.3	25.2	25.1	25.8	25	24.1	23	22.3		24.9	12
1963	23.3	23.3	25.8	27.8	26.9	26.1	23.9	25	23.5	23.2	22.9	22.4		24.5	12
1964	23.3	24.7	27.6	29	27.5	25.3	23.7	24.9	24.4	22.4	22.4	21.8		24.8	12
1965	21	24.4	26.5	28.1	27.1	25.2	23.8	24.3	24.7	22.7	22.9	22.2		24.4	12
1966	22.8	24.5	24.6	27.7	26.9	25	24.5	24.6	25.1	23.7	21	21.4		24.3	12
1967	22.8	23.2	24.1	26.8	27.3	25	23.6	24.9	24.5	23.7	22.4	23.3		24.3	12
1968	21	23.2	24.6	28.1	27.2	25.2	23.4	24	24.9	24.5	24.2	23.3		24.5	12
1969	23.2	26	26.4	28.8	27.9	26.5	25	25.4	24	24.9	22.8	22.8		25.3	12
1970	22.9	23	28.7	29.3	27	25.7	24.1	25	24.1	24.1	21.9	21.6		24.8	12
1980						24.7								24.7	1
1982	23.6	23.7	25.8	27.3	25.4	24.3	22.5	23.6	23.5	22.6	22	22.8		23.9	12
1983	22.3	22.8	25.7	27.6	28.9	25.4	22.8	23.8	23.9	22.8	23.3	22.2		24.3	12
1984	21.1	22.6	26.1	28.6	25.3	24.1	23.2	23.1	23.1	23.4	21.7	20.9		23.6	12
1985	20.3	22.3	25.1	25.6	26.6	24.3	23.5	23.9	23.8	23.1	22.1	21.5		23.5	12
1986	20.4	24.5	23.9	27.8	25.7	24	22.5	23.7	23	23	23	22.5		23.7	12
1987	22.6	24.8	25.9	26.1	26.8	24.7	23.1	23.6	24.5	21.6	23.1	23		24.2	12
1988	20.9	23.2	25.2	28.8	28	25.2	23.7	24.2	22.8	22	22.6			24.2	11
1989			24.6	26.1	25.7	24.6	23.9	24.5	22.8	22.3	22.6	21.5		23.9	10
1990	21.2	23	23.8	25.7	26	24.2	23.6	23.8	24.3	23.9				24	10
1991	22.4	23.8	28.1	29.1	26.8	25.6	23.5	24.4	23	23.3	21.6	20.4		24.3	12
1992	21.7	22.6	26.7	26.9					23.9	22.9		21.6		23.8	7
1993	22.6	24.7			26.4			23.3	23.5	23.2	22.2	21.9		23.5	8
1994	21.8	23.2	26.8		27		24.1	24.6		24.5	23.4	22.1		24.2	9
1995	23.5	25.4	26.6	27.1	27.3	25.7	24.4	25.3	24.2		23.2	22.9		25.1	11
1996	22.7	24.5	24.8	27.2	25.9	25.2	24.3	23.9	25.5	23.7	22.1			24.5	11
1997	23.5	23.9	25.6	27.3	27.2	25	23.9	24	25	23.8	23.4	22.3		24.6	12
1998	23.6	26.2	25.9	28.8	28.8	26.8	24.5		25.5	23.7	21.8	21.6		25.2	11
1999	23	24.1	27									21.5		23.9	4
2000	21.9	23.2	27.7		26.9	23.7	24.1	24.4	24.9	22.2	24.1	21.2		24	11
2001	22.5	22.2	27.3	26.9	27	24.8	25	24.9	25	23.3	22.8	22.1		24.5	12
2002	22.8	23.1	26.1	27.2	27.1	25.7	24.3	24.7	25	24.6	22.4	21.6		24.6	12
2003	20.8	25.1	27.1	28.8	28.3	26.2	24.4	25.1	25.7	24.1	22.8	21.1		25	12
2004	22.3	24.9	23.9	28.1	26.3	24.8	25.5	26.1	26.5	25.2	21.9	22		24.8	12
2005	21	24.7	28.9	28.5	27.9	26.9	25.4	25.4	25.2	23.5	22.4	23.6		25.3	12
2006	23.1	24.2	25.6	27.6	26.5	24.6	24.4	25.2	25.8	25.5	22.8	23		24.9	12
2007	23	26.7	26.3	29.5	27.3	26	25.5	25.5	24.9	22.8	21.8	23.2		25.2	12
2008	22.1	25.4	26.1	28.4	28.4	24.3	24.4	25.7	25.6	22.5	22.2	22.4		24.8	12
2009	22.7	23.2	25.2	28.5	27.5	26.1	24.4	25.5	26.3	26.1	23.3	23.3		25.2	12
2010	22.5	24.6	27.1	28.7	27.2	25.5	25.6	26.1	25.4	24.2	23.1	22.4		25.2	12
2011	24.8	25	25.4	28.4	28.7	26.9	25.5	26.7	25.4	23.2	24	23		25.6	12
2012	23.9	24.6	25.6	27.9	27.3	25.9	25.3	26.4	26.3	25.3	22.2	24.3		25.4	12
2013	23.2	26.7	26.3	30.1	28.1	25.8	25.4	25.5	25.5	25.5	23.3	23.5		25.7	12
2014	22.2	25.5	27.7	28.2	26.2	25.5	25.9	26.8	25.8	25.2	22.5	22.7		25.4	12
2015	22.2	24.5	25.9	29.2	27.9	26.3	26.1	27.2	26.7	26.1	24.4	24.5		25.9	12
2016	23.8	23.5	28.8	29.5	29.6	26.4	26.2	26.5	26.2	25.3	23.3	24		26.1	12
2017	24.7	25.8	25.5	28.9	29	26.2	24.3	25.9	27.2	25.4	23.6	23		25.8	12
2018	21.8	24.3	28.5	28.1	28.3	26.3	25.8	26.3	26.8	25.4	24.3	23.7		25.8	12
2019	23.6	26.9	26.8	29.6	29.5	27.5	26.7	28.1	26.6	26.6	25	25.1		26.8	12
2020	25.7	26.1	29	31.4	29.6	26.4	26.7	27.3	27.8	26	24.8	23.9		27.1	12
2021	24.9	28.7	30	30.7	28.7	28.1	27.2	27.6	28.3	28	24.7	26.3		27.8	12
2022	24.2	24.1	27.5	29	28.5	24.6	24.9	25.3	25.1	24.8	24	22.2		25.4	12
2023	24.1	24.1	27.8	28.7	28.7	28.3	25.1	26	26.8	25.1	24	23.1		26	12
MÍNIMA	20.3	22.2	23.8	24.3	25.3	23.7	22.5	23.1	22.8	21.4	21	19.8		23.5	1
MÁXIMA	27.6	28.7	30	31.4	29.6	28.4	27.2	28.5	28.3	28	26.2	26.3		27.8	12
MEDIA	23.1	24.6	26.6	28.1	27.4	25.7	24.8	25.5	25.1	24.1	23.3	22.9		25	11.2
DESV.ST	1.5	1.4	1.4	1.3	1.1	1	1.1	1.3	1.2	1.3	1.2	1.4		0.9	2

TEMPERATURA MÁXIMA EXTREMA
AÑO	ENE	FEB	MAR	ABR	MAY	JUN	JUL	AGO	SEP	OCT	NOV	DIC	ACUM	PROM	MESES
1942							27	26.5	26.5	28	26.6	33		27.9	6
1943						30	28	29.5	27.5	27	32	26.5		28.6	7
1944	26	29	31		30	28	28	35	28	26	28			28.9	10
1945	38	28	30.5	31.5	30	30	29	27.5	28	26.6	26.5	27.5		29.4	12
1946	28	27	30	29.5	29.2	26.5	28	28	28	26.5	27	25.5		27.8	12
1947	28	28.5	30	29	27.8	27	27	29	28	26	36	35		29.3	12
1948	27.5	28	30	31	30	26.5	27.5	30	27	27	28.5	27.5		28.4	12
1949	26.5	30	31	31	30	28	28	30	30	29.5	30	28.5		29.4	12
1950	34	30.5	30.5	32	32	28	29	30.5	29.5	27.5	27.5	28.5		30	12
1951	28	29	30.5	31.5	31.5	31	28	30	28	28	29	29		29.5	12
1952	29	31	33.5	30	30	28	28	28.5	29	25.3	27	32.75		29.3	12
1953	29	29	31.5	33	33	29.7	29.4	30	28.5	30	29	31		30.3	12
1954	29	30.2	32.5	31.2	30	29	31	32	28	30	30.6	28.8		30.2	12
1955	29	29	30	32.4	31.2	29.6	30.4	31.4	35.2	27.6	26.8	28.5		30.1	12
1956	30	31.5	32	32	30	28	29	29.5	28.5	26	25	25		28.9	12
1957	24	29	35.2	30	31	31	25	27	27.5	27	27.5	26		28.4	12
1958	27.3	28.5	32.5	33	32	29	26	28.5	27.5	27	29.5	27		29	12
1959	26	27.5	30	31	31	30.5	28.5	27.5	28.6	29	26.5	26.5		28.6	12
1960	28	30			31	29.5	29	29.5	28.5	28	25	26		28.4	10
1961	25	28	33	31	30	27	27	26.5	26.5	27.5	25.8	26		27.8	12
1962	25.5	29	30.4	30	29	28.6	28	28	27.4	25.5	29	25.5		28	12
1963	27.8	27	29	31.1	29.2	28.5	27	27	27.4	25.6	27.5	28		27.9	12
1964	27.5	28.5	32.2	32.1	33	27.6	26.2	29	25.9	26.4	26.6	27		28.5	12
1965	26.4	28.2	31.7	31	30.5	30	25.5	26.4	27.2	26	26.6	27		28	12
1966	28	30.8	30.7	30.7	32	28.4	26.5	27.5	27	27	26.4	27.5		28.5	12
1967	28.8	27.2	29.1	30.2	31.5	30	26.2	28.2	28.2	26.7	27.9	27.8		28.5	12
1968	24.4	28	29.5	30.4	30.6	27.3	25.1	26.4	28	26.7	28.5	27.2		27.7	12
1969	28.3	30.2	30.7	31.4	33.7	29	28	27.8	26.8	28.2	27.5	28.9		29.2	12
1970	28.2	29.3	31.2	32.1	31.5	30.7	25.7	27.5	27	28.3	26.7	28.2		28.9	12
1980						24.7								24.7	1
1982	27	28	29.4	31.6	29.4	27.5	24.4	25.5	26.2	26	25.1	26.5		27.2	12
1983	26.8	26.3	29.2	31.5	32	28.6	26	25.6	25.5	25.6	25.7	26.3		27.4	12
1984	25.7	27.3	30.8	31.7	31.9	26	25.5	24.8	24.9	26	25.4	26.2		27.2	12
1985	26.5	27.5	29.7	29.3	29.7	39.5	25.7	26.4	25.3	24.5	25	24.7		27.8	12
1986	25.8	28.7	29	31.7	29.4	26.3	24.4	25.8	25.6	26.2	26.8	26.3		27.2	12
1987	27	29.2	32.2	29.9	29.5	27.7	31.7	26	26	25.5	34.3	27		28.8	12
1988	29.5	28.5	29.8	31.4	31.8	30.5	26.1	26	25.5	24.7	26.4			28.2	11
1989			28.6	29.9	29.5	30.6	26.4	26.8	25.6	25.2	25.8	25.4		27.4	10
1990	25.8	28.7	28.7	30	28.5	26.2	25.6	27.1	26.8	26.7				27.4	10
1991	27.2	29.4	32.2	32	29.9	28.4	26	27.9	27.7	25.8	25.8	25.4		28.1	12
1992	26.3	28.9	31.2	32.2					26.9	27.1		26.5		28.4	7
1993	26.4	29			28.6			24.8	25.6	25.5	26.7	25.9		26.6	8
1994	26.5	27.8	30.6		30.7		26.4	26.8		26.5	27.2	24.4		27.4	9
1995	27.3	31.2	30.1	31.1	30.5	36.7	26.2	27.3	26.3		26.6	26.5		29.1	11
1996	27.9	29	30.2	31.5	29.2	27	26.9	26	27.5	26.9	26.5			28.1	11
1997	27.7	28.7	30.4	30.5	30.9	28	28	26.2	27	28.5	27.9	27		28.4	12
1998	27.2	30.5	31.2	32	32.5	30.9	27		27.7	26.2	25.5	26		28.8	11
1999	27.7	28.6	30.9									26.2		28.4	4
2000	26.8	31.5	31.6		36.9	26.8	27.7	27.2	26.6	26.3	27.3	26.4		28.6	11
2001	28.4	29.8	37.6	31	30.5	28.1	28.3	27.6	27	27	27.3	25.3		29	12
2002	27.1	29.6	30.6	31	31.2	29	26.9	27.2	28.1	27	26.8	21.6		28	12
2003	27.3	29.8	31.3	32	33.3	28.5	27.7	26.9	27.2	27	27.4	26.4		28.7	12
2004	26.5	29.2	30.2	32.9	31.8	27.8	28.4	28.3	28.9	28.2	28.2	27.6		29	12
2005	26.8	30	31.6	32.7	38.8	29.5	29.5	28.3	26.8	27	26.2	27.5		29.6	12
2006	28.9	28.6	29.4	30.9	31.3	26.8	27.5	27.2	27.8	29.4	27.7	28.5		28.7	12
2007	28.2	33.8	31.7	32.6	30	29.3	28	27.9	28.2	27	26.2	26.9		29.1	12
2008	26.9	28.5	30.3	31.9	32.7	27.9	27.6	28	28	26	27.1	27.4		28.5	12
2009	27.9	30.5	28.8	33	30.6	28.5	26.9	29.7	29.6	34.4	28	27.2		29.6	12
2010	29.5	29.3	32.1	32.2	29.6	29.4	28.5	29.2	28.3	27.9	28.7	28.5		29.4	12
2011	29	29.8	30.4	31	31.8	30	27.8	31.6	27.5	27.5	28.4	27.6		29.4	12
2012	28.9	30.4	30.6	31.8	30.9	28.7	27.8	29	28.3	27.9	26.2	29.4		29.2	12
2013	29.4	30.2	32.6	32.8	31.8	27.9	31.3	28.3	28.2	28.2	28.1	27.4		29.7	12
2014	26.8	29	31.7	30.7	29.4	28.2	29.8	29.2	29.5	33.4	27.8	28.3		29.5	12
2015	27.9	30.8	32.6	32.6	30.5	28.9	29	31.6	30	28.9	29.1	28.8		30.1	12
2016	28	29.8	33.4	33.8	33.3	29.9	28.3	28.7	30	29	27.8	29.3		30.1	12
2017	31.1	30.8	30.8	33	31.4	28.9	26.1	27.8	29.5	31	26.2	28		29.6	12
2018	29.1	30	33.9	31.8	31	29.3	29.3	29	35.4	28.7	28.2	28.7		30.4	12
2019	30	32.8	32	32.3	33.6	31.2	29.6	30.1	29.8	29.8	29.4	29.5		30.8	12
2020	30	31.6	34	34	32.6	30.4	31.7	30	29.9	28.9	28.9	29.1		30.9	12
2021	32.5	31.8	33.9	34.9	32.8	30.7	30	30.1	30.3	33	28.8	32		31.7	12
2022	29	28.9	36.5	32.9	32.2	28	27.1	28.7	27.4	30	27.6	27.4		29.6	12
2023	27.9	33.4	36.8	32.2	31.8	31.2	27.9	30.7	28.6	28.7	28.9	31.2		30.8	12
MÍNIMA	24	26.3	28.6	29	27.8	24.7	24.4	24.8	24.9	24.5	25	21.6		24.7	1
MÁXIMA	38	33.8	37.6	34.9	38.8	39.5	31.7	35	35.4	34.4	36	35		31.7	12
MEDIA	27.9	29.4	31.3	31.6	31.1	29	27.6	28.2	27.9	27.5	27.6	27.6		28.8	11.2
DESV.ST	2.1	1.5	1.9	1.2	1.8	2.2	1.7	1.9	1.8	1.9	1.9	2.1		1.1	2

TEMPERATURA MÍNIMA PROMEDIO
AÑO	ENE	FEB	MAR	ABR	MAY	JUN	JUL	AGO	SEP	OCT	NOV	DIC	ACUM	PROM	MESES
1942							10.3	9.9	10.7	8.6	7.6	7.8		9.2	6
1943						10.4	9.2	9.4	9.8	8.1	6.3	6.1		8.5	7
1944	5.9	6.4	8.7		8.9	10.8	10.7	10.3	9.5	7.2	6.3			8.5	10
1945	4.8	6.8	8.2	9.5	10.2	10.6	9.2	9.9	10.4	9.5	7.9	6.6		8.6	12
1946	7.7	8.3	8.5	10.1	11.9	11.6	10.4	10.6	10.8	10.5	8.5	7.8		9.7	12
1947	9.2	8.4	9.9	10.7	11.8	11.4	11	10.7	10.6	11	9.6	8		10.2	12
1948	7.2	8.1	8.9	8.3	9.3	9.5	9.9	10.2	9.8	9.8	9.5	8		9	12
1949	6.9	7.1	8.5	10.4	10.3	10.4	10.9	10.3	10.9	10.1	5.5	6		8.9	12
1950	4.9	6	8.4	7.1	10	9.1	7.4	7.4	7.5	6.9	6.5	7.7		7.4	12
1951	8.4	7.9	11.3	12.9	14.1	14.9	14.5	14.5	14.3	13.1	12.2	10.1		12.3	12
1952	10.1	10	12.8	13.5	14.4	14.8	14.1	14.4	14.5	12	11.3	9.5		12.6	12
1953	7.7	10.7	11.3	14.5	15	15.1	14.2	14.4	13.2	12.2	11.1	10.4		12.5	12
1954	8.3	5.3	4.4	12.4	13.5	14.2	13.8	13.6	14.2	12.5	9.5	8.3		10.8	12
1955	9.2	7.6	8.7	11.8	13.1	14.1	13.4	13.4	14	13.1	12.2	11.1		11.8	12
1956	9.1	11.8	12.6	14.9	15.1	15.2	15.1	15.5	15	13.9	11.8	12.3		13.5	12
1957	11.6	12.7	13.7	14.6	15.6	16.4	15.5	15.6	15.2	13.3	9.6	8.6		13.5	12
1958	8.6	8	9	9.3	9.9	10.9	9.4	8.1	8.1	8.1	6.7	4.1		8.3	12
1959	4.9	9.1	12.7	13.8	15.1	15.3	14.6	14.2	14.1	14.3	11.9	10.7		12.6	12
1960	11.1	10.6			14.2	15	14.8	14.8	13.6	14.2	11.9	9.4		13	10
1961	10.3	10.2	12.3	14.2	13.7	14.5	13.8	13.5	13.9	12.9	11.8	10.6		12.6	12
1962	9.3	10	12	12.8	12.6	14.4	13.9	14	14.4	13.2	9.2	9.6		12.1	12
1963	9.1	9.8	12.2	12.6	13.5	14.6	14.1	14.3	14.5	12.2	11.8	9		12.3	12
1964	9.6	11	13.2	14.3	13.8	13.9	13.7	13.6	13.9	11.4	11.5	10.5		12.5	12
1965	9	10.6	11.3	12.4	14.1	14.1	13.5	13.6	13.7	12.5	11.5	10.2		12.2	12
1966	9.4	10.6	10.6	13.7	14.6	14.3	13.8	13.2	14	13.1	9	8.4		12.1	12
1967	9.3	9.4	10.3	11.7	13.2	14.1	12.8	13.4	13.4	12.4	11	10.4		11.8	12
1968	10.1	8.8	10.3	12.6	14.2	14.2	13.4	13.2	13.8	12.6	10.2	10.5		12	12
1969	10	11.8	13.4	13.8	14.8	15	14.1	14.2	14.1	13.3	11.2	10		13	12
1970	10.1	9.5	11.5	14.4	13.3	14.4	13.6	11.3	13.4	13.2	9.8	10		12	12
1980						19.7								19.7	1
1982	6	11.4	11.8	13.7	14.8	16	14.3	14.5	15.1	13.6	12.1	10.7		12.8	12
1983	10.2	11.5	10.9	14	15.1	16	14.9	15	14.8	13.2	12.4	10.7		13.2	12
1984	9.9	11.2	12	13.1	15	15.1	14.5	14.3	14.7	13.8	9.8	11.4		12.9	12
1985	8.8	11.1	12.7	13.2	14.6	14.7	14.2	14.7	14.1	13.4	12.7	11.4		13	12
1986	9.9	10.8	10.6	12.5	15.4	15.1	14.4	14.8	14.5	13.5	13.3	11.4		13	12
1987	8.1	11	13	13.1	14.6	16.1	14.9	14.9	15.3	12.5	11.1	11.3		13	12
1988	11.4	11	12.3	14.5	14.4	15.6	15.3	14.7	14.2	12.8	11.5			13.4	11
1989			10.4	13.1	14.8	15.3	14.7	14.3	14.7	13.2	12.8	9.3		13.3	10
1990	10.8	10.5	12.3	12.8	14.1	14.8	14.2	14.2	14.5	13.1				13.1	10
1991	10.3	11	12.4	14.4	14.5	15.5	14.8	14.3	14.5	13.4	11.6	11.9		13.2	12
1992	10.2	8.4	13	14					14.7	13.7		11.6		12.2	7
1993	10.7	10.6			14.2			14.5	14.1	13.9	11.3	10.3		12.4	8
1994	11.4	11.2	11.4		15.1		14.2	14.7		13.5	11.8	10.9		12.7	9
1995	9.7	10.5	12	15.2	15.2	15.7	15.3	15.7	14.9		12.6	11.8		13.5	11
1996	8.7	9.5	10.7	14.4	15.5	15.7	15.4	14.6	15.4	13.7	11.9			13.2	11
1997	10.6	11.2	12.9	14.4	15.3	15.5	15.3	14.8	15.7	14.4	14	10.8		13.7	12
1998	11.5	10.4	12.4	14.4	14.7	16.6	15.6		15.9	15.5	14.1	11.1		13.8	11
1999	10.4	10.3	11.1									9.3		10.3	4
2000	9.5	10.2	11.7		15.5	13.5	14.6	14.9	15	13.1	13	10.8		12.9	11
2001	9.8	12	11.3	15.2	15.2	15.2	14.9	15.4	15.8	14.3	12	12.7		13.7	12
2002	11.4	11.6	12	13.7	15.1	15.6	15.6	15	15.7	14.6	12.2	13.9		13.9	12
2003	10.3	11.7	12.5	13.7	16.2	16.3	15	15.1	15.2	15.1	12.8	8.8		13.6	12
2004	10.9	11.7	12.8	13.2	15.2	15.1	15	15	14.8	14.1	11.4	11		13.3	12
2005	9.8	11	13.7	13.7	15.5	15.8	15.4	15.5	15.3	12.8	11.8	11.1		13.4	12
2006	11.2	10.3	11.9	13.1	14.6	14.3	15.1	15.8	15.7	15.1	12.1	12.4		13.5	12
2007	12.4	12	12.6	13.9	14.1	15	14.9	15	14.3	13.1	11.2	10		13.2	12
2008	11	11.4	11.8	13	14.2	14.3	14.2	13.7	15.4	13.1	8.7	9.2		12.5	12
2009	10.3	11	11.7	14.4	15.2	15.4	15.4	15.9	15.7	15	12.4	12		13.7	12
2010	10.7	12.4	12.3	15.2	16.1	16.4	15.5	16.3	16.1	12.9	11.6	8.7		13.7	12
2011	11.2	12	12.6	14.8	16.2	15.8	16.1	15.5	15.8	13.8	12.6	12		14	12
2012	11.9	13.2	12.8	13.7	15.7	16.6	15.5	15.6	15.6	14.2	11.8	11.5		14	12
2013	12.5	12.2	12.5	15.6	16	16.5	15.9	15.6	16	16	13.8	12.5		14.6	12
2014	10.9	12.6	13.7	14.7	16.2	16.5	15.7	15.8	15.7	15.2	12.6	11.4		14.2	12
2015	12	11.4	13.4	15.5	15.3	16	15.4	15.7	16.3	15.6	15	14.1		14.6	12
2016	11.8	11	14.5	15.6	16.9	16.1	15.6	15.9	15.8	14.1	13.2	13.5		14.5	12
2017	10.9	12.7	13	14.5	16.5	16.4	15.8	15.5	15.9	14.8	11.9	11.7		14.1	12
2018	10.9	12.8	13.1	14.5	16.1	16	15.3	15.6	15.7	15.2	14.1	11.7		14.2	12
2019	11.7	12.8	13.3	14.2	16.4	16.8	15.7	16	15.6	15.6	13.7	11.7		14.5	12
2020	13.4	13	13.1	16.1	16.3	16	15.9	16	16.1	14.9	14.4	11.8		14.8	12
2021	12.2	11.4	13.3	15.3	15.7	16.3	15.5	15.7	15.6	15	12.2	12.6		14.2	12
2022	11.8	12.1	13.5	14.9	15.6	15.6	15.7	15.9	15.7	15.1	13.9	12.3		14.3	12
2023	11.7	12.7	14.9	14.6	16	17.1	16.6	16.7	16.5	16.4	15.2	12.9		15.1	12
MÍNIMA	4.8	5.3	4.4	7.1	8.9	9.1	7.4	7.4	7.5	6.9	5.5	4.1		7.4	1
MÁXIMA	13.4	13.2	14.9	16.1	16.9	19.7	16.6	16.7	16.5	16.4	15.2	14.1		19.7	12
MEDIA	9.9	10.5	11.7	13.4	14.4	14.8	14.1	14	14.2	13.1	11.3	10.4		12.6	11.2
DESV.ST	1.8	1.8	1.8	1.8	1.8	2	2	2.1	2	2	2.1	1.9		1.9	2

TEMPERATURA MÍNIMA EXTREMA
AÑO	ENE	FEB	MAR	ABR	MAY	JUN	JUL	AGO	SEP	OCT	NOV	DIC	ACUM	PROM	MESES
1942							8	3.8	8	5.5	3	4.5		5.5	6
1943						9	5	4	8.5	3.4	1.5	-0.5		4.4	7
1944	0	3	6		7	9	9	8	8	2	2.5			5.4	10
1945	1	4	5	6.5	8	8.5	1	8	6	3.5	4	1		4.7	12
1946	4.5	6.5	2	7.5	9.5	10	8.5	8	9	8	5	4.5		6.9	12
1947	6	1.5	6.5	6	9.4	8.5	9.5	9	8	8.5	1	4		6.5	12
1948	2	6	7	5	8	9	8.2	8.5	8.4	8	5.5	6		6.8	12
1949	3.5	6	5.5	7	7.6	9	10	8	8.5	8	1.2	3		6.4	12
1950	2.5	3.6	4.5	4.4	5	7	7	2	4	4	3	2.6		4.1	12
1951	4	2.8	8.4	10.8	12.6	13	13	11	11.8	8.2	7	6.8		9.1	12
1952	7.4	5.8	10	9.4	11	13.8	11.6	13.2	13.2	5.6	7	6		9.5	12
1953	2.4	4.6	9.4	12	12.4	13.6	12.6	13	9	9	4.4	7.8		9.2	12
1954	6.8	4.4	4.2	4.4	11.4	12.6	11.8	12.8	12.8	7.8	6.6	3.8		8.3	12
1955	4.2	4	5	8.2	9.4	12.8	11.4	11.6	11	8.4	8.8	5.8		8.4	12
1956	3.6	7.6	8.8	12.8	12.4	14	13	13.6	13	9.8	7	8.6		10.3	12
1957	7.6	9	10	11.8	13.8	14.4	9.8	13.6	14	4	6.4	4		9.9	12
1958	5.2	5	4	6.5	5.5	8	7	7	7.5	6.5	4.5	2		5.7	12
1959	2.5	5.5	7.5	9.5	12.5	13	13	12	12	12.4	6.8	5		9.3	12
1960	7	6			10	13.5	13.5	13.5	11.5	13	8.5	5.5		10.2	10
1961	7.9	6.4	7	10	11	12.8	12	11	11.8	9.4	6.2	6.5		9.3	12
1962	6.4	7.2	8.5	9.4	10	12.8	13	12	13	10.9	5.4	7.2		9.7	12
1963	6.3	4.8	9.6	10	10.8	13.3	12.5	12.2	12.9	9.8	8.2	3.5		9.5	12
1964	6.2	8.8	11	12	10.9	12.6	12.2	12.2	12.2	9	9.4	8.8		10.4	12
1965	3.5	6.5	6	10.4	11.2	11.5	11.7	11.6	11.3	6.4	9	6.6		8.8	12
1966	6	7.2	7	11.8	8.2	12.5	11.2	10.6	12.5	8.8	6.7	4.5		8.9	12
1967	6.3	4.2	8.2	9	10.6	12.6	11.2	11	11.2	9.6	8.2	6.4		9	12
1968	6	2	4.9	11.2	11.7	11.9	12	12	11.7	8	4	6.6		8.5	12
1969	8	7.8	9.5	11.5	13.3	13.2	12.5	12	10.4	9.2	7.8	7.2		10.2	12
1970	6.6	3.2	7.2	11.9	9.3	12	12.3	9	11.2	10.7	4.9	6.3		8.7	12
1980						19.7								19.7	1
1982	0	6.7	7	10.2	10.8	14.4	11.5	13.3	13.8	7.6	8.4	5.5		9.1	12
1983	4.7	7.6	5.2	10	11	14.6	4.7	13	9.8	3.8	8.4	5.3		8.2	12
1984	6.4	6.2	5.6	6.4	13.1	12.4	11	11	13.8	9.5	2.6	5.8		8.7	12
1985	2.1	8	9.6	7.4	11.2	2.7	12.2	13.4	12.1	9.6	8.8	7.7		8.7	12
1986	0.9	4.8	5.8	8.8	12	12.4	12.8	2.6	11	8	9.5	2.9		7.6	12
1987	4	7.3	5.6	4.2	12.5	14.6	5.7	13	12.5	6.8	6.2	1		7.8	12
1988	5	5.5	7.6	10.3	11.6	13.2	13	0	2.5	8.1	0			7	11
1989			5	10.6	13	12.6	13.3	11.8	12.8	9	8.2	-1.2		9.5	10
1990	7.3	7.6	7.2	10.8	12	12.5	12.5	12	12	7.4				10.1	10
1991	0	5.7	4	9.9	12.9	14	13	12.5	10	0	1	0		6.9	12
1992	0	0	9.7	11					12.5	11.5		2		6.7	7
1993	5.8	6.5			12.2			12.9	0	0	7.7	0		5.6	8
1994	8.1	8.1	0		12.2		11.8	13.6		10	8	6.6		8.7	9
1995	5.5	7.5	8.5	12.5	13	13	13.3	11.5	0		7.6	6.5		9	11
1996	3.2	4.6	5.7	10.3	14	13.4	13.3	11.4	13.5	0	9			8.9	11
1997	8	0	9.9	10.7	13.5	13.6	13.9	1.4	13.8	11.6	12.2	4		9.4	12
1998	6	2.8	2.5	10.6	0	14.4	13		13.8	11.8	9.6	6.9		8.3	11
1999	7.3	5.5	6									0		4.7	4
2000	5.6	1.5	8		10.5	0	11.6	13.1	1	0	9.5	5.5		6	11
2001	5.7	9.2	6.5	10.2	11.5	13	13.5	12.1	13.5	8.5	9.3	8		10.1	12
2002	2.6	6.4	8.9	11.8	12.3	12.5	14.2	13.8	13.2	11.2	3.5	13.9		10.4	12
2003	7.6	9.6	4.8	7.2	13.4	13	12.4	13.8	13	12	8.6	5.2		10.1	12
2004	7.2	7.3	10.2	10.2	13.1	13.2	13	13.2	12.8	2.3	3.1	7.3		9.4	12
2005	5.8	5.4	11.6	9.8	12.1	14	12.7	14	13.1	9	3.6	3.6		9.6	12
2006	5.8	5.4	8.1	8.6	11	12	12.2	14	14	10.6	2.3	6.5		9.2	12
2007	8.7	6.9	9.4	10	11.5	12.8	12.6	9.8	12.6	6.4	4	7.4		9.3	12
2008	6	9	8.4	9	10.9	7.3	12.2	10.8	13.5	6.6	5.6	6.1		8.8	12
2009	4.2	8	6.7	11	5.5	13.6	13.8	13.4	12.9	7.9	8.5	7.5		9.4	12
2010	5.1	8.7	8.8	11.5	13.3	11.4	14.5	15	14.1	9	5	5.3		10.1	12
2011	6.6	9.5	9.4	11.9	12.7	13	15	13.1	11	7.8	7	7.8		10.4	12
2012	7	10.3	10.1	8.2	13.5	13.6	14.4	13.8	12	9.7	7.4	7.4		10.6	12
2013	8.8	7.6	3.7	10.9	12.9	14.8	14.9	12.5	13.9	14.4	9	9.2		11.1	12
2014	6	9.4	11.1	10.9	13.5	15.1	12.9	14.8	13.9	9.1	8.1	8.4		11.1	12
2015	7.4	8.4	10.3	12.2	12	14.2	13.1	14.5	13.2	11.9	11.2	12.2		11.7	12
2016	6.3	4.6	10.9	12.3	12.6	10.6	14.1	14	12	10.6	9.7	10.2		10.7	12
2017	5.2	10	9.7	10.2	12.2	14.7	14.3	12	9.6	11	7	4.6		10	12
2018	4.5	10.3	9.1	10	13.7	14.2	13.4	11	11.9	13.5	9.9	5.5		10.6	12
2019	8.6	9.9	11.1	10.1	14.3	14.9	12.9	13.4	13.7	13.7	10.4	9.1		11.8	12
2020	10.6	9.4	10.6	13.7	14.6	14.3	14.2	14.5	14.3	10.6	12	7.2		12.2	12
2021	8.4	6.4	10	11.2	13.7	14.4	13.5	13.1	14.1	10.9	8.1	7.7		11	12
2022	3	10	9.4	11.8	13.2	14.4	13.3	13.6	12.9	11.5	11	9.1		11.1	12
2023	6.8	10.3	10.8	11.7	14.6	14.5	14.5	15.1	15.1	12.2	11.2	6.6		11.9	12
MÍNIMA	0	0	0	4.2	0	0	1	0	0	0	0	-1.2		4.1	1
MÁXIMA	10.6	10.3	11.6	13.7	14.6	19.7	15	15.1	15.1	14.4	12.2	13.9		19.7	12
MEDIA	5.3	6.3	7.5	9.8	11.3	12.3	11.8	11.3	11.1	8.3	6.7	5.6		9	11.2
DESV.ST	2.4	2.5	2.5	2.2	2.6	2.9	2.7	3.4	3.4	3.4	2.9	2.9		2.3	2

TEMPERATURA MEDIA MENSUAL
AÑO	ENE	FEB	MAR	ABR	MAY	JUN	JUL	AGO	SEP	OCT	NOV	DIC	ACUM	PROM	MESES
1942							17.5	17.5	17.4	16.6	15.4	16		16.7	6
1943						18.3	17.4	18.5	18.3	15.9	14.4	14.6		16.8	7
1944	14.5	16.4	18		18.2	17.9	18.4	18.2	17.1	15.2	15.3			16.9	10
1945	15.4	16	17.8	18.9	18.6	18.8	17.2	17.9	17.6	16.6	16	15.9		17.2	12
1946	16.9	16.4	17.7	19	19.9	18.1	18	18.4	17.9	17.2	16.4	15.2		17.6	12
1947	16.4	15.9	17.9	18.5	18.7	18	17.8	18	17.4	17.7	17.4	16		17.5	12
1948	15.3	16.5	18.4	17.3	18	17.4	17.5	18.6	17.9	17.2	17.4	16.5		17.3	12
1949	15.8	16.7	17.8	19.6	19	18.4	18.5	19.4	18.9	18.4	15.2	15.9		17.8	12
1950	15.4	15.9	17.6	17.9	19.1	17.6	16.9	17.4	17.1	15.9	16.1	16		16.9	12
1951	16.4	15.9	19.4	20.9	20.6	21	19.9	20.9	19.7	19.1	18.5	17.8		19.2	12
1952	17.4	18	21	20.4	20.9	20.1	19.9	20.2	20.1	17.2	17.8	17		19.2	12
1953	16.5	18.5	19.5	22.2	22.2	21	20.4	20.8	19.1	18.2	18	17.5		19.5	12
1954	16.5	15.7	16.2	20.1	20.3	20	20.5	20.6	20	19.2	17.9	16.9		18.7	12
1955	17.6	15.8	17.4	20.8	20.8	20.6	18.6	19.2	18.9	17.2	17.5	17.6		18.5	12
1956	16.5	20	20.2	22.4	20.8	20.2	20.4	21.3	20	18.4	16.6	16.6		19.4	12
1957	16.2	18	20.1	21	21.8	21.1	19.5	20.3	20.2	18.2	17	14.8		19	12
1958	15.2	15.8	18.9	19.5	18.4	18.1	16.5	17	16.9	16.9	15.8	11.9		16.7	12
1959	13.2	15.9	19.1	19	22	21.9	20.6	20.1	20	19.9	17.6	17.4		18.9	12
1960	19.4	18.9			21.5	20.5	20.4	20.4	19.6	19.7	17.6	15.6		19.4	10
1961	16	17.2	19.9	21	20.5	19.8	19.1	19.4	19.3	18	17.2	16.9		18.7	12
1962	15.8	17.9	19.5	19.8	19.4	19.8	19.5	19.9	19.7	18.6	16.1	15.9		18.5	12
1963	16.2	16.6	19	20.2	20.2	20.4	19	19.6	19	17.7	17.4	15.7		18.4	12
1964	16.4	17.9	20.4	21.6	20.6	19.6	18.7	19.2	19.1	16.9	17	16.1		18.6	12
1965	15	17.5	18.9	20.2	20.6	19.6	18.6	19	19.2	17.6	17.2	16.2		18.3	12
1966	16.1	17.6	17.6	20.7	20.8	19.6	19.1	18.9	19.6	18.4	15	14.9		18.2	12
1967	16	16.3	17.2	19.2	20.2	19.6	18.2	19.1	19	18	16.7	16.9		18	12
1968	15.6	16	17.5	20.4	20.7	19.7	18.4	18.6	19.4	18.6	17.2	16.9		18.2	12
1969	16.6	18.9	19.9	21.3	21.4	20.8	19.6	19.8	19	19.1	17	16.4		19.1	12
1970	16.5	16.2	20.1	21.9	20.1	20	18.9	18.1	18.8	18.6	15.8	15.8		18.4	12
1980						22.2								22.2	1
1982	14.8	17.6	18.8	20.5	20.1	20.1	18.4	19	19.3	18.1	17	16.8		18.4	12
1983	16.2	17.1	18.3	20.8	22	20.7	18.9	19.4	19.4	18	17.9	16.4		18.8	12
1984	15.5	16.9	19	20.9	20.1	19.6	18.9	18.7	18.9	18.6	15.8	16.1		18.2	12
1985	14.6	16.7	18.9	19.4	20.6	19.5	18.9	19.3	19	18.2	17.4	16.4		18.2	12
1986	15.1	17.6	17.2	20.1	20.6	19.6	18.4	19.2	18.8	18.2	18.1	17		18.3	12
1987	15.4	17.9	19.4	19.6	20.7	20.4	19	19.2	19.9	17	17.1	17.1		18.6	12
1988	16.1	17.1	18.8	21.6	21.2	20.4	19.5	19.4	18.5	17.4	17			18.8	11
1989			17.5	19.6	20.2	20	19.3	19.4	18.8	17.8	17.7	15.4		18.6	10
1990	16	16.8	18	19.2	20	19.5	18.9	19	19.4	18.5				18.5	10
1991	16.4	17.4	20.2	21.8	20.6	20.6	19.1	19.4	18.8	18.4	16.6	16.1		18.8	12
1992	15.9	15.5	19.9	20.4					19.3	18.3		16.6		18	7
1993	16.6	17.6			20.3			18.9	18.8	18.6	16.8	16.1		18	8
1994	16.6	17.2	19.1		21		19.1	19.6		19	17.6	16.5		18.4	9
1995	16.6	18	19.3	21.1	21.2	20.7	19.9	20.5	19.6		17.9	17.4		19.3	11
1996	15.7	17	17.8	20.8	20.7	20.4	19.9	19.2	20.4	18.7	17			18.9	11
1997	17	17.5	19.2	20.9	21.2	20.2	19.6	19.4	20.4	19.1	18.7	16.6		19.1	12
1998	17.6	18.3	19.1	21.6	21.8	21.7	20		20.7	19.6	18	16.4		19.5	11
1999	16.7	17.2	19									15.4		17.1	4
2000	15.7	16.7	19.7		21.2	18.6	19.4	19.6	20	17.6	18.6	16		18.5	11
2001	16.1	17.1	19.3	21	21.1	20	20	20.1	20.4	18.8	17.4	17.4		19.1	12
2002	17.1	17.4	19	20.4	21.1	20.6	20	19.9	20.4	19.6	17.3	17.8		19.2	12
2003	15.6	18.4	19.8	21.2	22.2	21.2	19.7	20.1	20.4	19.6	17.8	15		19.2	12
2004	16.6	18.3	18.4	20.6	20.8	20	20.2	20.6	20.6	19.6	16.6	16.5		19.1	12
2005	15.4	17.9	21.3	21.1	21.7	21.4	20.4	20.4	20.2	18.1	17.1	17.4		19.4	12
2006	17.1	17.2	18.8	20.4	20.6	19.5	19.8	20.5	20.8	20.3	17.4	17.7		19.2	12
2007	17.7	19.4	19.4	21.7	20.7	20.5	20.2	20.2	19.6	18	16.5	16.6		19.2	12
2008	16.6	18.4	19	20.7	21.3	19.3	19.3	19.7	20.5	17.8	15.4	15.8		18.6	12
2009	16.5	17.1	18.4	21.4	21.4	20.8	19.9	20.7	21	20.6	17.9	17.6		19.4	12
2010	16.6	18.5	19.7	22	21.6	21	20.6	21.2	20.8	18.6	17.4	15.5		19.5	12
2011	18	18.5	19	21.6	22.4	21.4	20.8	21.1	20.6	18.5	18.3	17.5		19.8	12
2012	17.9	18.9	19.2	20.8	21.5	21.2	20.4	21	21	19.8	17	17.9		19.7	12
2013	17.9	19.4	19.4	22.9	22	21.1	20.6	20.6	20.8	20.8	18.6	18		20.2	12
2014	16.6	19	20.7	21.4	21.2	21	20.8	21.3	20.8	20.2	17.6	17		19.8	12
2015	17.1	18	19.6	22.4	21.6	21.1	20.8	21.4	21.5	20.9	19.7	19.3		20.3	12
2016	17.8	17.2	21.6	22.6	23.2	21.2	20.9	21.2	21	19.7	18.2	18.8		20.3	12
2017	17.8	19.2	19.2	21.7	22.8	21.3	20	20.7	21.6	20.1	17.8	17.4		20	12
2018	16.4	18.6	20.8	21.3	22.2	21.1	20.6	21	21.2	20.3	19.2	17.7		20	12
2019	17.6	19.9	20	21.9	23	22.1	21.2	22	21.1	21.1	19.4	18.4		20.6	12
2020	19.6	19.6	21	23.8	23	21.2	21.3	21.6	22	20.4	19.6	17.9		20.9	12
2021	18.5	20	21.6	23	22.2	22.2	21.4	21.6	22	21.5	18.4	19.4		21	12
2022	18	18.1	20.5	22	22	20.1	20.3	20.6	20.4	20	19	17.2		19.9	12
2023	17.9	18.4	21.4	21.6	22.4	22.7	20.9	21.4	21.6	20.8	19.6	18		20.6	12
MÍNIMA	13.2	15.5	16.2	17.3	18	17.4	16.5	17	16.9	15.2	14.4	11.9		16.7	1
MÁXIMA	19.6	20	21.6	23.8	23.2	22.7	21.4	22	22	21.5	19.7	19.4		22.2	12
MEDIA	16.5	17.5	19.2	20.8	20.9	20.2	19.4	19.8	19.7	18.6	17.3	16.6		18.8	11.2
DESV.ST	1.1	1.2	1.2	1.2	1.1	1.2	1.1	1.1	1.2	1.3	1.1	1.2		1.1	2
