COMISIÓN NACIONAL DEL AGUA
COORDINACIÓN GENERAL DEL SERVICIO METEOROLÓGICO NACIONAL
BASE DE DATOS CLIMATOLÓGICA NACIONAL 

ESTADÍSTICA MENSUAL
EMISIÓN   : 25/10/2024 

DATOS DISPONIBLES EN LA BASE DE DATOS A: OCTOBER DE 2024; 
CON LA INFORMACIÓN SUMINISTRADA POR LAS UNIDADES ADMINISTRATIVAS 

 ESTACIÓN  : 7320 
 NOMBRE    : SALVACION 
 ESTADO    : CHIAPAS 
 MUNICIPIO : VILLA COMALTITLÁN 
 SITUACIÓN : OPERANDO 
 CVE-OMM   :   
 LATITUD   : 15.14388889 ° 
 LONGITUD  : -92.70138889 ° 
 ALTITUD   : 8 msnm 


LLUVIA MÁXIMA 24 H.
AÑO	ENE	FEB	MAR	ABR	MAY	JUN	JUL	AGO	SEP	OCT	NOV	DIC	ACUM	PROM	MESES
1978	0	0	5	25	16	25	40.7	80.6	186	33.2	0	5	416.5	34.7	12
1979	0	0	0	24.1	62	62	48	134	31.1	57	0	0	418.2	34.9	12
1980	0	0	0	20	19.7	20	19.5	20	20.2	20	26.3	0	165.7	13.8	12
1981	0	0	0	4.2	35	74.6	16.7	35.4	20	20	15.7	0	221.6	18.5	12
1982	0	54.3	6.1	15.1	84.5	80.5	20.6	34.5	128.7	35	48.5	9.2	517	43.1	12
1983	0	33.3	32	0									65.3	16.3	4
1984			0	0	90.6	30.1	121.7	61.3	88	40	3.5	0	435.2	43.5	10
1985	0	0	0	0	40	20.3	40.1	20.5		61.5	50.5	0	232.9	21.2	11
1986		0	0	0	140.5	20.8	58.6	60.2	77	60	12	0	429.1	39	11
1987	0	0	0	0	20			77	62	80.5	0	0	239.5	24	10
1988	0		0	0	0	52	68	120.1	14.1	6	0	0	260.2	23.7	11
1989		0	0	44	0	27	81	70	84	24	70		400	40	10
1990	0	3	0	52	30	91	74	37	50	30	20	0	387	32.2	12
1991	0	0	20	18	24	97.5	43	60	57	6	0	0	325.5	27.1	12
1992	0	0	2	0	22	49	63	47	148	57	20	0	408	34	12
1993	3	0					81	70	50	54	0	0	258	32.2	8
1994	0	0	0	0	117	47	62	75	26	63	57	0	447	37.2	12
1995	0	0	0	82	57	52	96	138	65	60	16	9	575	47.9	12
1996		0	0	1.7	5.7	3.8	44	3.9	8	1.9	0	0	69	6.3	11
1997	0	0	0	1.9	6.3	3.8	5.8	4.2	4.4	2.6	15.9	17	61.9	5.2	12
1998	0	0.5	0	0	0.4	32		105	20	6.7	2.4	0	167	15.2	11
1999	0	0	122	2.1	3	6	4	12.3		6.6	0	0	156	14.2	11
2000	0	0	0.1	0	46	200	5.5	33	5.6	4.2	4	0	298.4	24.9	12
2001	0	0	0	6	37	100	100	105	87	73	0.1	0	508.1	42.3	12
2002	0	0	0	8	76	58	72	80	159	53	37	0	543	45.2	12
2003	0	0	4	0	50	154	44	118	44	200	33	0	647	53.9	12
2004	0	0	0	0	40	272	48	42	50	106	0	0	558	46.5	12
2005	0	0	180	80	135	66	42	95.5	200	380	29	0	1207.5	100.6	12
2006	2	0	2	4	320	66.5	155.2	40	110	58	68	0	825.7	68.8	12
2007	0	0	0	2	72	39	84	85	40	255	0	0	577	48.1	12
2008	11	0	0	5	86	124	48	56	220	36	0	0	586	48.8	12
2009	0	0		0	125	59	38	72	104	38	29	23	488	44.4	11
2010	0	6	6	63	148	80	180	140	92	0	0	0	715	59.6	12
2011	0	0	8.2	16	168	87	128	61	78	88	0	0	634.2	52.9	12
2012	0	1.5	0	4	38	48				53	7	6	157.5	17.5	9
2013	0	0	0	24	95	41	36	78	90	69	28	0	461	38.4	12
2014	0	0	0	13	52	125	55	160.5	70	45	16	0	536.5	44.7	12
2015	0	0	0	20	58	66	60.5	44	48	36	88	1	421.5	35.1	12
2016	0	0	0	0	75	69	75	55	76	45	28	2	425	35.4	12
2017		0	17										17	8.5	2
2019											26		26	26	1
2020	0	0	0	0	28	100	220	80	210	130	60	14	842	70.2	12
2021	0	0	0	0	25	22	50	22	20				139	15.4	9
MÍNIMA	0	0	0	0	0	3.8	4	3.9	4.4	0	0	0	17	5.2	1
MÁXIMA	11	54.3	180	82	320	272	220	160.5	220	380	88	23	1207.5	100.6	12
MEDIA	0.4	2.5	10.1	13.4	62.8	67.7	65.6	67.5	76.8	61.4	20.3	2.3	401.6	35.6	10.8
DESV.ST	1.9	10	34	21.7	61.6	54	46.8	39.1	59	73	23.6	5.3	244.3	18.8	2.6

LLUVIA TOTAL MENSUAL
AÑO	ENE	FEB	MAR	ABR	MAY	JUN	JUL	AGO	SEP	OCT	NOV	DIC	ACUM	PROM	MESES
1978	0	0	5	94.3	46.4	199.1	228.1	353.4	457.1	87.1	0	9.3	1479.8	123.3	12
1979	0	0	0	39.3	131.4	268.8	173	686.9	275.7	225	0	0	1800.1	150	12
1980	0	0	0	22.6	131.2	173.4	167.2	265.2	295.5	109.7	59.1	0	1223.9	102	12
1981	0	0	0	4.2	134.4	278.3	68.8	175.8	144.8	162.3	18.1	0	986.7	82.2	12
1982	0	90.1	6.1	52.4	367.8	373.7	163.5	201.5	742.1	232	74.3	9.2	2312.7	192.7	12
1983	0	55.9	48.1	0									104	26	4
1984			0	0	130.3	151.2	494.6	236.2	304	73.5	3.5	0	1393.3	139.3	10
1985	0	0	0	0	43.2	205.6	221	202		114.4	73	0	859.2	78.1	11
1986		0	0	0	280.5	114.8	114.3	183.5	253.9	248.7	36.8	0	1232.5	112	11
1987	0	0	0	0	56			452.5	520.5	346.5	0	0	1375.5	137.6	10
1988	0		0	0	0	223	326.6	245.9	37.9	9	0	0	842.4	76.6	11
1989		0	0	230	0	126.4	207	339	222	45	85		1254.4	125.4	10
1990	0	4	0	81	166	311	166	128	116	135	48	0	1155	96.2	12
1991	0	0	20	18	44.5	360	164.5	282.5	283	6	0	0	1178.5	98.2	12
1992	0	0	2	0	74	294.5	305	237	568	186	30	0	1696.5	141.4	12
1993	3	0					129	416	302	132	0	0	982	122.8	8
1994	0	0	0	0	265.5	218	114	177	160	246	133	0	1313.5	109.5	12
1995	0	0	0	155	212	334	478	455	335.1	216.5	32.5	18	2236.1	186.3	12
1996		0	0	1.8	29.6	30.2	242.5	42.5	32.6	7.71	0	0	386.91	35.2	11
1997	0	0	0	3.6	10.9	16.2	18.3	9.1	24	11.31	21.8	28.5	143.71	12	12
1998	0	0.5	0	0	0.5	176.5		362.5	139.3	24.8	3.8	0	707.9	64.4	11
1999	0	0	677	2.8	9.7	14.8	26.5	42.7		28.6	0	0	802.1	72.9	11
2000	0	0	0.1	0	255.5	354.5	18.31	112.5	26.83	7.61	6.3	0	781.65	65.1	12
2001	0	0	0	12.01	68	383	303	420	356	273	0.1	0	1815.11	151.3	12
2002	0	0	0	19	209	222	140	294	585.5	150	113	0	1732.5	144.4	12
2003	0	0	6	0	205	422.5	268.5	389.5	202	594.1	80.5	0	2168.1	180.7	12
2004	0	0	0	0	178	404	334	87	202	317	0	0	1522	126.8	12
2005	0	0	210	120	292	555	307.9	414.5	742	1328	43	0	4012.4	334.4	12
2006	2	0	2	4	702	385.6	418.7	110	243.5	384.5	114	0	2366.3	197.2	12
2007	0	0	0	2	184.5	111	327.5	446	168	542	0	0	1781	148.4	12
2008	11	0	0	7	215	440	305	225	386	324	0	0	1913	159.4	12
2009	0	0		0	195	233.5	112	306	222.5	209	74	29	1381	125.5	11
2010	0	6	6	151	503	560.1	718	760	680	0	0	0	3384.1	282	12
2011	0	0	8.2	26	431	334	555	248.2	374	443	0	0	2419.4	201.6	12
2012	0	1.5	0	6	208.5	247.5				276	7	12	758.5	84.3	9
2013	0	0	0	44	377	147	157.4	266	474	406	113	0	1984.4	165.4	12
2014	0	0	0	13	158.5	491	177.5	316.5	485.4	284	33	0	1958.9	163.2	12
2015	0	0	0	24.5	80.6	147	93.5	88	244.5	128	113.5	1	920.6	76.7	12
2016	0	0	0	0	187	389.5	261.5	105	338	144	58	2	1485	123.8	12
2017		0	23										23	11.5	2
2019											38		38	38	1
2020	0	0	0	0	273	399	479	296	461	642	72	14	2636	219.7	12
2021	0	0	0	0	109	118.5	119	182.2	107				635.7	70.6	9
MÍNIMA	0	0	0	0	0	14.8	18.3	9.1	24	0	0	0	23	11.5	1
MÁXIMA	11	90.1	677	230	702	560.1	718	760	742.1	1328	133	29	4012.4	334.4	12
MEDIA	0.4	3.9	25.3	28.3	178.6	268.8	240.6	270.8	311.1	233.3	37.1	3.2	1422.9	124.5	10.8
DESV.ST	1.9	16.5	111	52.3	150.4	141.3	158.1	162.2	194.1	245	41.5	7.5	839.6	66.2	2.6

EVAPORACIÓN MENSUAL
AÑO	ENE	FEB	MAR	ABR	MAY	JUN	JUL	AGO	SEP	OCT	NOV	DIC	ACUM	PROM	MESES
1978		55.3	183	162.3	182.5	153	139.6	147.4	118.2	126.8	115.6	102.4	1486.1	135.1	11
1979	112.5	122.7	150.4	157.75	151.7	128.4	127.9	123.3	125.4	111.5	109.1	100.3	1520.95	126.7	12
1980	109.3	114.8	163.9	135.1	139.2	142.9	148.5	145.2	112.9	140.1	112.8	107.3	1572	131	12
1981	126.5	130.5	140.4	133.8	137.9	127	111.5	131.1	126.4	142.9	120.9	115	1543.9	128.7	12
1982	116.3	130.6	139.1	121.5	127.6	141.4	138.3	130.7	115	117.1	126.2	134.2	1538	128.2	12
1983	142.7	128.8	164.2	193.7									629.4	157.3	4
1985	119.42	108.11	119.89	120.15	115.74	131.66	131.44	114.38		118.33	112.85	114.57	1306.54	118.8	11
1986		105.16	119.13	106.57	136.01	133.27	125.71	133.81	137.48	151.44	105.6	110.9	1365.08	124.1	11
1987	122.4	117.72			126.54			122.86	141.4	94.3	131.7	127.77	984.69	123.1	8
1988	108.74		150.9	151.29	159.87	130.7				88.72	99.83	156.23	1046.28	130.8	8
1989		120.38	128.23	94.52	152.86	139.17	111.54	101.23	116.61	109.28	111.1		1184.92	118.5	10
1990	131.54	103.24	141.81	135.39	111.71	100.98	99.17		99.24	145.67	132.93	115.13	1316.81	119.7	11
1991	136.13	125.15	157.7	145.04	150.28	138.54	102.01	139.31	124.96		145.48	153.3	1517.9	138	11
1992	155.89	145.08	155.69	148.13	174.99	124.76				102.02	106.4	128.49	1241.45	137.9	9
1993	139.05	97.93											236.98	118.5	2
MÍNIMA	108.74	55.3	119.13	94.52	111.71	100.98	99.17	101.23	99.24	88.72	99.83	100.3	236.98	118.5	2
MÁXIMA	155.89	145.08	183	193.7	182.5	153	148.5	147.4	141.4	151.44	145.48	156.23	1572	157.3	12
MEDIA	126.7	114.7	147.3	138.9	143.6	132.6	123.6	128.9	121.8	120.7	117.7	122.1	1232.7	129.1	9.6
DESV.ST	14.7	21.3	18.5	25.7	21.2	12.8	16.8	14.1	12.2	20.8	13.1	18.4	379.7	10.3	3

TEMPERATURA MÁXIMA PROMEDIO
AÑO	ENE	FEB	MAR	ABR	MAY	JUN	JUL	AGO	SEP	OCT	NOV	DIC	ACUM	PROM	MESES
1978		36.1	35.6	36.2	36.1	34.1	33.7	34.4	32.8	33.6	34.1	33.3		34.5	11
1979	33.3	34.1	35.8	36.6	35.2	34.6	34.2	34	32.8	33.4	33.7	32.9		34.2	12
1980	32.8	32.9	34.6	35.1	35	36	36.5	34.5	34.2	34.5	33.4	33.4		34.4	12
1981	32.8	34.5	36.2	37.1	36.1	34.1	34.5	34.9	34.1	34.7	34.4	33.8		34.8	12
1982	32.9	35.1	34.4	35.6	35.4	34.7	34.5	34.4	33.8	34.3	35.5	36		34.7	12
1983	36	36	36.3	38.4										36.7	4
1984			31.3	31.9	32.5	33.4	34.1	33.5	32.8	34.8	33.5	32.9		33.1	10
1985	32.9	34.5	34.8	36.8	36.4	34.8	34.2	35		34.8	35.2	34.8		34.9	11
1986		34.6	34.9	36.5	35	35	35.5	34.2	33.8	33.8	32.4	34.6		34.6	11
1987	34.5	34.1	33.3	34.1	38.4			33.8	33.8	33.5	34.3	35.4		34.5	10
1988	33		33.1	35.8	36	33.5	32.3	32.8	32.4	32.4	33	33.2		33.4	11
1989		34.8	32.9	31.5	33.6	32.3	32.1	31.6	31.6	32.3	32.6			32.5	10
1990	31.7	32.6	35.4	37	36.6	35.8	35	35.6	33.5	35.7	34.7	33.1		34.7	12
1991	33	32.9	35.8	35.6	36.2	34.8	35.5	35.3	35.1	34.7	36	33.5		34.9	12
1992	33.6	33.7	39.6	39.8	38.2	34.1	33.4	34.5	33.9	34.4	33.5	34.7		35.3	12
1993	34	33.9					34.6	35	34.5	32.8	32.7	32.2		33.7	8
1994	33.8	34.3	34.5	35.6	36.2	34.2	35.7	33.5	34.1	33.5	33	33.8		34.4	12
1995	32.9	34.6	35.1	36.2	36.3	35.1	34.5	34.2	34.4	33.3	34.2	34		34.6	12
1996		34.6	34.9	35.9	35.6	35.7	36	35	34.3	34.1	33.7	33.3		34.8	11
1997	33.3	34.2	36.2	36.5	37.4	35.4	35.9	35.7	34.7	33	33.6	34.8		35.1	12
1998	35	34.3	36.5	38.3	37.5	36.9	35.8	35.9	34.4	35	34.9	34.7		35.8	12
1999	33.9	34.9	34.9	37.7	37.3	36.7	36.6	36.7		35.1	34.5	35.4		35.8	11
2000	33.7	34	35.4	37	36.1	36.6	36.1	35.8	36.3	36.6	38.6	38.4		36.2	12
2001	37.9	38.2	37.7	39.3	39.3	39.8	38.3	38.9	37.1	37.6	37.2	38.6		38.3	12
2002	37.2	37.9	39	39.1	38.3	36.3	39	38.2	36.7	39	39	40.3		38.3	12
2003	39.5	39.5	39.3	40.8	40.5	37.4	38.7	39.8	39.9	40	39.5	39.7		39.5	12
2004	39.8	39.7	40.1	40.7	40.2	38.2	36.5	36.8	34.1	33.7	33.8	33.7		37.3	12
2005	34.5	34.8	33.9	32.4	33.7	33.4	34.3	34.2	34.1	33.9	34.1	34.2		34	12
2006	33.7	34	27	34.8	34	34.1	34.4					33.7		33.2	8
2007	34.5	35	36.5	35.9	37	35.6	35.2	34.8	34.5	33	34.3	34.1		35	12
2008	30.8	34.4	34.7	36.5	38	35.4	35	35	34.8	34.1	33.9	33.9		34.7	12
2009	34.3	34.4		38	36.8	35	36.4	36.4	36.1	35.8		34.4		35.8	10
2010	34.1	33.1	33	34	36.4	35.5	34.7	36	34.7	34.7	35	34.7		34.7	12
2011	34.6	33.6	33.8	33.9	37.5	36	35.7	34.9	36.7	36	35.7	35.3		35.3	12
2012	36.3	34.6	37.3	38.9	37.6	37.5				36.7	36.6	36.5		36.9	9
2013	36.3	36.1	37.1	39.2	38.8	38.7	36.1	36.9	33.4	36.2	36	35.8		36.7	12
2014	34.9	35.5	37.1	39.8	38.6	37.4	38.9	38.6	38.4	35.8	32.8	37.2		37.1	12
2015	37	37.7			40.2	40.6	40.9	40.2	38.8	40	36.7	34.3		38.6	10
2016	32.2	34.4	35.3	41	41.2	36.3	37	38.2	38.6	35.8	35.9	33.3		36.6	12
2017	32.6	34.6	33.2											33.5	3
2019											31.8			31.8	1
2020	34	34.5	35	40.8	37.6	32.8	33.3	32.6	32.4	32	32.6	33.2		34.2	12
2021	32.3	33	32.9	34.2	32.2	31.9	32	31.9	31.6					32.4	9
MÍNIMA	30.8	32.6	27	31.5	32.2	31.9	32	31.6	31.6	32	31.8	32.2		31.8	1
MÁXIMA	39.8	39.7	40.1	41	41.2	40.6	40.9	40.2	39.9	40	39.5	40.3		39.5	12
MEDIA	34.3	34.9	35.2	36.8	36.8	35.5	35.5	35.4	34.7	34.9	34.6	34.8		35.2	10.7
DESV.ST	2	1.7	2.4	2.5	2.1	1.9	1.9	2	2	1.9	1.8	1.9		1.7	2.5

TEMPERATURA MÁXIMA EXTREMA
AÑO	ENE	FEB	MAR	ABR	MAY	JUN	JUL	AGO	SEP	OCT	NOV	DIC	ACUM	PROM	MESES
1978		38.5	38	37.5	38.5	36	37	37	35.5	35	35.5	34		36.6	11
1979	37	35.5	38	39	38	36.5	36	36	35	35	35	34.5		36.3	12
1980	35	36.5	37	39.5	38.5	39	39	37.5	37.5	36.5	36.5	35.5		37.3	12
1981	37	36.5	38.5	39.5	39	36.5	37	38.5	38.5	38	38.5	35		37.7	12
1982	38	37	36.5	38	38	38	36.5	36.5	37	37.5	37.5	37.5		37.3	12
1983	38	38	38.5	40										38.6	4
1984			36	38	36	35	38	35	36	37	36	35		36.2	10
1985	37	36	38	39	39	36	36	39		39	38	36		37.5	11
1986		35	37	38	37	37	36.5	36	36	36	34	36		36.2	11
1987	36	36	36	36	40.5			36	35.5	35	36	39		36.6	10
1988	35.5		36	37.5	38	38	35.5	35	35	35.5	35	35.5		36	11
1989		38	38	35	37.5	34.5	35	35.5	33.5	36	34.5			35.8	10
1990	36	36	41	40	39	38	37	38	37	38	39	38		38.1	12
1991	38	36.5	38	39	39.5	38	38	37.5	38	37	38	36		37.8	12
1992	36	37	42	43	40.5	37	36	37	35	36	37	37		37.8	12
1993	36	35					36.5	37	37	36	35	34		35.8	8
1994	36	36	36.5	37.5	38	37	37	35.5	37	36	35	36		36.5	12
1995	35	36	37	40	38.5	37	37	36	37	36	36	36		36.8	12
1996		37	37	37.5	37.5	37.5	38	38	37	37	36	35		37	11
1997	35	37	37	37.5	39.5	37	37.5	38	37.5	35	37.5	36.5		37.1	12
1998	37.5	35.5	39.5	42	40	40	39	37	36	37	36	36		38	12
1999	37	37	37.5	40	40	37	37	37		38	37	38		37.8	11
2000	37	37	37	37	40	39	37	40	40	40	45	40		39.1	12
2001	41	42	41	40	43	41	40	40	40	43	40	40		40.9	12
2002	40	40	43	41	41	40	43	40	43	44	42	43		41.7	12
2003	41	40	42	44	45	40	42	42	44	41	41	40		41.8	12
2004	41	41	41	45	43	41	44	39	36	35	34	35		39.6	12
2005	36	36	36	38	35	35	36	37	35	34	35	35		35.7	12
2006	35	35	35	36	38	35	37					36		35.9	8
2007	37	36	38	38	39	38	38	37	36	35	36	36		37	12
2008	35	36	36	38	40	38	37	37	36	36	36	35		36.7	12
2009	35	36		42	41	37	38	39	38	38		36		38	10
2010	36	36	34	34	38	38	37	37	35	36	36	36		36.1	12
2011	36	34	37	40	40	39	37	37	37	37	38	37		37.4	12
2012	37	37	39	40	41	41				38	38	38		38.8	9
2013	38	38	40	41	42	42	38	39	37	38	37	38		39	12
2014	37	38	39	42	41	39	40	40	40	38	38	40		39.3	12
2015	39	40			42	42	42	42	40	42	41	38		40.8	10
2016	36	36	39	44	42	40	38	39	39	39	36	36		38.7	12
2017	34	39	37											36.7	3
2019											33			33	1
2020	35	36	41	42	41	35	34	34	38	33	34	34		36.4	12
2021	33	34	35	35	33	33	32	33	32					33.3	9
MÍNIMA	33	34	34	34	33	33	32	33	32	33	33	34		33	1
MÁXIMA	41	42	43	45	45	42	44	42	44	44	45	43		41.8	12
MEDIA	36.7	36.9	38	39.2	39.4	37.8	37.6	37.5	37.1	37.2	36.9	36.7		37.5	10.7
DESV.ST	1.9	1.8	2.1	2.6	2.3	2.2	2.3	2	2.4	2.4	2.5	2		1.8	2.5

TEMPERATURA MÍNIMA PROMEDIO
AÑO	ENE	FEB	MAR	ABR	MAY	JUN	JUL	AGO	SEP	OCT	NOV	DIC	ACUM	PROM	MESES
1978		18.7	20	22.2	22.8	22.8	22.5	22.2	22.4	22.2	21	19.5		21.5	11
1979	16.5	17.1	19.3	21.6	22.7	22.4	22.4	22.3	22.5	22.3	21	20.1		20.9	12
1980	20.1	20.8	21	21.7	21.9	23.5	23.1	22.1	21.4	22.2	21.6	20.5		21.7	12
1981	19.1	18.1	20.6	22	22.8	23.4	22.2	22.2	22.3	22.1	21.6	21		21.4	12
1982	21	19.4	21.1	22.8	23.2	23.3	23.3	22.8	22.8	21.7	21.4	21.2		22	12
1983	20	21.7	21	23.1										21.4	4
1984			19.2	20.2	22.3	22.6	21.9	22.5	22.1	22.7	19.5	18.1		21.1	10
1985	15.7	16.6	18.9	20.4	21.9	22.3	21.5	21.4		22.2	20.4	18.7		20	11
1986		18.5	18.2	18.9	22	22.1	22	22.6	22.4	22.4	20.6	18.7		20.8	11
1987	16.5	21	22.1	22.5	20.1			20.2	20.9	21.1	20.1	19.1		20.4	10
1988	21.7		19.8	22.1	22.7	22.8	21.6	21.5	21.9	21.7	21.4	21.4		21.7	11
1989		19	18.6	22.6	20.3	22.2	22.6	22.5	21.9	21.8	21.9			21.3	10
1990	18.5	18.4	20.4	21.7	22.1	22.3	22.7	22.2	22.6	22.4	21.5	18.8		21.1	12
1991	18.9	18.7	19.6	21.7	23	22.9	22.7	22.1	22.2	20.7	19.7	19.6		21	12
1992	18.3	17.6	19.9	20.6	21.4	22.2	20.7	20.2	19.5	18.8	18.6	19.3		19.8	12
1993	18.1	17.9					21.1	20.6	19.8	18.7	18.1	17.9		19	8
1994	18	18.5	19.7	20.6	22.5	19.9	21.1	19.6	20.8	20.2	19.7	19.3		20	12
1995	18.5	18.6	20.1	21.3	23	21.3	21.6	19.2	20.1	19.6	20.6	20		20.3	12
1996		17.7	18.9	22.1	22.1	22.5	21.7	21.3	20.7	20.7	20.1	18.3		20.6	11
1997	17.8	18.2	19.5	21.2	21.9	21.1	21.8	21.6	21.1	19.3	19.6	20		20.3	12
1998	19.4	18.3	20.6	21.1	21.9	22.5	22.1	22	19.3	22.6	21.7	18.9		20.9	12
1999	18.3	18.7	22	20.6	21.1	20.7	20.4	21.8		20.8	20.8	20.9		20.6	11
2000	17.5	17.3	18.3	19.6	21.7	22.4	21.3	21.9	22	21.2	20.2	19.1		20.2	12
2001	17.7	18.6	19	21.6	22.4	21.6	22.1	22.2	21.9	22.1	20.6	19.9		20.8	12
2002	18.9	18.5	19.2	21.3	23.3	22.6	22.4	22.1	22	22.2	20.5	18.9		21	12
2003	18.2	18.4	19.9	21.1	22.4	22.3	21.8	21.8	21.8	21.9	21.7	18.5		20.8	12
2004	18.7	18.5	19.3	20.2	21.9	22.3	22.9	24	24	24	23.8	22.5		21.8	12
2005	22.9	21.6	23.9	23.5	24	24.3	24	24	24.2	24	23.9	23.3		23.6	12
2006	22.9	22.5	22.1	24.7	24.2	24.6	24.2					22.7		23.5	8
2007	21.6	21	21.9	23.9	25.1	24.3	24.3	24.3	24.2	23.6	23	21.5		23.2	12
2008	21.4	22.8	23.5	24.1	24.8	24.2	24.1	24.4	24.5	24.3	22.1	22.4		23.6	12
2009	21.5	20.3		21.7	24	24.1	24.8	24.9	25	24.7		23.2		23.4	10
2010	21.1	21.6	23	24.3	24.9	24.7	24.5	25	24.3	24	23.1	21.4		23.5	12
2011	21.8	20.4	22.3	23.6	24.2	24.7	24.1	24.1	24.1	24.2	23.9	21.4		23.2	12
2012	20.1	20.6	21.7	22.5	24.1	24.2				24.4	23.7	24.1		22.8	9
2013	24.1	22.4	20.8	22.6	24.1	24.3	24.3	24.2	23.8	24	23.8	22.7		23.4	12
2014	20.3	20.9	22.4	24.3	25.2	24.4	24.1	24	24.2	23.8	22.7	20.8		23.1	12
2015	19.9	19.9			24.1	23.9	24.5	23.7	24	24.3	23.7	22.8		23.1	10
2016	21.4	19	21.7	23.9	24.8	24.1	23.4	24.1	24	23.9	23.5	21.8		23	12
2017	20.2	20.8	21											20.7	3
2019											21.5			21.5	1
2020	20.8	20.3	19.2	18.3	18.4	18.3	18.7	18.2	18.3	18.9	18.9	20.9		19.1	12
2021	19.8	19.7	20.7	19.9	19	18.8	18.7	19.2	18.4					19.4	9
MÍNIMA	15.7	16.6	18.2	18.3	18.4	18.3	18.7	18.2	18.3	18.7	18.1	17.9		19	1
MÁXIMA	24.1	22.8	23.9	24.7	25.2	24.7	24.8	25	25	24.7	23.9	24.1		23.6	12
MEDIA	19.7	19.5	20.5	21.8	22.7	22.7	22.5	22.2	22.1	22.1	21.4	20.5		21.5	10.7
DESV.ST	1.9	1.6	1.5	1.5	1.6	1.5	1.5	1.7	1.8	1.7	1.6	1.7		1.3	2.5

TEMPERATURA MÍNIMA EXTREMA
AÑO	ENE	FEB	MAR	ABR	MAY	JUN	JUL	AGO	SEP	OCT	NOV	DIC	ACUM	PROM	MESES
1978		17	18	20.5	20	22	21	21	20	20	20	16.5		19.6	11
1979	14	15	16	18	21.5	21	21	21	22	21	19	19		19	12
1980	19	18	18	18	20	21.5	21.5	20	17.5	20	19.5	17		19.2	12
1981	13.5	14.5	17.5	19	17.5	20	20	20	20	20	20	19		18.4	12
1982	17.5	15.5	18.5	21.5	22	20	22	21	22	20	20	19.5		20	12
1983	17.5	19	17	21.5										18.8	4
1984			17	18	20	21	21	21	21	20	17	16		19.2	10
1985	13	15	16	17	20	21	20	20		21	19	16		18	11
1986		17	15	17	20	20	21	20.5	20	20	20	16.5		18.8	11
1987	14.5	17	20	21	16			18.5	19	20	18	17		18.1	10
1988	20		17	20.5	21	21.5	20	20	20.5	20	20	20		20	11
1989		17	15	21	17.5	18	21.5	20	20.5	20	18.5			18.9	10
1990	16	12.5	17	20	21	20.5	21.5	21	20	19	19	16		18.6	12
1991	16	17	17	18	21.5	20	21.5	21	21	19.5	16	17		18.8	12
1992	16.5	14	17	18	19	20	19	18	18	17	16.5	18		17.6	12
1993	15	16					19	19.5	17	16.5	16	16		16.9	8
1994	16	16	18.5	18.5	20.5	18.5	20	18	19	18	18	18		18.2	12
1995	16.5	17.5	18	20	21	19	20	17.5	18	18	18	17.5		18.4	12
1996		15	16.5	21	20	21	20	20	16.5	18	17	17		18.4	11
1997	17	17	18	20	20	19.5	20	20	19	17	18	18.5		18.7	12
1998	18.5	15.5	19	18	20	20	20	20	18	21	20	16		18.8	12
1999	17	17	21	18	18	20	18	21		18	16	18		18.4	11
2000	15	13	17	18	20	22	20	20	21	20	16	16		18.2	12
2001	15	16	17	16	20	20	21	20	21	20	18	19		18.6	12
2002	17	17	18	18	20	21	22	21	20	20	17	15		18.8	12
2003	17	17	17	17	20	21	20	21	21	21	19	16		18.9	12
2004	17	18	18	18	21	20	21	23	23	23	22	20		20.3	12
2005	20	20	22	22	21	22	22	23	24	23	23	22		22	12
2006	21	20	22	23	22	21	24					21		21.8	8
2007	20	19	19	21	23	23	23	24	24	20	21	20		21.4	12
2008	20	19	22	23	23	23	23	23	23	23	20	21		21.9	12
2009	19	18		19	22	21	23	24	24	24		20		21.4	10
2010	19	21	19	24	24	24	24	25	24	23	22	17		22.2	12
2011	20	19	21	22	23	24	23	23	24	24	23	19		22.1	12
2012	19	20	20	2	21	23				23	23	22		19.2	9
2013	23	20	18	19	22	23	23	23	23	22	23	20		21.6	12
2014	18	20	20	23	24	24	23	21	23	21	20	19		21.3	12
2015	19	18			24	23	21	22	24	24	23	22		22	10
2016	20	2	10	22	24	24	22	23	24	23	22	18		19.5	12
2017	18	19	11											16	3
2019											21			21	1
2020	18	18	18	17	17	17	17	17	18	18	18	18		17.6	12
2021	19	19	19	19	18	18	18	18	17					18.3	9
MÍNIMA	13	2	10	2	16	17	17	17	16.5	16.5	16	15		16	1
MÁXIMA	23	21	22	24	24	24	24	25	24	24	23	22		22.2	12
MEDIA	17.6	16.9	17.8	19.2	20.7	21	21	20.8	20.8	20.4	19.4	18.2		19.4	10.7
DESV.ST	2.2	3.1	2.5	3.5	2	1.8	1.6	1.9	2.4	2.1	2.2	1.9		1.6	2.5

TEMPERATURA MEDIA MENSUAL
AÑO	ENE	FEB	MAR	ABR	MAY	JUN	JUL	AGO	SEP	OCT	NOV	DIC	ACUM	PROM	MESES
1978		27.4	27.8	29.2	29.5	28.5	28.1	28.3	27.6	27.9	27.6	26.4		28	11
1979	24.9	25.6	27.5	29.1	29	28.5	28.3	28.1	27.6	27.9	27.4	26.5		27.5	12
1980	26.4	26.9	27.8	28.4	28.4	29.8	29.8	28.3	27.8	28.4	27.5	27		28	12
1981	26	26.3	28.4	29.6	29.5	28.8	28.4	28.5	28.2	28.4	28	27.4		28.1	12
1982	27	27.2	27.8	29.2	29.3	29	28.9	28.6	28.3	28	28.4	28.6		28.4	12
1983	28	28.9	28.6	30.8										29.1	4
1984			25.2	26	27.4	28	28	28	27.4	28.8	26.5	25.5		27.1	10
1985	24.3	25.6	26.8	28.6	29.1	28.5	27.9	28.2		28.5	27.8	26.8		27.5	11
1986		26.6	26.5	27.7	28.5	28.6	28.8	28.4	28.1	28.1	26.5	26.6		27.7	11
1987	25.5	27.6	27.7	28.3	29.2			27	27.3	27.3	27.2	27.2		27.4	10
1988	27.4		26.5	29	29.4	28.1	27	27.1	27.1	27	27.2	27.3		27.6	11
1989		26.9	25.8	27	27	27.2	27.4	27	26.8	27	27.2			26.9	10
1990	25.1	25.5	27.9	29.4	29.4	29	28.9	28.9	28	29	28.1	26		27.9	12
1991	26	25.8	27.7	28.6	29.6	28.8	29.1	28.7	28.6	27.7	27.9	26.6		27.9	12
1992	26	25.7	29.8	30.2	29.8	28.1	27	27.4	26.7	26.6	26	27		27.5	12
1993	26	25.9					27.9	27.8	27.1	25.8	25.4	25		26.4	8
1994	25.9	26.4	27.1	28.1	29.4	27	28.4	26.6	27.5	26.9	26.4	26.5		27.2	12
1995	25.7	26.6	27.6	28.8	29.6	28.2	28	26.7	27.2	26.4	27.4	27		27.4	12
1996		26.1	26.9	29	28.9	29.1	28.9	28.1	27.5	27.4	26.9	25.8		27.7	11
1997	25.5	26.2	27.9	28.9	29.6	28.2	28.9	28.7	27.9	26.1	26.6	27.4		27.7	12
1998	27.2	26.3	28.6	29.7	29.7	29.7	29	29	26.9	28.8	28.3	26.8		28.3	12
1999	26.1	26.8	28.4	29.2	29.2	28.7	28.5	29.2		28	27.6	28.1		28.2	11
2000	25.6	25.6	26.9	28.3	28.9	29.5	28.7	28.8	29.1	28.9	29.4	28.8		28.2	12
2001	27.8	28.4	28.4	30.4	30.8	30.7	30.2	30.5	29.5	29.9	28.9	29.2		29.6	12
2002	28	28.2	29.1	30.2	30.8	29.4	30.7	30.2	29.4	30.6	29.8	29.6		29.7	12
2003	28.9	29	29.6	31	31.4	29.9	30.2	30.8	30.9	31	30.6	29.1		30.2	12
2004	29.2	29.1	29.7	30.5	31	30.2	29.7	30.4	29	28.9	28.8	28.1		29.6	12
2005	28.7	28.2	28.9	28	28.9	28.9	29.1	29.1	29.1	29	29	28.8		28.8	12
2006	28.3	28.2	24.6	29.8	29.1	29.4	29.3					28.2		28.4	8
2007	28	28	29.2	29.9	31	30	29.8	29.5	29.4	28.3	28.6	27.8		29.1	12
2008	26.1	28.6	29.1	30.3	31.4	29.8	29.6	29.7	29.6	29.2	28	28.1		29.1	12
2009	27.9	27.4		29.9	30.4	29.6	30.6	30.6	30.6	30.2		28.8		29.6	10
2010	27.6	27.4	28	29.1	30.6	30.1	29.6	30.5	29.5	29.4	29	28		29.1	12
2011	28.2	27	28	28.8	30.9	30.4	29.9	29.5	30.4	30.1	29.8	28.3		29.3	12
2012	28.2	27.6	29.5	30.7	30.9	30.9				30.6	30.1	30.3		29.9	9
2013	30.2	29.2	29	30.9	31.4	31.5	30.2	30.5	28.6	30.1	29.9	29.2		30.1	12
2014	27.6	28.2	29.8	32	31.9	30.9	31.5	31.3	31.3	29.8	27.8	29		30.1	12
2015	28.4	28.8			32.2	32.2	32.7	32	31.4	32.1	30.2	28.5		30.9	10
2016	26.8	26.7	28.5	32.5	33	30.2	30.2	31.2	31.3	29.8	29.7	27.5		29.8	12
2017	26.4	27.7	27.1											27.1	3
2019											26.6			26.6	1
2020	27.4	27.4	27.1	29.5	28	25.5	26	25.4	25.4	25.4	25.8	27		26.7	12
2021	26	26.4	26.8	27	25.6	25.4	25.4	25.5	25					25.9	9
MÍNIMA	24.3	25.5	24.6	26	25.6	25.4	25.4	25.4	25	25.4	25.4	25		25.9	1
MÁXIMA	30.2	29.2	29.8	32.5	33	32.2	32.7	32	31.4	32.1	30.6	30.3		30.9	12
MEDIA	27	27.2	27.9	29.3	29.7	29.1	29	28.8	28.4	28.5	28	27.6		28.3	10.7
DESV.ST	1.4	1.1	1.2	1.3	1.5	1.4	1.4	1.6	1.6	1.5	1.3	1.2		1.2	2.5
