COMISIÓN NACIONAL DEL AGUA
COORDINACIÓN GENERAL DEL SERVICIO METEOROLÓGICO NACIONAL
BASE DE DATOS CLIMATOLÓGICA NACIONAL 

ESTADÍSTICA MENSUAL
EMISIÓN   : 25/10/2024 

DATOS DISPONIBLES EN LA BASE DE DATOS A: OCTOBER DE 2024; 
CON LA INFORMACIÓN SUMINISTRADA POR LAS UNIDADES ADMINISTRATIVAS 

 ESTACIÓN  : 7091 
 NOMBRE    : LA ESCALERA 
 ESTADO    : CHIAPAS 
 MUNICIPIO : CHIAPA DE CORZO 
 SITUACIÓN : SUSPENDIDA 
 CVE-OMM   :   
 LATITUD   : 16.52583333 ° 
 LONGITUD  : -92.9925 ° 
 ALTITUD   : 700 msnm 


LLUVIA MÁXIMA 24 H.
AÑO	ENE	FEB	MAR	ABR	MAY	JUN	JUL	AGO	SEP	OCT	NOV	DIC	ACUM	PROM	MESES
1953						29.5	70	39	48.5	19.2	0.4	0.01	206.61	29.5	7
1954	0	0.01	0.4	1.1	71.4	75.5	30.5	53	33.5	22.7	0.01	0	288.12	24	12
1955	0	6	0.01	6.5	8	55.5	65	54.5	37.4	45	12.5	43	333.41	27.8	12
1956	0.01	0	0.01	3.6	69.5	48.5	57	20.5	49	14.5	4	0	266.62	22.2	12
1957	0.01	3	6	10.5	29.5	35	55.5	49.5	74	12.5	1	0.01	276.52	23	12
1958	0.01	0.01	0.01	11	9	113	53.5	52	72	36	7	0.01	353.54	29.5	12
1959	0	1.5	2.5	9	4.5	61.5	45.5	20	21	43	0	0.01	208.51	17.4	12
1960	0.01	0	0	8.5	33.5	53	37.5	80	56.5	20	0	0	289.01	24.1	12
1961	1.5	2	25.5	20	15	49.5	48	68	18	11	38	0.01	296.51	24.7	12
1962	0	0	0	10	10	40	62.5	73	63.5	19	0	0	278	23.2	12
1963	0.01	3	10	5	4	46	40.3	20.5	75.2	3	27.5	0	234.51	19.5	12
1964	0	0	0.01	5.5	40	74.6	49.4	31.6	44	34.2	6.1	5.1	290.51	24.2	12
1965	4.5	0.6	0.01	0.01	53.1	67.2	54.5	64.4	40.6	37.8	1.5	0.01	324.23	27	12
1966		0.01	6.3	22	21.5	76.8	43.5	24.5	76.7	51.9	0.01	5.5	328.72	29.9	11
1967	5.2	0	3.2	21.6	14.7	60	18.4	31.5	80	19.8	0.01	11	265.41	22.1	12
1968	0.01	0	0	9.2	32.1	31.9	66.7	53.4	39.9	35.3	0.6	6	275.11	22.9	12
1969	0	0	0	5.6	6	102.8	75.5	62	28.5	20.7	1	0	302.1	25.2	12
1970	0	0	0	14	37	28.3	98.7	28.5	51	17.5	0	0	275	22.9	12
1971	0.01	0	0	0	32	120	40.3	53.4	61.1	47.7	6.7	0	361.21	30.1	12
1972	0	0	0.2	8.5	59.1	44	36.5	60.1	39.5	16.5	17.6	0	282	23.5	12
1973	0	0	0	9	45	47.5	50	55	32	29.5	9.4	0	277.4	23.1	12
1974	2	0	20.1	0	89	30	60.5	26.1	29	0.7	0.1	0	257.5	21.5	12
1975	0	0	0	5	38.8	47.2	35.9	50.8	82.5	7.2	2.6	0	270	22.5	12
1976	0.3	0.2	0	11	25.3	26.8	108	24.2	47.3	24.5	61.5	0	329.1	27.4	12
1977	0	0	0	27.5	24	46.5	36.4	63.6	54	24	0.5	2.1	278.6	23.2	12
1978	0	0	0.2	26.7	31.5	43.5	51	41.5	74	5.2	2.3	1.2	277.1	23.1	12
1979	0	0	2.5	21.8	36.7	14.3	56.2	69	38	21.5	0	0.5	260.5	21.7	12
1980	2.5	0	0	1.5	36.2	18.5	70	44.2	59	17	1.5	0	250.4	20.9	12
1981	0	0	0.2	59	30.2	42.5	43	49	31.5	26.5	10	0	291.9	24.3	12
1982	0	1.5	0.01	17.5	13	47.2	31.5	27	52	55.2	2	1	247.91	20.7	12
1983	0	30.1	50	0	13.2	75	66.2	57.5	43.5	52.5	2	5	395	32.9	12
1984	0	0	0	0	41.8	50.6	55	47.2	29	3	0	0	226.6	18.9	12
1985	0	0	7.5	19	23.7	46.2	82.5	44	30	13.2	16	0	282.1	23.5	12
1986	0	0	0	5.5	59.8	13	36.5	30.5	29.7	36	1.5	0	212.5	17.7	12
1987	0	0	3.3	0	20	75.5	21.4	48.4	68	0	0	0	236.6	19.7	12
1988	0	0	0	2.5	29	107	51.5	60	58.2	14.6	0	0	322.8	26.9	12
1989	0	0	0	4.5	88.9	14.4	57.3	50.5	50.1	20.5	63.3	0	349.5	29.1	12
1990	0	17.5	0	28.8	24	51.6	17.5	42	31.5	13	3.6	7.5	237	19.8	12
1991	0	0	0	2.9	6.5	44.9	12	11.4	55	58	0	5.3	196	16.3	12
1992	0	1.8	26.1	20.5	22.1	73.5	46.8	41.5	39	22.8	3.8	3.8	301.7	25.1	12
1993	0	0	0	0	9.2	19.5	34.2	44.3	57.5	46.2	5.8	0	216.7	18.1	12
1994	0	0	0	34.2	38.2	116.2	43.3	66.8	81.7	59.6	12.4	0	452.4	37.7	12
1995	0	0	0		24.2	69.7	52.5	84.2	43.8	36.2	0	0	310.6	28.2	11
1996	0	0	0	12.3	24.3	110	34.2	54.3	78.2	11.4	0	0	324.7	27.1	12
1997	0	0	0	30.5		68.5	36.8	24	44.9	40.2	22.7	8.2	275.8	25.1	11
1998	0	1.6	0	0		45.2	53.8	37.2	66.9	42	77.2	0	323.9	29.4	11
1999	0	0	0	8.4	24.3	39.4	20.4	69.6	46.7	13.2	0.1	0.1	222.2	18.5	12
2000	0	0	0	0	19.9	39.9	33.8	27.1	48.4	18.2	0		187.3	17	11
2001	0	1.3	0	0	88.2	49.2	42.8	70.5	58.6	13.6	0	5.2	329.4	27.4	12
2002	0	1.5	0	5.5	12	51	21	21.3	52.5	38.8	0.01	1.5	205.11	17.1	12
2003	0	0	0	2.7	30.2	37	22.3	30.2	55.1	57.6	9.8	0	244.9	20.4	12
2004	0	0	1.6	21.2	50.9	33.8	58.4	20.8	25.2	15.7	1.2	1.5	230.3	19.2	12
2005	0	0	0	0	39	59.8	57.2	54.3	19.6	65.8	1.4	0	297.1	24.8	12
2006	0.01	0	0	40.5	75.5	59.8	35.2	39.4	74.4	29.4	8.2	0.01	362.42	30.2	12
2007	0	0	3.8	23.6	15.2	28	18.2	55.4	69.4	42.4			256	25.6	10
MÍNIMA	0	0	0	0	4	13	12	11.4	18	0	0	0	187.3	16.3	7
MÁXIMA	5.2	30.1	50	59	89	120	108	84.2	82.5	65.8	77.2	43	452.4	37.7	12
MEDIA	0.3	1.3	3.1	11.6	32.7	53.7	47.3	45.9	50.3	27.3	8.2	2.1	281.4	23.9	11.8
DESV.ST	1	4.7	8.7	12.3	22.2	26.2	19.4	17.4	17.6	16.8	16.4	6.3	52.2	4.4	0.8

LLUVIA TOTAL MENSUAL
AÑO	ENE	FEB	MAR	ABR	MAY	JUN	JUL	AGO	SEP	OCT	NOV	DIC	ACUM	PROM	MESES
1953						32	205.5	129	85.1	38.2	0.41	0.01	490.22	70	7
1954	0	0.01	0.4	1.52	141.91	326.76	239.93	178.61	136.83	106.92	0.01	0	1132.9	94.4	12
1955	0	6.02	0.02	6.5	15.51	201.04	542.03	237.66	148.53	119.14	23	43.01	1342.46	111.9	12
1956	0.01	0	0.03	3.63	292.64	284.52	229.44	99.05	240.73	22.52	4.02	0	1176.59	98	12
1957	0.01	3.01	6	18.52	65.03	131.15	197.33	157.55	282.55	12.51	1.02	0.01	874.69	72.9	12
1958	0.02	0.02	0.02	11.05	11.02	305.55	358.13	215.14	280.22	81.55	11.03	0.02	1273.77	106.1	12
1959	0	1.5	3.5	13.52	6.05	319.02	167.54	107.52	46.51	227.52	0	0.01	892.69	74.4	12
1960	0.01	0	0	8.7	72.5	278.5	257.53	293.61	270	89.53	0	0	1270.38	105.9	12
1961	1.5	2	30.5	20.01	66.01	185.51	304.51	177.02	67.02	28.5	60	0.01	942.59	78.5	12
1962	0	0	0	10	25.5	242.53	162.03	326.02	339.03	66.55	0	0	1171.66	97.6	12
1963	0.01	3	10	8.04	10.52	244.53	239.81	83.74	319.44	5.3	27.52	0	951.91	79.3	12
1964	0	0	0.01	8.04	85.61	438.61	183.73	141.85	209.93	38.7	6.32	5.12	1117.92	93.2	12
1965	6.31	0.62	0.01	0.02	90.92	310.12	205.11	233.81	146.42	118.03	1.5	0.02	1112.89	92.7	12
1966		0.01	6.31	49.13	44.08	352.1	196.5	143.72	224.71	115.2	0.04	5.91	1137.71	103.4	11
1967	5.29	0	3.23	27.46	26.95	300.6	88.34	137.53	193.36	67.84	0.02	11.05	861.67	71.8	12
1968	0.02	0	0	12.2	54.64	179.01	102.53	125.52	259.34	81.32	0.8	6.12	821.5	68.5	12
1969	0	0	0	10.5	6	301	241.1	384	196	57.7	1	0	1197.3	99.8	12
1970	0	0	0	14	52.9	154.3	435.1	153.1	239.5	48.3	0	0	1097.2	91.4	12
1971	0.01	0	0	0	52.5	415.51	165.01	188.02	297.5	121.81	17.71	0	1258.07	104.8	12
1972	0	0	0.2	11.3	180.9	233.2	170.4	139.21	78.2	39.7	22	0	875.11	72.9	12
1973	0	0	0	18.5	85.9	218.4	163.3	351.2	115.2	97.71	14.1	0	1064.31	88.7	12
1974	2.5	0	34.6	0	152.5	109.6	215.5	61.8	161.3	1.3	0.1	0	739.2	61.6	12
1975	0	0	0	5	103.3	263.1	208.8	133.5	410.7	17.7	3.7	0	1145.8	95.5	12
1976	0.3	0.2	0	18.4	36.8	130.7	334.4	134	230.7	38.9	72.1	0	996.5	83	12
1977	0	0	0	27.5	83.5	219.7	118	211.51	198.7	41.8	0.5	2.1	903.31	75.3	12
1978	0	0	0.2	26.7	81.9	187.2	249.1	233.3	259.7	12.4	4.5	1.2	1056.2	88	12
1979	0	0	2.5	40.2	65.9	69.7	240.6	422.2	164.8	46.5	0	0.5	1052.9	87.7	12
1980	5.2	0	0	1.5	81.8	92.1	277.8	186.1	171.2	22.4	2.8	0	840.9	70.1	12
1981	0	0	0.2	90.1	114.3	203.8	208.2	306	197.8	67.6	10	0	1198	99.8	12
1982	0	1.5	0.01	18.5	38.2	234.4	129.3	88.4	163.6	139.1	2	1	816.01	68	12
1983	0	44.1	62.3	0	22.5	240.4	188.8	183.5	254.7	87.6	2	5	1090.9	90.9	12
1984	0	0	0	0	134.1	264.5	239.6	182.8	156.71	11.5	0	0	989.21	82.4	12
1985	0	0	7.5	19	36.5	235.2	241.7	204.8	129	25.9	31	0	930.6	77.6	12
1986	0	0	0	8.7	139	45.4	188.3	105.9	99.4	107.61	1.5	0	695.81	58	12
1987	0	0	3.3	0	36.6	223.5	112.2	151.4	211.2	0	0	0	738.2	61.5	12
1988	0	0	0	2.5	46.3	422	114.2	467.7	206	29.6	0	0	1288.3	107.4	12
1989	0	0	0	8	160.1	79.2	194.5	196.1	269	53.3	88.8	0	1049	87.4	12
1990	0	17.5	0	63.3	58.2	250.7	126.3	131.7	78.7	28.6	3.6	7.5	766.1	63.8	12
1991	0	0	0	4.7	28.1	265.9	58.1	54.3	218.8	100.8	0	5.3	736	61.3	12
1992	0	1.8	29.2	30.5	32.2	389.6	159.6	135.3	158.9	34.2	5.3	3.8	980.4	81.7	12
1993	0	0	0	0	18.6	105.1	139.5	177.8	124.5	62.4	5.8	0	633.7	52.8	12
1994	0	0	0	51.1	81.3	223.6	199.7	170.3	109.8	88.4	12.4	0	936.6	78	12
1995	0	0	0		76.5	235.3	158.7	300.4	250	61.2	0	0	1082.1	98.4	11
1996	0	0	0	23.2	92.5	307.9	119.3	151.1	290.7	21.5	0	0	1006.2	83.8	12
1997	0	0	0	34.3		187.81	159.61	80.41	198.6	65.91	33.5	8.2	768.34	69.8	11
1998	0	1.6	0	0		86.41	206.51	141.4	355.8	102.47	102.11	0	996.3	90.6	11
1999	0	0	0	11.2	57.6	249.8	97.51	199.81	230.87	29.85	0.3	0.1	877.04	73.1	12
2000	0	0	0	0	157.1	223.91	138.7	164.9	270.7	34.21	0		989.52	90	11
2001	0	1.3	0	0	203.6	178.01	264.55	191.74	213.69	31.96	0	7.72	1092.57	91	12
2002	0	1.5	0	7.32	32.63	253.49	99.26	52.06	236.04	100.42	0.02	1.5	784.24	65.4	12
2003	0	0	0	2.71	66.26	267.12	104.93	136.25	243.55	138.43	9.83	0	969.08	80.8	12
2004	0	0	1.61	33.5	208.13	231	201.3	66.8	132.6	54.7	1.2	1.5	932.34	77.7	12
2005	0	0	0	0	79.14	259.97	313.83	356.53	75.86	100.52	1.41	0	1187.26	98.9	12
2006	0.02	0	0	41.9	272.75	242.04	153.93	97.85	235.48	96.34	8.22	0.01	1148.54	95.7	12
2007	0	0	3.8	44.02	30.93	116.84	69.95	256.34	156.53	170.13			848.54	84.9	10
MÍNIMA	0	0	0	0	6	32	58.1	52.06	46.51	0	0	0	490.22	52.8	7
MÁXIMA	6.31	44.1	62.3	90.1	292.64	438.61	542.03	467.7	410.7	227.52	102.11	43.01	1342.46	111.9	12
MEDIA	0.4	1.6	3.8	16.3	81.1	228.2	197.9	184.3	200.8	65.6	11	2.2	987.8	83.8	11.8
DESV.ST	1.4	6.4	11	18.6	64.9	91.9	87.6	92.6	78.3	46.1	22	6.3	182.7	14.4	0.8

EVAPORACIÓN MENSUAL
AÑO	ENE	FEB	MAR	ABR	MAY	JUN	JUL	AGO	SEP	OCT	NOV	DIC	ACUM	PROM	MESES
1953						200.59				132.2	157.2	160.6	650.59	162.6	4
1954	172.8	179.9	210.8	259.5	189.2	141.4	147.9	149.2	100.1	111.6	135.3	140	1937.7	161.5	12
1955	165.1	187.2	256.3	261.3	275.3	177.9	147.7	157.3	109.6	116.7	127.6	118.3	2100.3	175	12
1956	148.1	186.6	249.6	247.5	192.8	130.8	142.8	163.6	115.3	141.6	136.8	140.2	1995.7	166.3	12
1957	159.6	185.4	219.6	245.9	286.7	156.6	159.9	173.6	138	148.2	161.3	141.1	2175.9	181.3	12
1958	155	174.8	259.9	249.3	278.4	160.4	143.2	148.4	123.4	126.2	131.4	119.1	2069.5	172.5	12
1959	137.6	179.6	219.3	238.6	256.8	168.2	142.2	150.3	149	120.9	129.8	125.9	2018.2	168.2	12
1960	163.9	185.5	233.7	251.2	260.3	155	154.6	140.8	131.3	108.1	127	125.4	2036.8	169.7	12
1961	144	169.9	239.2	238.4	250.9	163.4	140.2	162.5	136.3	142.1	110.3	135.7	2032.9	169.4	12
1962	163	173.9	260.7	247.7	271.5	151.2	162.3	140.7	103.7	124.8	118.5	121	2039	169.9	12
1963	140.5	161	234.9	244.6	235.5	156.8	143.7	147.7	115	153.19	131.7	125.5	1990.09	165.8	12
1964	148.9	181.8	279.3	270.1	253	155.7	140.4	151.9	124.3	129.4	127.5	123.3	2085.6	173.8	12
1965	145.1	179.1	249.7	262.5	236.8	146.1	167	152.8	145.7	116.3	131.4	130.9	2063.4	171.9	12
1966		175.2	245.3	244.4	225.9	186.9	157.1	149.7	118.6	130.9	132.5	122.3	1888.8	171.7	11
1967	151.8	165.2	226.6	241.6	269.2	157.9	163	152.3	113.9	123.1	122.3	125.7	2012.6	167.7	12
1968	144.9	173.2	241.2	263.1	227.5	166.1	176.2	176.6	137.8	125.4	135.2	140.3	2107.5	175.6	12
1969	173.7	200.59	259	264	295.03	201.1	153.41	126.25	109.66	131.61	124.8	123.5	2162.65	180.2	12
1970	146.5	172	248.9	254.1	253.1	193.6	133.7	132.4	99.7	111.2	128.3	122.3	1995.8	166.3	12
1971	142.46	181.77	265.3	271.14	236	154.14	162.68	131.11	116.92	126.71	116.27	123.95	2028.45	169	12
1972	146.3	180.8	242.3	256.5	224.1	133.8	158.9	151	157.5	157.1	132.9	144.7	2085.9	173.8	12
1973	158.4	185.2	274.7	261.7	259.1	160.3	154.4	119.4	116.6	115.7	130.5	123.8	2059.8	171.7	12
1974	140.2	165.9	184.6	238.4	250.4	137.6	146.5	163.4	128	152.2	133	129.4	1969.6	164.1	12
1975	150.8	172.2	256.4	258	215.7	167.5	148.3	141.3	124.5	134.3	125.7	125.1	2019.8	168.3	12
1976	155.3	154.1	240.9	238.3	237.6	168.5	154.7	152.4	127.7	129.9	118	118.3	1995.7	166.3	12
1977	133.2	158.6	251.7	243.8	213.9	160.8	166.7	146.5	139.3	138.3	115.9	136.1	2004.8	167.1	12
1978	155.8	174.8	244.7	246.1	263.2	179.8	154.4	165.8	107.6	144.9	126	128.6	2091.7	174.3	12
1979	156.3	170.1	226.7	226.62	242.7	175.8	165.3	158.5	107.5	126.6	128.7	108.5	1993.32	166.1	12
1980	141.1	156.4	238.5	231.9	220.1	183.6	181.9	150.3	115	141.1	124.8	128.1	2012.8	167.7	12
1981	129.4	179	241.1	254.8	212.6	157.9	158.3	177.3	126	114.5	97.1	107.4	1955.4	162.9	12
1982	143.7	182.9	262.6	232.2	216.1	172.6	151.1	176.4	131.5	125.1	119.6	118.4	2032.2	169.3	12
1983	138.7	128.1	211.9	237.5	225.7	175.3	147.1	152.7	125.5	129.3	105.17	103.2	1880.17	156.7	12
1984	120.16	162.53	242.61	266.04	205.69	146.63	145.5	139.5	107	129.07	112.56	103.32	1880.61	156.7	12
1985	128.2	161.57	242.93	247.87	223.34	153.06	175.6	144.07	139.07	133.3	91.25	99.76	1940.02	161.7	12
1986	131.45	170.74	250.13	238.64	209.32	190.22	165.49	156.38	135.35	129.91	106.48	105.94	1990.05	165.8	12
1987	140.96	180.55	249.61	245.78	235.26	153.67	170.83	172.36	143.77	138.29	121.46	128.42	2080.96	173.4	12
1988	147.76	176.65	233.22	248.93	243.16	166.57	184.36	155.44	127.81	130.96	137.73	143.27	2095.86	174.7	12
1989	160.29	162.33	253.05	264.51	221.49	159.39	172.68	156.68	114.13	141.11	133.52	130.23	2069.41	172.5	12
1990	152.7	179.8	243.57	255.62	237.96	167.2	159.72	156.11	143.24	159.74	161.94	144.17	2161.77	180.1	12
1991	176.52	184.99	252.69	266.41	210.22	218.34	179.05	184.79	140.72	135.7	138.31	138.12	2225.86	185.5	12
1992	154.02	171.99	224.95	236.05	233.6	159.41	160.47	169.41	145.75	142.32	143.75	76.76	2018.48	168.2	12
1993	82.22	181.21	240.87	252.38	267.46	223.94	190.56	173.57	132.43	142.14	148.65	77.41	2112.84	176.1	12
1994	78.95	179.53	251.42	258.67	232.89	157.69	163.39	151.15	161.54	162.08	164.76	81.73	2043.8	170.3	12
1995	87.83	181.34	137.67		158.59	158.19	153.78	120.37	93.22	99.63	125.61	74.64	1390.87	126.4	11
1996	76.31	149.62	179.63	178.85	170.29	90.3	116.7	98.97	102.77	97.91	120.95	141.47	1523.77	127	12
1997	126.92	150.53	194.22	195.94		111	140.33	155.89	75.11	82.53	101.03	102.51	1436.01	130.5	11
1998	50.04	144.56	192.44	241.77									628.81	157.2	4
1999			42.56	217.9	187.71	128.57	148.64	123.95	79.87	110.89	119.63	58.94	1218.66	121.9	10
2000	52.03	138.71	202.05	203.44	136.72	112.5	155.85	129.81	114.34	116.91	117.04		1479.4	134.5	11
2001	122.68	154.89	217.8	233.38	179.9	157.96	158.77	151.15	122.29	133.94	124.54	110.96	1868.26	155.7	12
2002	139.42	159.37	216.44	228.74	215.95	140.32	149.87	160.91	103.71	117.91	109.88	38.15	1780.67	148.4	12
2003	126.15	160.17	215.74	214.5	185.44	146.36	159.11	150.68	142.02	108.32	84.01	88.86	1781.36	148.4	12
2004	110.42	142.43	193.32	212.2	159.39	128.98	141.16	150.67	129.77	123.48	121.08	130	1742.9	145.2	12
2005	136.41	160.19	222.81	223.6	178.86	148.01	136.96	143.2	131.74	123.38	119.93	120.48	1845.57	153.8	12
2006	135.62	142.6	211.92	217.13	151.35	125.67	134.15	139.14	135.85	121.02	104.25	105.47	1724.17	143.7	12
2007	123.16	146.75	198.98	183.08	186.63	146.71	145.1	134.27	124.66	111.78			1501.12	150.1	10
MÍNIMA	50.04	128.1	42.56	178.85	136.72	90.3	116.7	98.97	75.11	82.53	84.01	38.15	628.81	121.9	4
MÁXIMA	176.52	200.59	279.3	271.14	295.03	223.94	190.56	184.79	161.54	162.08	164.76	160.6	2225.86	185.5	12
MEDIA	136.8	169.1	229.4	241.7	225.1	159	155.4	150.6	123.4	128.2	125.5	118	1891.5	163.2	11.6
DESV.ST	28.1	15	37	20.8	36.1	24.7	14.1	16.5	17.9	15.8	16.3	23.3	323.9	14.3	1.5

TEMPERATURA MÁXIMA PROMEDIO
AÑO	ENE	FEB	MAR	ABR	MAY	JUN	JUL	AGO	SEP	OCT	NOV	DIC	ACUM	PROM	MESES
1953						34.7				30.8	30.9	29.9		31.6	4
1954	32.4	32.5	36	36.3	35.5	32.6	32.5	33.1	32	31	30.9	30.3		32.9	12
1955	32.2	33.2	36.5	38.2	38.1	35	31.3	32.7	31.1	29.8	32.3	30		33.4	12
1956	30.6	35	35.7	37.7	34.5	32	33	34.4	31.6	32.4	30.7	31.9		33.3	12
1957	32.6	34.4	35.8	37.3	38.2	34.5	32.9	33.3	31.9	32	33.8	30.2		33.9	12
1958	29.7	32.5	37.2	38.2	37.8	34.2	32.2	33.3	32.9	33.3	33.1	30.1		33.7	12
1959	30.9	35.6	35.6	36.4	38.2	34.6	33.1	33.3	34.1	32.6	30.3	30.2		33.7	12
1960	32	33.4	34.2	35.9	36.6	33.1	32.5	32.2	31.6	32.5	31.9	30.2		33	12
1961	30.6	33	36.2	37.1	36.9	33.9	32.5	33.3	32.6	31.2	30.5	32.1		33.3	12
1962	30	35	35.4	35.9	37.2	33.8	33.7	33.1	32.5	32.4	31	31.5		33.5	12
1963	32.2	32.1	35.7	37.7	37.3	35	32.6	32.7	30.7	31	30.9	29.1		33.1	12
1964	29.9	32.2	36.4	37.5	36.7	31.9	31.4	33.2	32.1	29.8	31.8	30.7		32.8	12
1965	30.8	32.8	34.7	36.9	36.9	32.3	32.3	31.8	32.8	29.7	31.6	30.4		32.8	12
1966		32	33.2	36.8	36	34	33.1	32.7	32	31.6	30.2	29.5		32.8	11
1967	29.9	31.4	34.1	36.8	37.3	33.5	33.5	33.4	31.7	30.3	30.8	31.9		32.9	12
1968	31.2	30.9	33.2	36.5	36.7	34.2	33.7	33.7	32.9	31.7	32.6	34		33.4	12
1969	32.1	34.7	34.5	37.8	37.7	36.6	34.2	31.3	31.4	32.2	31.2	31.3		33.8	12
1970	31	30.7	35	37.5	36.1	34.7	32.1	32.2	31.1	31.3	30	31.5		32.8	12
1971	32.4	33.5	34.8	34.9	37.1	33.7	32.5	32	32.1	31.7	30.6	32.5		33.1	12
1972	32.7	32.7	36.3	37.1	36.4	32.3	32.9	32.7	34.3	34.3	33.1	31.7		33.9	12
1973	31.3	32	37.7	36.7	36.1	33.4	33	30.6	31.8	30.3	31.7	29.5		32.8	12
1974	32.4	31.1	34.7	35.5	36.1	32.3	32.1	34	31.2	30.3	31	32		32.7	12
1975	30.5	33	35.9	37.4	36.7	34	32.8	32.6	30.4	30.9	31	30		32.9	12
1976	29.7	30.4	36	35.9	36.4	33.8	33	32.9	32.2	31.2	29	28		32.4	12
1977	29.9	30.5	35.9	34.2	35.9	33.5	34.3	33.2	32.6	32.7	32	31.3		33	12
1978	30.1	31.7	33.4	36.6	36.4	34	32.3	32.4	31.4	31.5	32.7	31.5		32.8	12
1979	30.5	32.4	34.8	36.5	36.7	33.2	34.3	33.3	30.2	32.4	31	29.3		32.9	12
1980	31.5	31.3	35.3	34.2	37.1	34.3	33.6	33	31.8	32.7	30.6	28.6		32.8	12
1981	29.4	31.2	34.5	36.6	36.8	32.7	32.4	33.2	31.5	32	30.1	30.6		32.6	12
1982	32.4	32.8	34.9	36.7	35.5	33.2	32.3	33.9	31.7	30.6	31	29.5		32.9	12
1983	30	30.5	33.2	36	38.1	34.2	33	33.3	31.3	31.5	32.6	30.8		32.9	12
1984	29.2	31.4	34.5	37.4	34.4	32.7	31.5	32	29.9	32.8	30.8	31.2		32.3	12
1985	30.6	31.5	35	36.2	36.7	33.4	32.9	32.5	32.5	32.4	31.4	30.2		32.9	12
1986	28.5	33.2	33.7	36.9	36.2	33.9	33.2	33.5	33.2	32	32.1	31.5		33.2	12
1987	30.1	33.7	34.5	34	36.7	33.5	34	34.3	33.2	31	32	32.8		33.3	12
1988	30.1	32.5	35.8	37.6	37.6	34.2	33.5	32.1	31.5	30.5	32.5	30.9		33.2	12
1989	32.7	32.9	33.3	36.7	35.9	33.7	33	33.3	29.6	30.7	32.2	30.2		32.9	12
1990	32.2	32.1	34	37.1	36.6	34.1	33.2	33.9	33.6	33.6	32.5	31.8		33.7	12
1991	33.6	33.3	37.1	39.9	37.5	35.5	33.6	35.2	32.7	33.1	32.2	31.2		34.6	12
1992	31.2	33.2	36	36.9	36.4	34.7	32.6	33.5	33.3	32.2	32.3	33		33.8	12
1993	32.5	34.7	35.8	37.8	38.2	35.4	34	33.1	32.2	32.8	33.2	32.3		34.3	12
1994	33.8	34.4	36.4	38.1	37.4	33.7	33.7	33.1	33.7	33.9	34.3	34.6		34.8	12
1995	34.1	34.9	36.1		36.1	34.5	33.9	33.5	33.2	32	34	33.4		34.2	11
1996	34.3	34.3	35	37	37.1	35.5	34	32.1	32.3	31.7	31.1	31.8		33.9	12
1997	31	32.5	35.7	36.6		33.8	33.6	34.1	32	29.9	30.6	29.5		32.7	11
1998	31.6	33.7	34.3	38.2		35.7	31.5	31.8	29.6	29.3	28	26.8		31.9	11
1999	28.1	29.9	33.8	40.2	39	34.8	34.4	35.3	32.8	31.4	31.2	32.3		33.6	12
2000	33.7	35.3	39.3	39.2	36.1	34	35.5	32.9	32.3	32.7	33.7			35	11
2001	32.2	33.9	36	38	37.3	34.6	34.3	34.7	32.9	32.6	32.1	31.7		34.2	12
2002	31.9	32.2	36.1	38.5	37.6	33.5	34.1	35.2	31.6	33.2	31	30.8		33.8	12
2003	30	34.9	36.8	38.9	37.7	34.1	34.3	35.1	33.7	31.8	31.5	28.7		34	12
2004	30.7	33	35.6	37.6	34.9	34	34.2	34.8	33.7	33.7	32.9	31.3		33.9	12
2005	32	34.7	37.4	37.5	37.8	35	33.6	33.8	33.8	31.4	31.4	31.7		34.2	12
2006	32	33.6	36	37.6	35.1	32.7	33.4	34.1	33.6	33	30.9	30.5		33.5	12
2007	30.9	34.3	36.3	37.2	37.3	35.6	34.9	32.8	32.4	30.6				34.2	10
MÍNIMA	28.1	29.9	33.2	34	34.4	31.9	31.3	30.6	29.6	29.3	28	26.8		31.6	4
MÁXIMA	34.3	35.6	39.3	40.2	39	36.6	35.5	35.3	34.3	34.3	34.3	34.6		35	12
MEDIA	31.3	32.9	35.4	37.1	36.8	34	33.2	33.2	32.2	31.7	31.6	30.9		33.3	11.7
DESV.ST	1.4	1.4	1.2	1.2	1	1	0.9	1	1.1	1.2	1.2	1.5		0.7	1.1

TEMPERATURA MÁXIMA EXTREMA
AÑO	ENE	FEB	MAR	ABR	MAY	JUN	JUL	AGO	SEP	OCT	NOV	DIC	ACUM	PROM	MESES
1953						39				36	36.5	36		36.9	4
1954	36.5	36.5	39	40	39	37	34.5	35	34	34.5	34	35		36.2	12
1955	36	37.5	39.5	41	42	38	34	34.5	34.5	34	35	34		36.7	12
1956	35	38.5	40	40	39	35	35	37	34	35.5	35.5	35		36.6	12
1957	36.5	38.5	40	39	41	39	35.5	35.5	34	35.5	37	37		37.4	12
1958	36	39	40.5	41	42	37.5	35	36	34	35.5	36	36		37.4	12
1959	35.5	38	41	40	42	40	35	36	38	35	35	36		37.6	12
1960	37	38.5	38.5	39.5	40	37	34	35	35.5	35	34	36		36.7	12
1961	36	38	41	40.5	40	38	34	36	34.5	36	35.5	36		37.1	12
1962	36	38	39	39	40	39.5	36	36	39	36	35	34		37.3	12
1963	36	37	39	40	40	38	36	35.5	35.5	34	35.5	34.5		36.8	12
1964	35	37.5	40	41	41	36	34	35	34	33	35.5	34.5		36.4	12
1965	35	36.5	40	39	39	38.5	35	34	35.5	33.5	34	35.5		36.3	12
1966		38	39.5	39	40	38	37	34	34	35	35	35		36.8	11
1967	35	36	38	40	40	41	35	37	35	34	35.5	36.5		36.9	12
1968	34	35	38	39	39.5	38	36.5	37	36	35	36	40		37	12
1969	36	39	38	41	42.5	45.5	41.5	33.5	34	35.5	35	35.5		38.1	12
1970	37	36.5	39.5	39.5	41	38	35	36	36	35	34	36		37	12
1971	36	37.5	39	41	39.5	37.5	35.5	34.5	35.5	33.5	35	35		36.6	12
1972	36	37	40	39.5	40	37	36.5	35	37	37	37	36		37.3	12
1973	35	36	40	40.5	40	35.5	36.5	33	34.5	33.5	34	34		36	12
1974	35	36.5	38	39	40.5	37.5	36	36	34.5	35	34.5	36		36.5	12
1975	34	37	38.5	40	39.5	38.5	36	34.5	35	34.5	34	32.5		36.2	12
1976	35	35	39	39	39.5	39.5	37.5	37.5	34.5	35	34.5	34.5		36.7	12
1977	36	37	40	39.5	39	35.5	37.5	36	35	36	35	35.5		36.8	12
1978	34.5	40.5	38.5	40.5	40.5	37	38	36	35	37	36	36		37.5	12
1979	36	38	38	40.5	40	38.5	39	36.5	37	36	35	33.5		37.3	12
1980	35.5	36	40	40.5	40	38	36.5	37	35	37	35	35		37.1	12
1981	33.5	37	39.5	40	41	39	34	37	33	36	34	34.5		36.5	12
1982	35	36.5	40	40	38	37	37	38	35	33	35	35		36.6	12
1983	35	37	37	40	42	40	37.5	35.5	33	35	35	33.5		36.7	12
1984	35	37	40.5	40	41	36.5	35	35	33.5	36	35	34.5		36.6	12
1985	34	36	38	39.5	40	36	36	34.5	34.5	35	35	34		36	12
1986	34	37	38	41	40.5	36.5	35.5	35	36	35	35	35		36.5	12
1987	35.5	39	42	40	40	37	37	36.5	35	35.5	36	36		37.5	12
1988	35	37	40	41	41	41	36	35.5	35	34	35.5	35		37.2	12
1989	36.5	37	37	39.5	40	37	36.5	35	36	34	35	34.5		36.5	12
1990	36	37	38	40	39	36.5	35	35.5	35	36	36	36		36.7	12
1991	36	37	40.5	42	39.5	39	37.5	37.5	35	36	38.5	36		37.9	12
1992	35	39.5	39.5	41.5	39.5	38	34	35	38	34.5	36	35		37.1	12
1993	35.5	37.5	40	40.5	41	41	37	35.5	34	35	35	34.5		37.2	12
1994	35	36.5	39.5	40	40	36.5	35	35	36	36	36	35		36.7	12
1995	36	38	38.5		38	37	36	35	34.5	35	35	34.5		36.1	11
1996	36	38	39	38.5	40	39.5	36.5	34	34	33.5	33.5	33.5		36.3	12
1997	33.5	35.5	39	39.5		37.5	35	36	35	33.5	35.5	37		36.1	11
1998	34	38	40	41		39.5	35	35	33.5	32	30	29		35.2	11
1999	31	33	40	42.5	42	40	38	37.5	35.5	36	34	36		37.1	12
2000	35.5	38	42.5	42	40.5	36	38	36	36	38	36.5			38.1	11
2001	37	39	41	40	40.5	37.5	37	37	36.5	36	36	37		37.9	12
2002	37.5	38	40	41	40.5	38	36.5	37.5	35	35	34	33.5		37.2	12
2003	34.5	38.5	40	42	42	38	36.5	37.5	36	35	37	33.5		37.5	12
2004	35	37.5	39	41.5	39.5	36	36	36.5	35	35	36.5	36		37	12
2005	35.5	38.5	40.5	41	41	39	35.5	36.5	36	37.5	34.5	35		37.5	12
2006	36.5	38	40	40.5	39.5	35.5	36.5	36.5	35.5	37.5	35.5	34.5		37.2	12
2007	34.5	39.5	40	40	40.5	39.5	37	36	34	34.5				37.5	10
MÍNIMA	31	33	37	38.5	38	35	34	33	33	32	30	29		35.2	4
MÁXIMA	37.5	40.5	42.5	42.5	42.5	45.5	41.5	38	39	38	38.5	40		38.1	12
MEDIA	35.3	37.4	39.5	40.2	40.2	38	36.1	35.8	35.1	35.1	35.2	35.1		36.9	11.7
DESV.ST	1.1	1.3	1.1	0.9	1	1.8	1.4	1.1	1.2	1.2	1.2	1.5		0.6	1.1

TEMPERATURA MÍNIMA PROMEDIO
AÑO	ENE	FEB	MAR	ABR	MAY	JUN	JUL	AGO	SEP	OCT	NOV	DIC	ACUM	PROM	MESES
1953						17.6				20.1	17.2	15.7		17.6	4
1954	14	13.9	18.4	20.2	21.5	21.6	20.5	20.3	20.9	18.9	15	12.9		18.2	12
1955	13.3	13.4	16.8	19.8	21	21.2	20.6	20.7	20.8	19.3	17.3	14.8		18.2	12
1956	11.9	15.3	16	19.7	20.9	20.8	19.6	20	20.2	18.4	16.2	15		17.8	12
1957	14.1	16	16.6	20	21.1	22.2	21	20.7	21.4	18.6	17.4	13.6		18.6	12
1958	14.1	14.4	18.3	20.9	21.6	22.2	21.8	21.1	21	20.8	18.4	16.1		19.2	12
1959	14.6	16.3	17.9	19.5	21.7	22	20.4	20.2	20.6	20.2	16.6	14		18.7	12
1960	13.8	12.1	12.8	16.6	22.4	21.5	20.8	21.5	20.7	21	17.4	13.8		17.9	12
1961	14.4	14.9	17.4	19.9	20.8	20.9	20.3	20.2	19.6	18.8	17.1	14.9		18.3	12
1962	13.3	14.9	16.9	19.9	21	21.4	20.7	20.7	21.1	20.8	14.5	14.5		18.3	12
1963	13.4	13.8	17.9	19.6	20.7	21.9	21.5	21.8	21.3	20.1	18	14.2		18.7	12
1964	13.7	15.4	19.4	20.9	22.1	21.7	21.5	21.2	21.4	18.6	17.6	15.8		19.1	12
1965	14.5	16	17	20.7	22.8	21.8	21	20.9	21.5	20.1	18	16.1		19.2	12
1966		16.5	17.5	21.6	23.1	22.5	21.9	21.2	21.1	20.4	15.2	14.4		19.6	11
1967	14.5	15.2	16.6	20	22.8	21.8	20.8	20.5	20.3	19.6	15.9	15.7		18.6	12
1968	14.4	13.9	15.8	21	22.3	22	21	20.9	21.4	20.3	16.3	15		18.7	12
1969	14.7	17.6	18.9	21.1	22.6	23	22.3	21.9	21.7	20.5	17.7	14.8		19.7	12
1970	14.9	15.1	18	21.2	21	22.3	21.5	21.2	21	20.5	15.6	14.7		18.9	12
1971	14.5	14.7	17.9	17.5	22.2	21.3	21	20.8	21	20.4	17.9	17.8		18.9	12
1972	16.5	15.3	19	21.4	22.6	22.3	21.5	21.3	21.2	20.9	20.2	16.3		19.9	12
1973	15.2	16	20.2	21.2	23.5	22.4	21.6	21.8	21.6	21.4	18.3	13		19.7	12
1974	16.2	15.2	18.7	20.2	21.1	21.9	20.8	21.3	20.9	18.5	18	16		19.1	12
1975	14.7	16.6	19.9	21.8	23.1	21.7	20.6	20.8	21	20	18.1	15.1		19.4	12
1976	13.9	14.4	18.8	19.8	22	22.1	21.3	21	20.9	20.1	18.3	15.1		19	12
1977	14.2	16	17.5	19.6	21.9	21.7	20.7	21	21.8	20.7	17.3	16.6		19.1	12
1978	14.7	15.1	17.3	20.1	22	21.6	21.3	21	21.2	19.5	18.7	17		19.1	12
1979	14.1	15.4	18.3	20.9	22.3	21.7	21.3	21.4	21.1	20.3	18.4	16.4		19.3	12
1980	14.9	16.4	18.4	19.6	21.4	21	21.4	21.3	21.2	20.1	17	15.9		19	12
1981	13.2	15.4	19.1	21.3	21.6	21.8	21.6	21.4	21	20.8	16.7	15.9		19.1	12
1982	16.1	17.9	19.5	22.3	22.9	22.3	21.3	20.9	21.4	20.3	18.6	15.2		19.9	12
1983	14.8	15.8	16.6	20.3	23.1	22.2	21.8	21.2	21.2	19.7	17.8	16.6		19.3	12
1984	14.3	16.2	17	19.1	21.9	21.3	21.1	21.1	20.9	19.9	15.9	15		18.6	12
1985	13.9	15.1	18.6	21	21.8	21.7	21	20.8	20.9	20	17.6	16.4		19.1	12
1986	14.1	15.7	15.1	19.9	22.4	21.6	20.2	20.8	20.6	19.6	19	16.3		18.8	12
1987	11.5	15.1	17.5	19.2	21.1	21.8	21.8	21.9	21.8	17.5	17.4	16.5		18.6	12
1988	15.8	15.5	17.5	21.3	21.8	22.8	22	22.1	21.2	19.8	18.4	15.5		19.5	12
1989	15.9	15.3	15	20	22	22.2	21.4	21.6	21	20	19.1	15.2		19.1	12
1990	15.5	16.1	18	21.3	22.4	21.8	21.2	20.7	21.1	20.9	18.6	15.9		19.5	12
1991	15.2	16.1	17.4	20.7	21.9	22.7	21.7	21.1	21	20.3	17.4	16.4		19.3	12
1992	16	16.2	18.2	20.4	21	22.4	21	21.1	20.6	19.1	18.2	16.9		19.3	12
1993	16.5	15.6	17	20.1	21.7	21.1	21.2	21.2	21	20.1	17.7	15.5		19.1	12
1994	16.3	16	17	19.9	21.7	20.7	20.5	20.9	21	20.5	18.4	16.8		19.1	12
1995	15.3	16.4	17.6		21.6	20.3	20.9	21.2	20.6	20.4	20.3	19.5		19.5	11
1996	20.4	17	19.1	21.9	22.4	21.1	21.1	20.8	21.2	20.6	17.6	16.8		20	12
1997	15.3	16	19.7	21.1		21.3	21	21.1	21.1	19.6	19.3	14.7		19.1	11
1998	19.3	13.8	16.2	18.4		25.7	23.6	23.6	22.9	22.8	21.5	18.4		20.6	11
1999	17.5	18.5	19.7	19.1	20.3	21	20.1	20.6	20.9	18.6	15.1	12.2		18.6	12
2000	11.5	13.9	17.4	18.2	21.1	21.1	19.7	20.1	20.8	18.6	17.9			18.2	11
2001	11.9	16.1	16	20.7	21.6	20.8	20.7	21	21.1	20.1	15.1	16		18.4	12
2002	13.5	15.2	16.5	19.6	21.6	21.5	20.9	20.9	21.3	20.6	16.5	15.1		18.6	12
2003	12.9	14.5	17.3	18.8	22.5	21.9	20.7	20.9	21.2	20.2	17.9	11.7		18.4	12
2004	14	15.1	18.2	18.2	21.1	21.4	20.6	20.9	21.1	20.5	15.9	13.9		18.4	12
2005	12.6	15.3	18.9	19.9	21.7	22.4	21.4	21.5	21.6	18.5	16.2	15.4		18.8	12
2006	15.1	14.1	16.7	19	21.2	21.3	21.5	21.1	21.4	21.3	16.7	15.5		18.7	12
2007	14.8	14.7	17.2	19.5	21.1	21.9	21.2	21.1	21.2	19.1				19.2	10
MÍNIMA	11.5	12.1	12.8	16.6	20.3	17.6	19.6	20	19.6	17.5	14.5	11.7		17.6	4
MÁXIMA	20.4	18.5	20.2	22.3	23.5	25.7	23.6	23.6	22.9	22.8	21.5	19.5		20.6	12
MEDIA	14.6	15.4	17.6	20.1	21.8	21.7	21.1	21.1	21.1	20	17.5	15.4		19	11.7
DESV.ST	1.6	1.1	1.4	1.1	0.7	1	0.7	0.6	0.5	0.9	1.4	1.4		0.6	1.1

TEMPERATURA MÍNIMA EXTREMA
AÑO	ENE	FEB	MAR	ABR	MAY	JUN	JUL	AGO	SEP	OCT	NOV	DIC	ACUM	PROM	MESES
1953						13				17	10.5	12		13.1	4
1954	11.5	9	13	16	19	20	17.5	18.5	19	14.5	10.5	8		14.7	12
1955	9.5	8	13	17	17	20	18.5	18.5	18.5	15	14	12		15.1	12
1956	7	13	12	16	19	19	17	18	18	15	11.5	10.5		14.7	12
1957	11	10.5	11	17	18	20	19	14	19	12	12	8		14.3	12
1958	10.5	10	14	16	11	20	20	20	19	17.5	15.5	11		15.4	12
1959	10	12.5	12	14	17	21	19	19	18	18	9	9		14.9	12
1960	6	7	11	12	19	20	19	20	17	19	14	9		14.4	12
1961	11	10	12	16	15	19	18	17	18	16	12	12		14.7	12
1962	9	11	14	17	16	20	17	19	18	18	11	11		15.1	12
1963	8	8	14	16	11	20	20	20.5	19	17	13	8		14.5	12
1964	9	11.5	15	17	18	20	20	19	20	15	14	13		16	12
1965	8	9.5	10	15	19	20.5	19.5	20	20	15	13	13		15.2	12
1966		11	12.5	18.5	21	21	20.5	18.5	20	15.5	11	10.5		16.4	11
1967	10	10.5	12	17	19.5	19	17	18.5	17	17	13	10.5		15.1	12
1968	10	9	9.5	17	20	21	19	19	20	14	10	9.5		14.8	12
1969	12	13	15	16	16.5	20.5	21	20	17.5	19	13	11		16.2	12
1970	9.5	9.5	11	18	14	20	20	19	19	18.5	10	12		15	12
1971	11.5	10	11.5	12	14	20	19	19	19	15	13	14		14.8	12
1972	12.5	8	15	18	19.5	20	19.5	19	19	18	15.5	10		16.2	12
1973	9.5	11	16.5	17	20	19.5	20	20	19.5	18.5	15	8.5		16.2	12
1974	13	11.5	12	14	17	18.5	18	19	20	14.5	11.5	11.5		15	12
1975	10	13	16	18.5	17.5	19.5	18.5	19	17.5	15.5	12	11		15.7	12
1976	9	11	14	12.5	18.5	20.5	19	19.5	18.5	16	13	10		15.1	12
1977	9	12.5	13	15	19	18	19	19	20.5	14.5	12	9		15	12
1978	11	10	11	15	16	19.5	20	19	19	14.5	15	11.5		15.1	12
1979	10	11	14	17	18	20	2	18	19	17.5	14.5	12		14.4	12
1980	11.5	12	11.5	14.5	18	19	19	20	20	16	14.5	9		15.4	12
1981	10	11.5	15	17	18	20	20	20	18	16.5	13	13		16	12
1982	10.5	14	13	17	20.5	20	19.5	19.5	20	15.5	14	9.5		16.1	12
1983	9	10	11	18	20	20	20	19	19	13.5	12.5	8.5		15	12
1984	10.5	10.5	10	14	19.5	20	19.5	19	18	18	11	11		15.1	12
1985	9	9.5	15.5	16	19	20	19.5	19.5	19.5	16	15	12		15.9	12
1986	9.5	10	10	15	18.5	20	18	19.5	19	15	16	13		15.3	12
1987	8	9.5	12.5	13	17	20	20	21	20	15	14	11		15.1	12
1988	9.5	11.5	14	16.5	19	21	20.5	20.5	20	16.5	15.5	10.5		16.2	12
1989	12	8	10	16	19	20.5	20	20	20	16	16.5	8		15.5	12
1990	12.5	12.5	13.5	17	21	20.5	19.5	19.5	20	15	13.5	12.5		16.4	12
1991	11	12.5	12.5	18.5	20	21.5	20	19	18.5	16.5	12	13		16.2	12
1992	13	12	14	15.5	18	21	18.5	19.5	19	16	14	14		16.2	12
1993	13	12.5	10.5	17.5	20	19.5	19	20.5	19.5	17	16	14		16.6	12
1994	14	14.5	13	17.5	20	18	18	19.5	20	18	15.5	16		17	12
1995	13.5	12.5	16		20	15	19	19	18.5	16.5	18.5	15		16.7	11
1996	18	12	15	19	20	18	19.5	19.5	20	18	14	14		17.2	12
1997	13.5	13	15	19		19	19	20	19.5	17	15	7		16.1	11
1998	15	7	12	15		24	22	22	22	21	18	14		17.5	11
1999	16	15	15	14.5	18	19	18	18	19	11.5	9	8		15.1	12
2000	8	8.5	13	14	19.5	20	17	18	19.5	15	14			15.1	11
2001	7	12	10.5	17	17.5	19	19	19	20	16	12	13.5		15.2	12
2002	6	10.5	9	17.5	19	20	20	19	19.5	17.5	7.5	11		14.7	12
2003	9	11.5	14.5	10	20	20	19	18.5	19.5	17	14	7		15	12
2004	10.5	11.5	13	13.5	19.5	19.5	19.5	20	19.5	2	9	9		13.9	12
2005	8	10	15	15	19	20.5	19.5	20	20	13.5	9	11.5		15.1	12
2006	8.5	7.5	13	15	18	18.5	19.5	18.5	20.5	16	7.5	8.5		14.2	12
2007	11.5	9.5	10.5	15	19	20	18.5	19.5	20	13				15.7	10
MÍNIMA	6	7	9	10	11	13	2	14	17	2	7.5	7		13.1	4
MÁXIMA	18	15	16.5	19	21	24	22	22	22	21	18.5	16		17.5	12
MEDIA	10.5	10.8	12.8	15.9	18.2	19.7	18.8	19.2	19.2	15.8	12.9	11		15.4	11.7
DESV.ST	2.4	1.9	1.9	1.9	2.1	1.5	2.5	1.1	1	2.6	2.4	2.2		0.9	1.1

TEMPERATURA MEDIA MENSUAL
AÑO	ENE	FEB	MAR	ABR	MAY	JUN	JUL	AGO	SEP	OCT	NOV	DIC	ACUM	PROM	MESES
1953						26.2				25.5	24	22.8		24.6	4
1954	23.2	23.2	27.2	28.2	28.5	27.1	26.5	26.7	26.4	25	23	21.6		25.6	12
1955	22.8	23.3	26.6	29	29.6	28.1	26	26.7	26	24.6	24.8	22.4		25.8	12
1956	21.2	25.1	25.9	28.7	27.7	26.4	26.3	27.2	25.9	25.4	23.4	23.4		25.6	12
1957	23.4	25.2	26.2	28.6	29.7	28.4	27	27	26.6	25.3	25.6	21.9		26.2	12
1958	21.9	23.4	27.8	29.6	29.7	28.2	27	27.2	27	27	25.8	23.1		26.5	12
1959	22.8	26	26.8	28	30	28.3	26.8	26.8	27.4	26.4	23.5	22.1		26.2	12
1960	22.9	22.8	23.5	26.2	29.5	27.3	26.6	26.9	26.1	26.8	24.6	22		25.4	12
1961	22.5	24	26.8	28.5	28.9	27.4	26.4	26.8	26.1	25	23.8	23.5		25.8	12
1962	21.6	25	26.1	27.9	29.1	27.6	27.2	26.9	26.8	26.6	22.8	23		25.9	12
1963	22.8	23	26.8	28.7	29	28.4	27	27.2	26	25.6	24.4	21.6		25.9	12
1964	21.8	23.8	27.9	29.2	29.4	26.8	26.4	27.2	26.8	24.2	24.7	23.2		26	12
1965	22.6	24.4	25.9	28.8	29.9	27	26.6	26.4	27.1	24.9	24.8	23.2		26	12
1966		24.2	25.4	29.2	29.6	28.2	27.5	27	26.6	26	22.7	22		26.2	11
1967	22.2	23.3	25.4	28.4	30	27.6	27.1	27	26	25	23.4	23.8		25.8	12
1968	22.8	22.4	24.5	28.8	29.5	28.1	27.4	27.3	27.1	26	24.5	24.5		26.1	12
1969	23.4	26.2	26.7	29.4	30.2	29.8	28.2	26.6	26.5	26.4	24.4	23		26.7	12
1970	23	22.9	26.5	29.4	28.6	28.5	26.8	26.7	26	25.9	22.8	23.1		25.9	12
1971	23.4	24.1	26.3	26.2	29.6	27.5	26.8	26.4	26.6	26	24.2	25.1		26	12
1972	24.6	24	27.6	29.2	29.5	27.3	27.2	27	27.8	27.6	26.6	24		26.9	12
1973	23.2	24	29	29	29.8	27.9	27.3	26.2	26.7	25.9	25	21.2		26.3	12
1974	24.3	23.1	26.7	27.9	28.6	27.1	26.5	27.6	26	24.4	24.5	24		25.9	12
1975	22.6	24.8	27.9	29.6	29.9	27.9	26.7	26.7	25.7	25.4	24.6	22.6		26.2	12
1976	21.8	22.4	27.4	27.9	29.2	28	27.1	27	26.6	25.6	23.6	21.6		25.7	12
1977	22	23.2	26.7	26.9	28.9	27.6	27.5	27.1	27.2	26.7	24.6	24		26	12
1978	22.4	23.4	25.4	28.4	29.2	27.8	26.8	26.7	26.3	25.5	25.7	24.2		26	12
1979	22.3	23.9	26.5	28.7	29.5	27.5	27.8	27.3	25.6	26.4	24.7	22.9		26.1	12
1980	23.2	23.9	26.8	26.9	29.2	27.6	27.5	27.1	26.5	26.4	23.8	22.2		25.9	12
1981	21.3	23.3	26.8	29	29.2	27.2	27	27.3	26.2	26.4	23.4	23.2		25.9	12
1982	24.2	25.3	27.2	29.5	29.2	27.8	26.8	27.4	26.5	25.5	24.8	22.4		26.4	12
1983	22.4	23.1	24.9	28.1	30.6	28.2	27.4	27.2	26.2	25.6	25.2	23.7		26	12
1984	21.8	23.8	25.8	28.2	28.1	27	26.3	26.6	25.4	26.3	23.4	23.1		25.5	12
1985	22.2	23.3	26.8	28.6	29.2	27.5	27	26.6	26.7	26.2	24.5	23.3		26	12
1986	21.3	24.5	24.4	28.4	29.3	27.8	26.7	27.1	26.9	25.8	25.6	23.9		26	12
1987	20.8	24.4	26	26.6	28.9	27.6	27.9	28.1	27.5	24.2	24.7	24.6		25.9	12
1988	23	24	26.6	29.5	29.7	28.5	27.8	27.1	26.4	25.1	25.4	23.2		26.4	12
1989	24.3	24.1	24.1	28.4	29	28	27.2	27.4	25.3	25.4	25.7	22.7		26	12
1990	23.9	24.1	26	29.2	29.5	28	27.2	27.3	27.4	27.2	25.6	23.9		26.6	12
1991	24.4	24.7	27.2	30.3	29.7	29.1	27.6	28.2	26.9	26.7	24.8	23.8		27	12
1992	23.6	24.7	27.1	28.6	28.7	28.6	26.8	27.3	27	25.7	25.2	25		26.5	12
1993	24.5	25.2	26.4	29	30	28.2	27.6	27.1	26.6	26.4	25.5	23.9		26.7	12
1994	25	25.2	26.7	29	29.5	27.2	27.1	27	27.4	27.2	26.3	25.7		26.9	12
1995	24.7	25.6	26.9		28.9	27.4	27.4	27.4	26.9	26.2	27.1	26.4		26.8	11
1996	27.3	25.6	27	29.4	29.8	28.3	27.6	26.5	26.8	26.1	24.4	24.3		26.9	12
1997	23.1	24.2	27.7	28.9		27.5	27.3	27.6	26.6	24.8	25	22.1		25.9	11
1998	25.5	23.8	25.2	28.3		30.7	27.6	27.7	26.2	26	24.8	22.6		26.2	11
1999	22.8	24.2	26.8	29.7	29.6	27.9	27.2	28	26.8	25	23.1	22.2		26.1	12
2000	22.6	24.6	28.3	28.7	28.6	27.6	27.6	26.5	26.5	25.7	25.8			26.6	11
2001	22	25	26	29.4	29.4	27.7	27.5	27.9	27	26.4	23.6	23.9		26.3	12
2002	22.7	23.7	26.3	29	29.6	27.5	27.5	28	26.5	26.9	23.8	23		26.2	12
2003	21.4	24.7	27	28.9	30.1	28	27.5	28	27.5	26	24.7	20.2		26.2	12
2004	22.4	24	26.9	27.9	28	27.7	27.4	27.8	27.4	27.1	24.4	22.6		26.1	12
2005	22.3	25	28.1	28.7	29.8	28.7	27.5	27.6	27.7	25	23.8	23.6		26.5	12
2006	23.6	23.9	26.4	28.3	28.1	27	27.4	27.6	27.5	27.1	23.8	23		26.1	12
2007	22.9	24.5	26.8	28.4	29.2	28.8	28	27	26.8	24.9				26.7	10
MÍNIMA	20.8	22.4	23.5	26.2	27.7	26.2	26	26.2	25.3	24.2	22.7	20.2		24.6	4
MÁXIMA	27.3	26.2	29	30.3	30.6	30.7	28.2	28.2	27.8	27.6	27.1	26.4		27	12
MEDIA	23	24.1	26.5	28.6	29.3	27.8	27.1	27.1	26.6	25.9	24.5	23.2		26.1	11.7
DESV.ST	1.2	0.9	1	0.8	0.6	0.7	0.5	0.5	0.6	0.8	1	1.1		0.4	1.1
