COMISIÓN NACIONAL DEL AGUA
COORDINACIÓN GENERAL DEL SERVICIO METEOROLÓGICO NACIONAL
BASE DE DATOS CLIMATOLÓGICA NACIONAL 

ESTADÍSTICA MENSUAL
EMISIÓN   : 25/10/2024 

DATOS DISPONIBLES EN LA BASE DE DATOS A: OCTOBER DE 2024; 
CON LA INFORMACIÓN SUMINISTRADA POR LAS UNIDADES ADMINISTRATIVAS 

 ESTACIÓN  : 7389 
 NOMBRE    : SITALA 
 ESTADO    : CHIAPAS 
 MUNICIPIO : SITALÁ 
 SITUACIÓN : OPERANDO 
 CVE-OMM   :   
 LATITUD   : 17.02222222 ° 
 LONGITUD  : -92.30722222 ° 
 ALTITUD   : 1100 msnm 


LLUVIA MÁXIMA 24 H.
AÑO	ENE	FEB	MAR	ABR	MAY	JUN	JUL	AGO	SEP	OCT	NOV	DIC	ACUM	PROM	MESES
1984						84	73	39	70	45	16.5	90	417.5	59.6	7
1985	33	15	14.3	39	29	36.7	32	58	42	75	55	45	474	39.5	12
1986	26.5	18	74	31.5	108	52.5	18	35	24	40.5	33	21	482	40.2	12
1987		13	35	6.5	29	62	16.4	32	45.5	25	33	30	327.4	29.8	11
1988	15	12.5	130	25	24.5	46	39	88	42	67	48	10	547	45.6	12
1989	16.3		11	35	39	50	66.5	55	71	92	31	39	505.8	46	11
1990	12.5	21.5	29	45	65	27	35	88	70.5	42	116	24	575.5	48	12
1991	32.5	6.5	15.5	11	30	22	33	30	25	32	20	20.5	278	23.2	12
1992	20	6	14	52.5		76.5	27	26	45	39	36.5	68	410.5	37.3	11
1993	31	30	23	24	20	89	25	40	37	62			381	38.1	10
1994	62		36		72.5	91	26	19	70.5	30	32	13	452	45.2	10
1995	4.5	25	30	17.5	30	43.5			85.2	29.5	15.5	20.5	301.2	30.1	10
1996	12.2	10.5	10.1	20.2			30	30.2	20.2	20	20.5	10.3	184.2	18.4	10
1997	10.3	12.1	5.2	5.3	5.2	10.3	10.3	44	5.4	20	5.4	10	143.5	12	12
1998	10.2	7	0	0	7	45.7	70.4	29.1	70.9	35	37.5	18.7	331.5	27.6	12
1999	27.3	23.2	16	34.5	35	71.5	74.9	32.5	121	39.7	108	72	655.6	54.6	12
2000	80	8	17	21	62	60	40	80	79	17	27.4	21.5	512.9	42.7	12
2001	9.4	29.5	9.5	33.5	46	42.4	36	27.3	55.5	40	31	123.3	483.4	40.3	12
2002	13.8	20	22.4	6.5	43.5	66	17.4	32.6	61	21.9	40		345.1	31.4	11
2003	40	5.5	22.3	13.7	22	35	22.4	75	49	39.5	56.8	19	400.2	33.4	12
2004	22.5	8.5	15	60	42	48.7	33	59	59.5	53.5	67	37	505.7	42.1	12
2005	9	9.4	35	36	18	78.5	42.5	37.5	60	16.7	17	7.5	367.1	30.6	12
2006	24.5	21	14.5	10.3	66.5	102.5	45.5	47.5	43.5	66.5	13.7	43.5	499.5	41.6	12
2007	65	16.5	21	24.3	38.5	25	32.5	46.3	50	88.8	16.4	5.9	430.2	35.9	12
2008	28	30	18.7	65	65	67.5	35.5	65.3	55.5	38.3	24.8	9.5	503.1	41.9	12
2009	21	9.5	20	66	37	60.5	37.9	38	43.9	35	76	17.9	462.7	38.6	12
2010	17.3	11.7	69.8	28.8	40	44.7	62.8	101.7		23.5	75	65	540.3	49.1	11
2011	43.5	11.6	56.5	15.5	20	30.8	48.3	100	95	60	52	10	543.2	45.3	12
2012	24	10	20	45	41.7	80	25.3	64.3	12.5	44.5	6.3	68.7	442.3	36.9	12
2013	27	8.6	38	29.1	43.3	82.5	40	40.3	64.3	66.6	32.4	36.5	508.6	42.4	12
2014	35	12.3	29.7	53.5	41.3	34.7	46	90.8	64.8	64.3	62.2	4	538.6	44.9	12
2015	21.3	17.6	22.2	55.2									116.3	29.1	4
2016	14.1	8.3	9.5	20	60	60.2	24.3	80	55.1	33.5	38.1	37	440.1	36.7	12
2017	158.1	3.6	14.1	65.8	50.5	75.2	48.5	37	75.5	46.5	13.1	10.6	598.5	49.9	12
2018	77.5	4.3	26.5	60.2	22.3	36	24.4	18.7	29	59.5	76.2	25.2	459.8	38.3	12
2019	22.5	28.1	33.1	21.5	60.7	50.8	42	45.5	56.3				360.5	40.1	9
2021	21		25.16	20.5	43.8	60	33.7	20					224.16	32	7
MÍNIMA	4.5	3.6	0	0	5.2	10.3	10.3	18.7	5.4	16.7	5.4	4	116.3	12	4
MÁXIMA	158.1	30	130	66	108	102.5	74.9	101.7	121	92	116	123.3	655.6	59.6	12
MEDIA	31.1	14.4	27.3	31.4	41.2	55.7	37.6	50.1	54.5	44.4	40.4	32.3	425.6	38.3	11.1
DESV.ST	28.8	7.9	23.7	19.1	20.9	22.1	16.2	24.2	23.7	19.8	27.2	27.8	124.5	9.5	1.8

LLUVIA TOTAL MENSUAL
AÑO	ENE	FEB	MAR	ABR	MAY	JUN	JUL	AGO	SEP	OCT	NOV	DIC	ACUM	PROM	MESES
1984						309.8	276.9	276.2	606.7	294.8	57.5	285.8	2107.7	301.1	7
1985	169.5	76	76.2	84.2	161.4	220.9	203.2	285.3	256.2	442.2	128.1	186	2289.2	190.8	12
1986	199.9	40.5	158.1	59.5	310	231	169	140.3	173.8	147.1	146.1	55.8	1831.1	152.6	12
1987		28.3	100.4	33.6	75.3	329.5	176.7	224	321	168.5	83	111.8	1652.1	150.2	11
1988	64.2	83	192	86	79.6	306.6	186.1	425	165.01	400.6	156.7	47.2	2192.01	182.7	12
1989	41.7		33	138.91	215.2	354.8	341.4	333	409.8	253.5	96	94.2	2311.51	210.1	11
1990	59.1	84.1	82.9	145	246.5	170.2	155.1	236	316.5	149.5	437.5	83.9	2166.3	180.5	12
1991	69.5	25.8	21	24	101.3	151.21	116	75	215	142	82	128.3	1151.11	95.9	12
1992	106.7	39.6	32.2	234.6		514.7	154.4	169.1	407.6	147.3	122.2	151.6	2080	189.1	11
1993	72.3	54	58.8	44.5	101	502.5	156.1	251.8	246.5	169.1			1656.6	165.7	10
1994	169.1		119.4		168.5	304.51	85.2	127.5	346.5	171.5	88	53	1633.21	163.3	10
1995	8.32	45.5	103.5	96.6	67.5	379			349.9	149.9	80.7	85.7	1366.62	136.7	10
1996	44.6	25.4	43.9	63.5			131	132.6	93.2	99.5	70.6	21	725.3	72.5	10
1997	22.9	61.1	30.3	31.8	44.2	46.7	59.5	86.9	26.1	104	49.7	54.3	617.5	51.5	12
1998	47.6	7	0	0	7	102.2	321.2	158.1	322	215.9	131.7	53.2	1365.9	113.8	12
1999	42.4	58.2	28.9	65.9	149.8	367	210.9	120.6	503.1	265.6	204.9	130.2	2147.5	179	12
2000	126	14.5	19.5	40.6	309.8	320.2	158.6	329.2	385.8	114.5	74.7	96.7	1990.1	165.8	12
2001	25.8	89.7	27.6	94.2	193.7	138.5	151.9	224.1	447.8	229.4	68.4	210.6	1901.7	158.5	12
2002	39.5	91.4	83.8	7.5	95	418.9	112.5	154.5	370.7	155.6	130.3		1659.7	150.9	11
2003	72.3	10.8	92.8	13.7	101.5	141	159.7	221.4	206.2	196.2	335.3	77.3	1628.2	135.7	12
2004	77.7	43.5	28.8	131.1	172.1	176.8	145.7	158.7	196	330.2	153.3	77.6	1691.5	141	12
2005	25.5	15.5	122.2	37	70	498.4	269.7	241.2	251.4	71.9	77.8	20.7	1701.3	141.8	12
2006	99.5	31.5	42.5	21.3	181.3	373.1	272.8	171	165.3	359.9	77.7	103	1898.9	158.2	12
2007	162.5	41.8	25	64.8	65.2	157.3	127.3	386.5	318.1	452.8	59	7.9	1868.2	155.7	12
2008	79.8	75.6	51.9	140.5	262	468.7	217	275.2	432.6	189.8	40.1	36.4	2269.6	189.1	12
2009	47.8	21.1	44.6	116.8	163.9	214.8	142.7	209.6	285.3	90.8	222.4	53.6	1613.4	134.4	12
2010	73.3	44.2	98.1	135.4	106.3	237.1	289.4	570.8		45.2	175.3	95.1	1870.2	170	11
2011	90.7	41.2	107.3	51.7	63.2	214.2	329.3	443.1	478.4	338.7	89.7	37.7	2285.2	190.4	12
2012	114.6	31	54.6	114.6	138.8	342	135.2	314	89.7	134.4	9.5	164.3	1642.7	136.9	12
2013	137.4	36.4	62.7	68.7	183.4	619.7	164.9	340	445.8	328.1	302.3	149.2	2838.6	236.6	12
2014	111	21.5	117.2	178.1	170.3	198.2	118.7	237.6	351.7	334.5	152	15.2	2006	167.2	12
2015	124.3	49.4	57.7	86.2									317.6	79.4	4
2016	36.2	32	21.9	46.7	63.8	309.9	130.3	299	341.2	108.8	118.7	79.1	1587.6	132.3	12
2017	173.5	8.4	36.5	188.3	100.3	495.2	136.8	184.6	374.2	243.4	56.3	26.8	2024.3	168.7	12
2018	203.2	17.5	56.9	102.4	69.1	170.2	117.6	125.3	193.2	298.2	190.7	40.4	1584.7	132.1	12
2019	79.1	66.7	56.5	40	101.2	294.5	94.3	115.4	319.9				1167.6	129.7	9
2021	89.9		96.78	51.8	236.1	384.03	136.3	82.6					1077.51	153.9	7
MÍNIMA	8.32	7	0	0	7	46.7	59.5	75	26.1	45.2	9.5	7.9	317.6	51.5	4
MÁXIMA	203.2	91.4	192	234.6	310	619.7	341.4	570.8	606.7	452.8	437.5	285.8	2838.6	301.1	12
MEDIA	88.8	42.8	66.3	81.1	138.6	299	175.8	232.1	306.2	216	129.3	88.6	1727.5	155.8	11.1
DESV.ST	52.6	24.5	42.6	55.1	76.5	135.6	71.9	112.8	127.8	108.7	90.2	62.6	509.5	44.3	1.8

EVAPORACIÓN MENSUAL
AÑO	ENE	FEB	MAR	ABR	MAY	JUN	JUL	AGO	SEP	OCT	NOV	DIC	ACUM	PROM	MESES
1984											93.52	106.48	200	100	2
1985	132.43	105.76	116.05	120.27	139.96	136.56	171.03	128.79	114.45				1165.3	129.5	9
1986	101.45	84.25	121.6	139.64	120.89	153.26	145.79		104.37	98.26	92.06	76.6	1238.17	112.6	11
1987		89.21	113.74	95.4	121.74	111.46	136.21			107.83	80.57	80.24	936.4	104	9
1988	67.29	89.27	123.27	123.16		95.72	120.8	98.88	88.36	80.65	117.35	112.73	1117.48	101.6	11
1989	94.84		120.99	110.51	105.23	103.34	100.77	92.74	66.81	84.09	72.28	78.69	1030.29	93.7	11
1990	83.2	73.57	111.63	96.46	128.14	106.41	85.09	89.36	77.9	102.69	82.45	76.84	1113.74	92.8	12
1991	118.34	115.3		135.74	144.34	112.61	94.74	73.45	94.86	137.9	108.62	87.47	1223.37	111.2	11
1992	73.86	83.82	115.41	130.47		119.68	130.51	130.07					783.82	112	7
2003	50.76	85.77											136.53	68.3	2
2004					146.73	137.49	130.19	140.63	157.82	150.63	102.09	80.39	1045.97	130.7	8
2005	87.78	104.34	125.12	121.9	114.11								553.25	110.7	5
2006												65.57	65.57	65.6	1
2010					120.45	103.81	88.73	69.65		81.93	66.86	62.5	593.93	84.8	7
2011	63.3	68.28	101.35	112.95	123.49	99.65	133.86	84.2	65.22	98.57	61.67	61.98	1074.52	89.5	12
2012	70.43	67.46	87.98	91.96	86.41	49.43	89.68	81.07	97.91	72.36	37.26	64.72	896.67	74.7	12
2013	88.32	93.55	94.52	103.74	98.96	76.57	102.65	81.35	28.62	58.83	57.97	87.5	972.58	81	12
2014	38.63	85.07	81.87	116.2	71.58	67.04	54.28	98.54	72.18	52.83	81.65	75.79	895.66	74.6	12
2015	57.87	62.36	109.96	96.28									326.47	81.6	4
2021	63.35		99.8	133.84	84.33	62.67	106.83	83.54					634.36	90.6	7
MÍNIMA	38.63	62.36	81.87	91.96	71.58	49.43	54.28	69.65	28.62	52.83	37.26	61.98	65.57	65.6	1
MÁXIMA	132.43	115.3	125.12	139.64	146.73	153.26	171.03	140.63	157.82	150.63	117.35	112.73	1238.17	130.7	12
MEDIA	79.5	86.3	108.8	115.2	114.7	102.4	112.7	96.3	88	93.9	81.1	79.8	800.2	95.5	8.2
DESV.ST	25.3	15.3	13.6	15.9	22.9	29.1	29.4	22.8	32.9	29	22.2	15.2	373.8	18.7	3.7

TEMPERATURA MÁXIMA PROMEDIO
AÑO	ENE	FEB	MAR	ABR	MAY	JUN	JUL	AGO	SEP	OCT	NOV	DIC	ACUM	PROM	MESES
1984						25.4	24.6	25.2	24.6	25.3	23.8	23.1		24.6	7
1985	22	24.8	26.1	27.2	28	26.8	26	26.6	26.1	25.9	24.2	23.5		25.6	12
1986	21.8	25.7	29.3	29	29	27.3	25.8	27.1	26.5	25.7	25.6	23.9		26.4	12
1987		27.2	26.6	28	29.4	27.4	26.2	26.4	27	25.4	26.9	27		27	11
1988	22.6	25	27.9	29.8	28.7	27.1	27.2	26.3	25.8	23.8	26.1	23		26.1	12
1989	24.5		26.4	27.2	27.8	27.6	25.7	26	25	23.6	25.3	25.4		25.9	11
1990	25.9	25	25.9	27.9	28.7	27.1	26.2	26.4	28.5	28.4	26.1	27.2		26.9	12
1991	28.5	27.2		35.1	34	32.8	31.4	32	32.3	31.5	31.1	29		31.4	11
1992	27.4	29.9	30.4	29.8		30.5	30.2	30.3	31	28.9	31.7	28.6		29.9	11
1993	29.1	30	30.3	33.2			30.1	31.1	32	29.5				30.7	8
1994	29.5		32.1											30.8	2
1998						30.5	28.5	28.4	26.4	26	25.2	26		27.3	7
1999	27.2	28	28.2	30.4	30.4	28.6	27.2	27.8	27	25.3	25.4	25.6		27.6	12
2000	25	26.2	27.6	28	27.6	25.7	26.3	26.5	26.7	25	26	25.2		26.3	12
2001	25.7	25.2	28	28.2	26.8	27.2	28.1	27.3	26.4	25.6	25.1	25.1		26.6	12
2002	25.9	25.9	28.2	29.5	29.4	28.7	28.4	28.5	28.2	27.6	26.1			27.9	11
2003	25.7	27.9	30.5	30.9	31.2	29.2	28.5	28	29	27	25.9	26.5		28.4	12
2004	26	27.5	27.2	29.6	28.6	28.3	28.3	29.7	29	28	26.7	26.5		28	12
2005	25.9	27.4	30.8	30.1	30.2	29.5	28.5	28.5	28.3	26.6	26.4	28.1		28.4	12
2006	27.2	28.6	28.5	30.5	29.7	27	27.7	28.6	28.7	27.9	27.1	26.3		28.1	12
2007	26.4	27.5	28.3	30.3	29.8	29.4	29.4	27.9	28	26.8	25.8	26.7		28	12
2008	26.6	27.9	28.7	29.4	30.7	26.5	27.7	28.8	27.6	25.2	27	26.5		27.7	12
2009	26.6	27.2	28.1	30.2	29.5	28.6	29.1	28.9	28.9	29.4	26.5	27.1		28.3	12
2010	28.3	27.2	28.5	30.1	30.2	29.1	28	27.7		25.9	25.7	27.9		28.1	11
2011	27.5	27.6	26.8	29.8	29.6	27.8	26.6	27	26.5	24.6	26.6	25.5		27.2	12
2012		26.5	27.4	28.6	28	27	26.6	26.6	27.6	26.8	25.7	26.6		27	11
2013	25.8	28.1	27.7	29.9	28.1	26.7	26.7	26.5	26.4	27.9	26	24.5		27	12
2014	26.7	26.8	28.6	29	26.9	27.1	27.7	28.4	26.5	26.3	25.5	25		27	12
2015	24.8	26.9	26.7	30										27.1	4
2016	25.1	27.1	29.4	29.8	30.5	27.6	28.5	28.3	26.8	25.5	23.8	24.6		27.2	12
2017	26.1	27.5	27	28.9	29.1	27.8	28	27.9	27.3	26.5	25.2	24.7		27.2	12
2018	25.4	27	28.6	28.8	29.3	28	28.7	28.6		27.7	27	26.9		27.8	11
2019	26.3	28.6	28.4	31	32.2	29.8	28.7	29.9	28.2					29.2	9
2021	27.2		28.6	30	28.9	29.2	28.2	28.5						28.7	7
MÍNIMA	21.8	24.8	25.9	27.2	26.8	25.4	24.6	25.2	24.6	23.6	23.8	23		24.6	2
MÁXIMA	29.5	30	32.1	35.1	34	32.8	31.4	32	32.3	31.5	31.7	29		31.4	12
MEDIA	26.1	27.2	28.3	29.7	29.4	28.1	27.8	28	27.7	26.7	26.2	25.9		27.7	10.6
DESV.ST	1.8	1.3	1.5	1.6	1.5	1.5	1.5	1.5	1.8	1.8	1.7	1.6		1.5	2.5

TEMPERATURA MÁXIMA EXTREMA
AÑO	ENE	FEB	MAR	ABR	MAY	JUN	JUL	AGO	SEP	OCT	NOV	DIC	ACUM	PROM	MESES
1984						29	27	27	27.5	30	28.5	27		28	7
1985	26	28	32	32.5	31.5	28.5	28	28.5	28	29	29	27.5		29	12
1986	28	29	35	33.5	33	29	28.5	29	28.5	30	28.1	28.5		30	12
1987		32	35	32	32.5	30	28.5	28	34	29	34	35		31.8	11
1988	28	29	32	34	34	31	29.5	29	31	26	31	27.5		30.2	12
1989	28		33	32	32	33.5	29.5	28.5	30	27	28	29		30	11
1990	32	30	32	31	31	29	28	29	30	31	31	31		30.4	12
1991	32	33		38	36	36	35	35	34.5	36	33.5	32		34.6	11
1992	30	32	34	33		32	33	32	35	30	37	35		33	11
1993	35	33	36	36			35	35	37	33				35	8
1994	33		34											33.5	2
1998						33	31.5	31	29	29	29	29		30.2	7
1999	30	30	31	33	35	32	29	29.5	29	29	28	29		30.4	12
2000	28	28	36	33	32	28	29	30	29	29	29	29		30	12
2001	29	29	33	31	31	30	31	29	30	30	30	28		30.1	12
2002	29	31	32	33	34	31	31	31	31	31	31			31.4	11
2003	29	33	35	36	35.5	32	33	30	31	31	31	30		32.2	12
2004	30	31	32	34	33	30	31	32	31	31	31	30		31.3	12
2005	30	34	36	36	34	35	30	30	31	30	31	37		32.8	12
2006	31	32	32	35	36	31	31	30	31	33	31	30		31.9	12
2007	29	32	32	36	35	32	31	31	30	30	29	30		31.4	12
2008	31	32	33	33	35	30	30	31	31	28	31	30		31.2	12
2009	32	31	34	36	34	32	33	31	31	32	30	32		32.3	12
2010	33	32	35	35	34	34	33	31		32	30	31		32.7	11
2011	31	31	31	32	32	30	29	30	29	28	31	30		30.3	12
2012		32	33	33	32	30	29	29	29	31	29	31		30.7	11
2013	30	33	34	34	32	29	30	29	30	31	32	33		31.4	12
2014	30	31	32	33	33	29	30	30	30	30	30	28		30.5	12
2015	29	32	30	35										31.5	4
2016	29	30	34	37	36	32	30	36	29	30	27	29		31.6	12
2017	30	31	34	36	34	32	29	30	31	31	29	28		31.2	12
2018	30	30	33	34	32	32	35	34		33	32	32		32.5	11
2019	31	33	33	36	35	34	33	34	30					33.2	9
2021	32		34	35	31	31	30	30						31.9	7
MÍNIMA	26	28	30	31	31	28	27	27	27.5	26	27	27		28	2
MÁXIMA	35	34	36	38	36	36	35	36	37	36	37	37		35	12
MEDIA	30.2	31.2	33.3	34.1	33.4	31.2	30.6	30.6	30.6	30.3	30.4	30.3		31.4	10.6
DESV.ST	1.9	1.6	1.6	1.8	1.6	2	2.1	2.2	2.1	2	2.1	2.4		1.5	2.5

TEMPERATURA MÍNIMA PROMEDIO
AÑO	ENE	FEB	MAR	ABR	MAY	JUN	JUL	AGO	SEP	OCT	NOV	DIC	ACUM	PROM	MESES
1984						16.6	16.3	17	17.8	15.6	11	11.8		15.2	7
1985	9.2	10.7	12	13.2	14.9	15.8	15.8	16	15.8	15	14	12.4		13.7	12
1986	9.7	10.9	9.5	11.7	14.5	16.6	15.9	15.9	15.7	13.7	14.7	11.9		13.4	12
1987		10.9	11.5	12.2	13.2	18.3	18.2	17.1	17.5	13.4	9	12.6		14	11
1988	13.2	11.1	12.4	14.4	14.1	17.1	16.8	17.4	17.2	15.9	13.6	12		14.6	12
1989	12.1		9.3	13.5	15.1	16.8	16.5	16.8	17.3	16.2	14.7	11.6		14.5	11
1990	11.6	11	13.7	14.3	16.5	17.4	16.7	16.7	16.8	15.8	13.1	8.1		14.3	12
1991	8.7	8.6		12.3	14.2	16	14.6	14.3	15.3	15.2	15.4	15.2		13.6	11
1992	12.8	11.9	13.2	14.4		18.2	16.3	16.3	13.4	14.6	13.2	9.5		14	11
1993	8.5	9.3	10.1	11.2			15.8	16.3	14.5	12.6				12.3	8
1994	12.6		15.9											14.2	2
1998						17.2	17	16.8	16.9	15.4	15.2	12.4		15.8	7
1999	11.5	11.6	10.6	14.4	15.6	15.7	16.2	16.1	16.7	16.9	12.9	10.7		14.1	12
2000	10.4	11.3	11.2	12.5	15.9	17	15.2	16.1	16.6	15.5	14	12.2		14	12
2001	10.5	13.7	11.3	14.8	16.6	16.6	16.8	16.7	16.8	16.5	13.8	13.8		14.8	12
2002	12.2	12.2	12.8	13.3	15.7	16.3	16.1	16.1	16.9	15.6	13.5			14.6	11
2003	11.5	11.3	12.7	13.8	17	16.9	16.5	16.5	16.8	16.5	13.8	10.4		14.5	12
2004	12.3	12	13.5	13.2	15.1	16.7	15.9	16	16.5	16.3	12.5	11.7		14.3	12
2005	11.1	11.5	14	14.4	15.7	16.4	16	16.4	15.8	14.4	12.3	11.5		14.1	12
2006	12	10.5	12.4	13.6	15.7	16.2	15.9	16.1	15.9	16.1	12.5	13.2		14.2	12
2007	12.4	11.9	12.2	14.6	14.9	15.8	15.6	16	15.4	15.2	12.3	11		13.9	12
2008	10.3	12	11.7	13.6	15	16.5	15.9	16	16.3	14.9	9.8	11		13.6	12
2009	9.7	10.6	10.6	14.1	15.3	15.8	15.6	15.8	16	14.5	12.7	11.5		13.5	12
2010	9.9	11.1	10.1	14.9	15.6	16.8	16.2	16.5		12.4	10.8	8		12.9	11
2011	10.5	11.5	12.3	13.5	15.8	16.7	17	16.7	16.6	15	13.3	11.4		14.2	12
2012		13.3	12.6	14	16	16.9	15.8	16.5	16	15.1	11.9	10.9		14.5	11
2013	13.4	12.5	12	15	16.1	17	16.6	16.1	16.5	16.5	14.9	13.5		15	12
2014	10.8	12.2	13.4	14.4	16.5	17.4	16.8	16.4	16.6	15.8	12.7	11.9		14.6	12
2015	12.3	10.9	13	15.3										12.9	4
2016	11.2	10.9	14	15.6	17.3	17.1	16.6	16.9	16.9	15.7	13.2	13.5		14.9	12
2017	10.2	12.6	12.7	14.5	16.7	16.8	16.4	16.5	17.2	15.4	13	12		14.5	12
2018	10.6	12.3	12.8	14.4	15.2	16	15.7	16.4		16	14	11.2		14.1	11
2019	10.6	12.4	12.9	13	15.7	16.8	16	16.4	16.9					14.5	9
2021	13.5		12.7	14.9	15.2	16.5	16.4	16.1						15	7
MÍNIMA	8.5	8.6	9.3	11.2	13.2	15.7	14.6	14.3	13.4	12.4	9	8		12.3	2
MÁXIMA	13.5	13.7	15.9	15.6	17.3	18.3	18.2	17.4	17.8	16.9	15.4	15.2		15.8	12
MEDIA	11.2	11.5	12.2	13.8	15.5	16.7	16.2	16.3	16.4	15.3	13	11.7		14.2	10.6
DESV.ST	1.4	1.1	1.4	1.1	0.9	0.6	0.6	0.5	0.9	1.1	1.5	1.5		0.7	2.5

TEMPERATURA MÍNIMA EXTREMA
AÑO	ENE	FEB	MAR	ABR	MAY	JUN	JUL	AGO	SEP	OCT	NOV	DIC	ACUM	PROM	MESES
1984						12	12	14	14	13	6	6		11	7
1985	5	6.5	9	7	11.5	13	13.5	12.5	13	11	9.5	9		10	12
1986	3	5	4	9	11	13.5	13	14	14	10	11	8		9.6	12
1987		8.5	6	4	9.5	17	16	15	12	6	5	7		9.6	11
1988	9	6	8.5	9	10	15.5	15	15	14.5	11.5	9	8		10.9	12
1989	9		5	11.5	12	15	11	14	14.5	11	12	6		11	11
1990	6	8	8.5	9	14	14	13	11.2	15.5	14	9	5		10.6	12
1991	6	6		8	11	13.5	12	10	13	12	13	13.5		10.7	11
1992	10	10	10	10		16	14	15	10	10	11.5	6		11.1	11
1993	3.5	6.5	4.5	11			14	15	13	10				9.7	8
1994	10		12											11	2
1998						15.5	15	14.5	15	10	12.5	8		12.9	7
1999	8	9	4	11	13	13	11.5	15	14	15	8	5		10.5	12
2000	7	6	7	9	7	14	12	14	14	10	11	7		9.8	12
2001	5	11	8	10	13	14	15	11	14	14	9	10		11.2	12
2002	5	8	10	10	13	12	12	14	15	13	7			10.8	11
2003	8	1.1	7	6	15	15	13	14	15	11	11	6		10.2	12
2004	8	8	10	10	10	10	11	14	15	12	1.1	8		9.8	12
2005	6	7	10	9	11	14	14	15	14	8	5	1		9.5	12
2006	7	6	7	7	13	12	13	12	14	12	6	9		9.8	12
2007	8	8	8	12	10	14	12	12	13	9	6	6		9.8	12
2008	1.1	7	6	9	12	14	13	13	14	9	6	6		9.2	12
2009	4	7	4	9	12	14	12	14	14	8	8	6		9.3	12
2010	5	7	6	12	12	16	14	15		8	1	4		9.1	11
2011	6	9	9	10	11	13	16	15	13	8	8	6		10.3	12
2012		11	9	5	6	15	14	15	14	11	6	5		10.1	11
2013	11	8	6	9	11	14	15	13	15	14	10	9		11.2	12
2014	6	7	11	8	12	14	14	14	14	11	9	9		10.8	12
2015	8	7	11	12										9.5	4
2016	3	4	11	13	13	16	13	14	15	13	5	11		10.9	12
2017	5	7	7	11	10	15	15	15	15	10	8	5		10.2	12
2018	4	10	8	9	13	12	14	15		14	11	5		10.5	11
2019	7	8	10	8	13	13	14	15	14					11.3	9
2021	7		10	11	1	15	13	15						10.3	7
MÍNIMA	1.1	1.1	4	4	1	10	11	10	10	6	1	1		9.1	2
MÁXIMA	11	11	12	13	15	17	16	15	15.5	15	13	13.5		12.9	12
MEDIA	6.4	7.3	8	9.3	11.1	14	13.4	13.9	13.9	10.9	8.1	6.9		10.4	10.6
DESV.ST	2.3	2	2.3	2.1	2.8	1.5	1.4	1.4	1.1	2.2	3.1	2.4		0.8	2.5

TEMPERATURA MEDIA MENSUAL
AÑO	ENE	FEB	MAR	ABR	MAY	JUN	JUL	AGO	SEP	OCT	NOV	DIC	ACUM	PROM	MESES
1984						21	20.5	21.1	21.2	20.4	17.4	17.5		19.9	7
1985	15.6	17.8	19	20.2	21.4	21.3	20.9	21.3	21	20.4	19.1	18		19.7	12
1986	15.8	18.3	19.4	20.4	21.8	22	20.9	21.5	21.1	19.7	20.1	17.9		19.9	12
1987		19	19	20.1	21.3	22.9	22.2	21.8	22.2	19.4	18	19.8		20.5	11
1988	17.9	18	20.1	22.1	21.4	22.1	22	21.9	21.5	19.9	19.9	17.5		20.4	12
1989	18.3		17.9	20.4	21.4	22.2	21.1	21.4	21.1	19.9	20	18.5		20.2	11
1990	18.8	18	19.8	21.1	22.6	22.2	21.4	21.5	22.6	22.1	19.6	17.6		20.6	12
1991	18.6	17.9		23.7	24.1	24.4	23	23.1	23.8	23.4	23.2	22.1		22.5	11
1992	20.1	20.9	21.8	22.1		24.4	23.2	23.3	22.2	21.8	22.4	19		21.9	11
1993	18.8	19.6	20.2	22.2			23	23.7	23.2	21				21.5	8
1994	21		24											22.5	2
1998						23.9	22.8	22.6	21.6	20.7	20.2	19.2		21.6	7
1999	19.4	19.8	19.4	22.4	23	22.1	21.7	22	21.9	21.1	19.1	18.1		20.8	12
2000	17.7	18.8	19.4	20.2	21.8	21.4	20.8	21.3	21.6	20.2	20	18.7		20.2	12
2001	18.1	19.4	19.6	21.5	21.7	21.9	22.5	22	21.6	21	19.5	19.5		20.7	12
2002	19	19	20.5	21.4	22.5	22.5	22.2	22.3	22.5	21.6	19.8			21.2	11
2003	18.6	19.6	21.6	22.4	24.1	23	22.5	22.2	22.9	21.8	19.9	18.4		21.4	12
2004	19.1	19.8	20.4	21.4	21.9	22.5	22.1	22.9	22.8	22.1	19.6	19.1		21.1	12
2005	18.5	19.4	22.4	22.2	23	23	22.2	22.4	22	20.5	19.4	19.8		21.2	12
2006	19.6	19.6	20.4	22	22.7	21.6	21.8	22.4	22.3	22	19.8	19.8		21.2	12
2007	19.4	19.7	20.2	22.4	22.4	22.6	22.5	22	21.7	21	19	18.9		21	12
2008	18.5	20	20.2	21.5	22.9	21.5	21.8	22.4	22	20	18.4	18.8		20.7	12
2009	18.1	18.9	19.4	22.1	22.4	22.2	22.4	22.4	22.4	22	19.6	19.3		20.9	12
2010	19.1	19.1	19.3	22.5	22.9	23	22.1	22.1		19.1	18.2	18		20.5	11
2011	19	19.6	19.6	21.6	22.7	22.2	21.8	21.9	21.6	19.8	20	18.4		20.7	12
2012		19.9	20	21.3	22	22	21.2	21.6	21.8	21	18.8	18.8		20.8	11
2013	19.6	20.3	19.9	22.4	22.1	21.9	21.6	21.3	21.4	22.2	20.4	19		21	12
2014	18.8	19.5	21	21.7	21.7	22.2	22.2	22.4	21.6	21	19.1	18.4		20.8	12
2015	18.6	18.9	19.9	22.6										20	4
2016	18.1	19	21.7	22.7	23.9	22.4	22.6	22.6	21.9	20.6	18.5	19		21.1	12
2017	18.1	20	19.9	21.7	22.9	22.3	22.2	22.2	22.2	21	19.1	18.4		20.8	12
2018	18	19.6	20.7	21.6	22.2	22	22.2	22.5		21.9	20.5	19		20.9	11
2019	18.4	20.5	20.6	22	24	23.3	22.4	23.1	22.5					21.9	9
2021	20.4		20.6	22.4	22	22.9	22.3	22.3						21.8	7
MÍNIMA	15.6	17.8	17.9	20.1	21.3	21	20.5	21.1	21	19.1	17.4	17.5		19.7	2
MÁXIMA	21	20.9	24	23.7	24.1	24.4	23.2	23.7	23.8	23.4	23.2	22.1		22.5	12
MEDIA	18.6	19.3	20.3	21.8	22.5	22.4	22	22.2	22	21	19.6	18.8		20.9	10.6
DESV.ST	1.1	0.8	1.2	0.8	0.8	0.8	0.7	0.6	0.7	1	1.2	0.9		0.7	2.5
