COMISIÓN NACIONAL DEL AGUA
COORDINACIÓN GENERAL DEL SERVICIO METEOROLÓGICO NACIONAL
BASE DE DATOS CLIMATOLÓGICA NACIONAL 

ESTADÍSTICA MENSUAL
EMISIÓN   : 25/10/2024 

DATOS DISPONIBLES EN LA BASE DE DATOS A: OCTOBER DE 2024; 
CON LA INFORMACIÓN SUMINISTRADA POR LAS UNIDADES ADMINISTRATIVAS 

 ESTACIÓN  : 7161 
 NOMBRE    : SOCOLTENANGO (CFE) 
 ESTADO    : CHIAPAS 
 MUNICIPIO : SOCOLTENANGO 
 SITUACIÓN : SUSPENDIDA 
 CVE-OMM   :   
 LATITUD   : 16.24416667 ° 
 LONGITUD  : -92.35138889 ° 
 ALTITUD   : 894 msnm 


LLUVIA MÁXIMA 24 H.
AÑO	ENE	FEB	MAR	ABR	MAY	JUN	JUL	AGO	SEP	OCT	NOV	DIC	ACUM	PROM	MESES
1969											2		2	2	1
1970	8	0	0	0	42	47	73	80	70	36.5	18.5	12	387	32.2	12
1971	0	0		22.5	41	15.5	37.5	22.5	36	23.5	6.5	1.5	206.5	18.8	11
1972	5	0	11	20	58	48	48	20	70.5	22	12	3	317.5	26.5	12
1974	5	1	0	28	20	50	60	20	80	10	4.5	5	283.5	23.6	12
1975	5.5	0	30	26	16	35	69	55	35	60	23	0	354.5	29.5	12
1976	0	0	14.5	27	25	75	21	40	33	18	11.5	1	266	22.2	12
1977	0	0	0	30	300	30	4	34	76	23.5	9.5	12	519	43.2	12
1978	0	8	20	53	70	30.5	30	50		25	7	8	301.5	27.4	11
1979	0	3	1.5	35.5	17	43	49.5	25.5	48	20	2.5	3.5	249	20.8	12
1980	30	0	0	26.5	65	40	28	50.4	97	106.5	2.7	0	446.1	37.2	12
1981	0	10.5	12	11	27.5	153	45	98	28	90	3	11	489	40.8	12
1982	0	10	29	36	27	99	32	49	81	72	23	1	459	38.2	12
1983	0	35	41	0	25	53	48	32	107	11	15	3	370	30.8	12
1984	1	1	20	0	50	61	89	73	54	7	0	0	356	29.7	12
1985	0	0	3	74	32	330	17	81	39	48	26	9	659	54.9	12
1986	1	0	2	4	119	32	31	52	50	32	9	0	332	27.7	12
1987	0	0	13	5.5	23	84	26	39	75	1	0	0	266.5	22.2	12
1988	4.5	0	4	1.5	12	0	60	66	60	59	2	6	275	22.9	12
1989	2.2	15	2.1	34	12	53		40	52	60	2	0	272.3	24.8	11
1990	0	11	5	48	38	33	26	33	85	26	4	12	321	26.8	12
1991	0	32	0	65	25	78	82	35	43	26	10	15	411	34.2	12
1992	0	7	22	33	30	62	43	61	61	34	18	0	371	30.9	12
1993	11	0	100	87	142	98	35	60	69	37	0	0	639	53.2	12
1994	0	0	0	19	34	56	18	30.5		63.5	7	1	229	20.8	11
1995	8.5	20.5	24	35	40	49	29	96	67	40	2	15	426	35.5	12
1996	0	0	0	7	28.5	40	23	38	37	40	43	0	256.5	21.4	12
1997	39												39	39	1
1998											25	0	25	12.5	2
1999	13	15	0										28	9.3	3
2000										36	10	0	46	15.3	3
2001	0	0	0	6	86	30	68	34	80	51	0	0	355	29.6	12
2002	0	8	4	23	44	85	32	20	46	43	16	0	321	26.8	12
2003	0	0											0	0	2
MÍNIMA	0	0	0	0	12	0	4	20	28	1	0	0	0	0	1
MÁXIMA	39	35	100	87	300	330	89	98	107	106.5	43	15	659	54.9	12
MEDIA	4.3	5.9	12.8	27.1	51.8	64.6	41.6	47.7	60.8	38.7	10.2	4	302.3	27.4	10.1
DESV.ST	8.9	9.5	20.6	22.6	57.5	60.2	21.3	22.3	21	24.4	10	5.2	166.4	12	3.8

LLUVIA TOTAL MENSUAL
AÑO	ENE	FEB	MAR	ABR	MAY	JUN	JUL	AGO	SEP	OCT	NOV	DIC	ACUM	PROM	MESES
1969											5		5	5	1
1970	8.8	0	0	0	55	135	315	305	310.5	100	25.5	14.5	1269.3	105.8	12
1971	0	0		27	129.5	90.51	140.52	184.5	152.53	92.53	22.5	1.5	841.09	76.5	11
1972	5	0	24	27.5	147.5	265	160	69	123.5	67.8	30.5	3	922.8	76.9	12
1974	5	1	0	61	125	235	332.5	77	355	30.5	7.5	5	1234.5	102.9	12
1975	5.5	0	30	33	53.5	110	169.5	138	244.5	185.5	52.5	0	1022	85.2	12
1976	0	0	14.5	113	63.5	403	80	166	99	62	42.5	1	1044.5	87	12
1977	0	0	0	110	880	134.5	9	129	226.5	57	11.5	27.5	1585	132.1	12
1978	0	10	29.5	79	134	184.5	204	138		77.5	22.5	9	888	80.7	11
1979	0	3	1.5	94	57	216.5	307.5	138.5	270.5	104.5	4.5	6.5	1204	100.3	12
1980	30	0	0	52	110	177.5	143.8	186.2	262.6	200.6	12.1	0	1174.8	97.9	12
1981	0	10.5	30.6	24.1	75.9	649.2	187.5	306.8	178	264.5	3	11	1741.1	145.1	12
1982	0	17	35	71	154.5	229	51	90	323.5	168.5	32	1	1172.5	97.7	12
1983	0	53.5	50.5	0	91	221.5	144	151	447	45.5	19	3	1226	102.2	12
1984	1	1.4	34	0	178	206	419	298	342.5	28	0	0	1507.9	125.7	12
1985	0	0	3	114	73	606	79.5	180	205.5	110	40	15.5	1426.5	118.9	12
1986	1	0	2	4	372	138	53.5	59	154	52.5	13.5	0	849.5	70.8	12
1987	0	0	13	5.5	53.5	286.5	92.45	95.5	238.5	2	0	0	786.95	65.6	12
1988	5.5	0	4	1.5	40.5	0	232.5	315	232.5	165	2	6	1004.5	83.7	12
1989	2.2	128.5	8.9	34	49	212.5		208	318	164	3	0	1128.1	102.6	11
1990	0	12	11	85.5	41	163	82	80	285	84	9	16	868.5	72.4	12
1991	0	32	0	152	70	242	139	133	125	158	21	16	1088	90.7	12
1992	0	7	31	63	44	302	79	98	132	51	18	0	825	68.8	12
1993	11	0	100	101	264.8	406	139.5	240	260.6	97.53	0	0	1620.43	135	12
1994	0	0	0	31.5	142	170.5	39.2	138		138	8.5	2	669.7	60.9	11
1995	8.51	20.5	42	83.5	132.5	170	165.5	562.9	390.1	138.2	2	31	1746.71	145.6	12
1996	0	0	0	9	103.5	232	138	176.22	159.25	73	43	0	933.97	77.8	12
1997	126												126	126	1
1998											88	0	88	44	2
1999	13	19.7	0										32.7	10.9	3
2000										60	15	0	75	25	3
2001	0	0	0	10	227	78	152.5	140	313	108	0	0	1028.5	85.7	12
2002	0	12	4	23	44	334	97	46.5	277	102.5	30	0	970	80.8	12
2003	0	0											0	0	2
MÍNIMA	0	0	0	0	40.5	0	9	46.5	99	2	0	0	0	0	1
MÁXIMA	126	128.5	100	152	880	649.2	419	562.9	447	264.5	88	31	1746.71	145.6	12
MEDIA	7.2	10.9	16.7	50.3	139.7	235.6	153.8	173.2	247.2	103	18.8	5.7	944.3	84.9	10.1
DESV.ST	22.9	25.2	22.5	43.5	164	143	97.4	108.1	89.8	59.3	19.5	8.4	496.3	36.8	3.8

EVAPORACIÓN MENSUAL
AÑO	ENE	FEB	MAR	ABR	MAY	JUN	JUL	AGO	SEP	OCT	NOV	DIC	ACUM	PROM	MESES
1969											83.4		83.4	83.4	1
1970	125	132.5	193.1	207.8	175.2	119.4	111.4	124.7	84.6	78.3	80.1	127.1	1559.2	129.9	12
1971	134.35	156.07		191.62	178.65	125.75	144.58	103.53	111.02	98.33	89.43	125.31	1458.64	132.6	11
1972	144.1	161.3	214.6	195.2	164.9	141.2	151.8	136.8	127.8	127.5	115.7	130.1	1811	150.9	12
1974	133.7	133.8	186.2	200.3	178.8	105.7	129.1	163.1	97.8	83.2	103.7	117.5	1632.9	136.1	12
1975	123.2	154.5	199.7	224.9	179.4	144.4	152.5	131.7	90.2	78.9	90.2	101.7	1671.3	139.3	12
1976	111.2	151.7	217.6	209.4	186.7	100.4	170	153.4	129	102.3	72.1	75.5	1679.3	139.9	12
1977	126.8	123.3	196.9	163	164.3	123	195.9	136.5	119.5	97.6	103.2	106.1	1656.1	138	12
1978	129.4	133.1	186.9	198.3	212.3	137.9	141.7	137.6		102.2	104.4	119.9	1603.7	145.8	11
1979	133.4	143	224.7	204	186	114.4	140.6	132.2	85.6	87.4	86.3	82.2	1619.8	135	12
1980	129.7	138.6	215.8	176	214.8	140.1	153.6	116.7	90.9	103.2	86.8	88.8	1655	137.9	12
1981	129.9	135.3	176.2	214.8	190.9	111.2	113.5	113.8	92	88.1	103.6	105.5	1574.8	131.2	12
1982	144.6	140.5	193.2	199.1	145	110.8	140.3	170.9	104.7	98.6	104.8	105.8	1658.3	138.2	12
1983	124.5	113.4	191.2	192.8	200.7	133.4	155.4	144.1	93.3	91.1	102.7	107.9	1650.5	137.5	12
1984	114.33	138.91	205.55	223.85	145.7	103.97	112.7	122.73	100.12	123.61	117.43	134.48	1643.38	136.9	12
1985	122.98	151.39	229.07	175.49	165.19	130.7	130.93	136.29	112.87	112.52	108.56	101.22	1677.21	139.8	12
1986	101.19	148.73	188.86	228.27	177.31	149.66	177.12	132.19	123.49	109.91	109.17	123.48	1769.38	147.4	12
1987	132.03	146.72	183.36	180.44	205.34	129.48	126.84	144.75	102.28	91.14	113.09	132.51	1687.98	140.7	12
1988	113.79	150.8	215.97	217.08	217.04	102.08	91.87	104	91.8	86.1	107	132	1629.53	135.8	12
1989	132	107.4	132.3	122.2	119.8	133.32		108.6	114.9	121.8	116.9	120.9	1330.12	120.9	11
1990	113.6	100.8	122.1	118	121.4	124.5	132.1	125.6	126.9	129.8	65.4	108.2	1388.4	115.7	12
1991	111.61	107.22	169.21	170.94	119.74	119.68	116.3	124.19	117.19	121.75	102.71	105.7	1486.24	123.9	12
1992	107.86	103.92	205.27	179.59	181.9	104.45	107.9	123.72	115.01	104.09	88.02	112.75	1534.48	127.9	12
1993	106.45	145.5	163.48	142.74	145.71	159.8	112.38	103.36	102.39	98.02	101.25	101.65	1482.73	123.6	12
1994	101.82	87.48	81.16	123.38	91.95	64.31	83.34	77.71		79.17	94.19	83.84	968.35	88	11
1995	89	107.35	141.95	115.05	139.13	134.73	104.28	117.33	102.46	116.96	68.03	83.2	1319.47	110	12
1996	137.77	123.56	120.19	150.51	166.42	172.51	108.73	85.08	131.47	140.12	94.78	98.94	1530.08	127.5	12
1997	110.76												110.76	110.8	1
1998											113.7	105.8	219.5	109.8	2
1999	123.9	143.5	199.8										467.2	155.7	3
2000										118.2	102.3	83.8	304.3	101.4	3
2001	93	80.6	112.3	116.3	87.9	112.5	114.2	105.7	95.2	85.3	86.84	72.1	1161.94	96.8	12
2002	91.1	75.5	93.2	104.8	97.5	91.88	102.9	100.68	85.88	102.2	84	100.82	1130.46	94.2	12
2003	93.15	101											194.15	97.1	2
MÍNIMA	89	75.5	81.16	104.8	87.9	64.31	83.34	77.71	84.6	78.3	65.4	72.1	83.4	83.4	1
MÁXIMA	144.6	161.3	229.07	228.27	217.04	172.51	195.9	170.9	131.47	140.12	117.43	134.48	1811	155.7	12
MEDIA	118.9	127.9	177.1	176.6	162.8	122.9	130.4	124.2	105.7	102.7	96.8	106.5	1304.4	125.9	10.1
DESV.ST	15.6	23.9	41	38.2	36.8	22.1	26.7	21.5	14.8	16.9	14.2	17.7	538.6	18.8	3.8

TEMPERATURA MÁXIMA PROMEDIO
AÑO	ENE	FEB	MAR	ABR	MAY	JUN	JUL	AGO	SEP	OCT	NOV	DIC	ACUM	PROM	MESES
1969											26			26	1
1970	28.9	28.8	32.5	34.9	32.6	30.8	29.1	29.7	28.4	27.8	26.1	28.8		29.9	12
1971	29.1	31.1		31.9	33.6	30.4	29.7	28.9	28.8	29	27.1	29.4		29.9	11
1972	30.6	30.2	32.9	33.6	32.1	29.5	30	29.6	30.1	29.9	30.2	29.5		30.7	12
1974	28.1	29.9	32.8	33.3	32.5	28.3	28.3	30.3	28	26.8	27.8	28.3		29.5	12
1975	28	31.4	33.1	35	33.2	30.6	29.9	29.6	27.4	27.4	27.5	27.3		30	12
1976	26.9	28.9	33.5	32.4	32	28.2	29.7	30.1	29.6	28.1	26.4	25		29.2	12
1977	28.3	28.5	31.5	31.9	31.1	28.7	30.7	29.5	29.5	28.1	27.8	28.4		29.5	12
1978	27.8	29.3	30.8	32.4	33.2	29.2	28.5	29.6		27.4	29.1	28.6		29.6	11
1979	28.5	30.4	32.6	33.5	32.4	28.5	29.1	28.7	26.6	27.7	26.8	26.5		29.3	12
1980	29.3	29.1	33.2	31.6	34.3	29.6	30.2	29.3	28.6	28	26.2	26		29.6	12
1981	27.9	29.5	32	33.5	33.2	29	29.3	29	28.1	28.1	27.3	28.2		29.6	12
1982	29.8	30.6	31.8	33.1	31.1	28.7	29	29.9	27.9	27.1	27.5	27.6		29.5	12
1983	27.8	28.7	29.9	32.1	33.9	30.5	29.6	29.4	28.5	28.5	29.4	28.3		29.7	12
1984	27.1	29.5	31.7	34.3	30.8	28.4	27.6	27.9	26.8	28.8	27.5	28.4		29.1	12
1985	26.9	29	31.8	31.5	31.2	28.5	28.3	28.7	28.1	28	27.5	27.5		28.9	12
1986	25.4	29.7	29.8	33.4	31.3	29.6	29.4	28.8	28.5	28	28.7	28.4		29.2	12
1987	28.2	29.7	31	32.1	33.1	29.6	28.7	29.3	28.7	26.3	28.4	29.2		29.5	12
1988	27.5	29.9	32.7	34.6	34.1	28.2	27.8	28.4	27.8	26.4	28	27.4		29.4	12
1989	29.5	29	30.8	32.6	32.6	30.3		28.2	26.6	26.1	27.2	25.3		28.9	11
1990	28	29.2	30.4	32.6	31.9	29.9	27.8	29.3	27.5	26.7	26	26.1		28.8	12
1991	28.4	28.8	32.6	32.5	31.7	30.6	30.1	29.4	27.7	26.8	26	26.9		29.3	12
1992	27.5	29.4	32.1	33.1	32.4	29.8	29.1	29.7	28.9	27.7	27	28.7		29.6	12
1993	29.1	31.1	31.7	32	32.5	33.3	30	29.3	28.8	27.4	28.1	27.8		30.1	12
1994	27.7	30.6	29.6	34.4	33.1	30.3	32	29.4		30	31.3	29.7		30.7	11
1995	30.2	31.4	33	32.8	32.2	30.3	29.3	29.5	29.2	28.3	30.5	28.1		30.4	12
1996	27.6	30.2	30.8	32.4	32.3	30	29.4	29.7	31	30.4	29.3	28.5		30.1	12
1997	32.2													32.2	1
1998											32.1	31.4		31.8	2
1999	31.2	33.5	35.1											33.3	3
2000										32.6	33.2	30.6		32.1	3
2001	31.9	32.9	34.8	36	34.5	34.7	33.9	32.6	30.3	34.4	32.5	30.8		33.3	12
2002	33.2	29.9	35.1	34.2	34.4	31.3	31.7	32.5	27.2	30.9	28.1	26.9		31.3	12
2003	29.2	34.6												31.9	2
MÍNIMA	25.4	28.5	29.6	31.5	30.8	28.2	27.6	27.9	26.6	26.1	26	25		26	1
MÁXIMA	33.2	34.6	35.1	36	34.5	34.7	33.9	32.6	31	34.4	33.2	31.4		33.3	12
MEDIA	28.8	30.2	32.1	33.1	32.6	29.9	29.6	29.5	28.4	28.4	28.3	28.1		30.1	10.1
DESV.ST	1.7	1.5	1.5	1.2	1.1	1.5	1.4	1	1.1	1.9	2	1.5		1.4	3.8

TEMPERATURA MÁXIMA EXTREMA
AÑO	ENE	FEB	MAR	ABR	MAY	JUN	JUL	AGO	SEP	OCT	NOV	DIC	ACUM	PROM	MESES
1969											30.5			30.5	1
1970	36.5	33.5	36	37	36.5	35.5	32.5	33.5	31	31.5	29.5	31.5		33.7	12
1971	32.5	35		37	35.5	34	32.5	33.5	31.5	37	30.5	31.5		33.7	11
1972	33	33.5	35	35.5	35	32	33	31	31	33.5	33	34		33.3	12
1974	31	34	36	36	37	33	31	33	31	32	31	31		33	12
1975	32	34	35	38	36	33	32	32	30	31	30	30		32.8	12
1976	31	33	36	34	39	31	32	33	32	32	31	30		32.8	12
1977	32	33	37	38	34	31	33	32	31	31	30	31		32.8	12
1978	31	34	35	34	39	31	31	31		30	31.5	31		32.6	11
1979	33	35	35	37	43.5	32	32	31	30	30	31	30		33.3	12
1980	33	32	36	37	37	35.5	33	31.5	32	32.5	30.5	30		33.3	12
1981	31	34	36	35	37	32	35	32	30	30	31	31		32.8	12
1982	33	33	37	37	35	31	31	32	30	30	30	30		32.4	12
1983	32	32	33	36	38	34	33	32	30	32	32	32		33	12
1984	31	34	36	37	36	31	30	30	29	31	30	31		32.2	12
1985	30	33	36	34	36	31	30	31	31	30	30	36		32.3	12
1986	30	33	33	37	35	31	32	32	31	31	31	32		32.3	12
1987	32	35	38	36	36	33	32	31	30	30	31.51	32.5		33.1	12
1988	31	33	36	37	37	30	30	30	30	30	30	30		32	12
1989	35	33	34	35	35	34		30	30	29	30	29		32.2	11
1990	32	32	33	36	34	33	30	32	29	30	30	31		31.8	12
1991	31	32	36	37	34	34	32	32	34	30	30	30		32.7	12
1992	32	39	35	39.9	37	32	32	33	31	31	32	32		33.8	12
1993	33	34	36	36	35.5	37	39.5	33.5	31.5	31	31.5	31		34.1	12
1994	32	33	33.5	37.5	36.5	34.5	35	33.5		33	34.5	32		34.1	11
1995	33	36.6	37	36	35	37	32	32	35	33	33	35		34.5	12
1996	32	34	35	36	35	32	32	32	34	33	32	31		33.2	12
1997	35													35	1
1998											37	36		36.5	2
1999	37	37	37											37	3
2000										37	37	36		36.7	3
2001	37	36	39	39	38	38.5	37.5	37	37	38	36	37		37.5	12
2002	39	36	38	38	38	38	36	37	35	36	34	32		36.4	12
2003	36	38												37	2
MÍNIMA	30	32	33	34	34	30	30	30	29	29	29.5	29		30.5	1
MÁXIMA	39	39	39	39.9	43.5	38.5	39.5	37	37	38	37	37		37.5	12
MEDIA	32.9	34.2	35.7	36.5	36.4	33.2	32.6	32.3	31.4	31.9	31.6	31.9		33.7	10.1
DESV.ST	2.2	1.8	1.5	1.4	2	2.3	2.3	1.7	2	2.4	2.1	2.1		1.7	3.8

TEMPERATURA MÍNIMA PROMEDIO
AÑO	ENE	FEB	MAR	ABR	MAY	JUN	JUL	AGO	SEP	OCT	NOV	DIC	ACUM	PROM	MESES
1969											15.2			15.2	1
1970	12.9	12.6	15.1	18.9	18.1	19.4	18.9	18.3	18.4	18.2	13.7	13.5		16.5	12
1971	13.4	13.8		15.4	19.1	17.9	17.8	17.7	18.3	17.9	15.8	15.1		16.6	11
1972	14.8	13.5	16.3	18.1	18.9	19.5	18.9	18.1	18	17.7	17.2	14.2		17.1	12
1974	13.5	12.4	15.5	17	18.2	18	17.4	17.7	18.1	15.8	15	13.1		16	12
1975	12.9	13.6	16.6	17.7	18.7	18.3	17.1	17.3	17.4	16.9	14.4	12.5		16.1	12
1976	11.8	12.9	16.6	17.1	18.4	18.2	18	17.4	17.4	17.2	15.5	13		16.1	12
1977	12.4	13	14.9	15.9	18.6	17.6	17.8	17.9	17.9	17.3	15.1	14.9		16.1	12
1978	11.6	12.6	14.7	17.9	18.9	18.6	17.9	17.9		17	16	14.6		16.2	11
1979	12.5	13.6	16.4	17.6	19.2	18.8	18.4	18.3	18.4	17.8	15	13.8		16.6	12
1980	14.3	14.3	16.9	17	20.2	19.2	18.5	18.3	18.4	17.6	14.9	13		16.9	12
1981	11.5	13.7	16	18.1	19.1	19.1	18.1	18.5	18.4	17.8	14.4	14.3		16.6	12
1982	14.3	15.9	16.3	19.3	19.3	19.1	17.8	17.9	18.5	17.3	15.4	14		17.1	12
1983	13.4	14.4	14.7	17.6	20.4	19.7	19	18.4	18.3	17.1	16.4	14.5		17	12
1984	12.7	14	15.2	17.2	19.1	18.6	17.9	18.2	18.6	18.4	14.6	14.4		16.6	12
1985	12.6	13.9	17	17.9	18.7	18.6	17.9	18.2	17.8	16.9	15.9	14		16.6	12
1986	12.3	14.3	13.7	17.7	19.3	18.7	17.7	18.5	18.3	17.1	16.3	14.3		16.5	12
1987	11.6	13.7	15.4	15.8	19	19.6	18.8	18.4	18.7	15.1	14.9	14.8		16.3	12
1988	13.3	13.7	15.7	19.2	19	18.5	18.3	18.5	18.3	17.1	16	14		16.8	12
1989	14.4	14.9	14.1	17.8	18.8	19.7		18	17.8	16.4	16.5	13.7		16.6	11
1990	14.2	14	15.9	18.2	19.4	18.8	18.4	18.2	18.2	17.4	15.8	13.6		16.8	12
1991	14.4	13.6	15.9	17.6	19	19.2	17.8	17.9	17.7	17.4	15	14.3		16.6	12
1992	14	14.1	16.6	17	17.5	19.3	18.1	17.8	17.7	16.5	16.2	15.2		16.7	12
1993	14.9	14.3	15.7	18.1	18.7	20.2	19.8	18.3	17.4	18.2	15.6	14.3		17.1	12
1994	15.2	15.7	16.5	19.2	18.1	18.6	20.6	14.6		18.4	18.7	11.2		17	11
1995	10.1	10	14.9	18.9	19	19.2	18.1	17.3	14.5	13.2	10.9	11		14.8	12
1996	8.3	9.1	11.6	12.9	14.9	14.9	14.6	13.7	17.3	17.7	15.1	13.7		13.7	12
1997	10.8													10.8	1
1998											11.5	14.5		13	2
1999	16.5	14.6	18.9											16.7	3
2000										12.5	18.8	15		15.4	3
2001	18.4	12.6	18.5	21	20.5	15.1	18.3	18.7	15.4	14.5	13.6	14.4		16.8	12
2002	14.1	11.5	20.8	21.2	21	19.1	20.5	20.3	13.9	17	11.9	14.5		17.1	12
2003	13.5	13.6												13.6	2
MÍNIMA	8.3	9.1	11.6	12.9	14.9	14.9	14.6	13.7	13.9	12.5	10.9	11		10.8	1
MÁXIMA	18.4	15.9	20.8	21.2	21	20.2	20.6	20.3	18.7	18.4	18.8	15.2		17.1	12
MEDIA	13.2	13.5	15.9	17.8	18.9	18.6	18.2	17.9	17.7	16.9	15.2	13.9		16	10.1
DESV.ST	1.9	1.4	1.7	1.6	1.1	1.2	1.1	1.2	1.2	1.4	1.7	1		1.4	3.8

TEMPERATURA MÍNIMA EXTREMA
AÑO	ENE	FEB	MAR	ABR	MAY	JUN	JUL	AGO	SEP	OCT	NOV	DIC	ACUM	PROM	MESES
1969											9.5			9.5	1
1970	8	6.5	9	14.5	14.5	16.5	17	16.5	16	15.5	9.5	10.5		12.8	12
1971	9.5	7.5		9.5	16	12.5	15	15	16.5	14.5	12	10.5		12.6	11
1972	10.5	8.5	12.5	15	14.5	17	16	15.5	17	16	14	8		13.7	12
1974	10	7	10	12	16	15	15	15	16	13	11	10		12.5	12
1975	9	8	13	14	14	16	15	15	15	13	9	9		12.5	12
1976	7	9	13	14	15	15	15	16	16	15	10	10		12.9	12
1977	7	10	10	11	11	13	15	16	10	12	10	7		11	12
1978	8	7	6	13	15	17	16	16		12	14	10		12.2	11
1979	10	10	12	15	16	15	15	15	15	16	10	10		13.2	12
1980	10	10	8	12	18	17	16	17	10	15	11	8		12.7	12
1981	8	11	11	15	16	17	17	17	16	14	12	12		13.8	12
1982	9	13	10	16	17	18	16	15	16	13	12	10		13.8	12
1983	8	9	11	13	17	18	16	15	16	12	12	8		12.9	12
1984	9	10	8	12	17	15	15	15	17	15	12	9		12.8	12
1985	9	10	14	12	16	17	16	17	16	9	14	0.24		12.5	12
1986	7	10	8	13	14	17	2.2	16	16	14	13	12		11.8	12
1987	7	8	9	11	16	19	14	12	17	5	12	10		11.7	12
1988	9	8	10	15	16	16	16	16	16	14	13	10		13.2	12
1989	11	10	6	15	15	18		17	13	14	13	10		12.9	11
1990	11	10	10	16	16	16	16	16	16	15	12	9		13.6	12
1991	10	0.16	10	13	17	17	6	13	11	15	9	1		10.2	12
1992	12	10	12	2	13	18	13	13	12	10	12	0.14		10.6	12
1993	10	12	10	11	17	17	17.5	12.5	0.19	17	4.09	10		11.5	12
1994	10	12.5	13	13	14.5	13	14	13		12	14	9		12.5	11
1995	7	6.5	10	15	15	17	16	12.5	13	11	5	8		11.3	12
1996	3	2	9	10	12	12	13	12	14	15	10	11		10.2	12
1997	9													9	1
1998											6	10		8	2
1999	12	8	14											11.3	3
2000										10	10	9		9.7	3
2001	9	10	10	13	14	10	13	10	12	10	10	10		10.9	12
2002	10	6	13	16	10	13	18	16	8	10	8	9		11.4	12
2003	10	12												11	2
MÍNIMA	3	0.16	6	2	10	10	2.2	10	0.19	5	4.09	0.14		8	1
MÁXIMA	12	13	14	16	18	19	18	17	17	17	14	12		13.8	12
MEDIA	9	8.7	10.4	12.9	15.1	15.8	14.6	14.8	13.9	13	10.7	8.7		11.8	10.1
DESV.ST	1.8	2.8	2.2	2.8	1.9	2.2	3.3	1.8	3.8	2.6	2.5	3		1.4	3.8

TEMPERATURA MEDIA MENSUAL
AÑO	ENE	FEB	MAR	ABR	MAY	JUN	JUL	AGO	SEP	OCT	NOV	DIC	ACUM	PROM	MESES
1969											20.6			20.6	1
1970	20.9	20.7	23.8	26.9	25.4	25.1	24	24	23.4	23	19.9	21.1		23.2	12
1971	21.2	22.5		23.6	26.4	24.1	23.8	23.3	23.6	23.4	21.5	22.2		23.2	11
1972	22.7	21.9	24.6	25.9	25.5	24.5	24.4	23.9	24	23.8	23.7	21.9		23.9	12
1974	20.8	21.1	24.1	25.1	25.4	23.1	22.9	24	23	21.3	21.4	20.7		22.7	12
1975	20.4	22.5	24.9	26.4	26	24.5	23.5	23.5	22.4	22.1	21	19.9		23.1	12
1976	19.4	20.9	25	24.8	25.2	23.2	23.9	23.8	23.5	22.6	21	19		22.7	12
1977	20.4	20.8	23.2	23.9	24.9	23.1	24.2	23.7	23.7	22.7	21.4	21.6		22.8	12
1978	19.7	21	22.8	25.1	26	23.9	23.2	23.8		22.2	22.6	21.6		22.9	11
1979	20.5	22	24.5	25.6	25.8	23.6	23.8	23.5	22.5	22.8	20.9	20.1		23	12
1980	21.8	21.7	25	24.3	27.2	24.4	24.4	23.8	23.5	22.8	20.6	19.5		23.2	12
1981	19.7	21.6	24	25.8	26.2	24	23.7	23.8	23.2	23	20.9	21.2		23.1	12
1982	22	23.2	24	26.2	25.2	23.9	23.4	23.9	23.2	22.2	21.4	20.8		23.3	12
1983	20.6	21.6	22.3	24.9	27.1	25.1	24.3	23.9	23.4	22.8	22.9	21.4		23.4	12
1984	19.9	21.8	23.4	25.8	25	23.5	22.8	23	22.7	23.6	21	21.4		22.8	12
1985	19.8	21.4	24.4	24.7	25	23.6	23.1	23.4	23	22.4	21.7	20.8		22.8	12
1986	18.9	22	21.8	25.5	25.3	24.1	23.5	23.6	23.4	22.6	22.5	21.4		22.9	12
1987	19.9	21.7	23.2	24	26	24.6	23.8	23.9	23.7	20.7	21.6	22		22.9	12
1988	20.4	21.8	24.2	26.9	26.6	23.4	23	23.4	23	21.8	22	20.7		23.1	12
1989	22	22	22.4	25.2	25.7	25		23.1	22.2	21.2	21.9	19.5		22.7	11
1990	21.1	21.6	23.1	25.4	25.6	24.4	23.1	23.8	22.9	22	20.9	19.9		22.8	12
1991	21.4	21.2	24.2	25	25.4	24.9	24	23.6	22.7	22.1	20.5	20.6		23	12
1992	20.8	21.8	24.4	25	25	24.6	23.6	23.8	23.3	22.1	21.6	22		23.2	12
1993	22	22.7	23.7	25	25.6	26.8	24.9	23.8	23.1	22.8	21.9	21		23.6	12
1994	21.4	23.1	23	26.8	25.6	24.5	26.3	22		24.2	25	20.4		23.8	11
1995	20.1	20.7	24	25.8	25.6	24.8	23.7	23.4	21.9	20.8	20.7	19.6		22.6	12
1996	18	19.6	21.2	22.6	23.6	22.4	22	21.7	24.1	24	22.2	21.1		21.9	12
1997	21.5													21.5	1
1998											21.8	23		22.4	2
1999	23.9	24	27											25	3
2000										22.6	26	22.8		23.8	3
2001	25.1	22.8	26.6	28.5	27.5	24.9	26.1	25.6	22.9	24.4	23	22.6		25	12
2002	23.7	20.7	28	27.7	27.7	25.2	26.1	26.4	20.6	24	20	20.7		24.2	12
2003	21.4	24.1												22.8	2
MÍNIMA	18	19.6	21.2	22.6	23.6	22.4	22	21.7	20.6	20.7	19.9	19		20.6	1
MÁXIMA	25.1	24.1	28	28.5	27.7	26.8	26.3	26.4	24.1	24.4	26	23		25	12
MEDIA	21	21.8	24	25.4	25.8	24.3	23.9	23.7	23	22.6	21.7	21		23.1	10.1
DESV.ST	1.5	1	1.5	1.2	0.9	0.9	1	0.9	0.7	1	1.3	1		0.8	3.8
