COMISIÓN NACIONAL DEL AGUA
COORDINACIÓN GENERAL DEL SERVICIO METEOROLÓGICO NACIONAL
BASE DE DATOS CLIMATOLÓGICA NACIONAL 

ESTADÍSTICA MENSUAL
EMISIÓN   : 25/10/2024 

DATOS DISPONIBLES EN LA BASE DE DATOS A: OCTOBER DE 2024; 
CON LA INFORMACIÓN SUMINISTRADA POR LAS UNIDADES ADMINISTRATIVAS 

 ESTACIÓN  : 7183 
 NOMBRE    : BENITO JUAREZ (CFE) 
 ESTADO    : CHIAPAS 
 MUNICIPIO : LA CONCORDIA 
 SITUACIÓN : SUSPENDIDA 
 CVE-OMM   :   
 LATITUD   : 16.04166667 ° 
 LONGITUD  : -92.8175 ° 
 ALTITUD   : 550 msnm 


LLUVIA MÁXIMA 24 H.
AÑO	ENE	FEB	MAR	ABR	MAY	JUN	JUL	AGO	SEP	OCT	NOV	DIC	ACUM	PROM	MESES
1972	0	0.1	8.3	52.1	54	49.2	56.8	57.9	48.9	37.9	11.7	0	376.9	31.4	12
1973	0	0	0	4.9	33.5	71	43	63.5	40.5	60.5	22.5	0	339.4	28.3	12
1974	3.9	7.5	14.5	3.2	65	28.5	67	62	66	30	10	0	357.6	29.8	12
1975	0	0	4	10	35	32	72	31.8	52	87.3	3.5	0	327.6	27.3	12
1976	0	6.5	0.5	10.7	30.9	48	47.6	66.5	27	51.3	15	0	304	25.3	12
1977	0	0	0.5	0.2	69.7	43	46	36.6	54	26.7	17	14.7	308.4	25.7	12
1979	0	0	0	61	30	54	80.5	83	64	45	0	4	421.5	35.1	12
1986											24	8.5	32.5	16.2	2
1987	0	0	18	23	49	50	55	58	47	1.5	5	0	306.5	25.5	12
1988	1	0	0	28				91	43	37	5	0	205	22.8	9
1989	0	0	3	4	50	40			45	62	8	0	212	21.2	10
1990	0	15	5	28	16	71.5	85	27	60	32.5	9	8	357	29.8	12
1991	7	0	0	15	11	57	35	78	42	51	23	0.1	319.1	26.6	12
1992	0	6	8.5	17	23	106	40	38.5	94.5	45.5	8	5	392	32.7	12
1993	0	0	0	11	23.2	34.6	30.5	80	42	27.7	7.3	0	256.3	21.4	12
1994	0.01	0	0	33.5	21.7	24.6	50.2	41.4	18	23	62.2	18.5	293.11	24.4	12
1995	15	0	0	20	40	80	32.6	40	56.5	23	22.5	4	333.6	27.8	12
1996	0	0	3.5	29.4	17.8	39.5	40.3	97.5	44.5	33.5	1.5	0	307.5	25.6	12
1997	1	0	0	21	53.5	58.5	25.4	40.5	56.8	58.5	40.8	4.5	360.5	30	12
1998	0	4.5	0	0	26.1	67.5	43.5	52.4	96.5	80.5	41.3	0	412.3	34.4	12
1999	0	0	0	32.7	36.6	52.6	57.5	61.3	64.5	75.5	11.5	11.5	403.7	33.6	12
2020											23		23	23	1
2021				10	58	92	68	58					286	57.2	5
MÍNIMA	0	0	0	0	11	24.6	25.4	27	18	1.5	0	0	23	16.2	1
MÁXIMA	15	15	18	61	69.7	106	85	97.5	96.5	87.3	62.2	18.5	421.5	57.2	12
MEDIA	1.4	2	3.3	19.7	37.2	55	51.4	58.2	53.1	44.5	16.9	3.8	301.5	28.5	10.6
DESV.ST	3.6	4	5.2	16.2	17	21.3	16.9	20.1	18.8	21.6	15.1	5.5	103.1	7.8	3.3

LLUVIA TOTAL MENSUAL
AÑO	ENE	FEB	MAR	ABR	MAY	JUN	JUL	AGO	SEP	OCT	NOV	DIC	ACUM	PROM	MESES
1972	0	0.1	15.5	104.6	332.7	276.5	373.5	387.5	268.4	115.4	28.7	0	1902.9	158.6	12
1973	0	0	0	4.9	101.9	372.3	234.7	470	245.5	308.5	41	0	1778.8	148.2	12
1974	3.9	7.5	28	5.9	173.5	213.5	191	231.1	266	93	28	0	1241.4	103.4	12
1975	0	0	5	10	180	170	376.9	257.2	246	318.2	10	0	1573.3	131.1	12
1976	0	6.5	0.5	10.7	65.9	205.1	173.1	281.1	175.6	142.3	34	0	1094.8	91.2	12
1977	0	0	0.5	0.4	165.9	215	133.5	242.9	361.8	68.2	34	35.6	1257.8	104.8	12
1979	0	0	0	142	73	254	234.5	364.5	236	136.5	0	4	1444.5	120.4	12
1986											46.84	8.5	55.34	27.7	2
1987	0	0	18.01	23.01	159.51	276.5	435.22	201.8	392.44	2.5	7	0	1515.99	126.3	12
1988	2	0	0	36				422	244.5	116.01	20.02	0	840.53	93.4	9
1989	0	0	3	6	204	220.5			291	162	22.5	0	909	90.9	10
1990	0	25	5	28.02	52.51	377.5	294.5	141	255	118.51	11.5	16.5	1325.04	110.4	12
1991	14	0	0	15	41.5	279.5	118.5	249.5	266.5	291	24.7	0.21	1300.41	108.4	12
1992	0	6	14	17	50	449	235	211.52	389.1	134	32	5	1542.62	128.6	12
1993	0	0	0	15	88.5	201.9	110.3	606	255.9	121.3	12.1	0	1411	117.6	12
1994	0.01	0	0	54.8	83.91	138.21	166	307.22	132.98	71.4	125.2	18.5	1098.23	91.5	12
1995	30	0	0	50	111.1	339.7	168.9	284.6	402.9	69	36.5	5	1497.7	124.8	12
1996	0	0	3.5	77.1	115.3	337.2	317.4	326.9	361	91.3	1.5	0	1631.2	135.9	12
1997	1	0	0	54.7	145.2	226.4	108.4	215.8	388.8	239.3	58.7	15.8	1454.1	121.2	12
1998	0	4.5	0	0	26.1	233.2	323.8	329.7	313.6	274.9	137.6	0	1643.4	136.9	12
1999	0	0	0	72.7	72.5	537.8	310.5	454.1	476.8	316.7	11.67	11.5	2264.27	188.7	12
2020											25		25	25	1
2021				16	265	345	247	352					1225	245	5
MÍNIMA	0	0	0	0	26.1	138.21	108.4	141	132.98	2.5	0	0	25	25	1
MÁXIMA	30	25	28	142	332.7	537.8	435.22	606	476.8	318.2	137.6	35.6	2264.27	245	12
MEDIA	2.5	2.5	4.7	35.4	125.4	283.4	239.6	316.8	298.5	159.5	34	5.7	1305.8	118.7	10.6
DESV.ST	7.2	5.9	7.9	37.7	78.8	98.9	98.2	111.1	85.1	96.1	34.8	9.2	507.2	45.2	3.3

EVAPORACIÓN MENSUAL
AÑO	ENE	FEB	MAR	ABR	MAY	JUN	JUL	AGO	SEP	OCT	NOV	DIC	ACUM	PROM	MESES
1972	152.5	175.9	242.7	250.5	181.3	150.2	168.8	150.1	144.9	138.1	111.4	120.1	1986.5	165.5	12
1973	140.6	158.7	235.6	234.9	205.5	147	144.9	123.6	114	87.6	102.1	103.3	1797.8	149.8	12
1974	140.4	144.7	195.4	219.5	219.8	118.9	142.8	107.9	118.9	120.7	111.1	105.8	1745.9	145.5	12
1975	129.1	167	216.1	251.5	202.6	164.4	170.6	157.1	137.7	112.1	112.5	122.3	1943	161.9	12
1976	127.8	151.7	233.7	244	210.6	177.6	201.4	175.6	131.9	136.2	86	93.8	1970.3	164.2	12
1977	129.7	142.2	225.6	215.2	220.9	166.6	196	148.9	148.7	125.8	109.3	106.7	1935.6	161.3	12
1979	128.3	144	214.6	202.7	193.3	151.9	157.8	156.2	117.5	131.9	103	91	1792.2	149.3	12
1986											114.06	121.72	235.78	117.9	2
1987	111.46	142.35	183.07	176.09	191.98	163.31	155.18	152.1	149.63	96.93	111.24	120.82	1754.16	146.2	12
1988	117.4	152.4	217.73	201.02				144.9	130.2	111.5	115.8	112.5	1303.45	144.8	9
1989	147.6	181	206.2	223.4	185.9	153.4			113.2	103.7	103.9	102.3	1520.6	152.1	10
1990	135	149	210.9	218	195.6	163.8	157.2	146.7	129	119.3	97.5	106.8	1828.8	152.4	12
1991	130.85	141.42	214.31	216.93	179.72	154.2	177.32	169.93	129.1	115.8	100.03	105.07	1834.68	152.9	12
1992	102.89	139.6	193.69	206.37	194.1	151.51	144.01	143.82	120.61	106.83	92.98	105.72	1702.13	141.8	12
1993	107.83	159.01	193.51	227.88	224.94	155.69	155.69	140.76	121.03	117.88	122.84	116.99	1844.05	153.7	12
1994	125.16	156.23	193.67	205.3	178.1	143.29	169.29	114.98	112.2	99.84	106.43	112.93	1717.42	143.1	12
1995	125.31	150.96	201.21	203.31	197.15	152.16	146.99	153.83	107.04	104.73	102.99	103.47	1749.15	145.8	12
1996	121.42	145.56	190.81	162.7	185.56	134.42	142.42	131.22	123.58	132.64	105.34	114.91	1690.58	140.9	12
1997	129.35	147.48	230.05	206.69	169.99	140.35	166.78	173.11	157.06	132.53	117.75	101.86	1873	156.1	12
1998	131.54	152.05	203.4	197.73	209.6	217.77	177.98	154.69	137.36	141.33	126.73	103.7	1953.88	162.8	12
1999	117.84	159.25	217.05	255.23	227.09	216.09	188.13	206.22	188.76	167.6	121.04	112.18	2176.48	181.4	12
2020											60.55	56.65	117.2	58.6	2
2021	75.15	84.7	98.09	142.28	126.7	106.2	136.1	123.35					892.57	111.6	8
MÍNIMA	75.15	84.7	98.09	142.28	126.7	106.2	136.1	107.9	107.04	87.6	60.55	56.65	117.2	58.6	2
MÁXIMA	152.5	181	242.7	255.23	227.09	217.77	201.4	206.22	188.76	167.6	126.73	122.3	2176.48	181.4	12
MEDIA	125.1	149.8	205.6	212.4	195	156.4	163.1	148.8	131.6	120.2	106.1	106.4	1624.6	146.1	10.7
DESV.ST	16.7	18.5	29.6	28.4	23	26.2	18.9	22.7	19.3	18.7	14.1	14	523.6	24	3

TEMPERATURA MÁXIMA PROMEDIO
AÑO	ENE	FEB	MAR	ABR	MAY	JUN	JUL	AGO	SEP	OCT	NOV	DIC	ACUM	PROM	MESES
1972	31.2	31.3	34.7	35.2	33.2	30.5	31	30.3	30.6	30.8	30.3	30.8		31.7	12
1973	30.5	31.9	36.2	35.8	34.5	31.6	30.8	29.5	30.1	28.7	29.7	28		31.4	12
1974	30.8	30.8	33.5	34.8	34.9	29.9	30.2	30.8	29.5	28.1	29.1	29.9		31	12
1975	30.2	32.1	34.4	36.3	33.9	31.7	30.2	30	29	28.5	27.8	28.3		31	12
1976	28.2	29.7	34.8	35.4	34.1	32.5	30.9	30.8	30.7	28.6	27.9	26.9		30.9	12
1977	30.1	30.5	34.4	33.5	33.8	31	30.8	30.5	30.7	29.9	29.7	30.3		31.3	12
1979	29.1	31.3	34.4	35.4	33.5	30.1	31.4	30.5	29.9	30.5	28.9	29.1		31.2	12
1986											31	29.7		30.4	2
1987	29.6	31.1	32.9	33	35.1	32.6	31.4	32.1	31.5	28.7	30	31.2		31.6	12
1988	28.9	30.9	33.4	35.3				30.6	30.3	29	30	29		30.8	9
1989	31	30.7	32.4	34.7	33.4	31.5			28.6	28	29	28.1		30.7	10
1990	30.1	30.7	32.5	34.5	34.1	30.9	29.4	29.8	29.7	28.8	28.6	29		30.7	12
1991	30.3	30.3	34.6	36.4	33.5	32.1	31.1	31.3	29.5	29.2	27.5	28.8		31.2	12
1992	28.5	30.2	33.4	34.3	33.9	31.4	30.7	30.2	29.5	29.3	30.1	29.2		30.9	12
1993	29.9	31.4	32.4	34.6	34.6	32.7	30.8	30.5	29.8	29.7	29.8	29.9		31.3	12
1994	29.1	31.7	34.5	35.1	34.1	31.8	32.6	30.5	30.1	30.8	29.5	30.5		31.7	12
1995	29.6	31.4	32.7	32.9	32.6	31.1	31.1	30.3	29.2	28.5	29.5	29.1		30.7	12
1996	28.6	30.7	30.7	33.5	32.3	30	30.3	29.7	30.7	29.5	28.9	29.2		30.3	12
1997	29.8	31.2	33.2	32.6	33.1	31.9	31.6	31.5	30.9	28.9	29.1	27.9		31	12
1998	29.8	30.9	33	34.9	36.1	34.5	30.6	30.4	29.9	29.2	28.4	26.5		31.2	12
1999	27.2	30.8	33.4	34.9	34.1	30.8	30	29.5	29	27.6	26.6	26.4		30	12
MÍNIMA	27.2	29.7	30.7	32.6	32.3	29.9	29.4	29.5	28.6	27.6	26.6	26.4		30	2
MÁXIMA	31.2	32.1	36.2	36.4	36.1	34.5	32.6	32.1	31.5	30.8	31	31.2		31.7	12
MEDIA	29.6	31	33.6	34.7	33.9	31.5	30.8	30.5	30	29.1	29.1	28.9		31	11.3
DESV.ST	1	0.6	1.2	1.1	0.9	1.1	0.7	0.7	0.7	0.9	1	1.3		0.4	2.3

TEMPERATURA MÁXIMA EXTREMA
AÑO	ENE	FEB	MAR	ABR	MAY	JUN	JUL	AGO	SEP	OCT	NOV	DIC	ACUM	PROM	MESES
1972	34	34.5	37	37.5	36	33	33.5	31.5	32	33	32.5	35.5		34.2	12
1973	33	35	38.5	39	39	33	33	31	31.5	31.5	32.5	31.5		34	12
1974	33	35	37.5	37.5	39.5	34	33	33	32	32.5	32.5	33		34.4	12
1975	37	35	37	39	37	34	32	31.5	31	32	32	30.5		34	12
1976	32.5	33	37.5	37	37	35	32.5	33.5	35.5	32.5	32	31		34.1	12
1977	33	35	39	37.5	36.5	32.5	33	35	33	33	32	32.5		34.3	12
1979	33	35	37	38	36	33	33	32	33.5	33	32	32		34	12
1986											33	33		33	2
1987	34	35.5	39	37	38	37	33	35	33	31	33	33		34.9	12
1988	33	35	36.5	39				32	32	31	32	32		33.6	9
1989	35	34	36.5	36.5	36.5	34			31	31	30	31		33.5	10
1990	32	34	36.5	36.5	36	34	31	30.5	39.5	31.5	32	33		33.9	12
1991	32.5	35	37	38.5	36	34.5	32.5	33	31	30	33	32		33.8	12
1992	31	32.5	35.5	36	37.5	34	33	31.5	31	31	35	31.5		33.3	12
1993	32.5	34.5	36	36	37.5	38	33	33	31.5	31.5	32.5	31.5		34	12
1994	32	35.2	37.5	37	37.5	33.5	37	39.5	34	34	33	32.5		35.2	12
1995	32	34.5	36	36	35.5	33.5	33.5	32	31.5	31.5	31	32		33.2	12
1996	32.5	35	35.5	36.5	35	33	32	31.5	32.5	32.5	31.5	31		33.2	12
1997	32.5	33.5	35.5	35.5	35.5	34.5	33.5	33.5	32.5	32.5	32.5	32.5		33.7	12
1998	32.5	34.5	36.5	38.5	38.5	39.5	33.5	31.5	31.5	32	31.5	29.5		34.1	12
1999	30.5	33.5	35.5	36.5	36.5	33.5	32	31.5	31	30.5	29.5	28.5		32.4	12
MÍNIMA	30.5	32.5	35.5	35.5	35	32.5	31	30.5	31	30	29.5	28.5		32.4	2
MÁXIMA	37	35.5	39	39	39.5	39.5	37	39.5	39.5	34	35	35.5		35.2	12
MEDIA	32.9	34.5	36.9	37.2	36.9	34.4	33	32.7	32.5	31.9	32.1	31.9		33.8	11.3
DESV.ST	1.4	0.8	1.1	1.1	1.2	1.8	1.2	2.1	2	1	1.1	1.4		0.6	2.3

TEMPERATURA MÍNIMA PROMEDIO
AÑO	ENE	FEB	MAR	ABR	MAY	JUN	JUL	AGO	SEP	OCT	NOV	DIC	ACUM	PROM	MESES
1972	14.5	13.2	16.5	19.2	20.2	20.8	19.9	19.4	19.7	19.5	18.9	15.9		18.1	12
1973	12.8	13.4	16.8	19.2	21.3	20.9	19.7	20.1	20.1	20.2	17.2	11		17.7	12
1974	14.4	13	16.8	18.5	19.8	20.1	19.3	19.1	19.7	17.5	15.3	13.4		17.2	12
1975	12.8	14.6	17.3	19.5	20.9	20.2	18.8	19	19.6	19.2	16.2	12.9		17.6	12
1976	12.6	12.3	16.3	18.6	20.2	20.7	19.6	19.1	19.9	19.8	17.6	14.6		17.6	12
1977	12.3	14.9	15.4	17.8	20.5	20.4	19.2	19.6	20.1	19.3	16.6	16.1		17.7	12
1979	13	14.7	16.9	17.8	20.7	20.5	20.4	20	20.1	20.3	16.5	14.6		18	12
1986											16.9	15.4		16.1	2
1987	12.1	13.6	15.7	18	19.4	21.7	21	20.2	20.4	17.1	15.7	14.9		17.5	12
1988	14.2	13.3	17	19.3				20.7	20	18.9	17	14		17.2	9
1989	14	14	13	18.5	20.6	20.7			19.7	18.8	17.9	14.5		17.2	10
1990	13.8	14.9	16.3	19.5	20.9	21.1	20.5	20	20.3	19.6	16.6	14.5		18.2	12
1991	14.5	14.5	16.3	19.9	20.5	21.5	20.2	19.6	20.1	19.7	16.8	16.2		18.3	12
1992	15	14.7	17	19.1	19.4	21.7	20.4	20.2	20.1	19	19.8	16.5		18.6	12
1993	14.7	19.6	17.1	19.1	20.5	20.6	19.7	20	20	19.8	16.4	14.1		18.5	12
1994	12.9	14.5	16.8	18.6	20.9	20.3	19.6	19.4	20	18.7	17.2	15.3		17.9	12
1995	14.5	14.3	15.4	20.3	19.1	20.9	20	20.6	20.2	19.3	17.4	15.7		18.1	12
1996	12	12.3	13.8	18.6	20.1	20.1	19.5	19.3	19.9	18.3	17.5	15.5		17.2	12
1997	13.3	14.3	17.1	17.6	19.4	19.5	19.5	18.9	19.1	18.1	18.1	15.1		17.5	12
1998	13.5	12.6	14.6	17.1	19	20.6	19.8	19.2	19	18.5	17.6	13		17	12
1999	12.2	13.3	15.4	18	18.2	17.9	17.6	17.8	17.4	15.4	13.2	11.1		15.6	12
MÍNIMA	12	12.3	13	17.1	18.2	17.9	17.6	17.8	17.4	15.4	13.2	11		15.6	2
MÁXIMA	15	19.6	17.3	20.3	21.3	21.7	21	20.7	20.4	20.3	19.8	16.5		18.6	12
MEDIA	13.5	14.1	16.1	18.7	20.1	20.5	19.7	19.6	19.8	18.9	17	14.5		17.6	11.3
DESV.ST	1	1.6	1.2	0.8	0.8	0.8	0.7	0.7	0.7	1.2	1.3	1.5		0.7	2.3

TEMPERATURA MÍNIMA EXTREMA
AÑO	ENE	FEB	MAR	ABR	MAY	JUN	JUL	AGO	SEP	OCT	NOV	DIC	ACUM	PROM	MESES
1972	12	8	13	15	17	19	18	18	18.5	16.5	15.5	13		15.3	12
1973	7	8.5	13.5	15.5	18	19	18	17.5	19	19	13.5	6.5		14.6	12
1974	11.5	9	9.5	15	15.5	18	17.5	18	17	14	10	10		13.8	12
1975	7	12	13	16	19	19	17	15	17	16	12	9.5		14.4	12
1976	7	8	12	15	17.5	19	16	18	17	18	12	11		14.2	12
1977	7	10.5	10	13	16	17	14	17.5	18	14.5	11	9.5		13.2	12
1979	10	10	14	15	18	19	18	18	18	19	12	11		15.2	12
1986											13	11		12	2
1987	8	9	11	11	14.5	20	20	17	18	14	13	11		13.9	12
1988	9	11	10	16				19	18	15	15	10		13.7	9
1989	12	6.5	7	15	17	19			17.5	15	14	5		12.8	10
1990	11	11	13.5	16	19.5	19	18	18	19	13	13	11		15.2	12
1991	11	10	12	16	18	20	17	18	18	17.5	12	12		15.1	12
1992	12	9	14	11	16	20	19	19	19	17	18	13		15.6	12
1993	10	18	10	14	18	18	14	18.5	18.5	18.5	13.5	12.5		15.3	12
1994	9	11.5	10.5	16	18	18	17.5	18	17	14.5	13	12		14.6	12
1995	10	10.5	11.5	17	10.5	18	17.5	19.5	18.5	16.5	12	12.5		14.5	12
1996	8	6.5	8.5	15.5	17.5	16.5	16.5	17.5	18	14.5	13.5	12.5		13.8	12
1997	10.5	11	13.5	11.5	17.5	18	18	17.5	18	15	15.5	9		14.6	12
1998	2.5	8	9	14.5	17.5	17.5	18	18	16.5	17.5	14	9		13.5	12
1999	9	9	12.5	15	17	16.5	16	16	16	10	8	7.5		12.7	12
MÍNIMA	2.5	6.5	7	11	10.5	16.5	14	15	16	10	8	5		12	2
MÁXIMA	12	18	14	17	19.5	20	20	19.5	19	19	18	13		15.6	12
MEDIA	9.2	9.8	11.4	14.7	16.9	18.4	17.2	17.8	17.8	15.8	13	10.4		14.2	11.3
DESV.ST	2.4	2.5	2	1.7	2	1.1	1.5	1	0.8	2.2	2.1	2.1		1	2.3

TEMPERATURA MEDIA MENSUAL
AÑO	ENE	FEB	MAR	ABR	MAY	JUN	JUL	AGO	SEP	OCT	NOV	DIC	ACUM	PROM	MESES
1972	22.9	22.2	25.6	27.2	26.7	25.6	25.4	24.9	25.1	25.1	24.6	23.4		24.9	12
1973	21.6	22.6	26.5	27.5	27.9	26.2	25.2	24.8	25.1	24.4	23.4	19.5		24.6	12
1974	22.6	21.9	25.1	26.6	27.4	25	24.8	25	24.6	22.8	22.2	21.6		24.1	12
1975	21.5	23.4	25.9	27.9	27.4	26	24.5	24.5	24.3	23.9	22	20.6		24.3	12
1976	20.4	21	25.5	27	27.1	26.6	25.2	25	25.3	24.2	22.8	20.8		24.2	12
1977	21.2	22.7	24.9	25.6	27.1	25.7	25	25	25.4	24.6	23.1	23.2		24.5	12
1979	21	23	25.6	26.6	27.1	25.3	25.9	25.2	25	25.4	22.7	21.9		24.6	12
1986											24	22.6		23.3	2
1987	20.9	22.4	24.3	25.5	27.2	27.1	26.2	26.1	26	22.9	22.9	23		24.5	12
1988	21.5	22.1	25.2	27.3				25.6	25.1	24	23.5	21.5		24	9
1989	22.5	22.4	22.7	26.6	27	26.1			24.1	23.4	23.4	21.3		24	10
1990	22	22.8	24.4	27	27.5	26	25	24.9	25	24.2	22.6	21.8		24.4	12
1991	22.4	22.4	25.5	28.1	27	26.8	25.6	25.5	24.8	24.4	22.1	22.5		24.8	12
1992	21.8	22.4	25.2	26.7	26.6	26.5	25.5	25.2	24.8	24.1	25	22.9		24.7	12
1993	22.3	25.5	24.8	26.9	27.6	26.7	25.2	25.2	24.9	24.8	23.1	22		24.9	12
1994	21	23.1	25.6	26.9	27.5	26	26.1	25	25	24.8	23.4	22.9		24.8	12
1995	22	22.9	24	26.6	25.9	26	25.6	25.5	24.7	23.9	23.4	22.4		24.4	12
1996	20.3	21.5	22.2	26	26.2	25	24.9	24.5	25.3	23.9	23.2	22.4		23.8	12
1997	21.6	22.8	25.2	25.1	26.2	25.7	25.6	25.2	25	23.5	23.6	21.5		24.2	12
1998	21.6	21.8	23.8	26	27.6	27.6	25.2	24.8	24.4	23.9	23	19.8		24.1	12
1999	19.7	22	24.4	26.4	26.1	24.4	23.8	23.6	23.2	21.5	19.9	18.8		22.8	12
MÍNIMA	19.7	21	22.2	25.1	25.9	24.4	23.8	23.6	23.2	21.5	19.9	18.8		22.8	2
MÁXIMA	22.9	25.5	26.5	28.1	27.9	27.6	26.2	26.1	26	25.4	25	23.4		24.9	12
MEDIA	21.5	22.5	24.8	26.7	27	26	25.3	25	24.9	24	23	21.7		24.3	11.3
DESV.ST	0.8	0.9	1.1	0.8	0.6	0.8	0.6	0.5	0.6	0.9	1	1.3		0.5	2.3
