COMISIÓN NACIONAL DEL AGUA
COORDINACIÓN GENERAL DEL SERVICIO METEOROLÓGICO NACIONAL
BASE DE DATOS CLIMATOLÓGICA NACIONAL 

ESTADÍSTICA MENSUAL
EMISIÓN   : 25/10/2024 

DATOS DISPONIBLES EN LA BASE DE DATOS A: OCTOBER DE 2024; 
CON LA INFORMACIÓN SUMINISTRADA POR LAS UNIDADES ADMINISTRATIVAS 

 ESTACIÓN  : 7106 
 NOMBRE    : LAS PEÑITAS 
 ESTADO    : CHIAPAS 
 MUNICIPIO : OSTUACÁN 
 SITUACIÓN : OPERANDO 
 CVE-OMM   :   
 LATITUD   : 17.40083333 ° 
 LONGITUD  : -93.45 ° 
 ALTITUD   : 110 msnm 


LLUVIA MÁXIMA 24 H.
AÑO	ENE	FEB	MAR	ABR	MAY	JUN	JUL	AGO	SEP	OCT	NOV	DIC	ACUM	PROM	MESES
1968	61.4	25.9	12.3	35.4	39.3	70.6	55.2	67.8	109.6	150.5	72.6	66.2	766.8	63.9	12
1969	116.7	40	37.7	15.4	69.6	28.3	47.6	68.9	146.7	64.9	110	38	783.8	65.3	12
1970	127.2	29.3	23.5	26.3		111.9	92.8	171.4	88.5	99.5	48.5	15.4	834.3	75.8	11
1971	21.4	19.5	75.2	61.2	24.2	129.7	61.5	126	83.4	64.6	111.7	67.5	845.9	70.5	12
1972	83	50	15.7	36.5	48.9	178.6	54.2	76.2	79.3	89.6	25	66.3	803.3	66.9	12
1973	38.3	54	4.6	30	71.7	71.5	43.9	123.6	65.9	87.5	91.2	58.3	740.5	61.7	12
1974	45.2	47.5	14.3	167.5	27.5	74.5	33.3	61.8	120.2	133.4	66.3	39.5	831	69.2	12
1975	34.7	32.4	18.4	10	38.9	47.9	67.5	55.4	126.7	116.8	86.5	21.6	656.8	54.7	12
1976	129.8	85.5	63.7	72.1	24.9	51.2	74.2	68.1	40.2	62.5	85.4	50.4	808	67.3	12
1977	27.4	82.7	45.7	16.7	4.5	65.8	34.5	59.4	50.1	42.5	96.4	51.3	577	48.1	12
1978	170.1	42	60.4	17	45.5	45.7	68.1	70.5	148.2	87.6	170.6	105.8	1031.5	86	12
1979	92.8	68.2	50.4		101	118.3	41.8	45.3	120	70.9	56.2	135.3	900.2	81.8	11
1980	35.8	76.1	56.5	19.4	21.8	34.5	182.6	89.2	45.6	114.2	71.2	41.2	788.1	65.7	12
1981	25.1	91.5	32	67.4	54.9	99.3	57.9	88.6	237.2	142.6	49.4	46.2	992.1	82.7	12
1982	19.8	46.4	27.2	74.5	110		44	106.5	158.7	90.6	87.2	87.6	852.5	77.5	11
1983	55.3		20	27.2	32.6	54.2	25.4	51.7		93.7			360.1	45	8
1987	45.5	19.7	33.3	11	21	147.5	120.8	41	75	76.5	54.2		645.5	58.7	11
1988	49.1	63.5	28	34.5	19.8	42	87.7	90.8	197.5	192.4	143.6	70.4	1019.3	84.9	12
1989	76.2	78.2	73.1	83.5	56.2	53.3	44.2	60.8	120	108.4	230	87.5	1071.4	89.3	12
1990	91.9	75.3	39.2	102.7	43.8	40	100	28.7	103.7	101.3	120	91.2	937.8	78.2	12
1991	186	81.3	34.1	0.01	41.8	49.5	47.3	60.7	68.2	81.1	154	69	873.01	72.8	12
1992	64.5	39.5	21.5	12	30.4	93.5	69.3	104.4	107	80	178.8	29.2	830.1	69.2	12
1993								45.3	62.2	257.8	42.9	53.2	461.4	92.3	5
1994	114	29	40.4	39.4	36.4	36.1	74.4	120.3	161	69	125.5	47.2	892.7	74.4	12
1995	42.5	259.3	68	72.7	2.8	93	74	64.4	88.5	35.5	31	123.3	955	79.6	12
1996	73.7	59.3	34.5	135	90.7	37.8	77.7	106	113.7	121	123.5	60.4	1033.3	86.1	12
1997	89	107.9	122.2	22.3	104	34.9	134	66	52.7	110.8	74.8	34.7	953.3	79.4	12
1998	21.3	4.5	1.8	12.7	0.5	137.8	81.4	61.8	109.2	205.7	135.1	78	849.8	70.8	12
1999	84.8	102.5	12.9	49.9	37	33.9	57.5	98	84.3	200.3	70.6	69.7	901.4	75.1	12
2000										62.8	109	68	239.8	79.9	3
2001	25.5	228.5	10	53	80	21.4	68.5	62.7	110.6	73	62.8	144.2	940.2	78.3	12
2002	125.6	147.6	37.5	49.7	38.3	54	66.8	71.2	47.8	35	119.6	77.2	870.3	72.5	12
2003	102.7	51	36	47.5	60.5	25.9	43.5	84.1	191.7	97	155.9	122	1017.8	84.8	12
2004	120.1	72.1	26.5	69.2	88.8	27	42	96.8	74.3	68.7	104.1	123.2	912.8	76.1	12
2005	11.5	65	21.8	14.5	69.3	67.9	67.2	75	105.5	47.2	68.8	86.2	699.9	58.3	12
2006	93.2	55	77	28	47.7	92.1	75.7	97.6	67	211	117.8	86.1	1048.2	87.3	12
2007	148.4	58	50.2	35.4	20.7	33.1	60.5	56.5	74.2	237	129.2	59.8	963	80.2	12
2008	107.8	54.8	14.7	60.7	137.1	61.3	94.2	166.3	297.7	49	69.1	38	1150.7	95.9	12
2009	87.9	28	17.8	57.2	33.4	48	56.8	95.9	86.8	300	206.3	84.5	1102.6	91.9	12
2010	74.2	16.4	22.3	48	80.5	99.7	43.1	104.1	86.6	112.9	110.9	44.4	843.1	70.3	12
2011	83.4	44.4	266.3	33	66.1	64.9	66.5	59.2	107.8	102.6	111.1	61.6	1066.9	88.9	12
2012	63.9	64	35.1	101.6	93.5	120.9	97.2	191.3	111.6	116.6	10.2	98.7	1104.6	92	12
2013	64.1	22.7	25.2	24.6	37	100.6	38.8	59	67.4	106.2	168.4	120.9	834.9	69.6	12
2014	63.3	29	56	77.4	82.9	113	115.6	63.1	170.8	125.5	115.1	42.3	1054	87.8	12
2015	344.9	44.4	62.7	55.3	21.6	60.5	26.6	41.4	77.4	180.4	181.7	118.5	1215.4	101.3	12
2016	93.8	30.6	44.5	27.4	43.3	74.5	56.9	181.9	42.1	48.1	377.3	61.8	1082.2	90.2	12
2017	122.5	8	77.1	84.2	144.8	84.5	92.8	44.3	113.3	142.5	48.7	32.4	995.1	82.9	12
2018											81.4	139.1	220.5	110.2	2
2019	46.3	44.5	76.8	12.6	86	79.9	113.6	122.3	70.8	151.1	119.3	71.3	994.5	82.9	12
2020	39.6	48	20.4	26.4	97	97.5	38.3	38.3	98.6	133.2	274.7	60.1	972.1	81	12
2021	69.2	23.1	36.8	32.6	76.4	45.1	64.4	77	118.2	183.8	50.5	64.9	842	70.2	12
MÍNIMA	11.5	4.5	1.8	0.01	0.5	21.4	25.4	28.7	40.2	35	10.2	15.4	220.5	45	2
MÁXIMA	344.9	259.3	266.3	167.5	144.8	178.6	182.6	191.3	297.7	300	377.3	144.2	1215.4	110.2	12
MEDIA	81.5	60.6	43.4	46.6	55.4	71.3	68.4	83	105.9	114.7	110.1	71.6	866	77	11.3
DESV.ST	56.2	48.1	40.7	34	33.9	36.3	30.2	37.3	51	59.3	65.6	32.1	209.8	12.8	2.1

LLUVIA TOTAL MENSUAL
AÑO	ENE	FEB	MAR	ABR	MAY	JUN	JUL	AGO	SEP	OCT	NOV	DIC	ACUM	PROM	MESES
1968	265.64	130.22	63.94	53.61	176.3	303.1	329.8	355.3	552.21	595.12	143.12	188.81	3157.17	263.1	12
1969	248.3	88.5	142.4	25.2	171.2	148.8	341.2	597.2	642.4	376.3	326	76.2	3183.7	265.3	12
1970	249.7	74.2	51.3	72.5		406.3	514	703.9	554.6	375.6	218.7	71.8	3292.6	299.3	11
1971	91.12	23.01	250.92	94.7	52.8	298.81	388.9	558.5	341.9	170.62	390.81	168.95	2831.04	235.9	12
1972	277.7	111.7	36	49.5	100.6	610.6	237.7	368.8	399.8	256.9	180.3	157.21	2786.81	232.2	12
1973	147.4	206.1	7.4	112.9	208.1	260.6	230.7	720	255.8	685.3	140.8	168.1	3143.2	261.9	12
1974	129.5	191.8	36.1	257	77.7	379.9	224.2	357.4	610.6	469.9	370	86.5	3190.6	265.9	12
1975	162.4	86.8	34.4	21.5	52.6	274.4	302	364.4	614	643.3	439.5	109	3104.3	258.7	12
1976	339.2	191.4	101.3	74.31	65.9	239	243.2	494.7	191.3	479.9	474.02	310.1	3204.33	267	12
1977	145	267.3	84.8	55.7	8.1	273.3	184	279.4	255.1	210	282.1	257.3	2302.1	191.8	12
1978	262.9	184.5	173.1	22.2	194.6	428.3	478.9	419.3	563.9	535.5	414.2	210.91	3888.31	324	12
1979	296.51	152.5	87.9		293.8	473.5	253.6	281.7	613.1	262.6	218.6	538.7	3472.51	315.7	11
1980	108.7	271.1	131.7	78.6	45.1	243.3	467.5	438.5	375.5	621	411.4	194.4	3386.8	282.2	12
1981	50.4	484.1	119.8	120.5	137.9	589.7	338.21	484.9	784	409.5	153.4	189.11	3861.52	321.8	12
1982	104.4	226.7	59.7	120.3	241.4		265.9	343.7	615.3	335.7	284.8	320.8	2918.7	265.3	11
1983	184.4		37.9	50.5	72.4	142	113.5	319.1		390.1			1309.9	163.7	8
1987	98.65	63.52	120.11	32.91	57.6	611.2	616.2	323.5	323.74	223.4	210.74		2681.57	243.8	11
1988	280.2	192	109.8	91.6	48.8	228.31	457.6	461.81	570.8	780.1	363.9	233.1	3818.02	318.2	12
1989	324.31	319.7	125.6	205.5	137.6	218.4	214.8	159.91	758.6	386.3	622.8	419.4	3892.92	324.4	12
1990	394.2	191.11	203.1	222.32	134.4	180.8	319.01	201.6	457.3	542.21	426	387.9	3659.95	305	12
1991	423.8	426.5	52.4	0.01	71.5	205.4	161.81	189.31	288.3	452.1	556.3	245.91	3073.34	256.1	12
1992	320.3	154.1	59.7	48.5	120.2	373.4	245.3	502.3	534.9	332.71	541	132	3364.41	280.4	12
1993								271	389.9	1032.5	227.1	206	2126.5	425.3	5
1994	312.9	187.8	178.92	142.7	111.3	69.6	249.7	367.6	657.1	307.8	188.41	184.9	2958.73	246.6	12
1995	205.5	366.1	151.9	248.9	2.9	348.2	400	416.8	612.5	190.2	164.8	282.82	3390.62	282.6	12
1996	173.21	69.61	94.1	319.6	316.4	379.9	377.1	413.61	651.8	498.6	353.2	326.3	3973.43	331.1	12
1997	260	452.6	145.1	69.7	333.7	171.4	399.2	241.31	472.7	485.6	410.91	132	3574.22	297.9	12
1998	63.76	5.99	4.81	18.1	0.5	219.3	495.2	284.6	395.8	751.7	472.3	238.8	2950.86	245.9	12
1999	271.11	279.6	29.02	102.4	63.3	189.9	306.82	386.4	569.1	983.81	224.9	303.33	3709.69	309.1	12
2000										340.3	270.3	264	874.6	291.5	3
2001	94.8	662.3	17.4	127.8	300.6	56.1	295.3	354.5	618	563.4	190	410.9	3691.1	307.6	12
2002	260.6	553.6	119.9	55.2	83.7	295.2	219.2	183.9	231.9	117.4	460.3	214.3	2795.2	232.9	12
2003	192.7	88.8	77.7	51.6	212.1	133.4	219.8	387.3	511.9	350.8	652.3	271.1	3149.5	262.5	12
2004	293.6	316.2	120.1	111.9	334.9	176.6	198.4	321.5	460.3	193.7	323.3	295	3145.5	262.1	12
2005	29.5	179.6	48.3	19.7	197.5	328.4	419.9	304.3	495.6	150.6	241.2	359	2773.6	231.1	12
2006	292.71	124.21	84.41	38.3	107	590.2	382.11	455.71	380.3	574.8	394.5	300.5	3724.75	310.4	12
2007	626.7	201.1	99.8	91.8	28.9	83.3	226.4	403.8	464.1	1055	250.8	155.3	3687	307.2	12
2008	320.8	162	41.7	102	425.5	326	439.5	421.9	1001.5	321.9	138.3	156	3857.1	321.4	12
2009	250.9	101.8	47.9	61.8	106.3	199.9	247.3	600.2	493	477.69	608.1	221.6	3416.49	284.7	12
2010	230.8	90.5	80.4	92.1	131.6	383.8	255.5	768.7	605.2	215.2	389.3	93.6	3336.7	278.1	12
2011	216	198.4	494.5	38.5	120	170.4	468	305.1	603.3	635.5	370.9	265.9	3886.5	323.9	12
2012	292.2	214.7	54.4	110.6	266.1	298.4	220.9	513.6	484.2	335.2	16	313.2	3119.5	260	12
2013	345.9	67.6	93.2	54.2	195.7	430.7	285.8	379.5	369.1	523.7	709	723.3	4177.7	348.1	12
2014	265.5	84.4	197.8	268.4	405.4	436.6	339.2	339.2	807	502.21	397.11	119.81	4162.63	346.9	12
2015	891.3	174.7	296	58.4	45.3	222.8	104.2	208.8	450.4	510.8	505	559.6	4027.3	335.6	12
2016	342.8	110	116.2	65.8	121.5	368.8	302.5	465.6	230.2	145	770.4	142.1	3180.9	265.1	12
2017	224.1	22.1	107.8	181.1	272.2	289.1	285.2	226.4	816.9	798	127.5	96.4	3446.8	287.2	12
2018											457.4	229.81	687.21	343.6	2
2019	156.7	182.3	282.6	28.2	105.6	284.82	280.01	274.51	361.7	336	600.2	225.1	3117.74	259.8	12
2020	143.8	224.6	29	59.4	372	341	94	93.5	790.81	543.9	1226.6	255.41	4174.02	347.8	12
2021	264	46.6	140.8	50.8	224.92	175	243.8	330.1	603.1	681.4	171.4	142.9	3074.82	256.2	12
MÍNIMA	29.5	5.99	4.81	0.01	0.5	56.1	94	93.5	191.3	117.4	16	71.8	687.21	163.7	2
MÁXIMA	891.3	662.3	494.5	319.6	425.5	611.2	616.2	768.7	1001.5	1055	1226.6	723.3	4177.7	425.3	12
MEDIA	248.5	195.8	109.2	93.2	156.5	294.8	305.9	380.5	517.3	463.1	369.6	244	3210.1	285.2	11.3
DESV.ST	144.3	140.4	87.8	73.1	111.6	137.4	113.1	142.6	174.5	224.8	209.1	129.2	733.4	44.4	2.1

EVAPORACIÓN MENSUAL
AÑO	ENE	FEB	MAR	ABR	MAY	JUN	JUL	AGO	SEP	OCT	NOV	DIC	ACUM	PROM	MESES
1968	48.5	79.3	111.5	135.6	143	113.5	105.9	102.3	84.6	68.3	65.3	50.9	1108.7	92.4	12
1969	58.3	71.48	83.2	132.1	142.1	137.4	122.4	88.1	64.8	82.6	63	66.1	1111.58	92.6	12
1970	50.5	65.7	117.9	137.2		103	102.4	113.1	81.8	77.7	59.5	64.6	973.4	88.5	11
1971	70.11	112.7	106.74	144.08	144.47	131.65	105.75	120.01	111.11	102.64	75.13	60.55	1284.94	107.1	12
1972	77	93.9	148.1	156.2	139.8	110.3	113.6	111.7	109.2	98.9	63.3	65.5	1287.5	107.3	12
1973	57.1	54.4	159.7	121.8	126.1	132.8	110.2	105	113.4	76.9	76.8	60.6	1194.8	99.6	12
1974	77.7	70	126.7	128.7	174.3	96.9	117.8	105.4	83.9	57	50.2	50.8	1139.4	95	12
1975	60	86.4	130.9	156.5	165.5	129.9	118.3	122.3	100.9	76.9	50.3	55	1252.9	104.4	12
1976	45.9	77.4	136.3	124	131.3	115.9	123.2	116.4	109.8	70.8	39.6	21.3	1111.9	92.7	12
1977	45.8	54.4	130	108.7	160.3	125.7	128.1	143.5	117.2	93.5	70.2	54.6	1232	102.7	12
1978	58.3	70.3	106.7	146.3	185	129.9	138.7	127.8	107.7	95.8	74.5	69.6	1310.6	109.2	12
1979	71	69.6	113.5		153.3	102.6	132.5	110.8	78.7	86.9	41.5	37.5	997.9	90.7	11
1980	63.3	64.6	118.1	114.4	182.8	107	132.9	120.5	85.9	73.9	35.7	40.3	1139.4	95	12
1981	56.4	45.6	102.6	133.9	162.1	111.4	118.4	114.3	84.2	90	67.9	60.6	1147.4	95.6	12
1982	82.9	59.8	126.6	128.2	141.2		134.3	120.2	88.2	96.2	65.4	56.2	1099.2	99.9	11
1983	66.7		136	148.8	146.2	145.5	122.3	140.5		83			989	123.6	8
1987	56.57	80.7	115.49	102.45	125.84	111.02	87.06	107.8	107.07	76.27	60.19		1030.46	93.7	11
1988	45.98	70.23	105.15	146.42	172	148.2	144.6	137.7	141.1	88	109	75	1383.38	115.3	12
1989	89.7	121.7	169.9	159.2	187.2	165.9	157.9	140	96.7	105	88.9	57.2	1539.3	128.3	12
1990	74.57	98.21	141.91	169.18	198.5	147.89	152.54	155.15	122.08	120.16	85.19	79.84	1545.22	128.8	12
1991	101.93	101.87	198.13	228.72	189.8	151.2	127.42	137.38	102.09	95.27	77.02	58.52	1569.35	130.8	12
1992	50.67	72.15	103.8	120.42	129.25	135.77	111.26	159.4	127.66	108.77	91.67	84.21	1295.03	107.9	12
1993								129.33	137	138.05	100.04	86.49	590.91	118.2	5
1994	76.54	90.62	161.04	158.48	171.64	182.87	186.07	138.2	124.69	134	110.38	81.9	1616.43	134.7	12
1995	88.37	105.25	161.69	167.03	231.08	163.15	151.23	142.67	112.39	99.22	92.43	82.13	1596.64	133.1	12
1996	89.69	124.26	141.87	162.19	187.2	143.57	153.44	141.57	154.36	102.15	86.34	79.89	1566.53	130.5	12
1997	98.8	110.88	141.47	168.08	144.06	158.17	150.37	149.14	133.38	114.73	98.18	87.83	1555.09	129.6	12
1998	72.6	162.79	209.31	189.53	225.41	226.2	156.34	166.66	171.89	116.67	104.07	85.92	1887.39	157.3	12
1999	96.49	104.87	155.35	214.7	234.68	174.46	167.1	153.77	140.89	124.86	72.93	93.28	1733.38	144.4	12
2000										103.45	102	86.4	291.85	97.3	3
2001	84.47	104.73	212.92	197.7	158.53	165.92	165.46	141.24	91.56	94.23	90.8	73.08	1580.64	131.7	12
2002	66.78	75.59	121.18	161.17	182.67	145.17	139.74	136.76	115.17	119.3	83.01	75.79	1422.33	118.5	12
2003	62.26	104.05	202.41	179.78	205.88	161.26	130.12	128.74	139.23	93.02	75.69	71.6	1554.04	129.5	12
2004	84.39	102.87	112.81	186.05	145	141.64	133.41	130.11	121.68	110.61	103.08	67.2	1438.85	119.9	12
2005	107.66	95.53	179.09	173.57	176.92	149.11	134.58	110.62	94.56	84.94	68.69	64.13	1439.4	120	12
2006	81.28	75.83	160.92	182.73	154.34	110.37	117.54	112.79	123.82	116.79	68.83	62.83	1368.07	114	12
2007	81.45	85.93	129.64	164.83	176.35	161.07	155.29	92.52	108.66	102.62	66.49	80.45	1405.3	117.1	12
2008	80.6	94.68	139.53	166.59	182.09	87.87	115.83	135.15	85.84	62.45	105.79	84	1340.42	111.7	12
2009	89.09	102.74	167.27	180.73	184	136.86	137.3	108.53	108.04	119.2	61.47	72.18	1467.41	122.3	12
2010	63.3	64.45	123.71	158.09	176.65	130.81	114.73	94.69	95.52	99.91	94.32	75.32	1291.5	107.6	12
2011	70.98	83.9	145.84	188.96	184.84	139.46	95.4	127	90.92	68.97	77.41	71.84	1345.52	112.1	12
2012	75.88	81.11	139.63	172.18	139.92	121.7	125.78						856.2	122.3	7
2018											79.81	86	165.81	82.9	2
2019	65.51	109.88	112.46	181.71	232.64	173.14	159.34	161.73	110.51	113.02	71.35	73.44	1564.73	130.4	12
2020	70.18	106.59	175.16	212.88	152.49	122.96	167.89	170.1	85.93	82	70.04	67.07	1483.29	123.6	12
2021	67.39	108.53	165.44	192.32	179.65	156.65	138.14	121.95	102.88	97.19	59.16	85.71	1475.01	122.9	12
MÍNIMA	45.8	45.6	83.2	102.45	125.84	87.87	87.06	88.1	64.8	57	35.7	21.3	165.81	82.9	2
MÁXIMA	107.66	162.79	212.92	228.72	234.68	226.2	186.07	170.1	171.89	138.05	110.38	93.28	1887.39	157.3	12
MEDIA	71.7	88.5	140.6	159.6	169.7	138.2	132.6	127.7	108.7	96	76.2	68.9	1277.8	113.8	11.2
DESV.ST	15.9	22.8	30.8	29.4	28.9	26.9	21.6	20.2	22.3	19	18.9	15.2	334	16.5	2.3

TEMPERATURA MÁXIMA PROMEDIO
AÑO	ENE	FEB	MAR	ABR	MAY	JUN	JUL	AGO	SEP	OCT	NOV	DIC	ACUM	PROM	MESES
1968	25.3	26.8	28.1	33.7	34.7	33.6	31.5	31.8	31.7	29.9	29.4	26.8		30.3	12
1969	26.5	29.6	28.5	33.9	33.5	33.5	31.6	31	29.6	30.5	26.5	27.2		30.2	12
1970	25.7	25.8	30.5	34.3		31.5	30.3	31.7	29.7	29.5	25.9	26.8		29.2	11
1971	27	30	29.6	32.2	34.5	32.2	30.8	30.4	31.5	29.9	28.2	27.7		30.3	12
1972	27.5	27.9	32.6	34.1	34	31.3	30.7	30.8	30.9	30.8	29.3	27		30.6	12
1973	26.5	25.9	34.3	32.6	33.5	33.4	32.1	30.2	32	29	29.8	26.9		30.5	12
1974	27.8	27.4	31.4	31.5	35.3	31.7	31.1	31.4	30.9	28	27.4	26.4		30	12
1975	26.2	29.1	32.7	34.9	37.6	33.6	31.9	31.9	30.2	29.6	28.2	26.8		31.1	12
1976	24.3	26.2	31.3	30.7	33.1	31.9	31.4	30.4	31.5	29.1	25.3	23.4		29	12
1977	25.2	25	31.3	29.9	34	31.7	31	31.6	31.8	29.8	28.5	27.3		29.8	12
1978	26.1	26.7	29.2	32.5	36.5	31.9	31.3	31.7	31.7	29	28.9	28.2		30.3	12
1979	26.8	26.7	29.2		33.4	30.4	32.1	30.3	29.6	29.6	25.9	24.1		28.9	11
1980	26.7	26.3	30.4	30.2	35.7	31	31.6	32.1	30.9	29.3	26.1	25.2		29.6	12
1981	25.3	26	30.2	32.9	36	33.5	32.1	32.2	31.4	31.4	28.6	28.6		30.7	12
1982	29.9	29.1	31.9	35	34.3		31.7	31.5	30.4	29.1	28.1	27.1		30.7	11
1983	25.3		31.1	35.3	35.2	35.5	32.7	32.1		30				32.1	8
1987	27.5	28.9	34.3	29.6	34.8	33.7	32.5	33.3	33.3	29.8	30			31.6	11
1988	28.3	29.6	31.8	35.4	34.6	33.3	32.2	32.2	31.7	28.1	29.8	26.3		31.1	12
1989	27.6	28.3	29.7	32.6	34.7	34.2	33	32.8	30.6	29.1	29.4	25.1		30.6	12
1990	26.5	28.4	30	33.8	35.1	33.1	32.7	32.8	31.5	29.9	27.8	26.7		30.7	12
1991	29	25.5	32.8	36.4	36.3	34.5	32.5	32.9	30.9	29.5	26.6	25.9		31.1	12
1992	26	28.8	31.2	33	33.1	33.8	32.9	31.5	30.9	29.9	29.4	28.5		30.8	12
1993								31.9	31.8	29.5	28.4	27.2		29.8	5
1994	26	27.7	30.2	33	33.7	35.1	33.4	32.4	31.2	31.5	30.3	27.8		31	12
1995	27.3	28.5	31.5	33.4	37.6	34.2	32.6	32.9	30.6	29.6	29.4	26.6		31.2	12
1996	25.7	29	29.4	32.7	34.1	32.9	32.5	32.1	32.5	29.9	27.8	26.8		30.4	12
1997	27.3	27.8	31.4	33.6	32.7	33.9	32.3	32.8	31.1	29.6	27.8	27.7		30.7	12
1998	28.1	31.5	33	34.8	36.9	37.8	33	32.5	33.2	29.7	29.5	26.5		32.2	12
1999	27.7	28.2	30.9	36.2	36.9	34.9	32.6	33	31.3	28.4	26.4	27		31.1	12
2000										29.5	30.2	26.2		28.6	3
2001	27.2	27.7	32.4	34.4	33.6	34.7	33.7	33	31.6	30.1	29.5	27.1		31.2	12
2002	26.8	24.9	30.8	34.4	35.2	34.1	33.6	33.5	32.8	32.3	27.8	26.8		31.1	12
2003	24.8	30	33.4	34.8	37.4	34.2	32.8	32.6	32.6	30.6	28.7	25.1		31.4	12
2004	26.9	27.8	30.1	32.9	31.9	33.6	33	33.3	32.4	32	29.1	26.8		30.8	12
2005	27.8	28.4	33.9	33.6	34	34.8	33	32.3	31.6	29.9	28	27.1		31.2	12
2006	27.4	27.7	31.4	34.6	35.1	31.7	32.3	32	32.4	31.3	28.8	26.6		30.9	12
2007	25.3	28.2	30.7	33.2	35.4	35.2	34.3	32.1	31.4	28.5	28	28.6		30.9	12
2008	27	30	30.9	34.3	35.7	31.6	32.3	33.6	30.7	28.5	28.4	27.2		30.9	12
2009	26.9	28.3	30.5	34.1	35.3	34.3	33.2	32.8	32.5	32.8	26.8	27.5		31.2	12
2010	24.4	26.2	28.7	33.8	35.6	33.6	32.7	31.4	31.3	29.5	28.5	25.9		30.1	12
2011	26.7	26.9	30.8	35	35.9	34.1	31.6	32.8	31	28.1	27.9	26.2		30.6	12
2012	26.9	27.9	30.9	33.6	34.1	32.9	32.2	31.9	31.1	29.7	28.4	28.5		30.7	12
2013	26.1	29.4	29	34	33.1	32.7	31.8	31.4	31.7	29.7	26.5	25.6		30.1	12
2014	23.6	28.2	30.3	32.6	30.5	31.4	32	32.3	31.1	29.7	27.2	27.1		29.7	12
2015	24.3	26.5	27.6	35.2	34	32.6	33.4	33.6	32.4	30.9	29	27.8		30.6	12
2016	25.1	25.9	31.9	33.4	36.3	34.1	33.2	33	31.8	30.4	28.6	28.6		31	12
2017	28.4	31.4	31.6	34.6	35.5	33.7	32.6	33.3	31.9	29.6	28.8	27		31.5	12
2018	23.7	30.4	32.2	32.8	35	35.2	34.3	32.9	33	31.3	28	28.2		31.4	12
2019	26.2	30.4	28.9	33.3	38.4	35.1	33.4	34.1	32.4	31.6	27.5	27		31.5	12
2020	27.1	28.8	32.1	37.3	35.1	32	33.1	33.4	31.3	29.6	27.6	25.7		31.1	12
2021	26.2	29	30.4	34.6	34.2	34.2	33.4	33.6	33.4	32.1	28.1	30.8		31.7	12
2022	27.4	26.4	29.3	34.1	35.6	32.3	33.1	33.5	30.8	30.2	28.8	28.1		30.8	12
2023	30.7	29.2	34.5	35.8	36	38.2	33.7	33.9	33.9	32.7	28.6	28.2		33	12
MÍNIMA	23.6	24.9	27.6	29.6	30.5	30.4	30.3	30.2	29.6	28	25.3	23.4		28.6	3
MÁXIMA	30.7	31.5	34.5	37.3	38.4	38.2	34.3	34.1	33.9	32.8	30.3	30.8		33	12
MEDIA	26.6	28	31	33.7	34.9	33.5	32.4	32.3	31.6	30	28.2	27		30.7	11.5
DESV.ST	1.4	1.6	1.6	1.6	1.5	1.6	0.9	1	1	1.1	1.2	1.2		0.8	1.6

TEMPERATURA MÁXIMA EXTREMA
AÑO	ENE	FEB	MAR	ABR	MAY	JUN	JUL	AGO	SEP	OCT	NOV	DIC	ACUM	PROM	MESES
1968	29	35	37.5	39	39.5	37.5	34	36	36	32.5	34.5	34		35.4	12
1969	32.5	35	38	40.5	41.5	37.5	34	34.5	31.5	35.5	31.5	35.5		35.6	12
1970	33	36.5	38.5	40		37	32	35	34	34.5	33	29.5		34.8	11
1971	35.5	37.5	38.5	41.5	39.5	35.5	33.5	34	36	32	33	31.5		35.7	12
1972	31	34.5	39.5	40	37	34	33	32.5	32	36	34	32		34.6	12
1973	34.5	34.5	42	42	39	36.5	34	32	36	34	35.5	33.5		36.1	12
1974	33.5	37	38	40	40.5	38	33	33	36	34.5	32.5	30		35.5	12
1975	34	36.5	40	40.5	42	38.5	36	35	35	35.5	31.5	33		36.5	12
1976	34	35.5	36.5	37	40.5	39	32.5	32	36.5	35	31	32		35.1	12
1977	34.5	37	40	41	37.5	34	33	33.5	36.5	33.5	35	35		35.9	12
1978	35	38	38	41	43	39	33.5	36.5	37	31.5	35.5	35.5		37	12
1979	38	35.5	38.5		40	38.5	36.5	32.5	35	36.5	34.5	29.5		35.9	11
1980	34	36	39.5	40	40	34	33	37.5	34	35	33.5	38		36.2	12
1981	34	36	39	40	41	38	35	35	36.5	35	32.5	35		36.4	12
1982	35	33	39	41	40		33	33	35	36.5	35.5	35		36	11
1983	30		40	41	41	39	35	35.5		35.5				37.1	8
1987	36.5	38	39	40	41	36.5	35	37	36	37	36			37.5	11
1988	36	37	38.5	43	41	40.5	36.5	35.5	35	31.5	35.5	31		36.8	12
1989	31	36	37	40	39.5	40.5	36	36	36	33.5	35	32		36	12
1990	33	36	38	39.5	41	38.5	39	38.5	33.5	34.5	33	35		36.6	12
1991	36	32	39	41.5	41	43	34	35.5	34.5	35	33	32.5		36.4	12
1992	34	35	37.5	39.5	35.5	36.5	36	34	33.5	32.5	35	35		35.3	12
1993								34.5	39	35	34.5	32.5		35.1	5
1994	32.5	35.5	38	38.5	38	40	37	35	35	36	36	30.5		36	12
1995	35	36	40	40	41	40	37	35	33	35	35	34		36.8	12
1996	33.5	36.5	38	41	42	36	37	35	37	35	34	32		36.4	12
1997	38	36	40	40	40	38	37	35	34.5	37.5	35	35		37.2	12
1998	35	38.5	40	43	43	42	38.5	36	37	35	38	34.5		38.4	12
1999	35	32	35.5	40.5	41	38	36	35	38	34	32	35		36	12
2000										33	35	32		33.3	3
2001	36	34.5	40	39	37.5	39	38	35.5	36	35	35	32.5		36.5	12
2002	34	32	38	37.5	40.5	38	36	37	37.5	36	35.5	34.5		36.4	12
2003	30	37	39.5	40.5	42	39	36.5	35	35	34.5	35	33		36.4	12
2004	33.5	35.5	37	41	39	38	35.5	36.5	35	35.5	36	35.5		36.5	12
2005	34	36.5	40.5	41	39.5	41	36	38	34.5	35	34.5	34		37	12
2006	33.5	34.5	37	39.5	41	35	35.5	35	36.5	37	35	33.5		36.1	12
2007	33	36	38	40.5	39.5	39	36.5	36	35	34	33	33		36.1	12
2008	35	36	37	40.5	42	35.5	38	37	37	33.5	34	32.5		36.5	12
2009	34	34	39	40	40	37.5	37	38	36	37	32.5	34.5		36.6	12
2010	36	36.5	36.5	41	39	39	38	35	35.5	35.5	34.5	35.5		36.8	12
2011	34.5	35	37.5	39	40	38.5	33.5	36.5	37	32.5	34	31		35.8	12
2012	34	37	37	39	39.5	37.5	34.5	35	34	34	30	35		35.5	12
2013	35	36.5	38.5	42.5	39.5	34	35.5	34	35	33.5	32	33.5		35.8	12
2014	31.5	33.5	37	39	37	34	36.5	35	36	35	35.5	32		35.2	12
2015	32	35	37	41.5	37.5	35.5	36	38	36.5	35.5	33	34		36	12
2016	33	35	38.5	41.5	41	38	37.5	38.5	36	34.5	36.5	35		37.1	12
2017	36.5	37	40	42	40	40	37	36	36.5	37.5	32	37.5		37.7	12
2018	33.5	34.5	39.5	39	40	40	40	36	37	35.5	37.5	34		37.2	12
2019	32.5	37.5	38	40	41	41.5	36.5	37.5	36.5	36.5	33	34		37	12
2020	33	36.5	38	42	42.5	40	39	39	36.5	33	33	32.5		37.1	12
2021	36	36	36.5	41	39.5	39.5	37	37	39	38	32	36		37.3	12
2022	36.5	35.5	38	41	41.5	37	35	37	36	37	35.5	34		37	12
2023	36.5	35.5	39	40	41	42	37	37.5	35.5	37.5	35	35		37.6	12
MÍNIMA	29	32	35.5	37	35.5	34	32	32	31.5	31.5	30	29.5		33.3	3
MÁXIMA	38	38.5	42	43	43	43	40	39	39	38	38	38		38.4	12
MEDIA	34	35.7	38.4	40.4	40.1	38.1	35.7	35.6	35.7	34.9	34.1	33.6		36.3	11.5
DESV.ST	1.9	1.5	1.3	1.2	1.6	2.2	1.9	1.7	1.5	1.6	1.7	1.9		0.9	1.6

TEMPERATURA MÍNIMA PROMEDIO
AÑO	ENE	FEB	MAR	ABR	MAY	JUN	JUL	AGO	SEP	OCT	NOV	DIC	ACUM	PROM	MESES
1968	18.5	16.7	17.7	20.8	21.8	22.2	21.7	22	22.3	21.1	19	18.4		20.2	12
1969	17.9	19.2	19.2	21.6	22	22.3	22.5	22.2	22	21.5	19.1	17.9		20.6	12
1970	17.3	16.7	18.2	21.5		22	22.2	22	21.9	21.8	18	19		20.1	11
1971	18	17.1	19	18.7	22.5	21.4	21.1	21.4	22.3	21.1	19.8	20.1		20.2	12
1972	18.9	17.1	20.5	21.2	21.9	22.2	21.2	21.4	21.4	21.6	21.1	18.2		20.6	12
1973	17.7	17.4	20.9	21.4	22.1	22	22	21.8	22	20.9	20.5	15.5		20.4	12
1974	19.3	16.9	20.2	20.8	21.8	22	21.1	21.5	21.5	19.7	19.4	18.2		20.2	12
1975	17.8	17.5	20.2	22.3	23.5	21.8	21.2	21.6	21.1	20.5	19.4	17.7		20.4	12
1976	15.4	16	19.7	20.7	21.7	21.5	21.6	21.2	21.7	20.6	18.3	16.7		19.6	12
1977	17	17.1	19.3	20.3	21.9	21.9	21.3	22.1	22	21.3	19.1	19.1		20.2	12
1978	16.5	16.6	17.8	20.8	23.6	21.7	21.8	21.5	21.9	20.6	20.9	19		20.2	12
1979	16.7	17.5	20.4		22.9	22.7	22.9	22.2	22.2	22.1	20.2	19.1		20.8	11
1980	19.1	18.7	20.5	21	24.3	22.7	23	23.1	22.9	21.9	19.2	17.7		21.2	12
1981	17.2	18.4	20.6	22.1	23.3	23.2	22.3	22.8	22.4	22.5	19.8	20		21.2	12
1982	18.9	20	20.5	23.6	22.2		22.3	22.2	22.1	21.9	21.2	19.4		21.3	11
1983	17.7		18.8	21.1	23.5	23.5	22.5	22.6		22				21.5	8
1987	16.2	19.3	19.1	20.4	23.5	23.7	23.1	23.5	23.6	19.6	20			21.1	11
1988	18.2	19.3	20.4	22.3	23.2	23.7	23.1	23.3	23.1	21.2	21.5	19.1		21.5	12
1989	20.3	19	18.9	22.1	23.8	23.7	23.3	23.1	22.5	21.3	21.7	17.6		21.4	12
1990	19.7	19.8	20.5	23	24.3	23	22.8	22.7	22.4	22	20.7	18.5		21.6	12
1991	20.2	18.4	21.7	24.4	24.5	24.3	22.9	22.8	22.6	22.1	19.5	20.1		22	12
1992	18.8	19	21.6	23.4	22.8	24.1	23.6	22.7	22.4	22	20.8	19.9		21.8	12
1993								22.4	22.5	21.8	20.1	19.4		21.2	5
1994	18	18.8	19.6	22.2	23.6	23.2	22.6	22.6	22.4	22.8	21.3	20.3		21.4	12
1995	19	18.7	20.1	23.3	25.1	23.7	22.5	23.2	22.5	21.2	21.3	19.9		21.7	12
1996	17.7	18.6	18.5	21.2	22.3	22.7	22.6	22.3	23.1	22.1	20.4	19.6		20.9	12
1997	19	19.4	20.9	22.6	23	23.4	22.8	22.6	22.6	21.9	21.4	17.9		21.5	12
1998	19.4	19.1	20	22.4	23.9	25.2	22.8	23	23.9	22.5	21.9	19.2		21.9	12
1999	18.1	18.9	20.1	23.1	23.7	22.9	22.4	22.7	22.8	21	19.1	18.5		21.1	12
2000										21.8	21.9	19.1		20.9	3
2001	18.2	19.9	20.3	22.2	22.8	23.6	22.8	23.2	23.3	22.3	20.6	20.3		21.6	12
2002	19	17.9	19.9	22.7	23.5	23.4	23.4	22.9	23.7	23.3	19.9	19.1		21.6	12
2003	17.8	19.9	22.4	22.1	24.9	24.1	23.3	22.9	23.6	22.6	20.9	17.3		21.8	12
2004	19	19.2	21.1	22.3	23.3	23.7	23.5	24	23.2	23.5	21	19.4		21.9	12
2005	18.9	20	21.4	22.1	23.6	24.1	23.8	24	23.6	22.4	20.8	20.4		22.1	12
2006	19.8	19.1	21.8	23.5	23.8	23	23.5	23.5	23.7	23.6	20.8	20.1		22.2	12
2007	19.2	19.6	21.3	22.5	23.4	23.9	23.8	23.4	23.4	21.4	20.6	20.5		21.9	12
2008	19.3	21	20.2	22.8	24.4	23.1	23.2	23.9	23.4	21.9	18.7	18.9		21.7	12
2009	18.9	19.5	20.5	22.7	23.9	24.2	23.7	22.9	24.1	23.8	19.9	20.4		22	12
2010	17.9	18.5	19.3	23.3	24.4	24.4	24.2	23.6	23.7	21.7	20.7	17.9		21.6	12
2011	19.1	19.4	21.4	24.6	24.6	24.1	23.5	24.2	23.6	21.5	21	19.8		22.2	12
2012	20	20.7	21.6	21.9	23.9	24.2	23.6	24	23.5	22.8	19.7	20.6		22.2	12
2013	19.6	20.9	19.8	23.3	23.7	23.9	23.5	23.3	24	23.3	21.2	20		22.2	12
2014	17.8	20.6	21.7	23.1	22.9	23.8	23.6	23.6	23.5	22.9	19.8	20		21.9	12
2015	19	19.1	20.5	24.8	24.1	23.8	23.9	24	24	23.3	23.1	21.8		22.6	12
2016	19.1	18.7	22.9	24	25.1	24.1	24.2	24.2	24	23.3	21.7	21.9		22.8	12
2017	20.2	21.6	21.8	23.6	24.8	24.4	24	24.5	24.4	22.9	21.4	20.2		22.8	12
2018	18	21.3	22.4	23.1	23.5	24.5	23.7	23.3	24	23.9	21.6	20.7		22.5	12
2019	19.6	21.7	21.2	22.6	26.3	25.1	24	24.5	23.8	23.8	21.4	20.2		22.9	12
2020	20.8	20.8	22.3	25.8	25	24.9	24.8	24.8	24.1	23.3	21.8	19.8		23.2	12
2021	20.6	20.5	22.6	24.2	24.9	24.7	23.9	23.9	24	23.8	20.8	21.7		23	12
2022	20	19.1	21.4	23.4	25.1	23.1	24.2	23.9	23.6	22.9	22.6	21		22.5	12
2023	21.3	20.7	23	24.1	24.8	25.5	24	24.6	24.3	23.9	21.7	20.5		23.2	12
MÍNIMA	15.4	16	17.7	18.7	21.7	21.4	21.1	21.2	21.1	19.6	18	15.5		19.6	3
MÁXIMA	21.3	21.7	23	25.8	26.3	25.5	24.8	24.8	24.4	23.9	23.1	21.9		23.2	12
MEDIA	18.7	19	20.5	22.5	23.6	23.4	23	23	23	22.1	20.5	19.4		21.5	11.5
DESV.ST	1.2	1.4	1.3	1.3	1.1	1	0.9	0.9	0.9	1.1	1.1	1.3		0.9	1.6

TEMPERATURA MÍNIMA EXTREMA
AÑO	ENE	FEB	MAR	ABR	MAY	JUN	JUL	AGO	SEP	OCT	NOV	DIC	ACUM	PROM	MESES
1968	13	12.5	11.5	19	19.5	20	20.5	20	21	15.5	13.5	14		16.7	12
1969	15	16	17	18.5	18.5	19.5	21.5	21	20.5	19	15	15		18	12
1970	13	11	12.5	19		20	20	20.5	20	18.5	14.5	15.5		16.8	11
1971	13	10	14.5	12.5	19.5	17.5	20	20	21	17.5	16	18		16.6	12
1972	15	11	18	19	13	20	18	17.5	18	19	17.5	12		16.5	12
1973	12.5	13	16	18	19	20.5	20	20.5	21	19	16.5	11.5		17.3	12
1974	15	12	14	17	19	19.5	20	20.5	18.5	16	14.5	13		16.6	12
1975	12	13	17.5	18	20.5	20	19.5	20	18	16	15	14		17	12
1976	11	12	16	16	18	20	20	20	20	17.5	15	14.5		16.7	12
1977	13.5	14	16	15	20	19.5	19	20.5	21	15	14	15		16.9	12
1978	11.5	11	14	17	20	14.5	20.5	18.5	19.5	16	17.5	15		16.2	12
1979	13	15	17		19.5	20	20.5	20.5	19.5	20	17	16		18	11
1980	14.5	16.5	15	17.5	21.5	17	21.5	21	21.5	17	16	14		17.8	12
1981	13	15	15.5	20	20.5	21.5	20	21	21	20	16.5	17.5		18.5	12
1982	14.5	16	16.5	20.5	18		20	21	20.5	18.5	16.5	15.5		18	11
1983	14		15	17.5	21.5	20	20	20.5		20				18.6	8
1987	12	15	13	15	20	21.5	21	21.5	21	14	15			17.2	11
1988	11	15.5	18	15	21	22	22	22	22	19	18	17		18.5	12
1989	18.5	12	10.5	19	21	21.5	21	21.5	20	18	18	12		17.8	12
1990	17.5	16	15.5	20.5	21	21.5	21	21.5	18	19	18	14		18.6	12
1991	17	16	14	18	22	22	21.5	18	21.5	20	16.5	17		18.6	12
1992	16	16	19	18.5	18	21	22	21.5	21	18.5	15.5	17		18.7	12
1993								21	21	18	17	15		18.4	5
1994	14	16	15	18.5	21	21	21	21	20.5	20	19	17		18.7	12
1995	16	15.5	14.5	20	21	22	21	22.5	21.5	18.5	18.5	18		19.1	12
1996	14	12	13.5	17.5	18.5	18	21.5	21	21.5	20	16	14		17.3	12
1997	15	16	18	19	20	21	21	21.5	21.5	17	18.5	12		18.4	12
1998	14	12	15	18	20	22	21.5	21	20	20	19.5	15		18.2	12
1999	15	14.5	14.5	20	21	21.5	20.5	21.5	21.5	18	17.5	15		18.4	12
2000										19	18.5	15		17.5	3
2001	14	16	15	20	21	21	20	21.5	22	20	18	17		18.8	12
2002	14.5	14	15	20	20.5	22	21.5	19.5	22	21.5	15.5	16		18.5	12
2003	15	17	15	14.5	22	22.5	21	21	22	21	16	15		18.5	12
2004	16.5	15.5	18.5	18.5	18.5	22	21.5	22	22	21.5	17	15		19	12
2005	14.5	15	19	15.5	21	22	22	22.5	22	19	16	18		18.9	12
2006	14.5	14	18	19.5	20	21	22	22	21.5	20	15	14.5		18.5	12
2007	16.5	16.5	17	20	21	22	22.5	22	22	12.5	16.5	17.5		18.8	12
2008	14	16.5	15	18.5	20	22	21.5	22	21.5	17.5	15	15		18.2	12
2009	15	15.5	15.5	18.5	20.5	22	21	20	23	19	17.5	15		18.5	12
2010	12.5	14.5	14.5	20	21.5	23	23	23	21	20	17	15.5		18.8	12
2011	15	16.5	18	22	20	22	22.5	23	21	18	15.5	16		19.1	12
2012	16	17.5	18	18.5	22	22.5	22.5	23	22.5	20.5	17	17.5		19.8	12
2013	16	16	14.5	18	19.5	22.5	22	22	19.5	21	17	17.5		18.8	12
2014	14.5	18	17	18	20	23	22	22	22.5	20	17.5	17		19.3	12
2015	16	17.5	14	20	21	21.5	22.5	22	22.5	20	20	18.5		19.6	12
2016	14.5	14.5	19	20.5	20	23	23	22.5	23	21.5	18.5	18.5		19.9	12
2017	16	16	18	21.5	19.5	23	23	22.5	22.5	20	18	15		19.6	12
2018	15	17.5	21	18.5	21	22.5	21.5	22	23	22.5	15	16		19.6	12
2019	13.5	18	17.5	19	23.5	22	22.5	22.5	21	21	18.5	15		19.5	12
2020	17.5	16.5	17	22.5	21.5	23	22	22	22.5	19.5	19.5	16.5		20	12
2021	17	16	20	20	22	23	22	22	23	20	18.5	18		20.1	12
2022	16.5	15	17	19	22.5	19	22	22	21.5	20.5	19.5	16		19.2	12
2023	18	16	17	22	20	22.5	23	23	22.5	20	18	16		19.8	12
MÍNIMA	11	10	10.5	12.5	13	14.5	18	17.5	18	12.5	13.5	11.5		16.2	3
MÁXIMA	18.5	18	21	22.5	23.5	23	23	23	23	22.5	20	18.5		20.1	12
MEDIA	14.6	14.9	16	18.6	20.2	21.1	21.2	21.2	21.1	18.9	16.9	15.6		18.3	11.5
DESV.ST	1.8	2	2.1	2	1.6	1.7	1.1	1.2	1.3	2	1.6	1.7		1	1.6

TEMPERATURA MEDIA MENSUAL
AÑO	ENE	FEB	MAR	ABR	MAY	JUN	JUL	AGO	SEP	OCT	NOV	DIC	ACUM	PROM	MESES
1968	21.9	21.8	22.9	27.2	28.2	27.9	26.6	26.9	27	25.5	24.2	22.6		25.2	12
1969	22.2	24.4	23.9	27.8	27.8	27.9	27	26.6	25.8	26	22.8	22.5		25.4	12
1970	21.5	21.2	24.4	27.9		26.8	26.2	26.9	25.8	25.6	22	22.9		24.7	11
1971	22.5	23.6	24.3	25.5	28.5	26.8	26	25.9	26.9	25.5	24	23.9		25.3	12
1972	23.2	22.5	26.6	27.6	28	26.8	26	26.1	26.1	26.2	25.2	22.6		25.6	12
1973	22.1	21.6	27.6	27	27.8	27.7	27	26	27	25	25.1	21.2		25.4	12
1974	23.6	22.1	25.8	26.1	28.5	26.9	26.1	26.4	26.2	23.9	23.4	22.3		25.1	12
1975	22	23.3	26.5	28.6	30.6	27.7	26.5	26.8	25.6	25	23.8	22.2		25.7	12
1976	19.9	21.1	25.5	25.7	27.4	26.7	26.5	25.8	26.6	24.9	21.8	20		24.3	12
1977	21.1	21	25.3	25.1	28	26.8	26.1	26.9	26.9	25.6	23.8	23.2		25	12
1978	21.3	21.6	23.5	26.6	30	26.8	26.6	26.6	26.8	24.8	24.9	23.6		25.3	12
1979	21.8	22.1	24.8		28.1	26.5	27.5	26.2	25.9	25.9	23	21.6		24.9	11
1980	22.9	22.5	25.4	25.6	30	26.9	27.3	27.6	26.9	25.6	22.6	21.4		25.4	12
1981	21.2	22.2	25.4	27.5	29.6	28.4	27.2	27.5	26.9	27	24.2	24.3		26	12
1982	24.4	24.6	26.2	29.3	28.2		27	26.9	26.2	25.5	24.6	23.2		26	11
1983	21.5		25	28.2	29.4	29.5	27.6	27.4		26				26.8	8
1987	21.9	24.1	26.7	25	29.1	28.7	27.8	28.4	28.4	24.7	25			26.3	11
1988	23.2	24.5	26.1	28.9	28.9	28.5	27.7	27.8	27.4	24.6	25.6	22.7		26.3	12
1989	24	23.6	24.3	27.4	29.2	29	28.1	28	26.6	25.2	25.5	21.4		26	12
1990	23.1	24.1	25.2	28.4	29.7	28	27.8	27.8	27	26	24.2	22.6		26.2	12
1991	24.6	22	27.2	30.4	30.4	29.4	27.7	27.9	26.8	25.8	23	23		26.5	12
1992	22.4	23.9	26.4	28.2	28	29	28.2	27.1	26.6	26	25.1	24.2		26.3	12
1993								27.1	27.1	25.6	24.2	23.3		25.5	5
1994	22	23.2	24.9	27.6	28.7	29.1	28	27.5	26.8	27.1	25.8	24		26.2	12
1995	23.1	23.6	25.8	28.4	31.4	29	27.6	28	26.6	25.4	25.4	23.2		26.5	12
1996	21.7	23.8	24	27	28.2	27.8	27.6	27.2	27.8	26	24.1	23.2		25.7	12
1997	23.1	23.6	26.1	28.1	27.9	28.6	27.5	27.7	26.9	25.8	24.6	22.8		26.1	12
1998	23.8	25.3	26.5	28.6	30.4	31.5	27.9	27.8	28.6	26.1	25.7	22.9		27.1	12
1999	22.9	23.5	25.5	29.7	30.3	28.9	27.5	27.9	27	24.7	22.8	22.8		26.1	12
2000										25.6	26	22.6		24.7	3
2001	22.7	23.8	26.4	28.3	28.2	29.2	28.2	28.1	27.5	26.2	25	23.7		26.4	12
2002	22.9	21.4	25.4	28.5	29.4	28.8	28.5	28.2	28.2	27.8	23.9	23		26.3	12
2003	21.3	25	27.9	28.4	31.1	29.2	28	27.8	28.1	26.6	24.8	21.2		26.6	12
2004	23	23.5	25.6	27.6	27.6	28.6	28.2	28.6	27.8	27.8	25	23.1		26.4	12
2005	23.4	24.2	27.6	27.9	28.8	29.4	28.4	28.1	27.6	26.1	24.4	23.8		26.6	12
2006	23.6	23.4	26.6	29	29.5	27.4	27.9	27.8	28	27.5	24.8	23.4		26.6	12
2007	22.2	23.9	26	27.9	29.4	29.6	29	27.8	27.4	25	24.3	24.6		26.4	12
2008	23.1	25.5	25.5	28.5	30	27.4	27.8	28.8	27	25.2	23.5	23		26.3	12
2009	22.9	23.9	25.5	28.4	29.6	29.2	28.5	27.8	28.3	28.3	23.4	24		26.6	12
2010	21.1	22.4	24	28.5	30	29	28.5	27.5	27.5	25.6	24.6	21.9		25.9	12
2011	22.9	23.1	26.1	29.8	30.2	29.1	27.6	28.5	27.3	24.8	24.4	23		26.4	12
2012	23.4	24.3	26.2	27.8	29	28.5	27.9	28	27.3	26.2	24	24.6		26.4	12
2013	22.9	25.1	24.4	28.6	28.4	28.3	27.6	27.4	27.9	26.5	23.9	22.8		26.1	12
2014	20.7	24.4	26	27.9	26.7	27.6	27.8	28	27.3	26.3	23.5	23.6		25.8	12
2015	21.6	22.8	24	30	29	28.2	28.6	28.8	28.2	27.1	26	24.8		26.6	12
2016	22.1	22.3	27.4	28.7	30.7	29.1	28.7	28.6	27.9	26.9	25.1	25.2		26.9	12
2017	24.3	26.5	26.7	29.1	30.1	29	28.3	28.9	28.1	26.2	25.1	23.6		27.2	12
2018	20.9	25.9	27.3	28	29.2	29.9	29	28.1	28.5	27.6	24.8	24.4		27	12
2019	22.9	26	25	28	32.4	30.1	28.7	29.3	28.1	27.7	24.4	23.6		27.2	12
2020	24	24.8	27.2	31.5	30	28.4	29	29.1	27.7	26.5	24.7	22.8		27.1	12
2021	23.4	24.8	26.5	29.4	29.6	29.5	28.6	28.8	28.7	28	24.5	26.2		27.3	12
2022	23.7	22.8	25.4	28.8	30.4	27.7	28.6	28.7	27.2	26.5	25.7	24.6		26.7	12
2023	26	25	28.8	30	30.4	31.9	28.9	29.2	29.1	28.3	25.1	24.4		28.1	12
MÍNIMA	19.9	21	22.9	25	26.7	26.5	26	25.8	25.6	23.9	21.8	20		24.3	3
MÁXIMA	26	26.5	28.8	31.5	32.4	31.9	29	29.3	29.1	28.3	26	26.2		28.1	12
MEDIA	22.6	23.5	25.8	28.1	29.2	28.5	27.7	27.7	27.3	26.1	24.4	23.2		26.1	11.5
DESV.ST	1.1	1.4	1.2	1.3	1.2	1.2	0.8	0.9	0.8	1	1	1.1		0.8	1.6
