COMISIÓN NACIONAL DEL AGUA
COORDINACIÓN GENERAL DEL SERVICIO METEOROLÓGICO NACIONAL
BASE DE DATOS CLIMATOLÓGICA NACIONAL 

ESTADÍSTICA MENSUAL
EMISIÓN   : 25/10/2024 

DATOS DISPONIBLES EN LA BASE DE DATOS A: OCTOBER DE 2024; 
CON LA INFORMACIÓN SUMINISTRADA POR LAS UNIDADES ADMINISTRATIVAS 

 ESTACIÓN  : 7188 
 NOMBRE    : IXTAPA (CFE) 
 ESTADO    : CHIAPAS 
 MUNICIPIO : IXTAPA 
 SITUACIÓN : SUSPENDIDA 
 CVE-OMM   :   
 LATITUD   : 16.80277778 ° 
 LONGITUD  : -92.90416667 ° 
 ALTITUD   : 1120 msnm 


LLUVIA MÁXIMA 24 H.
AÑO	ENE	FEB	MAR	ABR	MAY	JUN	JUL	AGO	SEP	OCT	NOV	DIC	ACUM	PROM	MESES
1942										12	13		25	12.5	2
1943											5.3	14	19.3	9.7	2
1946	0	0	0	20	66								86	17.2	5
1947									25.5	0	40	11	76.5	19.1	4
1948	0.01	0.01	0.5	3	211	62	45	9	18	0.1	0.1	0.1	348.82	29.1	12
1949	0	0	0	0	0.2	10.1	0.3	0.3	0.1	0.1	0.01	0.01	11.12	0.9	12
1950	3.5	0.4	4	10	40	40	40	40	40	40	5	5	267.9	22.3	12
1951	5	26	30	50	20	80	58	40	48	23	30	0.01	410.01	34.2	12
1952	5	0.01	0.01	180	38	55	50	60	60	40	8	2	498.02	41.5	12
1953	0	0.01	0.01	0.01	40	50	60	40	50	50	20	5	315.03	26.3	12
1954	0.01	0.01	20	30	20	50	28	70	50	40	0.01	4	312.03	26	12
1955	4	5	3	2	60		85.3	30.5	40.5	80	5.3	50	365.6	33.2	11
1956	8.5	2	15.3	45.3	40.3	60	45.3	40.8	50.3	40.5	20	8.3	376.6	31.4	12
1957	8.3	40.5	30	40.3						5.3	5	3	132.4	18.9	7
1958	8	5.3	1.5	20.3	15	22.3	40.5	30.3	25.3	40.3	20.5	5	234.3	19.5	12
1959	6.3	2.3	10	18.3	18.5	70.3	35.3	45.3	40.3	40.4	32	2.3	321.3	26.8	12
1960	2.3	1	0.01	6.3	40.3	50.3	50	20	40.3	60.3	30.5	5.3	306.61	25.6	12
1961					31	51	55	30	31	16	28	1	243	30.4	8
1962	1	0.01	1	36	14	31.5	22	36	57	32	2	0.01	232.52	19.4	12
1963	3.5	10.5	18	7	27	38	56.5	72.5	37.5	1	27.5	1	300	25	12
1964	1	0.01	1.5	21	47	63.5	47.8	45.1	45	20	14.5	1	307.41	25.6	12
1965	5	17	14	10	23	53	24.5	28	38.5		2.5	4.5	220	20	11
1966	0.01	0.01	0	9.5	30	43	42	49	29	21.5	0.01	1	225.03	18.8	12
1967	3.5	0.01	10	10.5	12	67	41.5	29	32	23.5	2	20	251.01	20.9	12
1968	8	4	0.01	34	45	31	40	40	40	20	2	1	265.01	22.1	12
1969	0	0	2	11.5	26	16.5	45	30	44	23	6.5	0	204.5	17	12
1970	8.5	0	0	1	30	44	31	55	68	17	1	1	256.5	21.4	12
1971	0.01	0.01	1.5	0.01	22	42	38	177	42	25	25	28	400.53	33.4	12
1972	1	0	24	20	30	40	37	29	40	39	13	17	290	24.2	12
1973	0	0	0	4	20	49.5	27.5	48	26	42	20	2	239	19.9	12
1974	8	0	10	0	35	40	43	28	36	17	21	0	238	19.8	12
1975	2	0	7.5	18	15.5	25	40	38	55	20	15.5	8	244.5	20.4	12
1976	0	1.5	0	9	0	29	30	33	30	9	18.5	2	162	13.5	12
1977	0	0	0	0	38	36	19.5	45	36	26	6.5	8	215	17.9	12
1978	0	0	1	0	8	46	33	44	60	40	5.5	0	237.5	19.8	12
1979	0	0	0	33	17	29	48	44	45	10	0	20	246	20.5	12
1980	14.5	0	0	85	27	40	54	68	58	37	3	0	386.5	32.2	12
1981	0	0	13	19	40	85	64	88	49	42	0	0	400	33.3	12
1982	0	0	0	17	74	75	55	42	60	60	4	12	399	33.2	12
1983	0	16	29	0	10	25	25	92	52	15	9	5	278	23.2	12
1984	0.5	1	0.01	0	51	84.1	25	124	52	10	0	0	347.61	29	12
1985	0	3	2	4	31.5	48	50	70	45	14	2	0.01	269.51	22.5	12
1986	3	0.01	12	16	90	40	63	52	30	18	4	3	331.01	27.6	12
1987	0.01	0.01	19	0	15	60	60	35	44	2	1	1	237.02	19.8	12
1988	25				25	60	45	52	60	30	0.01	0	297.01	33	9
1989	0	4	0.01	0.01	2.4	2.9	2.5	2.6	48.3	32.5	8	3.1	106.32	8.9	12
1990	7	8.5	0.01	13.7	40	33.2	53.4	48.8	27.9	37.5	11.2	13.1	294.31	24.5	12
1991	0	0	0	20.4	12.3	100	34.5	59.1		37	3	2	268.3	24.4	11
1992	0	2	3	13.3	46.5	52.3	41.3	42.5	42	28.4	29.5	17.2	318	26.5	12
1993	0	3	0	5	20		36.3	60.1	45.3	14	5		188.7	18.9	10
1994	0		13.5	6	18.2	16.5	30	28	40.2	20.2	3	0	175.6	16	11
1995	0	0	2	4.5	28.5	44	63	47	28	42	12	11.5	282.5	23.5	12
1996	0.1	0.1	0	25.5	37	38.5	80.5	65	40	14	12	4	316.7	26.4	12
1997	0.01	1	0.01	26.5	17	45.2	28	30	31	17	29	16	240.72	20.1	12
1998	0.01	8	0.01	0.01	1.5	47.5	64.5	100	47	28	37	0.01	333.54	27.8	12
1999	0.01	0.01	0	16	40	62	80	70	60.1	80.3	2	40	450.42	37.5	12
2000										70	0	10	80	26.7	3
2001	0	65	0	30	80	50	70.5	90.1	70.4	80	0	65	601	50.1	12
2002	15	18	40	30	90	85	80	60	64	60	10	15	567	47.2	12
2003	0	0	0	30	67	80		70	70	100.5	40	22	479.5	43.6	11
2004	0	0	0	30	50	50	70	70	90	80	5.5	0	445.5	37.1	12
2005	10	0	15	70	80	70	70	70	80.5	50	20.5	0	536	44.7	12
2006	0	0	0	40	60	90	60.5	80	80	70	20	0	500.5	41.7	12
2007	5		10.5	0	50	90	90.5	75.5	70.5	90	0	0	482	43.8	11
2008	0	0	0	44.5	60	70	80.5	80	50.5	20	10	20	435.5	36.3	12
2009	0	0	0	10.5	40	40.5	40	40	42	35	30	20	298	24.8	12
2010	5	15	0	30.5	40	70	50.5	80.5	42.5	40.5	20.5	0	395	32.9	12
2011	0	0	40	30.5	48.3		50.8	60.5	60.5	70.5	10	0	371.1	33.7	11
2012	0	40.5	30	20	50.3	70.5	60.3						271.6	38.8	7
MÍNIMA	0	0	0	0	0	2.9	0.3	0.3	0.1	0	0	0	11.12	0.9	2
MÁXIMA	25	65	40	180	211	100	90.5	177	90	100.5	40	65	601	50.1	12
MEDIA	2.8	4.9	6.9	20.4	37.8	50.8	47.4	52.9	46.1	34.1	11.7	7.9	293.7	26.3	11
DESV.ST	4.6	11.7	10.7	26.9	30.7	21	18.9	28.4	15.9	23.9	11.5	12.2	125.7	9.5	2.5

LLUVIA TOTAL MENSUAL
AÑO	ENE	FEB	MAR	ABR	MAY	JUN	JUL	AGO	SEP	OCT	NOV	DIC	ACUM	PROM	MESES
1942										12	13		25	12.5	2
1943											5.3	15	20.3	10.2	2
1946	0	0	0	44	91								135	27	5
1947									85.07	0	62.08	21.38	168.53	42.1	4
1948	0.3	0.28	0.79	5.26	319.25	508.04	385.05	86.9	82.51	0.36	0.39	0.46	1389.59	115.8	12
1949	0	0	0	0	0.4	12.55	1.72	2.22	1.03	0.36	0.29	0.3	18.87	1.6	12
1950	5.93	1.02	4.75	45.24	113.29	256.11	329.04	415.64	325.04	238.15	5.28	5.29	1744.78	145.4	12
1951	8.03	578	699	50.28	127.71	695.07	657.11	194.63	462.7	94.97	61.23	0.3	3629.03	302.4	12
1952	5.29	0.28	0.3	333.24	139.24	471.04	360.62	722.01	615.05	156.17	19.26	7.26	2829.76	235.8	12
1953	0	0.27	0.3	0.3	80.26	357.08	356.06	304.11	228.14	172.17	25.27	34.15	1558.11	129.8	12
1954	0.3	0.27	27.26	87.19	43.23	289.27	331.33	468.33	409.01	277.12	0.3	6.28	1939.89	161.7	12
1955	4.29	7.25	3.29	5.26	175.02		753.51	290.44	357.6	564.26	19.52	113.32	2293.76	208.5	11
1956	12.5	7	20.1	141.05	245.99	438.4	309.81	212.77	297.86	105.6	34.26	26.63	1851.97	154.3	12
1957	13.58	51.05	73.86	83.56						17.54	14.14	8.56	262.29	37.5	7
1958	18.55	9.54	1.79	68.82	39.83	264.08	419.1	298.1	318.7	135.29	125.24	11.55	1710.59	142.5	12
1959	21.84	4.54	30.85	80.67	38.35	411.53	209.34	238.67	249.13	288.97	83.78	7.85	1665.52	138.8	12
1960	10.83	2.26	0.3	15.54	85.53	353.22	304.8	226.82	330.56	186.93	49.05	7.58	1573.42	131.1	12
1961					91.51	319.35	323.53	219.13	126.51	78.54	57.05	2.05	1217.67	152.2	8
1962	2.04	0.03	1.51	64.24	41.51	264.54	202.02	276.07	390.02	250.56	2.02	0.05	1494.61	124.6	12
1963	9.05	10.54	18.05	19.01	70.02	219.54	316.13	313.58	291.06	1.02	51.07	1.1	1320.17	110	12
1964	1.08	0.03	2.51	22.02	118.04	331.03	283.85	284.72	355.04	61.02	28.05	1.08	1488.47	124	12
1965	8.07	17.02	22.04	10.11	80.01	251.51	185.08	201.07	174.57		3.55	13.1	966.13	87.8	11
1966	0.03	0.05	0	24.01	133.51	301.04	228.51	283.53	255.06	104.55	0.1	1.08	1331.47	111	12
1967	3.52	0.03	10.01	13.5	34.5	367.52	232.54	181.52	202.03	122.57	3.1	21.07	1191.91	99.3	12
1968	13.55	4.02	0.02	45.02	140.05	108.55	230.55	283.54	280.05	110.59	4.19	1.12	1221.25	101.8	12
1969	0	0	2	26	33.5	102.5	301	208	293	68.5	12	0	1046.5	87.2	12
1970	9.5	0	0	1	63	262.5	357	376.5	452	81	2	1	1605.5	133.8	12
1971	0.13	0.02	1.54	0.01	58.01	199.52	182.02	399.51	286.51	55.04	48.03	29.08	1259.42	105	12
1972	1	0	35	46.5	84	229.5	209.5	173	228.5	84	44	19	1154	96.2	12
1973	0	0	0	6	49	376	214	486	138	138	39	2	1448	120.7	12
1974	21	0	20.5	0	128.5	204.5	323	122.5	308.5	31	26.5	0	1186	98.8	12
1975	4	0	7.5	18	36	165.5	246.5	284	305.5	104.5	23	16	1210.5	100.9	12
1976	0	1.5	0	11	0	108	120	237.5	159	16.5	39.5	4	697	58.1	12
1977	0	0	0	0	127	194	71	282	176	72	6.5	15	943.5	78.6	12
1978	0	0	1	0	36	179.5	273.5	247	198.5	117	5.5	0	1058	88.2	12
1979	0	0	0	115.5	20	143.5	330.5	312.5	210.5	27	0	37	1196.5	99.7	12
1980	28.5	0	0	101.5	59	176	248	215	453.5	107	3	0	1391.5	116	12
1981	0	0	13	33	113	326	319	532.5	272	141.5	0	0	1750	145.8	12
1982	0	0	0	18	173	315.5	322	194	256	190	4	12	1484.5	123.7	12
1983	0	16	46	0	10	76.5	119	334	268	50.2	15.6	14	949.3	79.1	12
1984	0.54	1.02	0.01	0	115.02	273.53	158.51	452.01	361.01	16	0	0	1377.65	114.8	12
1985	0	6	6	7.71	70.6	284	250.02	354.05	215.01	33	5.03	0.07	1231.49	102.6	12
1986	7.06	0.03	12.1	20	252.01	306.01	177.01	307.07	152.03	66.12	12.14	4.1	1315.68	109.6	12
1987	0.09	0.01	19.01	0	29	310.06	246.04	201.03	298	4	3	3.01	1113.25	92.8	12
1988	51				51	231.6	396	331	362.01	119.02	0.02	0	1541.65	171.3	9
1989	0	4.01	0.04	0.08	4.5	3.1	4.19	16.88	337.7	114.71	36.07	6.96	528.24	44	12
1990	13.01	14.12	0.01	41.32	107.41	154.27	275.8	223.83	243.06	48.96	20.4	20.23	1162.42	96.9	12
1991	0	0	0	20.4	30.9	175.8	47.5	154.1		185.3	6.1	2	622.1	56.6	11
1992	0	2	3	21.6	153	256.8	248.5	231.4	278.4	91.4	37.5	19.2	1342.8	111.9	12
1993	0	3	0	13	77		259.3	309.8	297.4	62	5		1026.5	102.7	10
1994	0		13.5	8	69	93.6	105.7	220.6	202.9	61.4	3	0	777.7	70.7	11
1995	0	0	2	13.5	61	260.9	342.7	373.8	213.6	110.4	18.7	16.21	1412.81	117.7	12
1996	0.9	0.3	0	73.7	197.2	273.3	357.3	181.8	276.9	26.5	14.04	6.9	1408.84	117.4	12
1997	0.06	3.21	0.03	43.7	54.8	165.1	194.2	133.5	301.6	59.5	48.53	16.12	1020.35	85	12
1998	0.21	8.1	0.08	0.03	1.5	309.9	250.54	314.9	257.2	170	140.1	0.09	1452.65	121.1	12
1999	0.16	0.07	0	53	176	740.82	487.79	388.6	507.11	311.31	2.08	70.16	2737.1	228.1	12
2000										378.3	0	15.7	394	131.3	3
2001	0	130	0	30	186.5	289.5	562.4	510.4	739.5	444	0	115.3	3007.6	250.6	12
2002	15	28	56	30	232.5	1018.6	653.3	224.5	551.5	237	24	15	3085.4	257.1	12
2003	0	0	0	85	237.5	638		788.3	803.3	417.5	109	44	3122.6	283.9	11
2004	0	0	0	85	409.5	687.5	616.5	750	833.59	568.5	5.5	0	3956.09	329.7	12
2005	10	0	15	70	200	685.5	395	348	593	259.5	30.5	0	2606.5	217.2	12
2006	0	0	0	76.29	345.6	778.4	355.6	529	566.6	527.5	45	0	3223.99	268.7	12
2007	5		10.5	0	145.5	280.5	694.7	417	132	801	0	0	2486.2	226	11
2008	0	0	0	59.5	313.5	554.7	537.8	542.4	368.3	40	10	30	2456.2	204.7	12
2009	0	0	0	10.5	225	421.8	229	288	272.5	134.6	161	30	1772.4	147.7	12
2010	5	25	0	155	175.9	527.5	495	1157.2	464.8	85.5	51.4	0	3142.3	261.9	12
2011	0	0	55.5	30.5	108.8		503	458.4	545.7	308.4	10	0	2020.3	183.7	11
2012	0	159.1	60.5	40.3	141.5	422.2	596.8						1420.4	202.9	7
MÍNIMA	0	0	0	0	0	3.1	1.72	2.22	1.03	0	0	0	18.87	1.6	2
MÁXIMA	51	578	699	333.24	409.5	1018.6	753.51	1157.2	833.59	801	161	115.3	3956.09	329.7	12
MEDIA	4.9	18	20.6	40	115.2	323.7	314.5	324.4	322.9	153	25.9	13.4	1510.1	132.6	11
DESV.ST	8.7	77.7	88.5	52.3	89.7	197.8	163.6	187.9	166.1	159.4	34.1	22.4	860.7	70.8	2.5

EVAPORACIÓN MENSUAL
AÑO	ENE	FEB	MAR	ABR	MAY	JUN	JUL	AGO	SEP	OCT	NOV	DIC	ACUM	PROM	MESES
1961					202.5	107.1	112.7	106.6	112.5	87.3	85.3	99.2	913.2	114.2	8
1962	123.7	154.3	197.3	171	184.7	122.8	120.3	103.7	99	125.4	97.4	98.7	1598.3	133.2	12
1963	121.9	116.8	199.9	200.4	170.5	125.7	107.2	111	73.1	112.6	95.6	101.4	1536.1	128	12
1964	115.9	145.4	201.1	210.4	171.4	101.5	89.5	123.3	89	118.9	106.6	103.1	1576.1	131.3	12
1965	127.9	37.2	159	151	153.9	113	107.2	101.7	95		94.9	92.1	1232.9	112.1	11
1966	111.2	116.4	161.1	157.2	156.8	143.6	115.7	101.3	91.3	99	99.2	85.1	1437.9	119.8	12
1967	115.2	120.7	181.2	175.1	169.1	127.9	125.2	105.8	109.6	91.9	97.5	105.2	1524.4	127	12
1968	103.2	132.1	150	213	154.4	114.7	101	95.1	87.1	99.1	93.7	94.7	1438.1	119.8	12
1969	123.3	147.42	178.6	173.8	165.7	148	112.3	114.75	104	122.7	109.4	111.22	1611.19	134.3	12
1970	115.8	133.6	195.6	193.7	176.1	134.1	107.3	131.2	97	109.2	102.1	107.6	1603.3	133.6	12
1971	133.51	153.18	192.83	182.31	182.86	128.78	119.52	104.06	105.33	115.9	102.12	106.56	1626.96	135.6	12
1972	110	134.5	196.2	167.4	171.8	100.5	124.2	105.7	109.3	101	98.2	93.8	1512.6	126	12
1973	115.7	129.8	220.2	192.8	203	119.4	113.1	106.3	104.8	98.1	115.5	102.6	1621.3	135.1	12
1974	110.3	124.3	136.9	136.7	186.2	78.7	102.2	110.5	106.7	107	73.1	90.9	1363.5	113.6	12
1975	85.5	135.5	161.9	179.8	181.2	116	121.9	134.5	104.1	109.1	95.9	116.8	1542.2	128.5	12
1976	112.5	122.9	157.8	186.3	186.1	124	98.6	139	105	125.5	97	80.2	1534.9	127.9	12
1977	108.5	93.3	115.8	164.7	114.9	125	144.1	122.5	97.9	104.7	112.2	115	1418.6	118.2	12
1978	114.53	115.26	164.47	193.67	158.6	114.2	93.3	109.3	87.7	103.8	95.4	76.7	1426.93	118.9	12
1979	101.5	118	154.7	139.2	117.1	118.8	116.7	105	99.4	116.8	91.4	86	1364.6	113.7	12
1980	116.5	111.8	118.3	150	133.8	111.4	107.1	102	84.3	104.2	104.4	105.8	1349.6	112.5	12
1981	136.6	139	137.1	150.8	122.6	84.9	102.4	98.4	89.9	88	101.9	114.4	1366	113.8	12
1982	131.9	101.1	164.8	153.5	116	102.3	115.3	115.5	85.9	120.1	86.7	93.1	1386.2	115.5	12
1983	96.1	118.2	179.3	174	161.3	118.3	103	102	100	113.4	94.6	105.7	1465.9	122.2	12
1984	101.5	126.4	114.9	110.8	114.8	128.3	76.9	48.9	80.8	100.6	111	127.2	1242.1	103.5	12
1985	109.4	110.7	141.4	123.4	104.1	75.9	91.8	80.4	78.4	104.2	100.8	85.7	1206.2	100.5	12
1986	109.7	105.2	144	177.2	152.6	89	131.4	108.3	111.2	107.1	113.1	113.9	1462.7	121.9	12
1987	140.8	154.5	196.6	186.1	209.3	121.5	107.2	105.5	103	115.7	153	126.4	1719.6	143.3	12
1988	169.2				168.75	108.7	76.1	97.7	92.3	123.2	126.2	138	1100.15	122.2	9
1989	133.8	117.5	180.1	185	181.2	185.6	179.8	153.9	177.9	152.9	103.9	105.7	1857.3	154.8	12
1990	135.3	90.8	138.5	146.9	138.3	131.9	102.84	123.1	81.2	108	96.8	95.2	1388.84	115.7	12
1991	122.11	130.44	202.26	196.9	150.8	118.94	168.58	119.78		100.68	87.63	93.71	1491.83	135.6	11
1992	109.53	116.41	180.02	169.07	158.44	109.42	118.05	128.87	76.63	81.04	78.41	95.5	1421.39	118.4	12
1993	108.97	121.19	156.67	160.78	163.6		85.65	90.09	65.79	88.84	95.68		1137.26	113.7	10
1994	94.14		172.74	175.86	159.7	107.47	98.68	101.1	90.85	104.35	109.25	117.28	1331.42	121	11
1995	136	135.75	187.34	174.75	150.78	98.39	76.34	70.96	51	62.7	103.87	114.73	1362.61	113.6	12
1996	134.28	153.12	168.14	171.39	120.92	85.92	88.61	104.42	81.51	110.86	100.01	105.61	1424.79	118.7	12
1997	126.65	136.37	173.47	157.04	150.17	100.87	105.83	108.89	85.47	91.94	89.24	89.84	1415.78	118	12
1998	136.38	138.28	184.04	187.04	192.15	144.4	148.53	111.2	91.4	95.48	117.51	71.74	1618.15	134.8	12
1999	70.09	87.06	149.97	177.17	164.02	134.27	128.56	128.09	136.21	94.5	73.29	83.49	1426.72	118.9	12
2000										171.71	152.62	124.47	448.8	149.6	3
2001	104.82	136.01	190.38	194.63	187.8	142.59	146.72	184.2	168.55	176.89	130.71	151.98	1915.28	159.6	12
2002	150.63	125.67	173.75	194.63	201.9	161.98	177.82	149.1	105.71	147.46	103.03	108.08	1799.76	150	12
2003	109.41	126.43	194.13	186.4	210.76	179.4		186.32	171.53	171.76	144.33	138.42	1818.89	165.4	11
2004	141.23	136.93	179.12	186.4	199.99	190.4	200.64	200.14	176.41	176.72	88.57	73.71	1950.26	162.5	12
2005	85.94	156.97	193.87	196.72	197.94	189.29	200.55	200.76	189.39	167.17	142.74	128.58	2049.92	170.8	12
2006	135.1	142.34	194.17	185.03	178.09	162.21	186.66	194.18	184.07	187.14	153.64	159.79	2062.42	171.9	12
2007	158.49		206.78	196.52	199.57	192.47	170.6	170.38	178.08	148.82	96.06	105.83	1823.6	165.8	11
2008	103.67	117.33	155.16	147.44	132.17	114.93	105.57	102.93	103.4	98.95	66.51	69.78	1317.84	109.8	12
2009	70.23	113.21	156.86	176.76	175.57	170.67	114.98	180.08	179.07	172.94	117.89	106.25	1734.51	144.5	12
2010	104.82	86.52	122.35	146.85	163.6	152.46	161.84	152.21	160.32	121.31	99.16	103.12	1574.56	131.2	12
2011	110.14	123.29	166.88	182.16	192.32		194.88	190.78	172.18	169.88	141.6	106.77	1750.88	159.2	11
2012	108.22	122.76	175.91	191.47	197.1	189.87	194.47						1179.8	168.5	7
MÍNIMA	70.09	37.2	114.9	110.8	104.1	75.9	76.1	48.9	51	62.7	66.51	69.78	448.8	100.5	3
MÁXIMA	169.2	156.97	220.2	213	210.76	192.47	200.64	200.76	189.39	187.14	153.64	159.79	2062.42	171.9	12
MEDIA	117	123.7	169.9	173.5	165.8	127.9	124	122.8	110.8	118.5	104.8	104.5	1490.1	130.7	11.4
DESV.ST	19.7	21.7	25.4	21.8	27.8	30.5	34.4	34.3	36	29.4	20.1	19	279	18.8	1.6

TEMPERATURA MÁXIMA PROMEDIO
AÑO	ENE	FEB	MAR	ABR	MAY	JUN	JUL	AGO	SEP	OCT	NOV	DIC	ACUM	PROM	MESES
1942										27	26.2			26.6	2
1943											25.3	26.8		26	2
1946	26.1	28.6	31.1	31.9	31.4									29.8	5
1947									30.8	27	27.2	24.4		27.4	4
1948	25	28.9	31.7	31.3	32.6	28.9	27.4	28.4	28.1	27.1	28.8	30		29	12
1949	29.1	30.3	31.2	32.8	32.2	31.6	32.2	31.6	31.9	31.6	31.7	31.4		31.5	12
1950	28.9	30	30.6	31.4	31.2	29.5	30.6	30.2	30.2	29.5	29.7	31.7		30.3	12
1951	31.3	31.6	34.4	37	39.2	33.5	33.1	33.4	33.6	31.5	31.9	32.9		33.6	12
1952	33.4	35.4	36.4	36.4	35.6	34.5	33.6	31.7	32.9	32.4	33.9	30.5		33.9	12
1953	30.7	33.6	34.6	39.9	39.6	35.6	33.6	33.7	33.4	33.4	36	33		34.8	12
1954	37.2	36.8	42.6	38.6	36.7	35.3	31.7	32	31	31.1	32.6	32.8		34.9	12
1955	32.4	33.4	35	37.1	36.1		34.5	32.7	33.3	31.9	33.3	34.1		34	11
1956	34.2	34.3	34.6	36.3	34.5	34.5	34.6	34.5	35.3	35.4	36.6	34.3		34.9	12
1957	35.5	34.4	34.5	34.5						32.8	35.1	33		34.3	7
1958	32.8	33.7	34.2	34.3	31.8	31.1	30.4	29.5	30.2	30.3	28.2	20.4		30.6	12
1959	17.4	29.8	33.8	39.1	38.9	35.9	34.8	34.9	36.3	34.8	32.2	31.2		33.3	12
1960	34.1	34.2	38.1	38	39.1	34.3	31.4	31.4						35.1	8
1961					30	27	26.2	26.8	26.8	25	24.7	26		26.6	8
1962	24.4	28.8	29.2	28.6	29.5	27.2	26.7	26.4	26	25.6	24.9	25		26.9	12
1963	25.9	25.8	28.7	30.8	29.4	28.3	26.2	26.8	25.4	25.3	24.6	23.9		26.8	12
1964	24.9	26.8	30.5	31.5	30	26.5	26.4	26.7	26.5	24.5	25.8	24.8		27.1	12
1965	24.8	27.2	28.7	30.4	30.6	27.4	26.4	26.2	26.7		26.2	24.9		27.2	11
1966	24.6	26.8	28.6	31.6	29.9	28.3	27.4	27.7	27	26.4	24.4	23.9		27.2	12
1967	26	26.5	29.1	29.7	30.7	28.3	27.9	27.9	26.9	25	25.1	26.4		27.5	12
1968	24.9	25.1	27.6	31	30.7	28.4	27.6	27.6	27.4	26.4	26.3	26.2		27.4	12
1969	26.5	29.2	29.3	31.9	31.2	30.2	28.2	26.8	26.2	26.5	25.2	26		28.1	12
1970	25.6	26.2	30.1	32.6	30	28.8	27.2	27	26.2	25.9	24	26		27.5	12
1971	26.8	27.9	29.8	29.7	31.3	28.3	26.6	26.1	27.4	27.2	25.3	26.4		27.7	12
1972	27.7	27.2	30.4	31.4	30.5	27.7	28	26.9	27.2	27.1	27.4	25.5		28.1	12
1973	25.4	26.4	31.8	31.4	30.5	28	27.3	26.7	26.7	25.3	27.8	23.8		27.6	12
1974	26.2	26.2	29	30	30.6	26.6	26.7	27.8	26.2	25.1	25.6	26.4		27.2	12
1975	27.8	28.7	30.4	31.8	31.4	28.5	28	27.3	26.3	27.6	28.1	29.4		28.8	12
1976	24.8	26.4	31.7	31.2	31.2	29.5	31.5	27.2	26.4	26.9	24.2	22.3		27.8	12
1977	23.4	23.8	26	24.3	29.6	27.1	27.8	26.7	26.5	25.8	25.9	24		25.9	12
1978	18.7	20	28.3	30.2	30.4	27.1	25.3	25.8	25.4	24.4	26.1	26.3		25.7	12
1979	24.4	26.8	28.5	29.9	29.7	27	26.8	25.8	25	26.2	24.1	24.1		26.5	12
1980	25.9	25.6	31.3	29.1	32.5	27.5	27.7	27.3	26.7	26.5	25.1	23.5		27.4	12
1981	25.5	28.2	28.5	30.2	30.8	26.6	26.8	26.4	26.3	26	25.5	26.6		27.3	12
1982	27.1	28.3	30.7	31	30.5	27.4	26.4	26.9	26.8	25.8	26	25.5		27.7	12
1983	24.8	26.9	29.3	30.4	31.8	29.6	28.2	27.4	27.1	25.5	26.7	25.9		27.8	12
1984	23.5	26.1	28.9	31	27.7	25.8	24.5	25.1	24.7	26.3	23.6	24.2		26	12
1985	24.9	25.7	28.3	29	29.5	25.7	24.9	25.5	25.4	25.4	25.1	23.6		26.1	12
1986	23.5	26.8	27.2	23.7	25.1	24.8	24.1	24.3	25	26.6	27.2	27.5		25.5	12
1987	26.4	28.2	28.9	28.8	30.8	27.5	26.6	27.9	26.2	23.9	26	26.6		27.3	12
1988	30.6				30.6	28.9	29.3	30	29	28.9	28.3	27		29.2	9
1989	26.7	25.6	27.6	31	29.8	26.5	27.6	27.9	26	26.5	27.5	25.5		27.4	12
1990	27.6	27.3	28.5	30.8	30	27.1	27.3	27.7	27	27.2	25.9	27.1		27.8	12
1991	28.1	27.2	30.5	32.9	30.6	28.8	27.6	27.6		26.4	25.4	26		28.3	11
1992	25.9	27.7	30.2	30.8	29.9	28.4	26.8	27.4	26.2	25.8	22.9	26.8		27.4	12
1993	26.9	28.6	29.7	31	30.6		26.9	26.7	26.1	26.5	27.3			28	10
1994	26.4		28.5	30.8	30.1	28.2	27.6	27.5	27.1	27.7	27.2	27.1		28	11
1995	27.3	29.3	29.7	29.9	30.1	27.9	27.1	26.6	24.9	24.3	26.8	26.5		27.5	12
1996	26.1	27.8	28.5	30.1	28.2	26.3	26.6	26.4	26.4	26.5	25.8	27		27.1	12
1997	27.4	27.9	29.6	29.6	29.8	27.2	27.2	27.5	26.9	25.4	26.7	26.1		27.6	12
1998	28	28.9	31	33.6	33.4	30	28.9	27.4	27.7	26.4	26.4	24.5		28.8	12
1999	22.8	27.3	31	31.4	30.9	29.7	29.7	30.7	30.3	26	22	23.5		27.9	12
2000										31.3	30.5	27.3		29.7	3
2001	21.5	30.8	32.9	34	32.6	28.6	26.1	31.9	30.6	30	30.2	30.9		30	12
2002	30.7	28.3	31.4	34	33.9	30.8	31.6	29.5	26.4	28.7	25.8	24.1		29.6	12
2003	25.3	28.6	32.8	33.4	33	31.8		32	31.7	30.1	29.1	28.3		30.6	11
2004	30.8	31.8	33.6	33.4	32.9	33.8	34.1	33.2	32.2	31.7	25.8	24.3		31.5	12
2005	26.1	31.8	34	34.5	34	33.5	34.5	34.3	33.2	29	28.3	28.4		31.8	12
2006	29.8	31.3	34.8	34.8	34.1	32.4	34.1	34.4	34	33.2	29.7	28.3		32.6	12
2007	29.6		34.8	33.9	33	32.4	31.6	32.3	32.8	30.2	26	26.1		31.2	11
2008	25.3	30.3	33.6	34.3	32.9	31.3	31	31.5	32.1	30.4	25.3	24.5		30.2	12
2009	23.8	28.3	29.2	32.9	31.6	30.3	30.8	30.7	30.2	30.6	23.2	21.6		28.6	12
2010	22.8	22.2	27.2	31.7	32.1	31.3	31.4	31.3	32.3	28.2	25.3	23.7		28.3	12
2011	24.7	29.6	32.3	33.9	33.1		32.4	32.4	29.9	28.9	28.5	25.2		30.1	11
2012	25.3	28.3	31.8	33.1	33.6	33.4	33.1							31.2	7
MÍNIMA	17.4	20	26	23.7	25.1	24.8	24.1	24.3	24.7	23.9	22	20.4		25.5	2
MÁXIMA	37.2	36.8	42.6	39.9	39.6	35.9	34.8	34.9	36.3	35.4	36.6	34.3		35.1	12
MEDIA	26.9	28.6	31.1	32.2	31.8	29.5	29	28.9	28.5	27.9	27.3	26.7		29	10.9
DESV.ST	3.6	3.1	2.9	3	2.7	2.8	2.9	2.8	3	2.8	3.1	3.1		2.6	2.5

TEMPERATURA MÁXIMA EXTREMA
AÑO	ENE	FEB	MAR	ABR	MAY	JUN	JUL	AGO	SEP	OCT	NOV	DIC	ACUM	PROM	MESES
1942										31.5	31			31.2	2
1943											28.5	30		29.2	2
1946	30.5	32	35	34	34.5									33.2	5
1947									37	37	30	32.2		34	4
1948	30	32	36	36	36	33	30	30	31	30	33	39		33	12
1949	31	35	35	36	35	34	34	34	34	34	34	34		34.2	12
1950	31	34	34	40	37	37	34	38	34	32	32	34		34.8	12
1951	38	36	40	39	42	38	36	39	38	39	34	36		37.9	12
1952	38	40	41	42	40	38	36	35	35	35	36	36		37.7	12
1953	37	38	40	43	43	39	36	35	37	36	39	40		38.6	12
1954	40	40	50	50	40	39	34	33	32	32	35	36		38.4	12
1955	35	36	36	39	38		37	34	35	34	35	36		35.9	11
1956	36	36	38	38	36	35	35	35	37	36	38	36		36.3	12
1957	37	35	35	35						35	38	36		35.9	7
1958	36	36	35	35	33	32	31	31	31	33	33	27		32.8	12
1959	22	32	41	42	42	40	37	36	38	37	36	35		36.5	12
1960	38	41	40	41	41	38	34	32						38.1	8
1961					33	33	28	28	28	28	28	29		29.4	8
1962	29.5	33	32	32	32.5	33	28.5	29	30	28	28.5	28		30.3	12
1963	30	29.5	32	33	32.5	32	28.5	29	29	28	29	28.5		30.1	12
1964	29	31.5	34	34	36	29	28.5	29	28.5	27.5	29	27.5		30.3	12
1965	28.5	31.5	33.5	33.5	32.5	32	28	28.5	28.5		28	29		30.3	11
1966	29.5	31	33.5	34.5	32.5	32	29.5	29.5	29	30	28.5	30		30.8	12
1967	28.5	29.5	32	33	33	33.5	29.5	30	30	28	29	29		30.4	12
1968	27.5	28	32	33	33.5	31.5	29.5	28.5	29	29.5	29	29.5		30	12
1969	30	32	32	34	35	33	30.5	29	28.5	29.5	28	30		31	12
1970	29	31	35.5	34.5	34	32	29	29	29	29.5	27	30		30.8	12
1971	30	31.5	34	35	33	31	30	28	30	29	27.5	30		30.8	12
1972	30	30.5	33	33	33.5	29.5	30.5	28	28.5	30	30	29		30.5	12
1973	28.5	30	34.5	34.5	33.5	29.5	30	32	28	27.5	30.5	30		30.7	12
1974	29	31	33	31.5	35	31	29	38	29	29	28.5	29.5		31.1	12
1975	32.5	31	33.5	34.5	33	31	33.5	29	34	35	35	34		33	12
1976	31	30	34.5	33	33.5	32	35	30	28	35.5	28.5	27		31.5	12
1977	27	29	32	32	32	36	35	34.5	28	28	28.5	28.5		30.9	12
1978	22	29.5	37.5	33	34	33	26.5	28.5	28	27.5	28	28.5		29.7	12
1979	28	32	30.5	33	33	29	28.5	28	27	35.5	27.5	27		29.9	12
1980	28	31.5	33.5	35	34.5	30	29	29.5	28	29.5	28	29		30.5	12
1981	28	32	33	32.5	35	29	28.5	28	27.5	28	28	29.5		29.9	12
1982	29	30.5	34	34	34	30	28.5	29	28	27.5	28	28		30	12
1983	30	29.5	32	39	34	33.5	30	29.5	28.5	28	28.5	28.5		30.9	12
1984	28.5	30	34.5	34	33.5	30	26.5	28	27	29	27	28		29.7	12
1985	29	28.5	32.5	34	32.5	29	28	28	27	27	28	27		29.2	12
1986	28	32	32.5	27	28	27	26.5	26	27.5	29	30.5	31		28.8	12
1987	32	32	34.5	33.5	34	31.5	28.5	30	29.5	27	28	30		30.9	12
1988	33				33	31	32	32	31.5	30	30.5	29		31.3	9
1989	28	28	32.5	33.5	33	31.5	30	30	30.5	29.5	31.5	29.5		30.6	12
1990	30	34	31.5	33.5	32	29	29.5	30.5	30	31	31	31.5		31.1	12
1991	32	31.5	34.5	35	33	33	29.5	29		28.5	29.5	30.5		31.5	11
1992	30	32.5	33.5	35.5	33.5	30.5	28.5	29.5	28.5	28.5	29.5	29		30.8	12
1993	31	33	33.5	33	34		29.5	29.5	28.5	29	30.5			31.1	10
1994	30.5		34.5	34.5	33	31	30	29	29.5	29	30	29		30.9	11
1995	29.5	34.5	33.5	33	32	31.5	29	28.5	27	28.5	29	29		30.4	12
1996	31	33	33.5	33.5	31.5	28.5	29	29	28.5	30.5	30.5	31		30.8	12
1997	31.5	32	33.5	32	33	30.5	29	30	29.5	32	31.5	30.5		31.2	12
1998	31	34.5	33.5	36	36	34.5	33	29.5	31	29.5	29.5	28.5		32.2	12
1999	26.5	30.5	33.5	34	33.5	32.5	32	32.5	33	33	25	28		31.2	12
2000										33	33	31		32.3	3
2001	27	33.5	34	35	34	34	30.5	34.5	34	34	32.5	32.5		33	12
2002	33	33	33.5	35	35	33	34	34	30	34	31	27		32.7	12
2003	30	32.5	34	35	34.5	34.5		34.5	34.5	34.5	31.5	30.5		33.3	11
2004	33	34.5	34.5	35	35	35	35	35	34.5	34.5	30	26.5		33.5	12
2005	29.5	35	35.5	35.5	35	35	35	35	35	32	29.5	29.5		33.5	12
2006	31.5	33.5	35.5	35.5	35.5	35	35.5	35.5	35.5	35	35	30		34.4	12
2007	31		35.5	35.5	35	35	34	35	34.5	34.5	28.5	27.5		33.3	11
2008	26	35	35	35.5	35	34.5	32.5	34.5	34.5	33	27	25.5		32.3	12
2009	25	30	32	35	34.5	33	33	34.5	33	33	29	29		31.8	12
2010	29.5	26.5	34.5	34.5	34.5	34.5	35	33.5	35	32	26.5	26		31.8	12
2011	29.5	34	34.5	36	35.5		35	35	35	35	34	28		33.8	11
2012	30	35	35.5	35	35.5	35	35							34.4	7
MÍNIMA	22	26.5	30.5	27	28	27	26.5	26	27	27	25	25.5		28.8	2
MÁXIMA	40	41	50	50	43	40	37	39	38	39	39	40		38.6	12
MEDIA	30.5	32.6	34.7	35.2	34.6	32.8	31.3	31.4	31.1	31.3	30.5	30.3		32.2	10.9
DESV.ST	3.5	2.9	3	3.3	2.7	2.9	3	3.1	3.2	3.1	3	3.2		2.4	2.5

TEMPERATURA MÍNIMA PROMEDIO
AÑO	ENE	FEB	MAR	ABR	MAY	JUN	JUL	AGO	SEP	OCT	NOV	DIC	ACUM	PROM	MESES
1942										15.9	15.2			15.6	2
1943											12.8	14.7		13.8	2
1946	14.1	14.3	16	16.5	19.2									16	5
1947									17	14.1	15.2	13.5		14.9	4
1948	12.7	13.6	15.6	15.4	17.5	10.8	10.1	10.3	10.1	10	10.2	10		12.2	12
1949	10.2	10.5	10.4	10	10.7	11	11.4	10.8	11.2	11	10.8	11.1		10.8	12
1950	10.5	10.7	12.4	15.2	17.2	17.5	17.7	17	16.5	14.7	12.2	7.9		14.1	12
1951	9	10.7	11.9	13.9	15.6	16.6	16.4	16.6	16.9	16	15.3	13.5		14.4	12
1952	11.7	11.4	14.6	15.7	15.3	13.4	11.4	13.2	14.4	11.5	11.9	10.3		12.9	12
1953	8.9	11.4	12.1	14.9	15.6	16.1	15.5	15.9	16.3	15.7	13.8	12.1		14	12
1954	10.4	10.3	12.4	15.6	16.5	17.5	12.1	11.1	10.1	11.9	13.2	9.5		12.6	12
1955	9.3	11.2	11.8	15.1	16.3		16.3	15.7	16	16	15.1	12.8		14.1	11
1956	9.2	13.3	13.9	16.8	17.3	17.4	17.2	16.7	15.5	15.2	15.3	13		15.1	12
1957	6.4	10.8	9.2	8						15.2	14	10.5		10.6	7
1958	11.4	11.5	14.4	14.2	12.1	11.3	9.7	9	8.5	10	13	9.5		11.2	12
1959	6.5	8.6	10.1	14.6	15.6	17	15.6	15.7	16	16.5	12.8	10.6		13.3	12
1960	10.4	10.3	12.4	14	16.5	17.9	16.8	16.7						14.4	8
1961					17.2	17.3	16.5	16	16.3	15.1	13.6	12.4		15.6	8
1962	11.2	13.3	14.9	16.3	16.5	17.5	16.6	16.7	17.6	16.4	11.7	11.9		15.1	12
1963	12.5	12.8	16	17.5	17.9	18.8	17.6	18	18.5	16.4	15.3	11.8		16.1	12
1964	12.6	14.1	16.7	17.5	18.1	17.8	17.5	16.8	17.5	14.8	14.3	13.5		15.9	12
1965	12.1	13.5	14.3	15.6	16.9	17.4	16.8	16.8	16.9		14.8	13.6		15.3	11
1966	12.8	13.8	13.9	17.5	17.4	17.7	17	17.3	17.8	16.1	12.2	11.3		15.4	12
1967	11.9	11.6	13.4	15.3	17.4	17.6	15.8	16.5	17	15.9	13.3	13.4		14.9	12
1968	11.9	11	13.2	16.3	17.4	17.9	15.9	16.7	17.7	16.4	13.5	12.9		15.1	12
1969	12.5	14	15.3	17.4	17.9	18.3	17.4	18.6	18.2	16.9	13.7	12		16	12
1970	12.6	12.4	15	17	15.9	17.7	17.6	16.9	17.1	16.8	12.7	12.1		15.3	12
1971	12.3	12.7	14.3	14.8	17.8	17	16.5	16.5	17.3	16.6	15.2	13.4		15.4	12
1972	13	12.3	14.8	16.8	16.9	17.6	16.7	16.7	16.7	16	15.8	12.8		15.5	12
1973	11.5	12.9	15.8	16.9	17.8	17.5	16.6	17.2	17.6	17	14.3	10.7		15.5	12
1974	13.1	11.8	14.3	16.3	17	17.4	15.8	15.7	16.7	14.5	12.8	12.1		14.8	12
1975	12	12.7	14.9	16.4	17.5	17.2	15.9	16	16.3	16	13.7	11.1		15	12
1976	10.9	10.5	14.8	15.8	16.6	17.2	16.3	16.4	16.7	16.3	14.5	12.4		14.9	12
1977	11.9	13	14.1	15.2	16.8	16.9	16.3	16.5	17.3	16.2	13.7	14		15.2	12
1978	12	12	13.9	16.4	18	17.9	16.8	17	17	15.3	14.1	13.4		15.3	12
1979	11.6	12.4	14.1	16.2	17	17	17.5	17	17.1	15.9	13.8	12		15.1	12
1980	12.4	13.5	13.5	15.4	17.8	17.3	17	17	17.6	16.1	13.3	10.7		15.1	12
1981	10.6	13.4	14.2	15.4	17.2	18.1	16.8	16.7	16.4	15.7	12.3	11.9		14.9	12
1982	12.1	12.2	14	15.4	15.4	17.4	15.5	15.2	15.8	14.7	13.1	11.4		14.3	12
1983	10.9	11.6	12.4	14.7	13.9	17.6	16.7	15.9	15.7	15.8	15.7	14.3		14.6	12
1984	12.6	14.3	14.6	16.9	17.5	16.9	17.3	17.5	17.2	16.5	13.4	13.9		15.7	12
1985	12.2	14.1	16	16.5	17.6	17.6	17	16.5	16.7	16.1	14.9	13.6		15.7	12
1986	9.8	12.5	12.3	14.4	17.1	15.4	15.6	15.4	15.6	15.3	14.8	13.2		14.3	12
1987	9.6	12	13.6	15.3	16.8	18.6	17.6	17.2	15.7	14.8	14.8	14.6		15.1	12
1988	18.9				18.9	18	18.4	18.7	18.1	17.8	17.2	16.5		18.1	9
1989	16.1	15.5	12.8	15.9	17	18	17.6	17	17.7	16.1	15.4	11.7		15.9	12
1990	13.2	12.9	14.2	16.6	17.7	17.8	17	16.1	17.4	16	14.9	12.9		15.6	12
1991	12.8	12.6	14	16.9	18	18.1	16.6	16.4		16.7	14.3	14.3		15.5	11
1992	13	13.3	15	15.8	17	18.8	16.9	16.6	17.3	16.1	15	12.3		15.6	12
1993	11.7	11.3	12.3	15.6	16.4		15.6	16.3	16.4	16.2	14.1			14.6	10
1994	11.3		13.4	14.2	16	15.8	15.4	14.7	16.1	14.5	13	13.3		14.3	11
1995	11.9	11.3	12.8	17	16.8	17.7	17.1	18	17.6	15.7	13.8	12.6		15.2	12
1996	10.1	10.1	11.5	15.2	16.6	17.6	16.8	16.5	17	16	13.6	12.9		14.5	12
1997	11.1	12.1	13.8	15.9	16.5	16.9	16.9	16.6	16.8	15.4	15.9	11.3		14.9	12
1998	11.2	9.6	12.3	14.9	17.4	17.1	16.4	16.7	14.3	13.1	15.4	7.2		13.8	12
1999	4.8	11.6	16.6	16.4	16.9	17	17.1	17.4	17	14.7	7.2	8.6		13.8	12
2000										16.5	13.8	7.3		12.5	3
2001	5	14	18.4	19.9	18.5	17.2	16.5	18.2	17.7	17.7	8.1	6.2		14.8	12
2002	6.7	8.4	12.4	19.9	19.5	17.7	17.8	17.5	17.5	17.7	8.3	5.6		14.1	12
2003	3.7	8.1	17.8	17.8	18.7	18		17.8	17.7	15.3	10.7	3.9		13.6	11
2004	4.8	6.3	13.1	17.8	18.3	18.6	18.5	17.8	17.8	17	8.5	4.8		13.6	12
2005	5.8	8.1	13.8	17.6	17.8	17.8	18.5	18	17.6	14.5	8	4.4		13.5	12
2006	4.6	6.1	12.5	16.6	17.9	17.7	18	18.1	18.5	18.1	10.8	7		13.8	12
2007	6.2		14.3	18.2	17.7	17.5	16.4	17.7	17.5	14	5.1	5.2		13.6	11
2008	4.8	12.7	19	19	18.1	17.6	17.6	17.7	18	17.5	6.5	4.4		14.4	12
2009	4.5	11.2	10.8	15.2	17	17.9	17.5	18.4	17.7	18.1	9.8	5		13.6	12
2010	6.5	5.5	7.7	16.5	18.2	18	18.1	17.6	18.4	8.7	5.2	4.8		12.1	12
2011	6.2	8.2	18.4	20.4	19.5		19.3	19.1	17.6	12.3	7.1	5.5		14	11
2012	6.4	8.7	13.5	19.6	20.8	19.6	19.5							15.4	7
MÍNIMA	3.7	5.5	7.7	8	10.7	10.8	9.7	9	8.5	8.7	5.1	3.9		10.6	2
MÁXIMA	18.9	15.5	19	20.4	20.8	19.6	19.5	19.1	18.5	18.1	17.2	16.5		18.1	12
MEDIA	10.3	11.6	13.8	16.1	17.1	17.2	16.5	16.4	16.5	15.4	12.8	10.9		14.5	10.9
DESV.ST	3.1	2.1	2.1	1.9	1.5	1.7	1.9	1.9	2	1.9	2.7	3.2		1.3	2.5

TEMPERATURA MÍNIMA EXTREMA
AÑO	ENE	FEB	MAR	ABR	MAY	JUN	JUL	AGO	SEP	OCT	NOV	DIC	ACUM	PROM	MESES
1942										12.2	12			12.1	2
1943											9.5	8		8.8	2
1946	11	11.5	12.5	11.5	16									12.5	5
1947									14.5	10	10	10		11.1	4
1948	10	10	10	13	10	10	10	10	10	10	10	10		10.2	12
1949	10	10	10	10	10	10	10	10	10	10	10	10		10	12
1950	10	10	10	10	12	13	13	13	12	10	7	6		10.5	12
1951	7	8	8	13	14	14	14	14	15	12	12	10		11.8	12
1952	8	5	10	12	10	7	7	5	12	7	7	9		8.2	12
1953	5	5	10	11	14	15	13	14	13	13	9	9		10.9	12
1954	9	5	10	12	15	16	10	9	9	10	9	6		10	12
1955	8	8	9	14	14		15	2	2	13	14	7		9.6	11
1956	7	12	10	15	15	16	16	15	14	14	13	8		12.9	12
1957	6	10	8	7						12	11	8		8.9	7
1958	9	9	12	12	10	10	8	8	7	7	9	6		8.9	12
1959	5	7	7	10	13	15	13	14	13	14	7	5		10.2	12
1960	7	5	9	9	14	17	15	15						11.4	8
1961					15	15	14	14	14	12	6	8.5		12.3	8
1962	5	9	11	13	13	15.5	14	15	16	14.5	7.5	8.5		11.8	12
1963	8.5	6.5	12.5	15	15.5	16	13.5	15.5	15.5	12	10.5	5		12.2	12
1964	7.5	12	13	15	15	16	14	14	16	11.5	10	11.5		13	12
1965	7.5	6.5	9.5	11	11	12.5	14	14.5	13.5		11.5	10		11	11
1966	6	8.5	9.5	16	16	15	13	16	13.5	11	6	7.5		11.5	12
1967	8.5	6	11	12.5	15	16	13	15	14	13.5	9	9		11.9	12
1968	9.5	5.5	6	14	15.5	15	14.5	13	15	10	5	9		11	12
1969	11	11	12.5	14	15	17	15	17	16	14	10	8		13.4	12
1970	7	9	10	15	10	15	15	14	15	15	8	8		11.8	12
1971	7.5	5	9	8.5	16	13	14	14	16	13	10	11		11.4	12
1972	10	6	13	15	14	15.5	15	15	15.5	13	13	8		12.8	12
1973	4	8.5	11	14	14	10.5	14	14.5	16.5	15.5	12	5		11.6	12
1974	11	8	9.5	13	14.5	16	13.5	14	14.5	11	10	9		12	12
1975	9	9	11.5	14	16.5	15	14	14.5	13	12.5	9	8.5		12.2	12
1976	5	5	12	12	15	16	14	14	15	13	10	8		11.6	12
1977	5	8.5	10	11	15	14.5	15	15	16	12	9	7		11.5	12
1978	7.5	9	10	12	16.5	14	15	14	14	8	13	8.5		11.8	12
1979	8	10	11	14.5	14	15.5	15	14.5	14	14	11	9		12.5	12
1980	9	12	11	12.5	15	16	15	15	16	14	11	6		12.7	12
1981	6	10	12	13	15.5	17	15	14.5	14	13	10	8		12.3	12
1982	9	11	10	11.5	11	15.5	15	14	13.5	11	11	7		11.6	12
1983	7	8	9	13	12	15	14.5	14.5	14.5	13	12	9		11.8	12
1984	7	10	6.5	13.5	12.5	13.5	15	14	14.5	14	8	10.5		11.6	12
1985	7	11	13	10.5	15	15	14.5	13.5	13	14	13	10		12.5	12
1986	1.1	6	5.5	11	14	13	12.5	13	14	10.5	11	9.5		10.1	12
1987	4	6	5	10	14	16	14	14.5	12	11	12	12		10.9	12
1988	17				17	16	16	17.5	16.5	16.5	15.5	14		16.2	9
1989	15	12	5	13	13.5	16	14	14.5	15.5	11	13	4		12.2	12
1990	11	7	10	12	15	15	13.5	13	14.5	12.5	10	10		12	12
1991	9.5	8	5	13	15.5	15.5	12.5	12.5		13.5	8.5	11.5		11.4	11
1992	10.5	9	10	11.5	12.5	16	13	13	15	13	11.5	10		12.1	12
1993	7.5	5.5	7.5	12.5	14.5		12	12.5	13	13.5	9.5			10.8	10
1994	8		9.5	11	11	11.5	12	12	13.5	12	11	11		11.1	11
1995	8	6.5	7.5	14	10.5	14	14	16.5	14	13	8	6.5		11	12
1996	2	3	4	10.5	14	15.5	13.5	13	15	12	6	9.5		9.8	12
1997	7.5	9.5	9.5	12	12	11.5	14.5	14	14	8	12.5	3		10.7	12
1998	6	1.5	6	10	14	12	12	13.5	11	10	9	4		9.1	12
1999	3	8	12.5	12	14	13	15.5	14.5	14	10	3	3		10.2	12
2000										13	11	4		9.3	3
2001	3	8	17.5	18.5	17.5	14.5	14	17	15	10	4	4		11.9	12
2002	4	4	6.5	18.5	18	17.5	17.5	15	16	17	3	3		11.7	12
2003	3	3	15	17	17.5	16.5		17.5	17.5	10	9	3		11.7	11
2004	3	4	8	17	17.5	18	17.5	17.5	17.5	13	4	4		11.8	12
2005	3	4	8.5	17	17.5	17.5	18	17.5	17.5	12	3	3.5		11.6	12
2006	3	4	8	14	17.5	17.5	17.5	18	17.5	15	3	3		11.5	12
2007	5		11	17.5	17.5	17.5	14	17.5	17.5	4	4	4		11.8	11
2008	4	5.5	18	18	17.5	17.5	17.5	17.5	17.5	15	4.5	3		13	12
2009	3.5	9	5	9	13	17.5	15	14.5	16	16.5	3	3		10.4	12
2010	3	3	5	10	17.5	17.5	17.5	17.5	17.5	4	4	3		10	12
2011	4	5	14	18	19		19	17.5	15	4	3	4		11.1	11
2012	4	5	7	18.5	17.5	18	18							12.6	7
MÍNIMA	1.1	1.5	4	7	10	7	7	2	2	4	3	3		8.2	2
MÁXIMA	17	12	18	18.5	19	18	19	18	17.5	17	15.5	14		16.2	12
MEDIA	7	7.5	9.7	13	14.4	14.9	14.1	14.1	14.2	11.9	9	7.4		11.4	10.9
DESV.ST	3	2.7	2.9	2.7	2.3	2.3	2.2	2.8	2.6	2.8	3.2	2.8		1.3	2.5

TEMPERATURA MEDIA MENSUAL
AÑO	ENE	FEB	MAR	ABR	MAY	JUN	JUL	AGO	SEP	OCT	NOV	DIC	ACUM	PROM	MESES
1942										21.4	20.7			21	2
1943											19	20.8		19.9	2
1946	20.1	21.5	23.6	24.2	25.3									22.9	5
1947									23.9	20.6	21.2	19		21.2	4
1948	18.9	21.2	23.6	23.4	25	19.9	18.8	19.4	19.1	18.6	19.5	20		20.6	12
1949	19.6	20.4	20.8	21.4	21.5	21.3	21.8	21.2	21.5	21.3	21.2	21.2		21.1	12
1950	19.7	20.4	21.5	23.3	24.2	23.5	24.1	23.6	23.4	22.1	21	19.8		22.2	12
1951	20.1	21.1	23.1	25.4	27.4	25	24.8	25	25.2	23.8	23.6	23.2		24	12
1952	22.5	23.4	25.5	26	25.5	24	22.5	22.4	23.6	22	22.9	20.4		23.4	12
1953	19.8	22.5	23.4	27.4	27.6	25.9	24.6	24.8	24.9	24.5	24.9	22.6		24.4	12
1954	23.8	23.5	27.5	27.1	26.6	26.4	21.9	21.6	20.6	21.5	22.9	21.1		23.7	12
1955	20.9	22.3	23.4	26.1	26.2		25.4	24.2	24.6	24	24.2	23.5		24.1	11
1956	21.7	23.8	24.2	26.5	25.9	26	25.9	25.6	25.4	25.3	26	23.6		25	12
1957	21	22.6	21.9	21.2						24	24.6	21.8		22.4	7
1958	22.1	22.6	24.3	24.2	22	21.2	20	19.2	19.4	20.1	20.6	14.9		20.9	12
1959	11.9	19.2	22	26.9	27.2	26.4	25.2	25.3	26.1	25.6	22.5	20.9		23.3	12
1960	22.2	22.2	25.2	26	27.8	26.1	24.1	24						24.7	8
1961					23.6	22.1	21.4	21.4	21.6	20	19.1	19.2		21	8
1962	17.8	21	22	22.5	23	22.4	21.6	21.5	21.8	21	18.3	18.4		20.9	12
1963	19.2	19.3	22.4	24.1	23.6	23.6	21.9	22.4	22	20.9	20	17.9		21.4	12
1964	18.8	20.4	23.6	24.5	24	22.1	22	21.8	22	19.6	20	19.1		21.5	12
1965	18.4	20.4	21.5	23	23.8	22.4	21.6	21.5	21.8		20.5	19.2		21.3	11
1966	18.7	20.3	21.2	24.6	23.6	23	22.2	22.5	22.4	21.2	18.3	17.6		21.3	12
1967	19	19	21.2	22.5	24	23	21.9	22.2	22	20.4	19.2	19.9		21.2	12
1968	18.4	18	20.4	23.6	24	23.1	21.8	22.1	22.5	21.4	19.9	19.6		21.2	12
1969	19.5	21.6	22.3	24.6	24.5	24.2	22.8	22.7	22.2	21.7	19.4	19		22	12
1970	19.1	19.3	22.6	24.8	23	23.2	22.4	22	21.6	21.4	18.4	19		21.4	12
1971	19.6	20.3	22	22.2	24.6	22.6	21.6	21.3	22.4	21.9	20.2	19.9		21.6	12
1972	20.4	19.8	22.6	24.1	23.7	22.6	22.4	21.8	22	21.6	21.6	19.1		21.8	12
1973	18.4	19.6	23.8	24.1	24.1	22.8	22	22	22.1	21.1	21	17.2		21.5	12
1974	19.6	19	21.6	23.1	23.8	22	21.2	21.8	21.4	19.8	19.2	19.2		21	12
1975	19.9	20.7	22.6	24.1	24.4	22.9	22	21.6	21.3	21.8	20.9	20.2		21.9	12
1976	17.9	18.4	23.2	23.5	23.9	23.4	23.9	21.8	21.5	21.6	19.4	17.4		21.3	12
1977	17.6	18.4	20	19.8	23.2	22	22	21.6	21.9	21	19.8	19		20.5	12
1978	15.3	16	21.1	23.3	24.2	22.5	21	21.4	21.2	19.9	20.1	19.9		20.5	12
1979	18	19.6	21.3	23	23.4	22	22.1	21.4	21	21	19	18		20.8	12
1980	19.1	19.6	22.4	22.2	25.1	22.4	22.4	22.1	22.1	21.3	19.2	17.1		21.2	12
1981	18	20.8	21.4	22.8	24	22.4	21.8	21.5	21.4	20.9	18.9	19.2		21.1	12
1982	19.6	20.2	22.4	23.2	23	22.4	21	21	21.3	20.2	19.6	18.4		21	12
1983	17.9	19.2	20.9	22.5	22.9	23.6	22.4	21.6	21.4	20.6	21.2	20.1		21.2	12
1984	18	20.2	21.8	24	22.6	21.4	20.9	21.3	21	21.4	18.5	19		20.8	12
1985	18.5	19.9	22.1	22.8	23.6	21.6	21	21	21	20.8	20	18.6		20.9	12
1986	16.6	19.6	19.8	19	21.1	20.1	19.9	19.9	20.3	21	21	20.4		19.9	12
1987	18	20.1	21.2	22	23.8	23	22.1	22.5	21	19.4	20.4	20.6		21.2	12
1988	24.8				24.8	23.4	23.9	24.4	23.6	23.4	22.8	21.8		23.7	9
1989	21.4	20.6	20.2	23.4	23.4	22.2	22.6	22.4	21.9	21.3	21.4	18.6		21.6	12
1990	20.4	20.1	21.4	23.7	23.9	22.5	22.1	21.9	22.2	21.6	20.4	20		21.7	12
1991	20.5	19.9	22.2	24.9	24.3	23.5	22.1	22		21.5	19.9	20.1		21.9	11
1992	19.4	20.5	22.6	23.3	23.4	23.6	21.9	22	21.8	21	19	19.6		21.5	12
1993	19.3	20	21	23.3	23.5		21.2	21.5	21.2	21.4	20.7			21.3	10
1994	18.9		21	22.5	23	22	21.5	21.1	21.6	21.1	20.1	20.2		21.2	11
1995	19.6	20.3	21.2	23.4	23.5	22.8	22.1	22.3	21.2	20	20.3	19.6		21.4	12
1996	18.1	19	20	22.6	22.4	22	21.7	21.4	21.7	21.2	19.7	20		20.8	12
1997	19.2	20	21.7	22.8	23.1	22	22	22	21.9	20.4	21.3	18.7		21.3	12
1998	19.6	19.2	21.6	24.2	25.4	23.6	22.6	22	21	19.8	20.9	15.8		21.3	12
1999	13.8	19.4	23.8	23.9	23.9	23.4	23.4	24	23.6	20.4	14.6	16		20.8	12
2000										23.9	22.1	17.3		21.1	3
2001	13.2	22.4	25.6	27	25.6	22.9	21.3	25	24.1	23.9	19.1	18.6		22.4	12
2002	18.7	18.4	21.9	27	26.7	24.2	24.7	23.5	22	23.2	17	14.9		21.8	12
2003	14.5	18.4	25.3	25.6	25.9	24.9		24.9	24.7	22.7	19.9	16.1		22.1	11
2004	17.8	19	23.4	25.6	25.6	26.2	26.3	25.5	25	24.4	17.1	14.6		22.5	12
2005	16	20	23.9	26	25.9	25.6	26.5	26.1	25.4	21.8	18.1	16.4		22.6	12
2006	17.2	18.7	23.6	25.7	26	25	26	26.2	26.2	25.7	20.2	17.6		23.2	12
2007	17.9		24.5	26	25.4	25	24	25	25.1	22.1	15.6	15.7		22.4	11
2008	15.1	21.5	26.3	26.6	25.5	24.5	24.3	24.6	25	24	15.9	14.4		22.3	12
2009	14.2	19.8	20	24	24.3	24.1	24.1	24.5	24	24.4	16.5	13.3		21.1	12
2010	14.7	13.8	17.4	24.1	25.1	24.6	24.8	24.5	25.3	18.4	15.2	14.2		20.2	12
2011	15.4	18.9	25.3	27.1	26.3		25.9	25.8	23.8	20.6	17.8	15.3		22	11
2012	15.9	18.5	22.6	26.4	27.2	26.5	26.3							23.3	7
MÍNIMA	11.9	13.8	17.4	19	21.1	19.9	18.8	19.2	19.1	18.4	14.6	13.3		19.9	2
MÁXIMA	24.8	23.8	27.5	27.4	27.8	26.5	26.5	26.2	26.2	25.7	26	23.6		25	12
MEDIA	18.6	20.1	22.4	24.1	24.4	23.3	22.7	22.7	22.5	21.7	20.1	18.8		21.8	10.9
DESV.ST	2.4	1.7	1.8	1.8	1.5	1.5	1.7	1.7	1.7	1.6	2.2	2.3		1.1	2.5
