COMISIÓN NACIONAL DEL AGUA
COORDINACIÓN GENERAL DEL SERVICIO METEOROLÓGICO NACIONAL
BASE DE DATOS CLIMATOLÓGICA NACIONAL 

ESTADÍSTICA MENSUAL
EMISIÓN   : 25/10/2024 

DATOS DISPONIBLES EN LA BASE DE DATOS A: OCTOBER DE 2024; 
CON LA INFORMACIÓN SUMINISTRADA POR LAS UNIDADES ADMINISTRATIVAS 

 ESTACIÓN  : 7012 
 NOMBRE    : FINCA ARGOVIA 
 ESTADO    : CHIAPAS 
 MUNICIPIO : TAPACHULA 
 SITUACIÓN : OPERANDO 
 CVE-OMM   :   
 LATITUD   : 15.12666667 ° 
 LONGITUD  : -92.29916667 ° 
 ALTITUD   : 620 msnm 


LLUVIA MÁXIMA 24 H.
AÑO	ENE	FEB	MAR	ABR	MAY	JUN	JUL	AGO	SEP	OCT	NOV	DIC	ACUM	PROM	MESES
1955			54	51	74	74	83						336	67.2	5
1956	21	20	4	66	66	82	90	55	170	80	48	32	734	61.2	12
1957	4	30	30	42	85	56	49	60	98	45	35	5	539	44.9	12
1958	0.01	2	26	40	75	111	59	65	65	80	42	43	608.01	50.7	12
1959	18	19	34	36	54	111	92	102	90	130	17	21	724	60.3	12
1960	13.5	25	2	31.6	93	59	68	101	92	94	109	20	708.1	59	12
1961	40	42	32	50	74	108	47	60	161	52	146	69	881	73.4	12
1962	1	16	94	95	93	107	80	140	71	38	39	13	787	65.6	12
1963	8	65	42	41	32	57	90	116	185	76	71	2	785	65.4	12
1964	0	3	49	44	76	126	108	95	104	65	38	37	745	62.1	12
1965	23	3	16	30	89	140	111	56	182	68	67	20.5	805.5	67.1	12
1966	3.5	6	32	68	59	83	56	96	100	85	37	16	641.5	53.5	12
1967	6	9.5	37	84	87	69	50	101	101	52	56	31	683.5	57	12
1968	21.5	41	26	20	80	118	63	78	165	79	88	32	811.5	67.6	12
1969	0	24	77	83	80	119	64	187	124	84	36	17	895	74.6	12
1970	22	3	8	35	68	65	74	81	73	125	58	22	634	52.8	12
1971	64	5	42	25	72	72	74	113	58	92	43	13	673	56.1	12
1972	53	14.5	32	66	84	53	46	62	91	83	61	6	651.5	54.3	12
1973	5	11.5	11	80	68	74	43	96	93	74	74	32	661.5	55.1	12
1974	31	45	49	50	81	60	83	65	198	51	45	3	761	63.4	12
1975	4	92	32	42	95	66	88	107	105	94	24.5	15	764.5	63.7	12
1976	9.5	1.1	19	45	84	71.5	67.5	45	65	141	123	7.5	679.1	56.6	12
1977	5	16	30	72	46	95	41	71	56	74	52	53	611	50.9	12
1978	25.5	1.5	56	44	81	165	55	81	118	75	39	20	761	63.4	12
1979	2	6	45	57	74	116	85	86	76	61	40	21	669	55.8	12
1980	27	4	52	115	82	81	73	66	96	65	48	1	710	59.2	12
1981	18	25	75	81	60	88	75	57	65	89	55	85	773	64.4	12
1982	9		22	52	73	94	60	64	86	147	53	2.5	662.5	60.2	11
1983	0	47	42	12	110	119	110	78	94	75	43	27	757	63.1	12
1984	3	17	10	7	92	111	69	84	89	58	49	2	591	49.2	12
1985	16	41	21	68	103	67	105	136	66	69	102	7	801	66.8	12
1986	11	11	11	37	129	89	43	73	78	63	48	5	598	49.8	12
1987	2	2	83	70	89	131	89	42	87	115	40	23	773	64.4	12
1988	13	7	19	65	109	91	71	106	165	117	58	28	849	70.8	12
1989	4	21	16	23.5	71	67	78	114	92	75	40	50	651.5	54.3	12
1990	37	63	7	65	76	102	50	60	119	87	90	15	771	64.2	12
1991	12	15	51	36	95	74	91	76	64	57	42	33	646	53.8	12
1992	6	8	90	33	58	125	99	68	114	70	55	9	735	61.2	12
1993	28	4	31	84	95	73	67	94	123	60	25	35	719	59.9	12
1994	7	19	34	37	98	75	52	75	110	117	44	36	704	58.7	12
1995	12	161	29	104	91	101	100	188	140	99	58	111	1194	99.5	12
1996	50	0.01	56	65	91	88	117	183	72	64	71	12	869.01	72.4	12
1997	7	13	16	109	47.5	96	68	61	124	59	82	41	723.5	60.3	12
1998	0.01	1.5	8	5	49	122	56.5	108	177.5	75	80	7	689.51	57.5	12
1999	26	3.5	13	43	123.5	106	130	135	0	130	135	0	845	70.4	12
2000	4	9	64	47.5	161	129	62	104	89	52	58.5	8.5	788.5	65.7	12
2001	57.5	0.5	45	42	124	50	81	81.5	90	60	21	7	659.5	55	12
2002	0.01	4	2	89	52	109	74	71	115	46	47	26.5	635.51	53	12
2003	32.5	5	19	39	32	111	56	104	169	118	99	10	794.5	66.2	12
2004	3	0.01	70	42	77	65	75	85	53	121	21	37	649.01	54.1	12
2005	1	15	35	73	58	260	92	96	154	373	60	16	1233	102.8	12
2006	12	0.01	27.5	81	98	135.2	112.3	38.2	83	118	45.1	21	771.31	64.3	12
2007	22.5	28.6	32.5	71.4	129.2	115.5	117.5	146.7	82	183	45	15.2	989.1	82.4	12
2008	3.2	104	42.3	74	103	81.5	105.7	114.5	89.3	61.6	31.5	30	840.6	70	12
2009	27	11	39	66.4	105.5	79	84.5	60.3	55.7	95.6	41	91	756	63	12
2010	0	40	17.2	65	78	132.5	228.6	85	204	55.4	27	69	1001.7	83.5	12
2011	0	30.6	54.5	57	82	181.2	137.2	158.3	111	80	10.4	15	917.2	76.4	12
2012	60	69	16	105.5	84.1	80							414.6	69.1	6
2013							204.8	73.2	102	104	57	70.5	611.5	101.9	6
2014	17.6	50.4	72.7	54.1	107.2	78.3	55	117.5	108.3	121.3	10.6	17	810	67.5	12
2015	2	25.6	34.4	41	86.8	68.3	72.5	66.2	68.7	105.2	66.2	36.7	673.6	56.1	12
2016	8.3	7	3.57	35	148.5	59	98.3	59	78.1	75.1	43.5	27	642.37	53.5	12
2019											30.9	14.6	45.5	22.8	2
2020	16.1	22.1	13.1	48.6	68	141.2	102	83.6	50.7	73	43	33.6	695	57.9	12
2021	16.5	17.7	25.4	34.4	91.8	57	63.6		84.6	47.8	31.8	47.9	518.5	47.1	11
2022	17.2	11.3	45.6	25.6	41.7	77.7	50.1						269.2	38.5	7
MÍNIMA	0	0.01	2	5	32	50	41	38.2	0	38	10.4	0	45.5	22.8	2
MÁXIMA	64	161	94	115	161	260	228.6	188	204	373	146	111	1233	102.8	12
MEDIA	15.4	22.8	34.7	54.7	83.4	96.4	81.9	90.7	103.1	88.4	53.9	26.6	717.1	62.3	11.5
DESV.ST	16.1	28.5	22.3	24.7	25	35.4	33.4	34.1	41	46.8	27.7	22.9	174.6	12.8	1.9

LLUVIA TOTAL MENSUAL
AÑO	ENE	FEB	MAR	ABR	MAY	JUN	JUL	AGO	SEP	OCT	NOV	DIC	ACUM	PROM	MESES
1955			84	121	541	352	783						1881	376.2	5
1956	45.03	58	14	257	591	595	463	408	883	377	225	43	3959.03	329.9	12
1957	12	125	30	201	474	490	312	352	650	342	128	7.01	3123.01	260.3	12
1958	0.03	3	53.01	135	534	802	468	550	619	712	171	97	4144.04	345.3	12
1959	21	24	69	167	343	835	447	628	517	1194	56	24	4325	360.4	12
1960	14.5	45	3.52	170.9	658	508	572	598	758	754	236	22	4339.92	361.7	12
1961	44	78	76	227	314	501.6	384	488.04	819	442	369	124	3866.64	322.2	12
1962	1	17	126	308	346	947	406	653	497	257	123	18	3699	308.2	12
1963	9	117	126	91	249.8	626	532	671	1117	533	366	2	4439.8	370	12
1964	0	9	79	212	415	726	654	482	697	571	198	106	4149	345.8	12
1965	39.5	5.5	31	134.5	394	817	321	609	966	519	343	41	4220.5	351.7	12
1966	3.5	10.5	135.5	323.5	460	683	494	524.5	664	557.2	119	34.5	4009.2	334.1	12
1967	8	17.5	116	245	409.5	637	409	558	761.5	396.5	245	107	3910	325.8	12
1968	61.51	56	28.01	117	691	964	501.5	459	958	690.01	248	55	4829.03	402.4	12
1969	0	56.5	208	279	348	829	486.5	976.5	785	989	169.5	35	5162	430.2	12
1970	23	7	8	65.8	306.01	663	611	889	793	664	200	67.01	4296.82	358.1	12
1971	152	10	62	85	505	411.5	428.01	627.01	635	821.51	247.5	34.52	4019.05	334.9	12
1972	100.51	43.01	181	252.01	501.3	507	403.61	495	474	372	244.57	7.52	3581.53	298.5	12
1973	5	24.51	15.01	369.02	464.01	743	497.01	969.01	881.5	377.51	377.51	63.51	4786.6	398.9	12
1974	87.01	95.01	197.51	139	583	562	557	529.5	776.01	287.02	131.5	4.5	3949.06	329.1	12
1975	9.52	108.5	128.51	137.3	517.51	512	646.5	578.5	1120	502.02	172.51	47.5	4480.37	373.4	12
1976	19.01	1.6	63.51	282.01	554.02	609.41	288.53	352.02	486.51	780	324.03	12.01	3772.66	314.4	12
1977	7	23.01	30	225.5	388.01	686	279.52	665.01	561.51	514	320.02	146.01	3845.59	320.5	12
1978	44.5	1.5	94.5	176	404.8	599.6	570.5	659	884.51	689.01	84	35.52	4243.44	353.6	12
1979	3.01	11.52	156.52	284.53	463.02	750	547	818.5	585.5	623.01	92.5	39.5	4374.61	364.6	12
1980	40.52	12.5	83.01	338.02	468.52	492.52	470.5	558.5	812	451	112.51	1.01	3840.61	320.1	12
1981	20.5	30.01	176	352.01	521.5	766	659	745	604	557.5	123	110.01	4664.53	388.7	12
1982	18		35.5	283.5	385.5	504	421	358.5	834.51	494.01	211	3.5	3549.02	322.6	11
1983	0	73.51	57.01	33.5	377.5	805.52	490.03	674	744.01	546.52	174.01	47.01	4022.62	335.2	12
1984	3.05	49.5	11.5	8.54	531.51	719.51	559	606.01	843.01	372.5	171.02	2.02	3877.17	323.1	12
1985	25	75.5	85.01	336.51	528.02	655.5	624.5	906	620	577	184.01	21.51	4638.56	386.5	12
1986	15.5	62.51	11.51	132.52	595.04	492.01	447	541	486.51	608.01	177.51	9.01	3578.13	298.2	12
1987	2	4	110.01	174.01	215.01	656.5	710	372.51	638.5	481.6	52	48.5	3464.64	288.7	12
1988	23.02	8.51	40.5	164.5	360	609.5	624	808.01	1160.01	452.53	140.5	63.51	4454.59	371.2	12
1989	5.51	45.03	41.5	82.01	690.5	581	485.01	689.02	740	592.02	213.02	78	4242.62	353.6	12
1990	129.01	92.02	15.01	424.01	556.02	633	568	375.01	808	638	195.02	36	4469.1	372.4	12
1991	40.51	15.02	61	126.06	470.02	665.02	385.02	434.12	395.03	480.01	126.04	63.02	3260.87	271.7	12
1992	8.05	8.02	224.52	164.01	387.02	804	444	571	853	441	281.01	12.02	4197.65	349.8	12
1993	53.54	9.01	117.02	246.01	636.01	559.01	364	573.03	662.5	600	103.03	36.03	3959.19	329.9	12
1994	8.01	22.54	41.58	143.55	683.03	670.55	352.03	517.01	576.01	851.02	305.55	165.13	4336.01	361.3	12
1995	16.55	247.53	67.54	602.56	650.05	835.5	800.02	873	604.03	711	223.03	264.06	5894.87	491.2	12
1996	77.04	0.01	78.06	429	717.51	760.5	482.01	963.51	601.51	564.01	207.52	21.04	4901.72	408.5	12
1997	12.05	27.54	115.03	421	566.01	537.5	311.52	416.33	637.5	367.5	421.03	46.53	3879.54	323.3	12
1998	0.01	1.53	13.02	5.02	99.01	704.2	394.02	781	1022.51	423.01	443.51	13.52	3900.36	325	12
1999	30.02	6.06	32.56	280.53	564.12	880.1	804.51	253.18	0	804.51	263.08	0	3918.67	326.6	12
2000	4.5	26.04	128.06	90.64	1188.53	506.01	484.5	635.52	846	515.01	279.51	17.02	4721.34	393.4	12
2001	61	0.52	185.03	166.57	565.01	317.51	559.52	592.52	677.52	488.91	48.51	15.02	3677.64	306.5	12
2002	0.01	4.01	3.55	338.54	330.51	674.52	466.01	515.02	1011.01	404.01	193.01	27.03	3967.23	330.6	12
2003	32.52	5.03	21.02	101.03	260.03	764.01	360.51	608.5	967.01	833.5	369	15.01	4337.17	361.4	12
2004	3.5	0.01	134.52	73.51	495.51	591	636	616	707	1128.5	96.5	82	4564.05	380.3	12
2005	1.01	15.02	147.02	140.53	438.53	1235	709.5	716.5	760.01	1316.03	136.56	19.51	5635.22	469.6	12
2006	18.51	0.02	71.14	182.54	700.53	862	616.1	464.7	733.1	660.9	178.5	54.8	4542.84	378.6	12
2007	45.2	30.4	74.2	279	826.5	616.7	827.7	1019.1	724.1	709.7	107.7	17.1	5277.4	439.8	12
2008	5.6	258.8	142.9	279.4	458.2	602.4	727.9	1011.8	780.9	452.6	31.9	31.4	4783.8	398.6	12
2009	56	15.9	83.5	99	847.7	667.1	478.1	525	398	602.2	129.5	107.7	4009.7	334.1	12
2010	0	77.3	49.9	405.3	555.7	956.7	1143.8	1164.1	1104.1	236.6	95.5	73.2	5862.2	488.5	12
2011	0	70.9	199	400.5	377.6	769.8	788.5	1096.9	609.4	352.8	12.9	33.3	4711.6	392.6	12
2012	86.9	141.6	53.1	344.2	510.5	415.3							1551.6	258.6	6
2013							951	658.9	787.2	879	322.8	185.1	3784	630.7	6
2014	24.4	133.4	158.9	289.4	1050.4	806.7	272.1	554.1	868.8	623.3	50	30.7	4862.2	405.2	12
2015	2.8	28.6	110.5	237.6	532.7	356.8	352.6	601.9	358	464.6	413.2	56	3515.3	292.9	12
2016	15.9	7	3.87	45.8	270.8	219.7	464.7	240.9	353.7	150	268.5	69.3	2110.17	175.8	12
2019											83.8	57.6	141.4	70.7	2
2020	28.66	50.37	62.2	133.6	553.11	795.01	493.11	647.56	482	444.25	131.41	49.5	3870.78	322.6	12
2021	52.26	42	72.22	208.8	625.1	507.81	275.42		572.2	373.51	217.01	98.6	3044.93	276.8	11
2022	26.8	17	55.8	34	168.1	133.9	312.01						747.61	106.8	7
MÍNIMA	0	0.01	3.52	5.02	99.01	133.9	272.1	240.9	0	150	12.9	0	141.4	70.7	2
MÁXIMA	152	258.8	224.52	602.56	1188.53	1235	1143.8	1164.1	1160.01	1316.03	443.51	264.06	5894.87	630.7	12
MEDIA	27	42.9	82.6	212.5	503.3	648.2	521.5	626.6	714.1	574.4	198.2	51.7	4002.7	345.9	11.5
DESV.ST	32	53.4	58.2	121.2	185.5	185.7	172	203.1	211.6	222.3	104.2	49.1	990.1	77.8	1.9

EVAPORACIÓN MENSUAL
AÑO	ENE	FEB	MAR	ABR	MAY	JUN	JUL	AGO	SEP	OCT	NOV	DIC	ACUM	PROM	MESES
1969							55.75						55.75	55.8	1
1974					102.2								102.2	102.2	1
2013							99.8	113.5	82.7	114.7	98.4	90.8	599.9	100	6
2014	83.45	91.5	109.1	118.3	111.7	102.5	119.3	87	97.14	97.6	77.6	76.9	1172.09	97.7	12
2015	90.5	97.6	109.78	73		81	45.9	71.2	51.2		70.6	69.05	759.83	76	10
2016	77.2	113.85											191.05	95.5	2
2020	84.9	81.5	92.89	43.45									302.74	75.7	4
MÍNIMA	77.2	81.5	92.89	43.45	102.2	81	45.9	71.2	51.2	97.6	70.6	69.05	55.75	55.8	1
MÁXIMA	90.5	113.85	109.78	118.3	111.7	102.5	119.3	113.5	97.14	114.7	98.4	90.8	1172.09	102.2	12
MEDIA	84	96.1	103.9	78.2	107	91.8	80.2	90.6	77	106.2	82.2	78.9	454.8	86.1	5.1
DESV.ST	5.5	13.6	9.6	37.7	6.7	15.2	35.1	21.4	23.5	12.1	14.5	11	409.2	17.3	4.4

TEMPERATURA MÁXIMA PROMEDIO
AÑO	ENE	FEB	MAR	ABR	MAY	JUN	JUL	AGO	SEP	OCT	NOV	DIC	ACUM	PROM	MESES
1966	28.6													28.6	1
2006						29.6	30.5	30.4	29.9	30	29.6	29.8		30	7
2007	29.8	30.1	28.6	28.5	25.6	25.1	24.1	27.4	30.2	31.4	36	33.4		29.2	12
2008	25.4	24.9	24.4	32.5	32.5	32.7	32.8	32.8	32.7	32.6	32.8	32.3		30.7	12
2009	27.1	24.6	24.5	24.1	22.9	25.1	25.8	28.1	29.2	27.5	26.4	24.8		25.8	12
2010	24.2	25.2	23.9	24.4	25	23.4	23.5	25.5	22.7	23.9	26.4	26.3		24.5	12
2011	28.5	27.6	26.8	25	24.8	22.7	24.4	22.7						25.3	8
2012	27.1	29.6												28.4	2
2013							30.5	30.1	29.7	30.8	30.8	31.2		30.5	6
2014	31	30.6	30.6	30.9	30.4	30	31	30.6	30.4	30	31.1	31.3		30.7	12
2015	31.4	31.4	31.2	31.5	31.6	30.9	31.5	32.3	33.6	33.9	34	34		32.3	12
2016	34	34	34	34	33.4	34	33.8	34	34	34	34	34		33.9	12
2019											34	34		34	2
2020	34													34	1
2022											30.1	29.9		30	2
2023	30.4	27.4	29.1	29.8								30.3		29.4	5
MÍNIMA	24.2	24.6	23.9	24.1	22.9	22.7	23.5	22.7	22.7	23.9	26.4	24.8		24.5	1
MÁXIMA	34	34	34	34	33.4	34	33.8	34	34	34	36	34		34	12
MEDIA	29.3	28.5	28.1	29	28.3	28.2	28.8	29.4	30.3	30.5	31.4	30.9		29.8	7.4
DESV.ST	3.1	3.1	3.5	3.7	4.1	4.2	3.9	3.5	3.4	3.2	3.1	3		2.9	4.7

TEMPERATURA MÁXIMA EXTREMA
AÑO	ENE	FEB	MAR	ABR	MAY	JUN	JUL	AGO	SEP	OCT	NOV	DIC	ACUM	PROM	MESES
1966	29.5													29.5	1
2006						34	35.5	35	31.5	31.5	31.5	31		32.9	7
2007	31.5	32.5	35	34.5	32	32.5	30	37	33	38.5	39.5	38		34.5	12
2008	31	32	32	33	33	33	33.5	33	33	33	33.5	33.5		32.8	12
2009	31.5	32.5	31.5	33.5	32.5	31.5	31.5	32	34	34	32	32		32.4	12
2010	30	31	32	33.5	33	27	31	33	29.5	31	31	30		31	12
2011	31	31.5	28.5	29.5	29	28.5	28	27						29.1	8
2012	32	32												32	2
2013							32.5	31	31	31	32	31.8		31.6	6
2014	31.5	31	31	31.8	31	31	31.8	32	31.5	31	31.8	31.8		31.4	12
2015	31.8	31.8	31.8	35	34.8	32	33	35	34	34	34	34		33.4	12
2016	34	34	34	34	34	34	34	34	34	34	34	34		34	12
2019											34	34		34	2
2020	34													34	1
2022											31	31		31	2
2023	32	32	33	32								31		32	5
MÍNIMA	29.5	31	28.5	29.5	29	27	28	27	29.5	31	31	30		29.1	1
MÁXIMA	34	34	35	35	34.8	34	35.5	37	34	38.5	39.5	38		34.5	12
MEDIA	31.6	32	32.1	33	32.4	31.5	32.1	32.9	32.4	33.1	33.1	32.7		32.2	7.4
DESV.ST	1.3	0.9	1.9	1.7	1.8	2.4	2.1	2.7	1.6	2.4	2.4	2.2		1.6	4.7

TEMPERATURA MÍNIMA PROMEDIO
AÑO	ENE	FEB	MAR	ABR	MAY	JUN	JUL	AGO	SEP	OCT	NOV	DIC	ACUM	PROM	MESES
1966	19.7													19.7	1
2006						17.5	17.6	17.9	17.5	17.8	16	16.1		17.2	7
2007	15	14.4	15.2	16.8	17.8	17.1	16.6	17.2	17.2	16.6	15.2	14.3		16.1	12
2008	13.5	14.5	15.3	15	15.2	15.1	15.3	15.3	15.7	15.9	13.1	12.5		14.7	12
2009	13.7	13.2	13.6	16.2	17.1	17.6	16.8	17.2	17.6	17.4	15.9	14.9		15.9	12
2010	14.3	15.6	16.2	17	18.2	18.3	17.7	17.9	17.6	16.1	14.9	13.5		16.4	12
2011	14.3	14.7	14.8	16.4	17.4	17.6	17.4	17.4						16.2	8
2012	13.7	15												14.3	2
2013							16.6	16.8	17.6	17.2	16.7	15.8		16.8	6
2014	14.4	15.2	16.4	17.2	18.5	18.1	17.3	17	17.4	17	16.4	15.1		16.7	12
2015	14.7	15	15.4	17.3	18.2	18.3	17.4	16.8	17.6	17.9	17.1	15.3		16.8	12
2016	15.3	15.4	17	17.6	18.9	17.5	17.6	16.8	16.9	16	16.6	15.8		16.8	12
2019											17	16.2		16.6	2
2020	15.4													15.4	1
2022											19.5	18.2		18.9	2
2023	17.6	17.3	19	20.1								19.4		18.7	5
MÍNIMA	13.5	13.2	13.6	15	15.2	15.1	15.3	15.3	15.7	15.9	13.1	12.5		14.3	1
MÁXIMA	19.7	17.3	19	20.1	18.9	18.3	17.7	17.9	17.6	17.9	19.5	19.4		19.7	12
MEDIA	15.1	15	15.9	17.1	17.7	17.5	17	17	17.2	16.9	16.2	15.6		16.7	7.4
DESV.ST	1.8	1	1.5	1.4	1.2	1	0.7	0.7	0.6	0.8	1.6	1.9		1.4	4.7

TEMPERATURA MÍNIMA EXTREMA
AÑO	ENE	FEB	MAR	ABR	MAY	JUN	JUL	AGO	SEP	OCT	NOV	DIC	ACUM	PROM	MESES
1966	18													18	1
2006						16.5	16	17	16	16.5	12.5	14.5		15.6	7
2007	13.5	13	13	13.5	16	15.5	15.5	16	16	14	13.5	13.5		14.4	12
2008	12	11.5	14	14.5	14.5	14.5	15	15	15	15	11	11.5		13.6	12
2009	12	11	12.5	15	15	16	15	15.5	16.5	16	14.5	11		14.2	12
2010	11.5	14	13.5	13	16	17	16	17	17	14.5	12	11		14.4	12
2011	12	13.5	13.5	14	16	16.5	16	12.5						14.2	8
2012	12	14												13	2
2013							12	15.5	15.5	14	15	14.5		14.4	6
2014	12.5	14.5	15	15.5	17	17	15.9	16	16.2	15	8	14		14.7	12
2015	12.5	14	14	15	16.8	17	16	12.5	17	17.5	16.5	15		15.3	12
2016	14	13.5	15	16	18	16	17	16	16	15	14	14		15.4	12
2019											16	15		15.5	2
2020	14													14	1
2022											18	16		17	2
2023	16	17	18	18								18.5		17.5	5
MÍNIMA	11.5	11	12.5	13	14.5	14.5	12	12.5	15	14	8	11		13	1
MÁXIMA	18	17	18	18	18	17	17	17	17	17.5	18	18.5		18	12
MEDIA	13.3	13.6	14.3	14.9	16.2	16.2	15.4	15.3	16.1	15.3	13.7	14		15.1	7.4
DESV.ST	1.9	1.6	1.6	1.5	1.1	0.8	1.3	1.6	0.7	1.2	2.8	2.2		1.4	4.7

TEMPERATURA MEDIA MENSUAL
AÑO	ENE	FEB	MAR	ABR	MAY	JUN	JUL	AGO	SEP	OCT	NOV	DIC	ACUM	PROM	MESES
1966	24.1													24.1	1
2006						23.6	24	24.1	23.7	23.9	22.8	23		23.6	7
2007	22.4	22.2	21.9	22.6	21.7	21.1	20.4	22.3	23.7	24	25.6	23.9		22.6	12
2008	19.4	19.7	19.9	23.8	23.9	23.9	24	24	24.2	24.2	23	22.4		22.7	12
2009	20.4	18.9	19	20.1	20	21.4	21.3	22.6	23.4	22.4	21.1	19.9		20.9	12
2010	19.2	20.4	20	20.7	21.6	20.9	20.6	21.7	20.1	20	20.6	19.9		20.5	12
2011	21.4	21.1	20.8	20.7	21.1	20.1	20.9	20						20.8	8
2012	20.4	22.3												21.4	2
2013							23.6	23.5	23.6	24	23.8	23.5		23.7	6
2014	22.7	22.9	23.5	24	24.4	24	24.1	23.8	23.9	23.5	23.8	23.2		23.6	12
2015	23	23.2	23.3	24.4	24.9	24.6	24.4	24.5	25.6	25.9	25.6	24.6		24.5	12
2016	24.6	24.7	25.5	25.8	26.1	25.8	25.7	25.4	25.4	25	25.3	24.9		25.4	12
2019											25.5	25.1		25.3	2
2020	24.7													24.7	1
2022											24.8	24		24.4	2
2023	24	22.4	24	25								24.9		24.1	5
MÍNIMA	19.2	18.9	19	20.1	20	20.1	20.4	20	20.1	20	20.6	19.9		20.5	1
MÁXIMA	24.7	24.7	25.5	25.8	26.1	25.8	25.7	25.4	25.6	25.9	25.6	25.1		25.4	12
MEDIA	22.2	21.8	22	23	23	22.8	22.9	23.2	23.7	23.7	23.8	23.3		23.3	7.4
DESV.ST	2	1.8	2.2	2.1	2.1	2	1.9	1.6	1.6	1.7	1.8	1.8		1.6	4.7
