COMISIÓN NACIONAL DEL AGUA
COORDINACIÓN GENERAL DEL SERVICIO METEOROLÓGICO NACIONAL
BASE DE DATOS CLIMATOLÓGICA NACIONAL 

ESTADÍSTICA MENSUAL
EMISIÓN   : 25/10/2024 

DATOS DISPONIBLES EN LA BASE DE DATOS A: OCTOBER DE 2024; 
CON LA INFORMACIÓN SUMINISTRADA POR LAS UNIDADES ADMINISTRATIVAS 

 ESTACIÓN  : 7085 
 NOMBRE    : PALENQUE (SMN) 
 ESTADO    : CHIAPAS 
 MUNICIPIO : PALENQUE 
 SITUACIÓN : SUSPENDIDA 
 CVE-OMM   :   
 LATITUD   : 17.50916667 ° 
 LONGITUD  : -91.98222222 ° 
 ALTITUD   : 60 msnm 


LLUVIA MÁXIMA 24 H.
AÑO	ENE	FEB	MAR	ABR	MAY	JUN	JUL	AGO	SEP	OCT	NOV	DIC	ACUM	PROM	MESES
1927	25.5	7.6	39.5	15	100.5	110	80	68	160.2	189.5	51	85.9	932.7	77.7	12
1928	121	66.7	65	17.2	40	50	56.8	56.7	86.9	156.4	80	63.9	860.6	71.7	12
1929	60.8	30	17.3	0.01									108.11	27	4
1942		7											7	7	1
1948							78	85	43.5	64	18.3	8.5	297.3	49.5	6
1949	42	10	60.2	40	26.2	60.2	40.2	60.2	60.2	120.5	20.2	16.2	556.1	46.3	12
1950	20.1	50.6	50.6	40.1	35	50.3	30.7	30.3	150.2	50.4	30.2	30.6	569.1	47.4	12
1951	20.2	30.6	80	8	3.9	72.8	58.5	80.5	90	41.6	210.5	30.5	727.1	60.6	12
1952	40.5	45.5	22.5	15.8	40.5	40.5	55	40.8	70	130.5	45.2	70.5	617.3	51.4	12
1953	18.5	30.5	15.5	4	50.5	70.5	30.5	40	70.3	85.2	65.2	60.5	541.2	45.1	12
1954	22	30.5	39	22	40.5	72	55	65	105	60.5	55	53	619.5	51.6	12
1955	14	61	65	0	65	40	30	80	120.3	95.3	20	67.3	657.9	54.8	12
1956	12	6.2	37.3	6.2	60	8	46.4	39.5	80.9	103.5	49.3	120.8	570.1	47.5	12
1957	41.7	40.7	170.8	27.8	28	68.5	21.8	111.5	105.3	89.2	127.8	114	947.1	78.9	12
1958	22.4	20.8	160.3	1.2	102	184.3	70.3	48.3	110.3	68.4	120.8	6	915.1	76.3	12
1959	65.2	10.7	70.8	130.4	45.2	60.5	20.4	60.4	120.4	40.2	190.5	40.5	855.2	71.3	12
1960	60.4	40.5	15.2	80.2	90.5	90.8	60.5	9.9	140.7	8.6	20.7	20.6	638.6	53.2	12
1961	120	92.4	40.8	60.8	130.2	40	110.7	80.9	40.8	80.9	41.3	40.2	879	73.2	12
1962	40.6	10.8	28.8	100.7	40.7	60.7	30.7	88.8	82.6	62.8	42.7	26.6	616.5	51.4	12
1963	5	55	64.2	1	108.4	22.2	47	84.5	62.5	29.2	74.3	33.4	586.7	48.9	12
1964	60.9	42.8	25.1	39.4	120.7	100.5	115.4	45.3	230.4	94.5	71.5	40	986.5	82.2	12
1965	33.5	39.4	24.5	36.5	10.4	86.4	83.5	41.1	56.4	60.4	45.4	40.4	557.9	46.5	12
1966	160.3	44.8	88.8	41.2	44.1	121	60.5	41.2	108.6	99.1	44.4	59.9	913.9	76.2	12
1967	72.8	17.3	11.2	39.4	33.5	63.5	21.8	62.7	187.5	103.4	29.1	127.2	769.4	64.1	12
1968	68.3	36.8	26.3	37.7	43.7	37.7	54.5	43.6	66.3	100.2	92.4	171.3	778.8	64.9	12
1969	166.9	7.1	40.5	10.2	23.3	62	27.5	110.6	97.3	123	95.5	49.4	813.3	67.8	12
1970	26.7	56.6	20.3	22.4	111	69.3	75.7	80.6	83.4	85.3	109.8	16.7	757.8	63.1	12
1971	5.2	50.5	50.5	33.6	26.4	87	33.2	57	68.3	106.3	95.7	18	631.7	52.6	12
1972	32.3	61	29.6	34.6	36.3	20	86.6	84.5	71.8	37.6	71	87.5	652.8	54.4	12
1973	25.4	54.8	8.5	45.4	46.6	46.1	62.4	68				54.2	411.4	45.7	9
1974	26.5	74.6	28	63.3	35.8	51.6	46.2	29	111.5	62.2	33.6	42.8	605.1	50.4	12
1975	85.6	79.8	33.3	1.3	59.6	39.8	41.7	50	52.6	186.5	79.6	91.3	801.1	66.8	12
1976	78.4	34	12.1	17.9	47.7	62	29.5	58	84	98	91.2	73.6	686.4	57.2	12
1977	48.4	21.1	25.4	16.5	38.5	32.5	33.8	61.7	49.6	34.7	97.5	89	548.7	45.7	12
1978	63.3	42	182										287.3	95.8	3
1982			0										0	0	1
1983									46.8	98.5	71	62.1	278.4	69.6	4
1984	78.8	70.8	12.3	28.5	130.3	68.5	28.1	72.5	56.9	78.8	39	16	680.5	56.7	12
1987	20	48	40	20	24.5	130.5	78	31.5	67	34	32	33	558.5	46.5	12
1988	22	63	46	9	57	84	21.5	95	67	107	58	75	704.5	58.7	12
1989	32	41	43	36	40	105	42						339	48.4	7
1990			23	22	75	75	50	75	86	35	64.5	83	588.5	58.9	10
1991	14	39	40	0	58	87.5	27	20	59	46	87	27	504.5	42	12
1992	108	26	45	40	21.5	126	5.5	29.5	72	43	46.5	27	590	49.2	12
1993	39	58	57	45	56	75	30	27	72	29	25	47	560	46.7	12
1994	62	52	37.5	52	37	14.5	36	26	74	104	18.5	45	558.5	46.5	12
1995	80	30	85	28	16.5	62	105	52	56	61	34.5	63	673	56.1	12
1996	45	35	45	60	28	107	55	51	74	74	105	44	723	60.2	12
1997	41	84	45	20	54	18	35	81	48	72	53	40	591	49.2	12
1998	34	28	7	8	0	117	34	43	89	54	35	63	512	42.7	12
1999	72	40	18	28	80	133	53	32	60.7	56	20	40	632.7	52.7	12
2000	142	20	42	12	106	96	36	80	42			60	636	63.6	10
2001	20	20	0	8	85	27	39	75	60	40	40		414	37.6	11
2002	97	20	34	13	48	70	20	50	70	86	45	68	621	51.8	12
2003	17	0.9	18							58	54	33	180.9	30.1	6
2004	78	48	44	75	30	4	28	65	42	30	40	6	490	40.8	12
2005	27	0	2.3	46	23	62	68	85	61	20	45	30	469.3	39.1	12
2006	19	21.6	4.5	1	11.3	51.6	16	14	32	22	21.5		214.5	19.5	11
2007	41.8	17	16	8	3	16	5	78	87	33	46	25	375.8	31.3	12
2008	240	60	95	64	160	116	40	40	80	150	50	31	1126	93.8	12
2009	34	32	17	40	20	37	14	76	140	100	15	100	625	52.1	12
2010	70	16	24	86	20	83			124	40	40	0	503	50.3	10
2011	60	20	120	20	43	55	70	30	110	165	60	30	783	65.2	12
2012	80	20	60	200	85	75	30	80	150	100	20	30	930	77.5	12
2013	55	40	30	0	40	100				230	170	230	895	99.4	9
2014	60	40	160	100	60	70							490	81.7	6
2019	20	20	5	5	40	50	90	80	20				330	36.7	9
2020		8		0	115	80		50	160	200	30	30	673	74.8	9
2021	180	40	150	0	45	30	60	60	100	25	30	20	740	61.7	12
MÍNIMA	5	0	0	0	0	4	5	9.9	20	8.6	15	0	0	0	1
MÁXIMA	240	92.4	182	200	160	184.3	115.4	111.5	230.4	230	210.5	230	1126	99.4	12
MEDIA	57.1	36.4	46.4	33.1	53.2	67.8	47.6	58.7	86.2	81	60.3	53.5	604.3	55.3	10.7
DESV.ST	45.9	21.2	42.1	35.4	35.2	34.9	25.2	23.4	39.8	48.1	41	40.1	226.3	18.2	2.8

LLUVIA TOTAL MENSUAL
AÑO	ENE	FEB	MAR	ABR	MAY	JUN	JUL	AGO	SEP	OCT	NOV	DIC	ACUM	PROM	MESES
1927	91.86	15.72	118.42	27.24	139.62	389.03	341.52	361.98	660.34	857.44	188.27	230.23	3421.67	285.1	12
1928	385.06	250.5	107.94	48.73	124.91	210.44	289.03	240.4	363.11	391.53	277.85	232.61	2922.11	243.5	12
1929	351.07	98.24	26.6	0.01									475.92	119	4
1942		13.03											13.03	13	1
1948							184	242.92	364.41	174	50.8	11.4	1027.53	171.3	6
1949	65	10.01	92.9	84.21	65.5	153.51	176.52	251.51	312.3	306.31	52.7	52.2	1622.67	135.2	12
1950	42.1	80.8	128.3	80.2	35	285.21	71.81	214.7	553.46	408.13	70.91	30.62	2001.24	166.8	12
1951	59.22	91.44	164.5	28	10.71	149.7	242.9	355	925	264.1	648.7	68	3007.27	250.6	12
1952	136.2	143.5	75	39.8	160.5	276.5	390	284.1	726.3	740.7	194.5	286.5	3453.6	287.8	12
1953	53.5	103.5	24.5	4	201.4	353.9	259.9	218.8	517	308.9	188.8	281.5	2515.7	209.6	12
1954	60.8	141	161.2	107	280.5	471	157	341	658	389	163	200.12	3129.62	260.8	12
1955	40.03	152.03	74	0	100	145	343	367	851	778.2	54	225.6	3129.86	260.8	12
1956	26.2	11.3	145.2	6.2	282	31.51	131.3	204.5	508.1	513.6	190.7	298.64	2349.25	195.8	12
1957	112.41	127.01	225.9	43.41	83.8	457.11	118.4	336.51	648.42	154.32	223.53	283.03	2813.85	234.5	12
1958	88.2	43.92	327.72	1.21	313.63	772.43	380.02	182.81	476.22	236.6	285.53	15	3123.29	260.3	12
1959	515.62	19.71	222.74	327.72	163.2	456.81	128.1	192	393.5	233.72	518.41	91.2	3262.73	271.9	12
1960	157.7	65.81	35	273.5	303.9	513.61	327.81	52.9	538.2	70.8	136.1	70.2	2545.53	212.1	12
1961	626	336.42	147.61	134.92	288.3	171.6	251.72	271.02	148.9	474.22	119.52	197.8	3168.03	264	12
1962	215.62	15.91	115.91	546.21	81.72	228.91	218.41	296	374.7	391.4	94.22	52.6	2631.61	219.3	12
1963	12.1	82	115.41	1	147.41	91.21	255.41	495.94	679.72	243.02	255.13	128.93	2507.28	208.9	12
1964	218.31	132.85	113.12	86.02	298.83	603.8	374.1	161.21	657.8	264.73	253.52	192	3356.29	279.7	12
1965	169.3	99.8	99.8	60.8	24.1	238.6	280.1	195.72	283.31	423	186.8	205.61	2266.94	188.9	12
1966	382.61	151.92	258	118.11	153.01	294.1	239.9	204.4	758.02	437.3	162.4	216.2	3375.97	281.3	12
1967	186.41	78	18.6	93.6	71	328.2	79.1	163.4	563.8	542	111.8	233.4	2469.31	205.8	12
1968	252.4	164.5	74.6	74	191.6	197.3	181	255.7	457.8	330.6	219.8	395.6	2794.9	232.9	12
1969	326.8	26.2	145.4	27.4	105.6	198.1	142.6	763.9	525.6	298	413.8	61.1	3034.5	252.9	12
1970	88	136.9	58.8	49.5	287.3	386	553.3	432.9	541.9	464.6	324.9	86	3410.1	284.2	12
1971	19.7	52.4	192.1	65.1	26.8	220.9	230.5	372.1	362.7	273.2	337.2	67.4	2220.1	185	12
1972	48.7	114.3	40.9	75.8	58.8	66	530.9	285.5	305.2	146	330.8	278.6	2281.5	190.1	12
1973	90.9	115.5	11.5	129.1	166.6	207.1	252.8	590				165.3	1728.8	192.1	9
1974	74.8	266.7	51.7	208.1	128.4	373.6	224.3	235.2	528.7	501.3	146	110.2	2849	237.4	12
1975	159.4	194	57	1.3	132.5	173.7	124.4	176.5	293.5	849.9	233.8	195.8	2591.8	216	12
1976	150	118.4	14.7	38.7	141.5	368.5	190.2	444.6	257	323	324.1	267.1	2637.8	219.8	12
1977	164.7	81.7	60.4	65.6	76.4	186.9	183.8	241.5	345.5	232.3	377.7	250.3	2266.8	188.9	12
1978	197.3	185.3	350.9										733.5	244.5	3
1982			0										0	0	1
1983									327.3	294.5	135	242.1	998.9	249.7	4
1984	180	139.5	27.5	35	558.6	242.5	170.6	352	463	118.4	107.5	43	2437.6	203.1	12
1987	54.5	83	164	30	36.5	547.5	227.5	287.5	249.5	178	174	122.5	2154.5	179.5	12
1988	132	168	80	22	93	569.5	164.2	365.5	363	573	129	129	2788.2	232.3	12
1989	80	86.5	68	61.5	75	295.5	154						820.5	117.2	7
1990			74	62.5	146.5	235.5	247	160.5	395	167	238	230.5	1956.5	195.7	10
1991	50.5	123	40	0	139.5	215	56	35	273	265	293	174.8	1664.8	138.7	12
1992	284	66	76	96.5	48	486.5	14.5	177.5	386	229.5	188	110	2162.5	180.2	12
1993	111.5	69.5	160	100	111	351.5	88	158.5	338	160.5	66.5	105.5	1820.5	151.7	12
1994	233	169	62.5	136.5	74.5	53.5	119.5	209	374	329	58.5	111.5	1930.5	160.9	12
1995	201	46	118	72	43.5	486.6	273	326	455.5	162.5	119.5	116	2419.6	201.6	12
1996	146	92	100.5	182	54	393	216.5	190	272	330.3	401.5	139	2516.8	209.7	12
1997	84	279.5	66	45	134	92.5	106.5	223	342	304.5	348.1	78.1	2103.2	175.3	12
1998	89.1	30	12	13	0	268	262	334	426.6	407.5	167	104	2113.2	176.1	12
1999	103	118	35	41.8	198	339	347	223.3	610.2	335.5	131.5	123	2605.3	217.1	12
2000	187.4	45	42	20	317	379.5	59	263	387			356	2055.9	205.6	10
2001	50	56	0	8	338	195	146.3	293.5	162	142	101		1491.8	135.6	11
2002	260	79.5	34	13	93	355.8	96	170	365	283	291	129	2169.3	180.8	12
2003	57	0.9	57							292.6	309.8	76.5	793.8	132.3	6
2004	197	175	59	92.5	169	8.6	146	410	442.6	178.5	196	10	2084.2	173.7	12
2005	27.8	0	2.4	46	46	455.2	164.3	319.6	311.4	74.1	386	85	1917.8	159.8	12
2006	42.5	24.8	5.9	4	24.5	314.4	66.9	101.3	137.8	107	83.6		912.7	83	11
2007	105.9	37	41	13	5	53.3	27	358	249	346	144	70	1449.2	120.8	12
2008	311	75	150	125	357	449	110	108	488	377	67	92	2709	225.8	12
2009	99	85	25	51	42	143	19	330	326.4	141	45	159	1465.4	122.1	12
2010	231	22	57	91	20	253			651	92	84	0	1501	150.1	10
2011	154	32	149	20	154	258	252	145	605	923	174	84	2950	245.8	12
2012	491	86	60	200	267	391	183	412	395	363.5	27	85	2960.5	246.7	12
2013	200	120	85	0	130	505				844	525	844	3253	361.4	9
2014	138	70	180	150	183	223							944	157.3	6
2019	68	62	69	15	122	172	220	210	64				1002	111.3	9
2020		59.7		0	118	305		142	390	430	253	209	1906.7	211.9	9
2021	300	70	170	0	165	139	165	90	651	250	253	58	2311	192.6	12
MÍNIMA	12.1	0	0	0	0	8.6	14.5	35	64	70.8	27	0	0	0	1
MÁXIMA	626	336.42	350.9	546.21	558.6	772.43	553.3	763.9	925	923	648.7	844	3453.6	361.4	12
MEDIA	162.5	96.8	94.2	72.9	143.7	293.2	202.6	268.2	441.3	345.3	210.5	159.5	2195.8	198.2	10.7
DESV.ST	127.3	69.4	74.7	90.4	107.8	155.7	112.4	126.6	175.5	203	130.1	128.3	846.2	61.7	2.8

EVAPORACIÓN MENSUAL
AÑO	ENE	FEB	MAR	ABR	MAY	JUN	JUL	AGO	SEP	OCT	NOV	DIC	ACUM	PROM	MESES
1963				144	156.9	159.1	134.7	120.9	99.6	99	80.6	50.4	1045.2	116.1	9
1964	51.9	71.7	115.9	147.1	176.5	124.1	120.2	133	95	87.9	80.8		1204.1	109.5	11
1965	64.9	77.1	106.9	154.6	169.4	142.3	130.8	127.3	106.7	88.5	77.4	59.5	1305.4	108.8	12
1966	50.3	64.7	90.9	129.8	154.9	138	130.8	134.5	98.9	94.1	69	59.9	1215.8	101.3	12
1967	60.3	63.2	121.5	138.4	161.3	133.2	129.5	127.3	108.9	85.1	72.2	83.6	1284.5	107	12
1968	62.8	57.4	79.3	129.7	150.1	126.1	125.9	118.6	115	99.6	83.1	63.4	1211	100.9	12
1969	72.6	90.02	90.6	143.6	157.12	152.9	136.2	93.9	87.72	90.85	61	59.8	1236.31	103	12
1970	55.5	55.5	102.5	147	134.9	129.9	115.2	119.6	100.7	84	54.5	75.6	1174.9	97.9	12
1971	72.49	86.55	103.37	116.76	165.08	151.35	135.73	117.65	111.32	104.17	77.57	80.36	1322.4	110.2	12
1972	77.5	76.3	139.6	155.1	172.6		115.5	112	111.7	108.7	87.5	70.2	1226.7	111.5	11
1973	63	61.2	142.6	129.5	147.3	142.1	131.9					57	874.6	109.3	8
1974	80.8	67.5	117.6	123.2	157	115.5	122.9	130.2	107.8	78.2	74.4	70.1	1245.2	103.8	12
1975	66.2	77.2	124.9	156.7	177.1	145.6	141.7	146.9	108	91.1	75	61.9	1372.3	114.4	12
1976	47.9	64	127.1	130.2	147.3	122.1	123.4	126.3	119.7	95.7	50.3	43.4	1197.4	99.8	12
1977	59.8	54.7	114.9	108.6	158.6	129.6	135.9	136.1	125.4	98.8	78.3	68.4	1269.1	105.8	12
1978	59.9	53.2	88.7										201.8	67.3	3
1982			177.7										177.7	177.7	1
1989	129.26	109.38	136.81	155.65	149.61	136.49	133.39						950.59	135.8	7
1990			107.6	164.65	167.5	115.5	67.1	150.66					773.01	128.8	6
1991			116.5	76			90						282.5	94.2	3
1992			145	125.55	12.43	22.6	147	134	29				615.58	87.9	7
1993		19	68.2	148	158								393.2	98.3	4
1994											96	43.5	139.5	69.8	2
1996				141.5	167.5								309	154.5	2
MÍNIMA	47.9	19	68.2	76	12.43	22.6	67.1	93.9	29	78.2	50.3	43.4	139.5	67.3	1
MÁXIMA	129.26	109.38	177.7	164.65	177.1	159.1	147	150.66	125.4	108.7	96	83.6	1372.3	177.7	12
MEDIA	67.2	67.6	115.2	136.5	152.1	128.6	124.6	126.8	101.7	93.3	74.5	63.1	917.8	108.9	8.6
DESV.ST	19	19.3	25.2	20	34.6	30.1	18.6	13.6	22.3	8.4	12	12	433.9	23.3	4.1

TEMPERATURA MÁXIMA PROMEDIO
AÑO	ENE	FEB	MAR	ABR	MAY	JUN	JUL	AGO	SEP	OCT	NOV	DIC	ACUM	PROM	MESES
1927	28.1	32.6	32.7	34.7	38.1	35.5	33.7	34.1	33	31.2	30.2	28.8		32.7	12
1928	27.3	30.6	32.5	33	36	35.4	34.1	33.5	31.8	31.9	29.9	27.7		32	12
1929	24.3	32.2	32.6	32										30.3	4
1942		20.2												20.2	1
1948								34.2	32.4	30				32.2	3
1949			35.6	35.8	35.4	35.3	34.1	34.9	34.6	33.9	32.4	29		34.1	10
1950	28.6	30.5	33.8	35.2	37.7	34.2	33.8	34.3	33.5	31.7	27.9	26.3		32.3	12
1951	28.8	27.8	31.2	34	36.1	34.7	33	33.5	32	31.1	28.6	29.9		31.7	12
1952	30.3	29.5	33.4	32.4	33.5	33.1	32.5	33.1	31.7	27.7	29.1	26.8		31.1	12
1953	27.7	29.6	34	37.3	36.4	33.6	32.4	33.2	31.6	30.1	28.6	26.6		31.8	12
1954	28.1	28.4	30.5	33.9	31.7	32.1	32.9	32.7	30.6	27.4		26.8		30.5	11
1955	30.4	28.7	32	35.2	37.1	35.5	32.1	33.2	32.3	28.8		28.2		32.1	11
1956	27.8	30.8	31.3	34.2			32.8	33.5	32	31.9	31.4	27.7		31.3	10
1957	29.9	30.5	33	34.2	37	36								33.4	6
1958	27.8	26.2	29.8	32.6	32.2	32.6	32.7	33.6	32.5	30.7	29.9			31	11
1959	26.2	30.1	29.2	30.9	33.3	32.8	32.9	33.5	32.7	31.9	26.9	26.4		30.6	12
1960	28	26.8	30	32.7	33.9	33.4	33.3		31.7		29.8	26.9		30.6	10
1961		27.6	32.2	32.9	35.3	33.9	33.3	33	33.2	29.5	29.5	28.8		31.7	11
1962	26.1	31	31.2	31.8	34.3	34	33.8	34	32.7	31.3	28	27.4		31.3	12
1963			32.1	34.6	34.8	35.2	33.7	32.8	31	30.5	28.6	25.6		31.9	10
1964	25.6	28.4	32.5	34.7	35.7	33.2	33	33.7	32.5	29.1	29.4			31.6	11
1965	27.9	29.4	31.3	35.2	35.8	34.5	33.5	33.5	32.9	30.5	29.6	27.1		31.8	12
1966	26.1	27.9	29.4	33.7	34.8	34.2	33.9	34.4	32.3	30.8	28.5	26.7		31.1	12
1967	27.2	28.9	32.8	34.2	36.4	34.6	33.8	33.8	32.3	29.3	28.5	29.4		31.8	12
1968	27.2	26.9	28.8	33.6	35	33.7	33.4	32.7	32.7	30.6	29.4	27.4		31	12
1969	28.1	30.7	29.7	34.5	35	35.5	34.5	32.3	31.3	31.3	28.1	27.5		31.5	12
1970	26.8	27.4	31.5	35.4	33.8	34.4	33	33.5	32.2	30.9	27.2	29.4		31.3	12
1971	29	31.1	31.7	33	36.5	35.8	34.4	33.1	33	32.1	29.8	30.1		32.5	12
1972	29.8	29.7	34.5	36.1	36.9		33.1	32.7	32.9	32.5	30.8	28.6		32.5	11
1973	27.8	28.2	34.7	33.9	35.2	35.1	34					27.1		32	8
1974	30.1	28.7	32.9	33.7	35.8	33.1	33.4	33.9	32.4	29.5	29.5	28.6		31.8	12
1975	28.1	30.1	33.5	36.3	37.2	35.4	34.7	35	32.4	30.6	29.6	28		32.6	12
1976	26.1	28.2	33.6	34.1	35.2	33.7	33.5	33.6	33.5	31	26.4	25.5		31.2	12
1977	27.3	27.3	32.3	32.3	36	34.2	34.2	34.4	33.9	31.4	30	28.6		31.8	12
1978	27	27.2	29.9											28	3
1982			34.6											34.6	1
1983									32.8	31.5	31.1	29.6		31.2	4
1984	26.4	28	31.3	33.7	32	29.8	30.3	30.4	29.4	31	27.8	27.8		29.8	12
1987	24.9	27.1	27.5	28.8	34.6	31.5	31.7	32.4	32.8	27.8	27.5	27.9		29.5	12
1988	27.5	29.3	31.8	33.9	35.6	32.3	33.1	33.1	32.6	29.6	31.2	29.6		31.6	12
1989	30.2	30	31.5	35.1	34.4	34.6	34.1							32.8	7
1990			31.2	34.3	35.5	34.3	33.1	33.6	33.5	32.9	29.3	28.8		32.6	10
1991	31.3	30	31.9	36	34.9	33.8	32.7	34.3	32.7	31.5	27.8	27.8		32.1	12
1992	26.1	28.5	31.2	34.3	32.4	33.5	32.5	32.9	32.1	31.1	29.4	28.8		31.1	12
1993	29	29.1	31.2	33	33	33.2	32.3	31.8	31.6	30.7	28.9	28.2		31	12
1994	26.5	29.1	32.5	32.8	34.4	33.9	34.1	33.5	32.9	32.6	32	29.4		32	12
1995	30.2	31	34	34.4	36.8	34.6	33.4	33.7	32.4	31.1	31.5	29		32.7	12
1996	28.5	31.2	31.5	32.8	34.4	31.9	32.2	31	32.5	30.2	28.1	26.3		30.9	12
1997	26.5	28.9	31.5	32.8	32.5	32.5	31.6	32.8	31.8	30	29.1	27.2		30.6	12
1998	27.3	30.3	30.8	33.7	34.3	36.2	32	33.6	32.7	30.9	29.4	27.6		31.6	12
1999	29.7	28.2	30.6	38.3	38.1	36	34	34.5	34.3	33.3	29.3	30.1		33	12
2000	30.2	33.3	35.9	37	36.7	32.3	33.6	33.6	34.8			31.6		33.9	10
2001	33.7	35.5	35.8	37.4	36.1	36.4	35.5	35.7	35.1	34.1	34.9			35.5	11
2002	29.8	26.4	33.9	36.4	36.2	35.5	36.3	36.4	32.6	34.9	29.9	27.9		33	12
2003	25.9	31.5	35.5							31.8	30.3	26.5		30.2	6
2004	36	34.7	35.6	35.5	33.1	37.3	36	36	34.6	31.9	31.8	27.3		34.1	12
2005	28.8	36.1	33.5	36	38.1	36.6	32.7	32.9	32.8	31.9	34.9	28.6		33.6	12
2006	27.7	29.9	30.8	33.5	34.2	32.6	32.5	33	32.7	31.3	27.7			31.4	11
2007	27	28.4	32.1	34.7	36.1	34	34.3	33.2	31.7	30.5	27.1	27.4		31.4	12
2008	27.7	29.6	29.8	32	36.2	32	32	34.5	32.5	28.4	27.2	26.8		30.7	12
2009	27.4	27.5	31.9	35	36.6	35.7	36.9	35.3	35	34.4	33.1	34.1		33.6	12
2010	27.7	25.9	32.1		36.7	34.4			33.5	30	29.5	25.6		30.6	9
2011	28.9	31.4	33.5	35.7	35.8	34	31.7	35.8	32.4	30.1	29.9	28.1		32.3	12
2012	28.8	32.1	35.2	35.4	34.1	33	33.7	35	33.1	31.6	31.7	29.5		32.8	12
2013	29.2	30.9	32.3	35.8	34.7	32.8				31.5	30.5	31.5		32.1	9
2014	24													24	1
2020		33.1		36	36.1	35		36.3	35.5	34	33.5	33.3		34.8	9
2021	24	33.7	35.9	35.9	36.6	34.9	34.4	34.8	34.6	33.4	30.6	26.8		33	12
MÍNIMA	24	20.2	27.5	28.8	31.7	29.8	30.3	30.4	29.4	27.4	26.4	25.5		20.2	1
MÁXIMA	36	36.1	35.9	38.3	38.1	37.3	36.9	36.4	35.5	34.9	34.9	34.1		35.5	12
MEDIA	28	29.6	32.3	34.3	35.3	34.1	33.4	33.7	32.7	31.1	29.7	28.2		31.6	10.3
DESV.ST	2.1	2.5	1.9	1.7	1.6	1.4	1.2	1.2	1.1	1.6	1.9	1.7		2.1	3.1

TEMPERATURA MÁXIMA EXTREMA
AÑO	ENE	FEB	MAR	ABR	MAY	JUN	JUL	AGO	SEP	OCT	NOV	DIC	ACUM	PROM	MESES
1927	33.8	36.5	37	39.5	42.3	38.7	37.3	36.9	36.5	37	34.2	34.5		37	12
1928	33.2	35.6	37.5	40.5	41.2	39.6	37.8	34.7	34.3	37.5	33.6	32.7		36.5	12
1929	29.6	35.6	36.7	33.6										33.9	4
1942		24												24	1
1948								36	35	34				35	3
1949			39	39.5	40	38	38	39	39	36	35	34		37.8	10
1950	33	37	38	40	41	40	36.5	37.5	36	34.5	32.5	30.5		36.4	12
1951	33	33	35	39	38.5	39	34.5	35	34.5	34	34	33.5		35.2	12
1952	33.5	35	37	37	38.5	37	34	34	34	31.5	32	31		34.5	12
1953	32.5	34	37.5	42.5	41	37	34	35	35	33	33.5	31		35.5	12
1954	33	33	36	35.5	35	35.5	35	35	34	31		30		33.9	11
1955	32	34	36	37	42	38	35	35	35	33		30		35.2	11
1956	33.5	33.5	35.5	36.5			33.5	34.5	34	34	34.5	31		34	10
1957	32	32.5	38	36.5	41.5	40								36.8	6
1958	29.5	33	35	35	38	35	34.5	35	34.5	33	33			34.1	11
1959	32	33	34	35	36.5	37	35	34.5	34.5	34	32.5	32		34.2	12
1960	34	34	34.5	36	38	36	35.5		34		33	33		34.8	10
1961		33	37	37	38	36	36	35	36	33	33	34		35.3	11
1962	32	35	37	37	38	38	36	37	36	35	33	32		35.5	12
1963			36	37	38	38	36	35	34	33	33	33		35.3	10
1964	32	33	36	40	41	36	35	36	34	33	33			35.4	11
1965	32	34	35	39	38	39	36	35	35	33	33	32		35.1	12
1966	31	34	34	36	39	37	36	36	34.5	35	33	33		34.9	12
1967	32	34	36	38	41	40	36	36	36	32.5	32.5	33.5		35.6	12
1968	31	31	35	37	38	37	35.5	34	35.5	34	33	32.5		34.5	12
1969	32	34	36	38.5	40.5	38.5	37	35	34	34.5	31.5	32		35.3	12
1970	32	33	37.5	39.5	40	39	35.5	35.5	34.5	34	31.5	32		35.3	12
1971	32	36.5	35.5	40.5	40	40.5	38.5	35.5	36	34.5	33	32.5		36.2	12
1972	32.5	34	41	39	41		36	34.5	34	34.5	33.5	32.5		35.7	11
1973	33.5	33	40.5	40.5	40.5	36.5	36.5					31.5		36.6	8
1974	32.5	34.5	36	38	40.5	38.5	35.5	35.5	35.5	33	33.5	32.5		35.5	12
1975	32.5	33.5	37	39	40	38.5	37	36.5	35.5	34.5	32	31.5		35.6	12
1976	32	33.5	36.5	37	39.5	38	35.5	35.5	36	35.5	33	31.5		35.3	12
1977	33	35	37	38	38	37	35.5	37	37.5	35.5	34	33		35.9	12
1978	32.5	34.5	35.5											34.2	3
1982			39.5											39.5	1
1983									35	34	35	34		34.5	4
1984	32	34	38	36.5	38	34	33	32	32	34	31	31		33.8	12
1987	30	30	36	33	37	35	33	34	34.5	29.5	29	32		32.8	12
1988	30	35.5	35	37	41	39	34	37	35	31.5	35	37		35.6	12
1989	33	37	39	38	38	39	37							37.3	7
1990			37	37	40	36	34	35	35	36	34	34		35.8	10
1991	36	39	37	40	37	37	35	36	39	39	33	33		36.8	12
1992	31	34	35	37	36	36	34	35	34	34	34	32		34.3	12
1993	37	34	37	38	37	37	34	34	34	35	33	32		35.2	12
1994	31	35	38	35	37	36	36	36	35	34	35	32		35	12
1995	34	36	39	39	39	38	35	36	35	34	34	32		35.9	12
1996	34	35	37	36	37	34	36	33	34	36	32	32		34.7	12
1997	30	32	36	38	36	39	38	38	35	38	36	33		35.8	12
1998	33	39	38	40	40	41	36	35	36	34	32	32		36.3	12
1999	34	36	39	42	41	38	36	37	37	37	35	35		37.2	12
2000	36	36	40	41	40	35	42	36	36			36		37.8	10
2001	36	36	38	39	39	38	38	38	38	36	36			37.5	11
2002	35	34	36	38	39	38	38	38	37	37	38	32		36.7	12
2003	29	38	40							36	39	37		36.5	6
2004	38	38	39	37	38	39	37	38	37	35	35	35		37.2	12
2005	38	37	38	42	40	42	35	35	34	34	36	33		37	12
2006	32	33	35	38	41	34	34	34	34	35	33			34.8	11
2007	32	33	35	39	39	37	36	36	33	33	30	31		34.5	12
2008	29	32	34	36	40	38	36	38	35	32	31	30		34.2	12
2009	38	32	39	41	43	38	40	39	37	38	35	38		38.2	12
2010	34	34	39		41	39			39	35	39	29		36.6	9
2011	33	39	37	38	38	37	34	40	35	34	32	32		35.8	12
2012	33	36	39	40	39	37	36	38	36	34	35	31		36.2	12
2013	32	37	39	39	38	36				36	34	36		36.3	9
2014	30													30	1
2020		38		40	38	37		40	38	37	36	38		38	9
2021	32	36	40	40	40	38	38	36	37	37	33	29		36.3	12
MÍNIMA	29	24	34	33	35	34	33	32	32	29.5	29	29		24	1
MÁXIMA	38	39	41	42.5	43	42	42	40	39	39	39	38		39.5	12
MEDIA	32.7	34.5	37	38.1	39.2	37.6	35.9	35.9	35.4	34.5	33.6	32.7		35.4	10.3
DESV.ST	2.1	2.4	1.7	2	1.7	1.7	1.7	1.7	1.5	1.8	1.9	2		2	3.1

TEMPERATURA MÍNIMA PROMEDIO
AÑO	ENE	FEB	MAR	ABR	MAY	JUN	JUL	AGO	SEP	OCT	NOV	DIC	ACUM	PROM	MESES
1927	16.8	18.8	19.1	20.9	22.9	22.4	21.5	21.3	21.8	20.6	19.6	19.2		20.4	12
1928	16.9	19.1	20	21.1	21.7	22.3	21.5	21.9	21.8	20.7	20.2	17.2		20.4	12
1929	16.7	20.7	21.8	21.7										20.2	4
1942		8.8												8.8	1
1948								21.3	21.5	21.4				21.4	3
1949			16	18.1	22.8	22.9	22.4	21.1	22.2	22.8	18.9	17		20.4	10
1950	17.7	16.2	18.2	16.8	15.8	12.9	11.8	11.2	11.4	11.7	12.3	13.5		14.1	12
1951	14.9	16.1	18.5	21.7	22.6	22.5	22	22.4	22.2	21.3	19.6	19.7		20.3	12
1952	19	17	21	20.9	22.2	22.5	21.7	22.2	22.5	19.8	19.7	17.4		20.5	12
1953	16	18.5	20	23.4	23	22.7	22	22.4	22.1	21.1	19.4	19		20.8	12
1954	18	16.7	19.4	21.3	21.3	21.6	21.6	21.6	21.3	18		15.7		19.7	11
1955	17.3	17.4	19.5	21.9	23.2	23.1	21.7	21.9	22.1	20.9		18.7		20.7	11
1956	16.7	19.8	19.5	20.4			22.5	22.9	23.4	22.8	21.2	21		21	10
1957	21	21.7	23.2	24.6	26.1	25								23.6	6
1958	15.9	15	20	20.6	20.6	22.1	21.5	22.3	21.7	20.8	20.2			20.1	11
1959	17.1	18.6	18.7	19.8	21.2	22	21.9	21.1	21.4	21.5	18.2	16.8		19.9	12
1960	16.9	14.7	18.1	19.9	21.6	22.5	21.9		21.4		20	17.1		19.4	10
1961		17.8	19.5	21.3	21.6	21.9	21.2	21.3	21.8	20.2	19.9	18.3		20.4	11
1962	16.5	18	18.9	20.3	21	22.3	21.3	21.5	21.6	21.4	17.5	16.4		19.7	12
1963			19.1	20.8	21.8	22.5	21.9	21.6	21.5	21.2	18.9	15.5		20.5	10
1964	16.1	17.2	20.1	22.2	22.2	21.6	21.5	21.5	21.5	19.6	18.8			20.2	11
1965	16.7	17.3	18	19.9	22.1	22.1	21.2	21.7	22.1	20.7	19.9	18		20	12
1966	16.5	17	18.5	21.1	22	21.8	22.3	22	21.8	21.4	18.8	16.7		20	12
1967	16.8	17.5	19.1	21.2	22.5	22.7	21.8	22.1	21.9	21	19.8	19.2		20.5	12
1968	17.8	17	18	21.1	22.6	22.9	22.4	22.3	22.9	22	19.6	18.6		20.6	12
1969	18.9	19.9	20.4	23.1	24	23.9	23.3	23.1	23	22.7	20.6	18.5		21.8	12
1970	18.2	17	19.9	22.9	22	23.6	22.9	23	22.8	22.4	18.2	18.9		21	12
1971	18	17.9	19.6	20.6	23.3	22.7	22.3	22	22.8	22.1	20.8	20.3		21	12
1972	19	18.3	20.4	22.4	23.4		22.5	22.3	22.5	22	21.6	18.7		21.2	11
1973	18	17.9	21.8	22.2	23.5	22.9	22.5					16.6		20.7	8
1974	19.2	17.7	20.7	21.7	22.7	22.9	21.6	22	22.4	20.7	19.9	18.6		20.8	12
1975	17.9	18.9	20.7	22.3	23.7	22.8	21.9	21.9	22	21.6	20.4	17.9		21	12
1976	17	16.6	19.6	20.9	22.3	22.5	22.1	21.8	22.1	21.4	19.7	18.2		20.4	12
1977	17.9	18.7	20.2	20.9	22.5	22.7	22	22.4	22.4	21.9	20.1	19.4		20.9	12
1978	17.5	17.4	19.3											18.1	3
1982			15.2											15.2	1
1983									22.7	22	20.8	19.3		21.2	4
1984	17.3	18.6	19.1	19.7	21.1	21.2	20.2	20.6	21	20.7	17	17.4		19.5	12
1987	14.5	17.2	18.3	18.7	20.8	20.8	20.7	21.1	22.2	19.6	18.4	16.6		19.1	12
1988	17.4	17.3	19.1	21.3	22.6	23.2	23.3	23.8	22.9	21.7	20.9	19.4		21.1	12
1989	19.5	18.7	18.7	22	23.1	23.1	23.2							21.2	7
1990			20.2	22.6	23.7	23.3	22.8	22.7	23	22.5	21.1	19.7		22.2	10
1991	20.6	19.4	20.3	22.8	23.4	23.1	22.5	22.5	22.6	21.9	19.4	20.3		21.6	12
1992	19.2	19	21	22.6	22.5	23.7	23	22.3	22.4	21.9	21.3	20.1		21.6	12
1993	19.3	19.4	19.7	21.7	23.2	23.6	22.9	22.5	22.6	22.5	20.9	18.5		21.4	12
1994	18.8	19.9	19.5	21.3	21.8	22.5	21.9	21.8	22	21.9	20.7	19.2		20.9	12
1995	17.8	18.4	19.8	22.6	23.7	23.3	22.6	22.1	22.1	21.3	20.5	18.8		21.1	12
1996	15.5	16.8	18.2	21.5	23.3	20.7	21	20.4	21.3	20.7	21.2	18.3		19.9	12
1997	17.1	18.5	19.7	21.2	22.9	22.1	22	22	22.3	21	21.7	19.7		20.9	12
1998	20.5	18.8	20	21.7	22	21.2	22	22.4	23	21.9	21.5	18.7		21.1	12
1999	17.8	19.5	20.8	30	25.4	20	19.7	20.1	20.2	20	20.8	20.9		21.3	12
2000	21.5	21.8	20	20.5	20.4	20.2	20.3	20.3	18.4			15.6		19.9	10
2001	16.5	16	16.2	16.2	16.8	16.5	17.6	16.2	16.9	17.6	17.6			16.7	11
2002	17.4	16.6	16.8	16.4	16	16.8	17.2	17.2	16.8	17	16.9	16.8		16.8	12
2003	16.3	17.8	17.8							18	18.6	15.9		17.4	6
2004	17	17.5	18.1	17.5	19	16.7	20	20.3	20.3	20.5	19.8	18		18.7	12
2005	16.8	17.4	18.4	17.3	19.4	20.3	20.9	21.1	21.2	21.8	19.4	18		19.3	12
2006	15.5	18.9	19.1	17.9	17.3	18.3	18.1	18.3	17.9	18	17.7			17.9	11
2007	18	18.1	18.1	18	18	18	17.8	17.7	17.2	17.1	17.4	17.6		17.8	12
2008	17.6	18	17.7	17.8	17.9	17.8	17	17.8	17.3	17.5	17.7	17.2		17.6	12
2009	17.5	17.4	17.6	17.9	18	18	18	18	18	18	17.9	18		17.9	12
2010	16.7	16.5	17.6		24.5	24.5			17.5	17.6	17.6	17.2		18.9	9
2011	17.5	17.8	17.8	18	17.8	17.9	17.9	18	17.3	17	17.1	19.8		17.8	12
2012	20	21.4	22.3	18	18	18	18	18	17.9	17.6	17.3	16.8		18.6	12
2013	16.9	17.1	16.8	19.1	19.2	18.6				17.4	17.1	17.4		17.7	9
2014	16													16	1
2020		17.5		18	18	18		18	18	18	17.7	17.5		17.9	9
2021	15.8	17.7	17.7	18	18	17.9	18	18	18	17.8	17	16.3		17.5	12
MÍNIMA	14.5	8.8	15.2	16.2	15.8	12.9	11.8	11.2	11.4	11.7	12.3	13.5		8.8	1
MÁXIMA	21.5	21.8	23.2	30	26.1	25	23.3	23.8	23.4	22.8	21.7	21		23.6	12
MEDIA	17.5	17.9	19.2	20.6	21.5	21.3	21	20.9	20.9	20.3	19.2	18.1		19.6	10.3
DESV.ST	1.5	1.8	1.5	2.3	2.4	2.4	2.1	2.2	2.3	2.1	1.7	1.5		2.2	3.1

TEMPERATURA MÍNIMA EXTREMA
AÑO	ENE	FEB	MAR	ABR	MAY	JUN	JUL	AGO	SEP	OCT	NOV	DIC	ACUM	PROM	MESES
1927	11.6	14.4	15.8	18.3	20.3	20.3	19.6	19.9	20	16.4	14.6	12.4		17	12
1928	10.3	11.2	16.4	16.8	14.6	20.4	20.2	20.6	18.3	17.3	16.2	12.8		16.3	12
1929	11.8	14.2	20	20.6										16.6	4
1942		5												5	1
1948								20	19	19				19.3	3
1949			14	16	20.5	20.5	20	16	17	20	12	12		16.8	10
1950	13.5	12.5	15	12	11.5	10	10	10	10	10	10	11		11.3	12
1951	11	10.5	13	20	21	19	20	20	20.5	18	15.5	17.5		17.2	12
1952	15	10	15	17	19	21.5	20	20.5	21	16	15	13		16.9	12
1953	10	14	17	20.5	18	21.5	20	21	20	17.5	14	16		17.5	12
1954	13	10	14	17	20	20	20	20.5	19	14		11		16.2	11
1955	14	15	15	19	19	21	20	21	21	19		15		18.1	11
1956	12	18	15	18			22	22	22	20.5	17	17		18.4	10
1957	19	14	20	21	23	21								19.7	6
1958	13	11	14	17	16	21	19	21	20	18	17			17	11
1959	14	16	15	15	19	20	20	19	20	19	14	12		16.9	12
1960	9	10	12	13	18	21	20		20		17	13		15.3	10
1961		14	13	17	16	20	19	20	20	17	16	12		16.7	11
1962	12	15	15	16	18	20	19	20	20	19	14	13		16.8	12
1963			14	18	20	21	20	20	20	20	15	9		17.7	10
1964	12	14	16	18	20	20	20	20	20	16	14			17.3	11
1965	10	11	12	16	18	20	19	20	21	16	17	15		16.2	12
1966	11	12	14	19	19	20	21	20	20.5	16.5	15	12		16.7	12
1967	11.5	13	17	18	20	20	20	20	19	18	17	15.5		17.4	12
1968	13	13	12.5	19	21	21	20.5	20	21	17.5	15	13.5		17.2	12
1969	16	17	17.5	19	21.5	22	22	22	21.5	21	17	16		19.4	12
1970	14.5	10.5	13.5	19	16.5	22	21	21	21.5	20	13	16		17.4	12
1971	15	12	14.5	14	20.5	20.5	20.5	21	21.5	20	17	18		17.9	12
1972	16	14	17	21	20		21	21	21.5	19.5	18	14		18.5	11
1973	13	12	17	18.5	21	21.5	21.5					12		17.1	8
1974	17.5	13.5	15.5	19	20	21.5	20.5	20	19	18.5	15.5	15.5		18	12
1975	14.5	15	17	21	22	21.5	20.5	21	20	20	14.5	13.5		18.4	12
1976	11.5	11.5	17	18.5	20	20	21	21	20.5	19	17	14		17.6	12
1977	13	13.5	16.5	16	20	21	21	21	21	17.5	15	12.5		17.3	12
1978	11.5	11.5	15											12.7	3
1982			10.5											10.5	1
1983									21	20	18	14		18.2	4
1984	12	15	11	14	18.5	18	18	19	19	19	12	12		15.6	12
1987	10	14	9.5	11	18	19	19	18.5	21	18	15	13		15.5	12
1988	14	15	14	14	21	21	21.5	22	22	20	17	16		18.1	12
1989	17	13	13	20	20	21	21							17.9	7
1990			15	21	21	22	21	21	22	19	19	14		19.5	10
1991	17	15	12.5	18	21	21	21	21	21	20	15	18		18.4	12
1992	17	16	17	19	18	22	22	21	21	19	18	16		18.8	12
1993	12	15	14	17	20	22	22	21	21	20	17	15		18	12
1994	14	18	15	20	21	21	21	21	21	20	18	17		18.9	12
1995	14	16	16	20	22	21	21	21	20	19	16	15		18.4	12
1996	13	12	12	17	21	14	17	17	21	18	15	15		16	12
1997	14	14	16	19	19	17	19	19	19	19	19	14		17.3	12
1998	17	14	11	12	19	19	15	21	20	19	19	13		16.6	12
1999	12	14	18	24	18	18	19	17	18	16	18	18		17.5	12
2000	17	17	18	19	18	19	18	19	17			13		17.5	10
2001	14	15	14	14	14	15	16	15	16	15	12			14.5	11
2002	16	14	12	14	13	15	16	16	16	16	12	14		14.5	12
2003	12	16	16							16	15	13		14.7	6
2004	15	15	17	16	17	11	17	19	19	19	17	14		16.3	12
2005	14	17	17	16	16	16	19	20	20	20	18	14		17.2	12
2006	12	14	13	17	17	17	17	17	16	17	17			15.8	11
2007	17	18	17	18	18	17	17	17	17	16	17	17		17.2	12
2008	16	18	17	16	17	17	17	17	16	16	17	16		16.7	12
2009	16	16	16	17	18	18	18	18	18	18	17	18		17.3	12
2010	14	15	16		22	23			16	17	16	17		17.3	9
2011	16	17	17	18	17	17	17	18	17	17	17	15		16.9	12
2012	16	19	20	17	18	18	18	18	17	17	16	16		17.5	12
2013	15	16	14	17	17	18				17	17	17		16.4	9
2014	13													13	1
2020		15		18	18	18		18	18	18	17	17		17.4	9
2021	12	12	8	18	18	17	18	18	18	17	17	15		15.7	12
MÍNIMA	9	5	8	11	11.5	10	10	10	10	10	10	9		5	1
MÁXIMA	19	19	20	24	23	23	22	22	22	21	19	18		19.7	12
MEDIA	13.7	14	14.9	17.5	18.8	19.3	19.4	19.4	19.4	18	15.9	14.5		16.7	10.3
DESV.ST	2.3	2.5	2.4	2.5	2.3	2.6	2.1	2.1	2.1	1.9	1.9	2.1		2.2	3.1

TEMPERATURA MEDIA MENSUAL
AÑO	ENE	FEB	MAR	ABR	MAY	JUN	JUL	AGO	SEP	OCT	NOV	DIC	ACUM	PROM	MESES
1927	22.5	25.7	25.9	27.8	30.5	29	27.6	27.7	27.4	25.9	24.9	24		26.6	12
1928	22.1	24.9	26.2	27	28.9	28.9	27.8	27.7	26.8	26.3	25	22.4		26.2	12
1929	20.5	26.5	27.2	26.9										25.3	4
1942		14.5												14.5	1
1948								27.8	27	25.7				26.8	3
1949			25.8	27	29.1	29.1	28.2	28	28.4	28.4	25.6	23		27.3	10
1950	23.1	23.4	26	26	26.8	23.6	22.8	22.8	22.4	21.7	20.1	19.9		23.2	12
1951	21.9	22	24.9	27.9	29.4	28.6	27.5	28	27.1	26.2	24.1	24.8		26	12
1952	24.6	23.2	27.2	26.6	27.9	27.8	27.1	27.6	27.1	23.8	24.4	22.1		25.8	12
1953	21.9	24	27	30.3	29.7	28.1	27.2	27.8	26.9	25.6	24	22.8		26.3	12
1954	23	22.5	25	27.6	26.5	26.9	27.2	27.2	26	22.7		21.2		25.1	11
1955	23.9	23	25.8	28.6	30.1	29.3	26.9	27.6	27.2	24.9		23.4		26.4	11
1956	22.2	25.3	25.4	27.3			27.6	28.2	27.7	27.4	26.3	24.4		26.2	10
1957	25.4	26.1	28.1	29.4	31.6	30.5								28.5	6
1958	21.9	20.6	24.9	26.6	26.4	27.4	27.1	28	27.1	25.8	25			25.5	11
1959	21.6	24.4	24	25.4	27.2	27.4	27.4	27.3	27	26.7	22.5	21.6		25.2	12
1960	22.4	20.8	24	26.3	27.8	28	27.6		26.5		24.9	22		25	10
1961		22.7	25.9	27.1	28.4	27.9	27.2	27.1	27.5	24.9	24.7	23.6		26.1	11
1962	21.3	24.5	25	26	27.6	28.1	27.5	27.8	27.2	26.4	22.8	21.9		25.5	12
1963			25.6	27.7	28.3	28.9	27.8	27.2	26.2	25.9	23.8	20.6		26.2	10
1964	20.9	22.8	26.3	28.5	29	27.4	27.2	27.6	27	24.4	24.1			25.9	11
1965	22.3	23.4	24.6	27.6	29	28.3	27.4	27.6	27.5	25.6	24.8	22.6		25.9	12
1966	21.3	22.4	24	27.4	28.4	28	28.1	28.2	27	26.1	23.6	21.7		25.5	12
1967	22	23.2	26	27.7	29.4	28.6	27.8	28	27.1	25.1	24.1	24.3		26.1	12
1968	22.5	22	23.4	27.4	28.8	28.3	27.9	27.5	27.8	26.3	24.5	23		25.8	12
1969	23.5	25.3	25	28.8	29.5	29.7	28.9	27.7	27.1	27	24.4	23		26.7	12
1970	22.5	22.2	25.7	29.1	27.9	29	28	28.2	27.5	26.6	22.7	24.1		26.1	12
1971	23.5	24.5	25.6	26.8	29.9	29.2	28.4	27.6	27.9	27.1	25.3	25.2		26.8	12
1972	24.4	24	27.4	29.2	30.1		27.8	27.5	27.7	27.2	26.2	23.6		26.8	11
1973	22.9	23	28.2	28	29.4	29	28.2					21.9		26.3	8
1974	24.6	23.2	26.8	27.7	29.2	28	27.5	28	27.4	25.1	24.7	23.6		26.3	12
1975	23	24.5	27.1	29.3	30.5	29.1	28.3	28.4	27.2	26.1	25	23		26.8	12
1976	21.6	22.4	26.6	27.5	28.8	28.1	27.8	27.7	27.8	26.2	23	21.9		25.8	12
1977	22.6	23	26.2	26.6	29.2	28.5	28.1	28.4	28.1	26.6	25	24		26.4	12
1978	22.2	22.3	24.6											23	3
1982			24.9											24.9	1
1983									27.8	26.8	26	24.5		26.3	4
1984	21.9	23.3	25.2	26.7	26.6	25.5	25.2	25.5	25.2	25.9	22.4	22.6		24.7	12
1987	19.7	22.1	22.9	23.8	27.7	26.1	26.2	26.8	27.5	23.7	23	22.2		24.3	12
1988	22.4	23.3	25.5	27.6	29.1	27.8	28.2	28.5	27.8	25.6	26	24.5		26.4	12
1989	24.9	24.4	25.1	28.6	28.8	28.9	28.6							27	7
1990			25.7	28.4	29.6	28.8	28	28.1	28.2	27.7	25.2	24.2		27.4	10
1991	26	24.7	26.1	29.4	29.1	28.4	27.6	28.4	27.7	26.7	23.6	24		26.8	12
1992	22.6	23.8	26.1	28.4	27.4	28.6	27.8	27.6	27.2	26.5	25.4	24.5		26.3	12
1993	24.1	24.2	25.4	27.4	28.1	28.4	27.6	27.1	27.1	26.6	24.9	23.4		26.2	12
1994	22.6	24.5	26	27	28.1	28.2	28	27.6	27.4	27.2	26.4	24.3		26.4	12
1995	24	24.7	26.9	28.5	30.2	29	28	27.9	27.2	26.2	26	23.9		26.9	12
1996	22	24	24.9	27.1	28.9	26.3	26.6	25.7	26.9	25.4	24.6	22.3		25.4	12
1997	21.8	23.7	25.6	27	27.7	27.3	26.8	27.4	27	25.5	25.4	23.4		25.7	12
1998	23.9	24.6	25.4	27.7	28.1	28.7	27	28	27.9	26.4	25.4	23.1		26.4	12
1999	23.8	23.9	25.7	34.1	31.8	28	26.9	27.3	27.2	26.6	25	25.5		27.1	12
2000	25.9	27.5	28	28.8	28.6	26.2	27	27	26.6			23.6		26.9	10
2001	25.1	25.8	26	26.8	26.5	26.4	26.6	26	26	25.9	26.2			26.1	11
2002	23.6	21.5	25.4	26.4	26.1	26.1	26.8	26.8	24.7	26	23.4	22.4		24.9	12
2003	21.1	24.6	26.6							24.9	24.5	21.2		23.8	6
2004	26.5	26.1	26.9	26.5	26	27	28	28.1	27.5	26.2	25.8	22.6		26.4	12
2005	22.8	26.8	26	26.6	28.8	28.5	26.8	27	27	26.9	27.1	23.3		26.5	12
2006	21.6	24.4	25	25.7	25.8	25.5	25.3	25.6	25.3	24.6	22.7			24.7	11
2007	22.5	23.2	25.1	26.4	27	26	26	25.5	24.4	23.8	22.2	22.5		24.6	12
2008	22.6	23.8	23.8	24.9	27	24.9	24.5	26.1	24.9	23	22.4	22		24.2	12
2009	22.4	22.4	24.8	26.4	27.3	26.9	27.4	26.6	26.5	26.2	25.5	26		25.7	12
2010	22.2	21.2	24.9		30.6	29.4			25.5	23.8	23.6	21.4		24.7	9
2011	23.2	24.6	25.6	26.9	26.8	26	24.8	26.9	24.9	23.6	23.5	24		25.1	12
2012	24.4	26.8	28.8	26.7	26	25.5	25.9	26.5	25.5	24.6	24.5	23.1		25.7	12
2013	23	24	24.5	27.4	27	25.7				24.4	23.8	24.4		24.9	9
2014	20													20	1
2020		25.3		27	27	26.5		27.1	26.8	26	25.6	25.4		26.3	9
2021	19.9	25.7	26.8	27	27.3	26.4	26.2	26.4	26.3	25.6	23.8	21.6		25.2	12
MÍNIMA	19.7	14.5	22.9	23.8	25.8	23.6	22.8	22.8	22.4	21.7	20.1	19.9		14.5	1
MÁXIMA	26.5	27.5	28.8	34.1	31.8	30.5	28.9	28.5	28.4	28.4	27.1	26		28.5	12
MEDIA	22.8	23.7	25.7	27.5	28.4	27.7	27.2	27.3	26.8	25.7	24.5	23.1		25.6	10.3
DESV.ST	1.5	1.9	1.2	1.5	1.4	1.4	1.1	1	1.1	1.3	1.3	1.3		1.8	3.1
