COMISIÓN NACIONAL DEL AGUA
COORDINACIÓN GENERAL DEL SERVICIO METEOROLÓGICO NACIONAL
BASE DE DATOS CLIMATOLÓGICA NACIONAL 

ESTADÍSTICA MENSUAL
EMISIÓN   : 25/10/2024 

DATOS DISPONIBLES EN LA BASE DE DATOS A: OCTOBER DE 2024; 
CON LA INFORMACIÓN SUMINISTRADA POR LAS UNIDADES ADMINISTRATIVAS 

 ESTACIÓN  : 7028 
 NOMBRE    : CHACAMAX 
 ESTADO    : CHIAPAS 
 MUNICIPIO : PALENQUE 
 SITUACIÓN : OPERANDO 
 CVE-OMM   :   
 LATITUD   : 17.47333333 ° 
 LONGITUD  : -91.70777778 ° 
 ALTITUD   : 60 msnm 


LLUVIA MÁXIMA 24 H.
AÑO	ENE	FEB	MAR	ABR	MAY	JUN	JUL	AGO	SEP	OCT	NOV	DIC	ACUM	PROM	MESES
1969	97	97	37.5	14.5	135.1	101.5	41	91.5	56.3	46.7	25	69.7	812.8	67.7	12
1970	41.3	41.3	12.5	18	91.5	67.2	54.4	52.7	67	96.3	69.4	23.7	635.3	52.9	12
1971	4.5	49.6	45.6	13	22.5	46	36.5	36.5	56.5	49.5	150.5	24	534.7	44.6	12
1972	67.7	35.5	8	25.3	44.5	77.5	53.5	40.6	80.5	47.8	43.5	82.3	606.7	50.6	12
1973	9.5	31.5	50.5	24.3	53	70.8	78.3	80.5	83.5	105.2	64.5	69.5	721.1	60.1	12
1974	16.5	62.3	12.7	44.3	41.5	73.5	32.8	88.5	80	53.8	43.5	36	585.4	48.8	12
1975	63.5	54.7	42.1	0	72.5	50	30	60.5	70	96.5	76.5	42.5	658.8	54.9	12
1976	54.9	31.5	10	16	36	77.2	21.5	42.2	100.2	102.5	88.5	106	686.5	57.2	12
1977	65	65	82	56.4	32.1	153	26.7	48.8	32.9	97.7	101.2	58.5	819.3	68.3	12
1978	84.9	91.5	116.5	38.6	63.8	50.2	50.5	63.1	75	87.5	35	21.6	778.2	64.8	12
1979	60	49	68	47.3	96.5	100.8	102.3	122.5	170.5	100.5		51.7	969.1	88.1	11
1980	48	111.5	83.3	60	10.1	86.5	44.2	32.5	85.5	71	31.5	32.5	696.6	58	12
1981	9.5	31.5	50.5	24.3	53	70.8	78.3	80.5	83.5	10.5	34.5	69.5	596.4	49.7	12
1982	60	167.5	100.2	105	71.5	100.5	74						678.7	97	7
1983								25.5	103.5	82.3	133.5	123.5	468.3	93.7	5
1984		80	0	13.5	129.5	30.5	80.5	83.5	85.5	33.5	97.7	15.5	649.7	59.1	11
1985	58.5	47.3	35	60	120.1	46.5	88.3	64.3					520	65	8
1987	25.5	67.5	77.5	0.1	47.5	123.5	143.5	36.5	40.9	105.3	124.5	84.5	876.8	73.1	12
1988	32.5	35.5	28.5	32.5	11.5	45.8	74.1	53.5	64.5	71.5	57.5	61	568.4	47.4	12
1989	30	65.5	33.5	40	80.5	35.6	40						325.1	46.4	7
1990			91.5	62	52	27.5	45.5	25.7	85.3	52.4	54.3	154.4	650.6	65.1	10
1991	33.5	69.5	90.5	0	80	113.5	60.5	0	65.5	76.4	130.5	40.5	760.4	63.4	12
1992	47.5	21.3	84.5	0	37	147	13.5	30	30.5	25.5	60.5	40.3	537.6	44.8	12
1993	54.5	66.5	60	47.5	35.5	107.2	152	44.5	40.4	44.5	17.5	40.5	710.6	59.2	12
1994	40.5	44	28.7	27.4	30.5	45.2	32.5	64.5	120.5	66.5	26	30.5	556.8	46.4	12
1995	20.5	0	40.3	73.5	0	120	94.5	73.5	63.5	35.3	20.5	51.5	593.1	49.4	12
1996	35.4	20	25.7	55.7	75.3	67.3	148.5	25.8	40.5	135.7	87.3	43.5	760.7	63.4	12
1997	120.5	65.5	53.5	15.4	40.5	69.5	30.5	42.5	75.5	56.4	70.5	95.4	735.7	61.3	12
1998	100.4	24.5	20	0	0	65	165.5	75.7	200.5	60.8	63.5	20.5	796.4	66.4	12
1999	44.3	30.5	101.5	0	40.3	70.3	28.7	68.5	80	122	65.4	31.5	683	56.9	12
2000	103.5	23.7	22.5	20	110.5	95.5	36.5	78.5	86.5	126	100.3	55.6	859.1	71.6	12
2001	22	42.5	20.5	85.3	51.7	31.5	62.3	73.5	45	65.9	24.5	120.8	645.5	53.8	12
2002	41.5	95.3	44.2	28.4	105	75.8	40.5	52.5	38.6	30.5	156.5	58.3	767.1	63.9	12
2003	15.3	0.1	30.5	4.2	67.4	45.5	82.4	42	110.5	340.2	136.3	36.5	910.9	75.9	12
2004	40	67.2	57.5	242.2	102.5	75.3	74.5	50.5	50.2	110.5	85.5	31.5	987.4	82.3	12
2005	20.3	0.1	36.5	91.5	0.3	142.5	144.6	45.8	80.4	36.4	41.3	33.5	673.2	56.1	12
2006	33.4	21.8	40.8	0	40.2	60.8	42.5	60.5	40.8	100	100	80	620.8	51.7	12
2007	50	56.5	55.8	0	10	50.1	75.6	120.5	80.2	76.4	31.5	15.4	622	51.8	12
2008	195.4	78.5	35.5	41.3	155.5	100.5	80.2	25.4	141.5	154.6	68.4	80.7	1157.5	96.5	12
2009		44.5	45.4	20.5	45.5	70.5	31.2	85.4	40.5	41.5	81.4	31.5	537.9	48.9	11
2010	110.5	20.5	20.4	16.3	102.2	69.5	52.5	110.5	100.5	120.5	90	10.5	823.9	68.7	12
2011	190.5	60	100	0	100.2	56.4	48.5	120.4	120.4	80.5	105.5	36.5	1018.9	84.9	12
2012	161.5	38.5	45.4	57.5	144.5	162.4	61.5	75.6	50.4	84.5	20.5	160.4	1062.7	88.6	12
2013	24.5	30.4	25.4	0	100	100.5	85.7			115.5		40	522	58	9
2014				100	70.5	42.4	85.7				79.8		378.4	75.7	5
2015	110.4	19.8	76.5	89.5	10.5	64.5	20.4	25.5	45.8	80	0	50	592.9	49.4	12
2016	34	30	30.1	25	27	40	24	110	40.5	36.1	14.5	27.5	438.7	36.6	12
2017	37	0	34	35	100	41	60	140				42	489	54.3	9
2018	130	40	15	35.5	40	30.5	40.5	80.5	50.5	40	80	42	624.5	52	12
2019	150	25	20	17	40	110	20	30	80	10	50	40	592	49.3	12
2020	40	30	0	0	40	180	20.5	50	36.5	60	105	40	602	50.2	12
2021	45	24	20	0	125	85	0	46	125				470	52.2	9
2023									110	60.5	45	70.5	286	71.5	4
2024	33	22											55	27.5	2
MÍNIMA	4.5	0	0	0	0	27.5	0	0	30.5	10	0	10.5	55	27.5	2
MÁXIMA	195.4	167.5	116.5	242.2	155.5	180	165.5	140	200.5	340.2	156.5	160.4	1157.5	97	12
MEDIA	60.7	46.5	45.3	35.8	62.6	77.8	61	62	76.8	78.8	69.3	54.7	661.3	61	10.9
DESV.ST	46.2	31.3	29.2	41.4	40.2	36.4	38.1	30.5	36	51.5	38.8	34	195.8	14.9	2.4

LLUVIA TOTAL MENSUAL
AÑO	ENE	FEB	MAR	ABR	MAY	JUN	JUL	AGO	SEP	OCT	NOV	DIC	ACUM	PROM	MESES
1969	268.41	268.41	137.91	29.61	288.01	228.1	168.8	792.21	580.9	305.8	171.6	75.31	3315.07	276.3	12
1970	119.01	96.71	51.4	38.4	164.9	340.7	443.2	377.5	458.41	449.4	241.31	95	2875.94	239.7	12
1971	13.6	51.6	174.4	35.1	22.5	109.5	213.9	216.9	399.6	422.6	420.6	96.2	2176.5	181.4	12
1972	125	74.3	15.5	44.2	53.2	511.8	442.9	250.4	324.1	248.9	232.8	256.8	2579.9	215	12
1973	24.21	72.73	60.73	44.51	53.01	342.97	332.85	364.42	759.57	207.31	64.51	69.51	2396.33	199.7	12
1974	65	218.6	14.1	149.7	145.8	393.51	216.33	223.01	325.41	361.9	114.8	106.4	2334.56	194.5	12
1975	127.7	118.3	56.8	0	130.2	146.22	140.51	168.2	267.2	547.41	186.11	97.51	1986.16	165.5	12
1976	125.03	115.71	16	28	155.3	422.12	168.2	366.1	216.3	329.91	287.3	409.8	2639.77	220	12
1977	249	249	184.5	161.8	59.7	479.8	154	311.4	257.6	324	406	307	3143.8	262	12
1978	189.8	283.3	305.4	72.7	342.9	374.4	420	492.9	600.5	832	194.6	52.61	4161.11	346.8	12
1979	157.62	72.31	92.01	80.62	256.7	668.3	196.26	410.64	518.54	232.95		341.65	3027.6	275.2	11
1980	82.91	202.94	167.5	174.91	16.81	189.25	139.72	128.11	511.54	305.52	163.33	116.86	2199.4	183.3	12
1981	24.21	72.74	60.73	44.51	95.91	352.97	332.85	317.81	763.57	20.71	34.52	69.51	2190.04	182.5	12
1982	80.02	191.02	100.2	155.5	178.52	574.03	202.22						1481.51	211.6	7
1983								112.2	330.82	240.54	227.31	290.5	1201.37	240.3	5
1984		158.7	0	24	335.4	70.7	267.9	276.7	446.8	121.6	121.4	41.7	1864.9	169.5	11
1985	109.2	47.4	63.6	145.5	323.2	210.8	260.6	79					1239.3	154.9	8
1987	42.1	67.6	135.9	0.1	47.6	600.8	303.3	302.4	248.4	325.2	218.7	143	2435.1	202.9	12
1988	95.6	102.7	52.5	32.6	11.6	656.7	254	281.7	311.2	404.7	140.2	154.8	2498.3	208.2	12
1989	71.1	68.3	49.7	89.6	218.6	175.7	114.4						787.4	112.5	7
1990			190.2	67	126.5	34.1	221.2	115.6	554.5	77.1	325	338.2	2049.4	204.9	10
1991	66.8	141.7	96.2	0	246.7	195.6	163.3	0	293.6	244.7	216.1	169.9	1834.6	152.9	12
1992	185.1	62	170.2	0	47.2	387.2	13.5	86.4	303.8	197.7	201.9	96.2	1751.2	145.9	12
1993	82.1	75.2	73.5	58.2	48.2	550.2	340.4	248.7	188.4	230	20.1	131.6	2046.6	170.6	12
1994	235.8	73.5	64.1	91.1	30.6	96.5	32.6	229.3	475.4	107	94.5	80.5	1610.9	134.2	12
1995	20.6	0	75.2	213.4	0	664.7	326.3	561.1	571.4	225.2	38.7	76.6	2773.2	231.1	12
1996	39.3	36.1	102.9	91.4	117.2	459.1	500.3	111.7	124.2	694.4	269.8	99.7	2646.1	220.5	12
1997	135.6	191.2	94.7	19.6	119.4	152	65.8	238.3	356.1	290.2	390.1	116.1	2169.1	180.8	12
1998	295.3	24.7	20.1	0	0	125.6	733.7	330.2	634.5	403.9	228.1	47.2	2843.3	236.9	12
1999	116.7	52	304.5	0	145.5	426.1	148.8	430.1	603.8	436.3	268.6	31.6	2964	247	12
2000	173.5	47.2	22.6	20.1	292.7	406.7	101.1	330.9	352.1	219.9	250.9	200.7	2418.4	201.5	12
2001	47	69.2	20.6	183.4	249.1	71.8	257.3	247.4	228.5	336.1	106.4	308.7	2125.5	177.1	12
2002	126.4	273.8	144	51	222.7	549.8	66.1	168.5	428.4	41	252.2	191.1	2515	209.6	12
2003	49.4	0.1	48.7	4.3	178.9	124.1	177.8	234.3	303.5	471.6	664.3	119.7	2376.7	198.1	12
2004	109.6	229.1	111	242.3	266.2	135.6	168.3	154.8	265.5	430.5	151.5	93.3	2357.7	196.5	12
2005	20.7	0.1	36.6	142.1	0.3	548.6	331.5	267.3	316.3	116.4	141.8	97	2018.7	168.2	12
2006	199.4	86.1	83.2	0	82.1	539.5	172.4	111.9	311.8	325.1	231.1	170.5	2313.1	192.8	12
2007	142.8	132.8	106.4	0	10	156.3	184.1	446.9	475.9	538.3	124.5	15.5	2333.5	194.5	12
2008	312.7	154.7	50.2	102.8	480.8	383.8	305.8	141.5	579	407.3	68.5	189.1	3176.2	264.7	12
2009		60.7	51	26.2	56.3	237	110.2	278.1	219.6	107.5	224.2	135.8	1506.6	137	11
2010	243.2	65.2	31.5	31.7	249.5	308	310.9	656.5	595.8	181.8	306.5	15.8	2996.4	249.7	12
2011	289.1	89.8	100.1	0	263.2	260.7	346.6	400.5	547.6	563.8	171.9	186.9	3220.2	268.4	12
2012	360.7	99.8	97.3	74.1	351.2	547.7	231.4	378.6	309.9	234.8	61	186.4	2932.9	244.4	12
2013	203.3	82.1	41.7	0	221.6	533.2	220.2			694.83		233.32	2230.25	247.8	9
2014				170.8	250.2	250.36	203.3				527.94		1402.6	280.5	5
2015	467.3	63.6	140.9	91.5	18.5	271.2	139.8	73.4	309	165	0	78	1818.2	151.5	12
2016	126	75.5	141.2	54	134	184	142	383.6	191.5	192.1	88.5	178	1890.4	157.5	12
2017	189	0	119	105	309.5	172.1	201.5	437.1				59.5	1592.7	177	9
2018	520.5	40	25	56	55	40.5	143	202	182.6	175.5	284.5	59.5	1784.1	148.7	12
2019	306.5	117.5	102.5	31	201	647	102	149	699	10	188	117	2670.5	222.5	12
2020	180	95.5	0	0	186	665.1	84.5	221	235	60	673.5	171	2571.6	214.3	12
2021	145	86	41	0	704	827.5	0	120	466				2389.5	265.5	9
2023									349	260.5	174	322.5	1106	276.5	4
2024	167	36											203	101.5	2
MÍNIMA	13.6	0	0	0	0	34.1	0	0	124.2	10	0	15.5	203	101.5	2
MÁXIMA	520.5	283.3	305.4	242.3	704	827.5	733.7	792.21	763.57	832	673.5	409.8	4161.11	346.8	12
MEDIA	156.8	101.9	88.9	64.3	167.9	349	221.9	275.5	399.8	300.4	216.7	146.7	2243.9	205.8	10.9
DESV.ST	112.7	73.4	67.3	64	138.8	203.8	133.6	156.4	162.8	181.6	146.8	95.3	691.2	48.2	2.4

TEMPERATURA MÁXIMA PROMEDIO
AÑO	ENE	FEB	MAR	ABR	MAY	JUN	JUL	AGO	SEP	OCT	NOV	DIC	ACUM	PROM	MESES
1988										28.8	29.7	31.4		30	3
1989	31.2	30.8	29.9	33.1	32	31.4	32.3							31.5	7
1990				32.5	32.1	31.2	31.2	31.9	32	32.4	31.3	30.8		31.7	9
1991	31.4													31.4	1
MÍNIMA	31.2	30.8	29.9	32.5	32	31.2	31.2	31.9	32	28.8	29.7	30.8		30	1
MÁXIMA	31.4	30.8	29.9	33.1	32.1	31.4	32.3	31.9	32	32.4	31.3	31.4		31.7	9
MEDIA	31.3	30.8	29.9	32.8	32	31.3	31.8	31.9	32	30.6	30.5	31.1		31.1	5
DESV.ST	0.1			0.4	0.1	0.1	0.8			2.5	1.1	0.4		0.8	3.7

TEMPERATURA MÁXIMA EXTREMA
AÑO	ENE	FEB	MAR	ABR	MAY	JUN	JUL	AGO	SEP	OCT	NOV	DIC	ACUM	PROM	MESES
1988										34	35	34		34.3	3
1989	33	39	37	38	36	36	37							36.6	7
1990				34	36	33	34	34	35	35	34	32		34.1	9
1991	33													33	1
MÍNIMA	33	39	37	34	36	33	34	34	35	34	34	32		33	1
MÁXIMA	33	39	37	38	36	36	37	34	35	35	35	34		36.6	9
MEDIA	33	39	37	36	36	34.5	35.5	34	35	34.5	34.5	33		34.5	5
DESV.ST	0			2.8	0	2.1	2.1			0.7	0.7	1.4		1.5	3.7

TEMPERATURA MÍNIMA PROMEDIO
AÑO	ENE	FEB	MAR	ABR	MAY	JUN	JUL	AGO	SEP	OCT	NOV	DIC	ACUM	PROM	MESES
1988										17.3	20.7	19.7		19.2	3
1989	19.9	19	18.9	20.7	20.2	20.4	19.4							19.8	7
1990				18.7	19.1	18.3	18.4	17.7	17.7	17.5	17.1	17.2		18	9
1991	16.8													16.8	1
MÍNIMA	16.8	19	18.9	18.7	19.1	18.3	18.4	17.7	17.7	17.3	17.1	17.2		16.8	1
MÁXIMA	19.9	19	18.9	20.7	20.2	20.4	19.4	17.7	17.7	17.5	20.7	19.7		19.8	9
MEDIA	18.4	19	18.9	19.7	19.6	19.4	18.9	17.7	17.7	17.4	18.9	18.4		18.4	5
DESV.ST	2.2			1.4	0.8	1.5	0.7			0.1	2.5	1.8		1.3	3.7

TEMPERATURA MÍNIMA EXTREMA
AÑO	ENE	FEB	MAR	ABR	MAY	JUN	JUL	AGO	SEP	OCT	NOV	DIC	ACUM	PROM	MESES
1988										14	18	16		16	3
1989	18	15	15	19.5	18	18	17							17.2	7
1990				17	17	17	17	16	16	16	16	17		16.6	9
1991	16													16	1
MÍNIMA	16	15	15	17	17	17	17	16	16	14	16	16		16	1
MÁXIMA	18	15	15	19.5	18	18	17	16	16	16	18	17		17.2	9
MEDIA	17	15	15	18.2	17.5	17.5	17	16	16	15	17	16.5		16.4	5
DESV.ST	1.4			1.8	0.7	0.7	0			1.4	1.4	0.7		0.6	3.7

TEMPERATURA MEDIA MENSUAL
AÑO	ENE	FEB	MAR	ABR	MAY	JUN	JUL	AGO	SEP	OCT	NOV	DIC	ACUM	PROM	MESES
1988										23	25.2	25.5		24.6	3
1989	25.5	24.9	24.4	26.9	26.1	25.9	25.8							25.6	7
1990				25.6	25.6	24.8	24.8	24.8	24.9	25	24.2	24		24.9	9
1991	24.1													24.1	1
MÍNIMA	24.1	24.9	24.4	25.6	25.6	24.8	24.8	24.8	24.9	23	24.2	24		24.1	1
MÁXIMA	25.5	24.9	24.4	26.9	26.1	25.9	25.8	24.8	24.9	25	25.2	25.5		25.6	9
MEDIA	24.8	24.9	24.4	26.2	25.9	25.4	25.3	24.8	24.9	24	24.7	24.8		24.8	5
DESV.ST	1			0.9	0.4	0.8	0.7			1.4	0.7	1.1		0.6	3.7
