COMISIÓN NACIONAL DEL AGUA
COORDINACIÓN GENERAL DEL SERVICIO METEOROLÓGICO NACIONAL
BASE DE DATOS CLIMATOLÓGICA NACIONAL 

ESTADÍSTICA MENSUAL
EMISIÓN   : 25/10/2024 

DATOS DISPONIBLES EN LA BASE DE DATOS A: OCTOBER DE 2024; 
CON LA INFORMACIÓN SUMINISTRADA POR LAS UNIDADES ADMINISTRATIVAS 

 ESTACIÓN  : 7142 
 NOMBRE    : SAN ANTONIO 
 ESTADO    : CHIAPAS 
 MUNICIPIO : OCOZOCOAUTLA DE ESPINOSA 
 SITUACIÓN : SUSPENDIDA 
 CVE-OMM   :   
 LATITUD   : 16.55 ° 
 LONGITUD  : -93.43333333 ° 
 ALTITUD   : 812 msnm 


LLUVIA MÁXIMA 24 H.
AÑO	ENE	FEB	MAR	ABR	MAY	JUN	JUL	AGO	SEP	OCT	NOV	DIC	ACUM	PROM	MESES
1964											4.5	3.5	8	4	2
1965	26	30	50	0.01	82	85	117	90	80	47.5	1.3	20	628.81	52.4	12
1966	14	24	5	60	41	72	40.8	37	49	28	6.8	10	387.6	32.3	12
1967	10.3	9	5.4	7.9	20	51.1	56	29	66.6	25.9	3.5	24.5	309.2	25.8	12
1968	22.8	3.5	3	0.01	37.7	51			28.7	29.5	3	9	188.21	18.8	10
1969	12.3	2	3	1	5.5	71	40	61.2	76	53	10.5	4	339.5	28.3	12
1970	13.5	2	1	2.4	40	40	80	61	80	18.4	6.2	1	345.5	28.8	12
1971	2.6	1.2	8.2	0	22.5	56	51.5	47.7	44.4	42.2	8.7	0.2	285.2	23.8	12
1972	4.7	4.3	30.2	3	34	50.9	72.4	98.6	20.8	9.4	40	22.8	391.1	32.6	12
1973	14.7	1.4	3.5	1.7	66	45.4	70.6	44.7	107.4	13.9	60	5.6	434.9	36.2	12
1974	8.4	5.5	20.5	20.9	72	33.5	69	56.7	55.4	5	16.3	2.2	365.4	30.4	12
1975	8.3	2.6	7.6	3	80.1	59.2	47.3	40	43.8	24.9	22.1	12.1	351	29.2	12
1976	10	13	0.2	28.8	10.4	56	71.2	22.3	38.9	18	12.8	5.1	286.7	23.9	12
1977	1.9		7.9	43.1	27	37.4	34.4	46.9	55.6	14.9	26.6	15.5	311.2	28.3	11
1978	31	10	6.9	8.8	32	62	78.5	42.3	55.4	82.7	3.2	14	426.8	35.6	12
1979	7.6	2.3	18.9		45.9	21.7	112.8	55	51	19	5.7	3	342.9	31.2	11
1980	33.6	21	8.3	2.9	22.2	60	60.4	43.7	58.8	38.4	6.7	3	359	29.9	12
1981	0.9	2.3	5.5	52.5	37	69.9		72.3	64.5	40.4		3.5	348.8	34.9	10
1982	1.4	2.8	9.7	4.2	46	34.9	55	22.4	78.5	85	4.5		344.4	31.3	11
1983	5.8	20.1	41.5	1	3.2	87.4	46	58		80		20	363	36.3	10
1988								30.5					30.5	30.5	1
MÍNIMA	0.9	1.2	0.2	0	3.2	21.7	34.4	22.3	20.8	5	1.3	0.2	8	4	1
MÁXIMA	33.6	30	50	60	82	87.4	117	98.6	107.4	85	60	24.5	628.81	52.4	12
MEDIA	12.1	8.7	12.4	13.4	38.1	55	64.9	50.5	58.6	35.6	13.5	9.4	326.1	29.7	10.6
DESV.ST	9.8	9.1	13.9	19.5	23.3	17.4	23.4	20.5	20.9	24.6	15.3	7.9	130.2	8.8	3.1

LLUVIA TOTAL MENSUAL
AÑO	ENE	FEB	MAR	ABR	MAY	JUN	JUL	AGO	SEP	OCT	NOV	DIC	ACUM	PROM	MESES
1964											7.35	9.56	16.91	8.5	2
1965	52.82	30.03	152.51	0.01	224.4	557.05	786.52	404.92	401	285.75	3.32	81.41	2979.74	248.3	12
1966	46.26	59.14	9.36	100.34	108.44	286.33	252.07	171.07	271.62	125.33	18.43	22.31	1470.7	122.6	12
1967	22.72	15.87	8.51	18.62	43.53	359.33	202.92	233.13	251.07	98	10.82	32.77	1297.29	108.1	12
1968	42.53	7.4	8.48	0.05	111.26	290.25			215.48	98.78	8.63	19.05	801.91	80.2	10
1969	21.8	4.9	6.9	1	6	252.3	377.4	472	347.2	112.8	45.3	9.2	1656.8	138.1	12
1970	31.1	5.5	1.6	3.3	117.1	158.4	409	296.5	459	74.2	17.7	1	1574.4	131.2	12
1971	5.8	1.8	16.9	0	60.7	304.1	280.2	270.9	265.2	129.2	25.1	0.2	1360.1	113.3	12
1972	20.1	4.8	30.2	5.1	84.8	303	337	309.4	88.6	19.9	79.5	43.7	1326.1	110.5	12
1973	19.7	4.4	3.8	3.7	186.9	285	335.8	503.5	259.3	105	83.6	10	1800.7	150.1	12
1974	13.1	13.7	43.3	21.2	155	170.4	289	212.2	265.4	8.5	60.7	7.4	1259.9	105	12
1975	21.8	8.2	8.9	3	343.6	273.41	228.61	213.2	192	64.1	40.4	17.2	1414.42	117.9	12
1976	34.1	40.31	0.7	30.81	19.2	220	275.9	87.7	212.3	62.3	50.5	35.6	1069.42	89.1	12
1977	9.8		15.5	89.7	98.3	260.2	174.8	289.9	250.7	39.8	50	32.8	1311.5	119.2	11
1978	48.9	23.7	13.9	10.1	114.1	356.9	432.5	277.8	202.3	220.9	7.6	17.1	1725.8	143.8	12
1979	23.8	6.7	51.7		91	128.9	311	312.1	280.5	65	18.1	20.5	1309.3	119	11
1980	46.3	34.2	13.5	5.1	64.7	285.8	345.6	225.4	328	92	26	13.4	1480	123.3	12
1981	1.7	7.7	12.6	59.5	141.8	331.9		305.7	296.9	116.8		11.2	1285.8	128.6	10
1982	4.5	4.5	16	6.6	109	167.1	156.4	124	333.2	192.6	10.5		1124.4	102.2	11
1983	10.6	58	57.3	2.8	5.9	224.8	248.6	381.9		197.4		41.3	1228.6	122.9	10
1988								142					142	142	1
MÍNIMA	1.7	1.8	0.7	0	5.9	128.9	156.4	87.7	88.6	8.5	3.32	0.2	16.91	8.5	1
MÁXIMA	52.82	59.14	152.51	100.34	343.6	557.05	786.52	503.5	459	285.75	83.6	81.41	2979.74	248.3	12
MEDIA	25.1	18.4	24.8	20.1	109.8	274.5	320.2	275.4	273.3	111	31.3	22.4	1316	120.2	10.6
DESV.ST	16.1	18.5	34.9	31.1	80.5	95	142.9	111	83.2	70.7	25.2	19.2	585.5	41.7	3.1

EVAPORACIÓN MENSUAL
AÑO	ENE	FEB	MAR	ABR	MAY	JUN	JUL	AGO	SEP	OCT	NOV	DIC	ACUM	PROM	MESES
1965											71.8		71.8	71.8	1
1966		104.7				132.1	112.9	113.1	87.9	67.5	78.4	66.1	762.7	95.3	8
1967	72.5	93.3	114.9	141.7	146.8	135.2	126.3	134.7	96.1	81.7	69.5	79	1291.7	107.6	12
1968	51.4	90.6		154.6					110.1	78.7	81.6	81.5	648.5	92.6	7
1969	89.6	104.3	136.1	166.9	176.7	147.79	127.6	164.2	78.5	80	74.1	76	1421.79	118.5	12
1970	74.3	84.3	155	162.7	153.3	114.5	99.5	102.3	97.4	68.2	80.9	77.6	1270	105.8	12
1971	95.7	120.85	143	177.18	137.19	108.48	104.18	103.77	124.12	77.35	69.66	90.84	1352.32	112.7	12
1972	101.6	118	167	158.3	144.1	107.8	140.8	118.2	97.1	89.6	77.2	81.6	1401.3	116.8	12
1973	84.9	94.1	189	157.7	143.1	111	123.3	142.2	104.7	92.8	91.1	80.8	1414.7	117.9	12
1974	95.5	82.4	134.2	136	169.1	89	90	104.1	97.5	74.1	75.1	84.2	1231.2	102.6	12
1975	82.6	113	143.8	165.3	120.9	114.6	131.6	111.9	93.8	71.9	74.3	95.3	1319	109.9	12
1976	77	107.8	155.4	129.7	153.4	131.3	127.8	119.3	107.6	102.8	53.7	57.4	1323.2	110.3	12
1977	77.7		155.5	130.9	158.4	121.7	146	137.6	113.9	75.5	92.3	72.2	1281.7	116.5	11
1978	90.4	107.2	136.7	160.5	174.7	133.2	152.2	133.6	103.3	102.7	84.5	84.9	1463.9	122	12
1979	105.5	98	154.7		155.3	116	133.9	137.5	85.6	78.5	64.5	57.2	1186.7	107.9	11
1980	94	94	159	123.2	158.6	104	120.9	116.1	84.9	64.85	72	60.7	1252.25	104.4	12
1981	77.8	72.6	112	136.5	159	127		98.7	72.9	77.2		76.9	1010.6	101.1	10
1982	101.1	96.2	151.1	150.5	110.1	86.9	97.2	119.4	94.4	86	75.61		1168.51	106.2	11
1983	95.7	85	154.9	152.8	156.4	125	64.4						834.2	119.2	7
MÍNIMA	51.4	72.6	112	123.2	110.1	86.9	64.4	98.7	72.9	64.85	53.7	57.2	71.8	71.8	1
MÁXIMA	105.5	120.85	189	177.18	176.7	147.79	152.2	164.2	124.12	102.8	92.3	95.3	1463.9	122	12
MEDIA	86.3	98	147.6	150.3	151.1	118	118.7	122.3	97	80.6	75.7	76.4	1142.4	107.3	10.4
DESV.ST	13.6	13.2	18.8	15.6	17.7	16.2	22.9	17.9	13	11.2	9.3	11.2	346.2	11.8	2.9

TEMPERATURA MÁXIMA PROMEDIO
AÑO	ENE	FEB	MAR	ABR	MAY	JUN	JUL	AGO	SEP	OCT	NOV	DIC	ACUM	PROM	MESES
1964											22.6	21		21.8	2
1965	22.7	24.1	25.5	27.9	27.7	25.3	24	23.5	23.2	20.9	20.9	21.5		23.9	12
1966	20.4	20.5	22	25.6	23.9	23.2	23.3	23.2	22.8	21.3	19	19.3		22	12
1967	19.7	20.9	24.9	27.1	27.7	25	24.9	25	24.3	22	22	23.4		23.9	12
1968	21.1	21.5	24.3	27	27.3	25.7			24.6	23.4	23.4	23.4		24.2	10
1969	22.7	24.8	25.7	28.9	28.4	26.5	25	24.3	23.6	23.6	22.1	22.3		24.8	12
1970	21.9	22.1	26.1	28.6	26.2	26	24.2	24.8	23.9	22.9	20.7	22.8		24.2	12
1971	23.3	25.6	26.7	26.8	28	25.6	25.6	24.4	24.7	23.9	22.2	24.3		25.1	12
1972	24.4	24.6	26.6	27.9	27.5	25.1	24.5	23.8	24.6	24.8	25	23.1		25.2	12
1973	22.5	23.5	28.8	28.3	27.4	26	25.3	23.8	24.6	22.2	23	21.5		24.7	12
1974	24.2	22.6	26.5	26.1	27.3	23.7	24.2	25	23.8	21.4	22.3	22.5		24.1	12
1975	21.8	24.6	27.1	28.1	27.5	25.4	24.9	24.8	23.7	22.6	21.5	20.8		24.4	12
1976	18.8	21.6	26.5	26.8	26.9	24.9	24.2	24	23.9	23.1	19.7	18.4		23.2	12
1977	20.5		26.3	24.2	26.9	24.5	24.1	24.6	24.4	22.8	22.7	22.5		24	11
1978	20.8	21.8	23.8	27.1	27	24.3	23.9	24	23.2	21.5	22.3	22		23.5	12
1979	19.9	21.9	24.7		26.5	23.2	25	23.9	21.3	21.7	19.8	18.6		22.4	11
1980	22.5	21.7	27	25.3	28.7	24.7	24.6	24.5	22.9	22	19.6	18.9		23.5	12
1981	20.2	21.3	26.8	27	27	24.7		23.5	22.9	23		22.9		23.9	10
1982	24	25	27	29.1	28.1	24.9	24.7	24.4	23.3	23.1	22			25.1	11
1983	22.2	23.9	25.6	27.4	30	26	24.2	24.4		22.3		22.4		24.8	10
1988								35.3						35.3	1
MÍNIMA	18.8	20.5	22	24.2	23.9	23.2	23.3	23.2	21.3	20.9	19	18.4		21.8	1
MÁXIMA	24.4	25.6	28.8	29.1	30	26.5	25.6	35.3	24.7	24.8	25	24.3		35.3	12
MEDIA	21.8	22.9	25.9	27.2	27.4	25	24.5	24.8	23.6	22.6	21.7	21.7		24.5	10.6
DESV.ST	1.6	1.6	1.5	1.3	1.2	0.9	0.6	2.6	0.9	1	1.5	1.7		2.7	3.1

TEMPERATURA MÁXIMA EXTREMA
AÑO	ENE	FEB	MAR	ABR	MAY	JUN	JUL	AGO	SEP	OCT	NOV	DIC	ACUM	PROM	MESES
1964											30	25		27.5	2
1965	26	30	30	30	30	29.5	25.5	25	25	25.5	23.5	26.5		27.2	12
1966	29	26	26.5	29	27	27	27	25	25	27	24	25		26.5	12
1967	24	25.5	30	30.5	31.5	30	26.5	27.5	29.5	26	28.5	28		28.1	12
1968	25	26.5	28.5	30	30.5	28			26.5	26	27	27		27.5	10
1969	28	29	30	34	39	31	27	27	27	26.5	26	27		29.3	12
1970	28	29.5	31	36	32	29	27	27.5	26.5	29.5	26	27		29.1	12
1971	28	30	30.5	34.5	33	28	29	28	27.5	26	26	28		29	12
1972	28	29.5	31	30	30	28	27.5	25	27.5	29	28.5	27.5		28.5	12
1973	27	27.5	32	32	33.5	29.5	28	26	27	27	27	25.5		28.5	12
1974	28	28	31	30	29.5	27.5	26	27	27	27	28.5	27		28	12
1975	26	31.5	29	32	30.5	28	26.5	26.5	26	26.5	26.5	25		27.8	12
1976	29	26.5	30	30	29	29	26	26	26	26.5	26	25.5		27.5	12
1977	26.5		30.5	30	30	26	26	26.5	26	27	26	28		27.5	11
1978	25.5	28.5	29	31	30.5	26.5	28	25.5	26	26	26	25		27.3	12
1979	28.5	28	31		30	27	27.5	26	24.5	24.5	25.5	24.5		27	11
1980	27	28	30.5	32	37	27.5	26.5	27.5	27	26	26	25		28.3	12
1981	24.5	28	30	30	31.5	30		26	25	28		25.5		27.9	10
1982	27	29	31.5	32	31	29	27	27	26	26.5	25.5			28.3	11
1983	26.5	26.5	28	31.5	34	29	27	26		26		27		28.1	10
1988								39						39	1
MÍNIMA	24	25.5	26.5	29	27	26	25.5	25	24.5	24.5	23.5	24.5		26.5	1
MÁXIMA	29	31.5	32	36	39	31	29	39	29.5	29.5	30	28		39	12
MEDIA	26.9	28.2	30	31.4	31.6	28.4	26.9	27.1	26.4	26.7	26.5	26.3		28.5	10.6
DESV.ST	1.5	1.6	1.3	1.9	2.8	1.3	0.9	3	1.2	1.2	1.6	1.2		2.5	3.1

TEMPERATURA MÍNIMA PROMEDIO
AÑO	ENE	FEB	MAR	ABR	MAY	JUN	JUL	AGO	SEP	OCT	NOV	DIC	ACUM	PROM	MESES
1964											14.4	12.8		13.6	2
1965	12.4	12.8	13	15	17.2	17	16.5	16.7	16.8	15.2	14.8	13.1		15	12
1966	12	13.1	12.9	16.2	17.4	17.1	17.5	17.1	17.1	16.1	13.4	11.6		15.1	12
1967	11.7	11.9	13	15.4	17	17.1	16.6	16.6	16.6	15.8	13.8	14.1		15	12
1968	12.9	11.9	13.1	15.7	16.9	17.1			17	16.1	13.9	13.9		14.8	10
1969	12.5	14.3	14.9	16.8	16.4	17.6	17.5	17.2	17.5	16.6	14.4	13.4		15.8	12
1970	12.7	12.7	14	15.9	15.2	17.5	17.1	16.9	16.9	16.8	12.9	13.2		15.2	12
1971	12.3	12.1	14.1	13.6	17.2	16.4	16	16.5	16.9	16.5	14.9	14.8		15.1	12
1972	13.6	12.2	14.6	15.8	16.7	17.1	16.8	16.7	16.9	16.4	16.5	13.4		15.6	12
1973	11.5	12.9	15.2	15.8	16.9	17.3	16.9	17	16.9	16.6	15.4	11.3		15.3	12
1974	14.2	12.4	13.7	14.8	15.3	16.5	15.9	16.2	16.4	14.8	14	12.8		14.8	12
1975	12.5	12.4	14.5	15.1	16.7	16	15.3	15.9	16.1	15.3	13.4	10.9		14.5	12
1976	9	9.2	11.9	12.5	14.8	15.6	14.5	15.1	14.9	14.5	12.8	11.1		13	12
1977	9.9		11.8	13.2	14.9	14.9	14.2	15.1	15.8	15	12.3	12.3		13.6	11
1978	10	10.2	11.5	13.6	14.6	15.6	14.8	15.1	15.1	14.7	14	11.9		13.4	12
1979	9.6	10.2	11.7		14.8	15.5	15.5	15.2	15.3	14.9	12.5	11.6		13.3	11
1980	11.2	11.4	12.5	13.2	15.5	15.6	15	15.1	15.8	14.4	12.3	11		13.6	12
1981	10	11.2	12.6	14.6	15.2	15.9		15.4	15.6	14.9		12.1		13.8	10
1982	11.5	12.2	12.4	14.4	16	16.2	14.6	14.2	15.5	13.5	12.3			13.9	11
1983	10.3	10.9	10.9	13.7	15.8	16	15.3	15.1		14.4		12.4		13.5	10
1988								19.8						19.8	1
MÍNIMA	9	9.2	10.9	12.5	14.6	14.9	14.2	14.2	14.9	13.5	12.3	10.9		13	1
MÁXIMA	14.2	14.3	15.2	16.8	17.4	17.6	17.5	19.8	17.5	16.8	16.5	14.8		19.8	12
MEDIA	11.6	11.9	13.1	14.7	16	16.4	15.9	16.2	16.3	15.4	13.8	12.5		14.7	10.6
DESV.ST	1.4	1.2	1.2	1.2	1	0.8	1.1	1.3	0.8	0.9	1.2	1.1		1.5	3.1

TEMPERATURA MÍNIMA EXTREMA
AÑO	ENE	FEB	MAR	ABR	MAY	JUN	JUL	AGO	SEP	OCT	NOV	DIC	ACUM	PROM	MESES
1964											12	11		11.5	2
1965	7	8	7.5	10	15	15	15	14	15	12	11	10		11.6	12
1966	7.5	8	9	14	14.5	11.5	14	13	14	12.5	10.5	6.5		11.2	12
1967	8	6	9	13	13	15.5	14	14	13	13	10.5	10		11.6	12
1968	9.5	7.5	9	12.5	14	12.5			12	10.5	8	11		10.7	10
1969	10	12	12	14	13	16	15	12	14	13	10	10.5		12.6	12
1970	8.5	8	10	11	10	15.5	12	14	15	14.5	9.5	11		11.6	12
1971	9	5	8.5	7.5	11	15	14	14.5	14	12.5	10.5	11		11	12
1972	11	6	13	13	12	14	14.5	14	14	13	14	9		12.3	12
1973	7.5	8	11.5	13	13.5	15	15	11	15	15	11.5	6.5		11.9	12
1974	12	8	8	10	11.5	15	13	11.5	14	11	8	8.5		10.9	12
1975	9	9.5	11	12.5	15	14	13	14.5	11.5	12.5	10	7.5		11.7	12
1976	6	6	7	9	10.5	12.5	11	12	13	12	9.5	8.5		9.8	12
1977	4.5		9	8	11	12	11	13	14.5	11	6.5	5		9.6	11
1978	6	4	7.5	9	11.5	13.5	13	12.5	13	9	11	7		9.8	12
1979	7	6.5	9		11	13.5	11	13	11.5	12	8.5	8.5		10.1	11
1980	7.5	7.5	7	6.5	13	12.5	13	13	14	1.5	9	5		9.1	12
1981	6	8	9	10	11	13		13	13	12		9		10.4	10
1982	9	9	8.5	11.5	14	12	12.5	13	13	10	9			11	11
1983	7.5	7.5	8.5	11	13	13	13	12		12		6		10.3	10
1988								18						18	1
MÍNIMA	4.5	4	7	6.5	10	11.5	11	11	11.5	1.5	6.5	5		9.1	1
MÁXIMA	12	12	13	14	15	16	15	18	15	15	14	11		18	12
MEDIA	8	7.5	9.2	10.9	12.5	13.7	13.2	13.3	13.5	11.5	9.9	8.5		11.3	10.6
DESV.ST	1.9	1.8	1.7	2.3	1.6	1.4	1.4	1.5	1.1	2.8	1.7	2.1		1.8	3.1

TEMPERATURA MEDIA MENSUAL
AÑO	ENE	FEB	MAR	ABR	MAY	JUN	JUL	AGO	SEP	OCT	NOV	DIC	ACUM	PROM	MESES
1964											18.5	16.9		17.7	2
1965	17.6	18.5	19.2	21.4	22.4	21.1	20.2	20.1	20	18	17.9	17.3		19.5	12
1966	16.2	16.8	17.4	20.9	20.6	20.1	20.4	20.1	20	18.7	16.2	15.4		18.6	12
1967	15.7	16.4	19	21.2	22.4	21	20.8	20.8	20.5	18.9	17.9	18.8		19.4	12
1968	17	16.7	18.7	21.4	22.1	21.4			20.8	19.8	18.6	18.6		19.5	10
1969	17.6	19.6	20.3	22.9	22.4	22	21.2	20.8	20.6	20.1	18.2	17.9		20.3	12
1970	17.3	17.4	20	22.2	20.7	21.8	20.6	20.9	20.4	19.9	16.8	18		19.7	12
1971	17.8	18.9	20.4	20.2	22.6	21	20.8	20.4	20.8	20.2	18.6	19.6		20.1	12
1972	19	18.4	20.6	21.9	22.1	21.1	20.6	20.2	20.8	20.6	20.8	18.2		20.4	12
1973	17	18.2	22	22	22.1	21.6	21.1	20.4	20.8	19.4	19.2	16.4		20	12
1974	19.2	17.5	20.1	20.5	21.3	20.1	20	20.6	20.1	18.1	18.1	17.6		19.4	12
1975	17.1	18.5	20.8	21.6	22.1	20.7	20.1	20.4	19.9	19	17.4	15.9		19.5	12
1976	13.9	15.4	19.2	19.6	20.9	20.2	19.4	19.6	19.4	18.8	16.2	14.8		18.1	12
1977	15.2		19	18.7	20.9	19.7	19.1	19.9	20.1	18.9	17.5	17.4		18.8	11
1978	15.4	16	17.6	20.4	20.8	20	19.4	19.6	19.1	18.1	18.1	17		18.5	12
1979	14.8	16	18.2		20.6	19.4	20.2	19.5	18.3	18.3	16.1	15.1		17.9	11
1980	16.9	16.6	19.8	19.2	22.1	20.1	19.8	19.8	19.4	18.2	16	14.9		18.6	12
1981	15.1	16.2	19.7	20.8	21.1	20.3		19.4	19.2	19		17.5		18.8	10
1982	17.8	18.6	19.7	21.8	22	20.5	19.6	19.3	19.4	18.3	17.1			19.5	11
1983	16.2	17.4	18.2	20.5	22.9	21	19.8	19.8		18.4		17.4		19.2	10
1988								27.5						27.5	1
MÍNIMA	13.9	15.4	17.4	18.7	20.6	19.4	19.1	19.3	18.3	18	16	14.8		17.7	1
MÁXIMA	19.2	19.6	22	22.9	22.9	22	21.2	27.5	20.8	20.6	20.8	19.6		27.5	12
MEDIA	16.7	17.4	19.5	21	21.7	20.7	20.2	20.5	20	19	17.7	17.1		19.6	10.6
DESV.ST	1.4	1.2	1.2	1.1	0.8	0.7	0.6	1.8	0.7	0.8	1.2	1.4		2	3.1
