COMISIÓN NACIONAL DEL AGUA
COORDINACIÓN GENERAL DEL SERVICIO METEOROLÓGICO NACIONAL
BASE DE DATOS CLIMATOLÓGICA NACIONAL 

ESTADÍSTICA MENSUAL
EMISIÓN   : 25/10/2024 

DATOS DISPONIBLES EN LA BASE DE DATOS A: OCTOBER DE 2024; 
CON LA INFORMACIÓN SUMINISTRADA POR LAS UNIDADES ADMINISTRATIVAS 

 ESTACIÓN  : 7331 
 NOMBRE    : VILLA LAS ROSAS 
 ESTADO    : CHIAPAS 
 MUNICIPIO : LAS ROSAS 
 SITUACIÓN : OPERANDO 
 CVE-OMM   :   
 LATITUD   : 16.36722222 ° 
 LONGITUD  : -92.36916667 ° 
 ALTITUD   : 1300 msnm 


LLUVIA MÁXIMA 24 H.
AÑO	ENE	FEB	MAR	ABR	MAY	JUN	JUL	AGO	SEP	OCT	NOV	DIC	ACUM	PROM	MESES
1980	0					0	0	0	0		8	0	8	1.1	7
1981	0	0	0	30.7	70	0	72	67.5	96	42	3	2	383.2	31.9	12
1982	0	20	9.2		0	16	25	30	89.5	45.4	33.9	0.5	269.5	24.5	11
1983	0	25	34	7.5	55	79.2	34.1	45.6		34.1		7	321.5	32.1	10
1984	0.7	3	0.1	0.4	102.9	96	101.2	83	91.8	7	3	0	489.1	40.8	12
1985	0.5	9.5	5.5	34.3	67.6	49.7	56.6	50.6	66	47	10	4	401.3	33.4	12
1986	2	14.5	2.5	16	60	34	14	40	44.7	0	0	0	227.7	19	12
1987	0	0	0	0	36	36	67.5	20	48	40.5	0.5	0	248.5	20.7	12
1988	4.5	0	0	0	50	100	36.5	52.5	29	35.5	25		333	30.3	11
1989	7.5	0	2.5	13.5	33	80	39	92	65.5	13	60	0	406	33.8	12
1990	7.5	0	0	32.2	25.5	60.5	100	90.5	50.8	72	0	0	439	36.6	12
1991	0	0	0	8	0	92	80	35	60	65	11	8	359	29.9	12
1992	0	0	4	6.2	45	58	40	32	101.7				286.9	31.9	9
1993	0	0	0	18						60	0	0	78	11.1	7
1994	0	0	0	0	41.6	40	19	40.2	16	0	0	0	156.8	13.1	12
1995	0	0	20.1	20	40	40.2	78.5	109	0	23.2	4.3	3	338.3	28.2	12
1996	3.1	0	3	20	40.1	44.3	100.1	100.4	115.5	27.5	0	0	454	37.8	12
1997	0	1	0	0	14.5	63.3	20.2	36.9	40.8	24.5	20.2	3.8	225.2	18.8	12
1998	0	4.8	6	3	17.4	69.7	0	39.5					140.4	17.6	8
1999	0	0	0	0	40.1	60	60.1	40.8	85.5	62.3	5	11.8	365.6	30.5	12
2000	0	0	16.5	7.6	71.7	100.1	33.9	45.7	17	31.5	17	0	341	28.4	12
2001	0	0	0	22.3	60.9	48.5	38	39	58	8	2	201	477.7	39.8	12
2002	0	9	3	27.7	40.5	35.3	62.3	18	31	48	8	4.8	287.6	24	12
2003	0	0	0	0	40.8	34	36.7	49.1	67.5	201.6	12.5	0	442.2	36.9	12
2004	0	0	3.7	2.5	34.9	26.5	73.3	20	50.6	401.1	4.5	2	619.1	51.6	12
2005	0	2	15.5	12	48.5	75.5	40.6	60	27.3	80	0	0	361.4	30.1	12
2006	1	0	12.6	5	80	57.5	30	60.5	115		2	0	363.6	33.1	11
2007	0	0	0	17.3	63.9	53.5	50.5	63.2	60.4	87.5	1	0	397.3	33.1	12
2008	0	2	2	14.2	56	200.1	55.5	67.5	46.3	95.2	0	0	538.8	44.9	12
2009	0	0	0	10	40	46.5	36.5	38.2	201.1	40	20	40	472.3	39.4	12
2010	0	0	7.6	0	15	100.6	201.8	70.6	40	11	0	0	446.6	37.2	12
2011	0	20	14.5	29.5	14.6	105.6	63.5	54	56.5	37.5	5	0	400.7	33.4	12
2012	0	28.5	16.2	9	38.6	77.7	12.5	59.3	60.1	34.5	0	0	336.4	28	12
2013	0	0	0	34.5	61	85	60	40	95.5	46.5	17.2	1.1	440.8	36.7	12
2014	0	0	32.5	5.8	72	64.5	22	61.3	160.6	40.1	2.9	0.2	461.9	38.5	12
2015	1	2	3.6	25.5	36.6	42.7	35	34.4	60.2	26.4	8.8	1.5	277.7	23.1	12
2016	2.6	0	7	39.2	34.5	67.2	38.6	69.6	113.7				372.4	41.4	9
2018	21		4.4	27	44.5	31.5	14.5	40.5	47.2	26			256.6	28.5	9
2019	6.5			21.5	105	25	20	24		101.5	2.4	3.5	309.4	34.4	9
2020	0	0	4.5	35.6	113.5	171.5	30.5	157.7	61.5	19.5	14.5	4	612.8	51.1	12
2021	3.8	4.7	0	42.03	74.02	39	40						203.55	29.1	7
MÍNIMA	0	0	0	0	0	0	0	0	0	0	0	0	8	1.1	7
MÁXIMA	21	28.5	34	42.03	113.5	200.1	201.8	157.7	201.1	401.1	60	201	619.1	51.6	12
MEDIA	1.5	3.8	5.9	15.3	48.3	62.7	48.5	53.3	65.8	55.3	8.6	8.5	350	30.9	11.1
DESV.ST	3.7	7.6	8.5	13	26.1	39.3	35.8	29	41.5	70.8	12.2	34.2	128.8	10	1.6

LLUVIA TOTAL MENSUAL
AÑO	ENE	FEB	MAR	ABR	MAY	JUN	JUL	AGO	SEP	OCT	NOV	DIC	ACUM	PROM	MESES
1980	0					0	0	0	0		31.2	0	31.2	4.5	7
1981	0	0	0	81.7	210.5	0	592.9	300.2	364.5	199.8	3	2	1754.6	146.2	12
1982	0	29.3	18.2		0	93	93	83	329.1	209.2	56.1	0.5	911.4	82.9	11
1983	0	67.5	47	7.5	99.8	266.4	96.1	202.1		122.81		7.2	916.41	91.6	10
1984	0.8	3	0.1	0.4	418.5	522.3	309.4	486.1	700.5	25.7	3	0	2469.8	205.8	12
1985	0.5	14.5	5.5	136.4	219.7	354.4	142.2	205.2	253.4	155.1	26.7	4.5	1518.1	126.5	12
1986	2	15	2.5	23.6	214.7	129.4	41.2	129.5	112.2	0	0	0	670.1	55.8	12
1987	0	0	0	0	196.7	173	192.9	64.5	260.6	45.5	0.5	0	933.7	77.8	12
1988	5.2	0	0	0	128.4	450.8	141.6	392.9	163.6	133.5	26		1442	131.1	11
1989	7.5	0	5.5	34	81.5	297	144	217.5	342.2	44.8	120.5	0	1294.5	107.9	12
1990	7.5	0	0	53.7	55	159.8	185.6	213.8	96.3	172.2	0	0	943.9	78.7	12
1991	0	0	0	8	0	378.5	80	98.3	209.2	310	12	8	1104	92	12
1992	0	0	9.5	115.2	150.2	294.8	118.5	113.6	275.7				1077.5	119.7	9
1993	0	0	0	18						116	0	0	134	19.1	7
1994	0	0	0	0	188	206	63.1	173	16	0	0	0	646.1	53.8	12
1995	0	0	59.1	96.9	130.1	189.1	281.8	550.4	0	133.7	4.3	3	1448.4	120.7	12
1996	3.1	0	3	94	115.6	371.2	297.41	253.2	298.3	126.6	0	0	1562.41	130.2	12
1997	0	1	0	0	52.4	200.9	97.6	121.3	283.4	138.9	29.8	8.3	933.6	77.8	12
1998	0	4.8	6	3	32.5	191.5	0	149.2					387	48.4	8
1999	0	0	0	0	98.1	393.1	199.3	182.5	460.6	233.1	9.9	23.1	1599.7	133.3	12
2000	0	0	35.2	11.1	297.3	333	64.4	352.7	445	82.1	18	0	1638.8	136.6	12
2001	0	0	0	44.4	185.8	90.5	154.7	200.7	399.1	41.2	2	204.5	1322.9	110.2	12
2002	0	15	3	81.2	142.9	285.5	148.3	68.5	277.9	118.7	15.7	9.5	1166.2	97.2	12
2003	0	0	0	0	184.7	170.6	103	131.7	388.5	299.5	24.5	0	1302.5	108.5	12
2004	0	0	3.7	3.52	150.82	110.3	160	87.6	289.7	671.4	4.5	2	1483.54	123.6	12
2005	0	2	22.5	31.5	217.3	426.6	319.9	324.7	213.6	211.2	0	0	1769.3	147.4	12
2006	1	0	14.1	6.03	226.21	201.2	91.3	174.1	395.4		2	0	1111.34	101	11
2007	0	0	0	23.5	208.2	110.7	146.7	221.5	252	321.3	1	0	1284.9	107.1	12
2008	0	2	2	25.22	233	566.1	218.8	254.4	234.4	190.7	0	0	1726.62	143.9	12
2009	0	0	0	42.2	141	197.2	96.5	136.3	334.9	109.1	64.5	92	1213.7	101.1	12
2010	0	0	22.3	0	52.7	271.4	446.9	406.8	275.3	13.3	0	0	1488.7	124.1	12
2011	0	38	21.5	39.5	17.1	346.4	336	302.1	358.9	142.4	5	0	1606.9	133.9	12
2012	0	58.2	16.2	14.5	200.6	158.6	20	273.8	285.1	82.1	0	0	1109.1	92.4	12
2013	0	0	0	70.5	223.9	453.4	266.4	191.8	421.6	278.2	44.9	1.1	1951.8	162.7	12
2014	0	0	32.5	8.3	297.29	470.7	28.6	170.2	683.8	249.2	8.2	0.2	1948.99	162.4	12
2015	1.2	2	7	99.8	106.6	130.6	108.9	138.3	297.2	129.2	24	2.8	1047.6	87.3	12
2016	3	0	18.3	80.1	112.3	313.9	114	185.6	286.2				1113.4	123.7	9
2018	32.8		7.9	90.6	200.22	302.7	24	143.3	134.3	113			1048.82	116.5	9
2019	6.5			21.5	339.5	142.8	42	128		354.9	3.6	5.6	1044.4	116	9
2020	0	0	6.3	76.3	228.96	652.5	139.8	364.5	218.5	105.8	32	9.9	1834.56	152.9	12
2021	3.85	4.7	0	42.03	275.45	185.75	76.9						588.68	84.1	7
MÍNIMA	0	0	0	0	0	0	0	0	0	0	0	0	31.2	4.5	7
MÁXIMA	32.8	67.5	59.1	136.4	418.5	652.5	592.9	550.4	700.5	671.4	120.5	204.5	2469.8	205.8	12
MEDIA	1.8	6.8	9.5	38.1	165	264.8	154.6	210.1	287.7	162.3	16.4	11	1233.7	108.2	11.1
DESV.ST	5.4	15.8	14	38.9	93.8	150.6	123.8	118.8	153.1	128.6	24.8	37.2	492.3	38.6	1.6

EVAPORACIÓN MENSUAL
AÑO	ENE	FEB	MAR	ABR	MAY	JUN	JUL	AGO	SEP	OCT	NOV	DIC	ACUM	PROM	MESES
1980											68.9	66	134.9	67.4	2
1981	98.1	93.6	130.4	166	160.4				128.7	133.4	78	92.8	1081.4	120.2	9
1982	101.2	97	148.3				119.2		115.1	114			694.8	115.8	6
1983	73	77.3	94.2	118.6	121.8	121.7	87.2	104.7				43.1	841.6	93.5	9
1984	50.38	76.68	83.69	93.03	91.7	98.62						74.73	568.83	81.3	7
1985	78.84	89.68	116.45		126.09		84.12						495.18	99	5
1986	60.68	88.6	117.4	119.26									385.94	96.5	4
1987									92.03	83.75	80.06	83.81	339.65	84.9	4
1988	13.2					77.48	94.89	90.52	63.37	86.02	76.48		501.96	71.7	7
1989	89.15	104.9	115.25	131.25	93.37	98.46	100.04	95.66	83.35	73.65	87.1	73.15	1145.33	95.4	12
1990	90.15	104.62	83.9	116.38	109.27	106.3	86.19	97.01	76.17	92.02	90.34	87.3	1139.65	95	12
1991	94.99	93.43	84.45	118.9			86.02	138	88.56	74.43	61.34	63.3	903.42	90.3	10
1992	58.84	87.15	126.65	115	117.27	83.26	106.94	84.7	73.99				853.8	94.9	9
1997				120.3		102.7	100.52	116.06	80.89	75.25	93.74	76.08	765.54	95.7	8
1998	88.67	112.9	155.54	121.48	135.93	151.4		100.76					866.68	123.8	7
1999	86.05	115.64	168.51	93.07						86.31			549.58	109.9	5
2000		120.59											120.59	120.6	1
2001					104.07	105.33	92.22						301.62	100.5	3
2004												88.08	88.08	88.1	1
2005	118.01	100.72	146.3	119.65									484.68	121.2	4
2006												73.95	73.95	74	1
2007	78.54	79.43	133.59	131.06									422.62	105.7	4
2011		39.78	99.27	98.59	147.2	72.51	51.94	59.04	66.46	30.54	69.6	71.45	806.38	73.3	11
2012	65.33	58.94	59.4	48.16	79.7	94.05	68.59	68.55	49.99	86.72	64.65	55.59	799.67	66.6	12
2013	81.31	74.5	94.45	105.54	104.09	38.65	69.9	75.67	25.75	47.7	48.25	56.74	822.55	68.5	12
2014	70.56	60.94	103.94	148.32	56.73	49.47	92.88	87.75					670.59	83.8	8
2016									55.27				55.27	55.3	1
MÍNIMA	13.2	39.78	59.4	48.16	56.73	38.65	51.94	59.04	25.75	30.54	48.25	43.1	55.27	55.3	1
MÁXIMA	118.01	120.59	168.51	166	160.4	151.4	119.2	138	128.7	133.4	93.74	92.8	1145.33	123.8	12
MEDIA	77.6	88.2	114.5	115.6	111.4	92.3	88.6	93.2	76.9	82	74.4	71.9	589.4	92.3	6.4
DESV.ST	23.2	20.7	29.2	25.2	28.1	29.3	17	21.2	26.9	26.7	13.6	14	329.9	18.8	3.7

TEMPERATURA MÁXIMA PROMEDIO
AÑO	ENE	FEB	MAR	ABR	MAY	JUN	JUL	AGO	SEP	OCT	NOV	DIC	ACUM	PROM	MESES
1980						26.7	26.1	26.4	24.5		22.2	24.3		25	6
1981	25.2	28.1	29.1	30.1	30.6	25.6	24.7	24.9	23.6	24.6	24	25.9		26.4	12
1982	27.9	27.9	30.8		25.4	23.6	25.2	27.9	26.9	23.8	21.3	21.8		25.7	11
1983	21.7	24.4	27.1	27.6	27.9	25.1	24.3	23		21		24.2		24.6	10
1984	22.4	27.4	27.9	30.3	26.2	23.2	23.5	22.3	23.6	26	25	23.8		25.1	12
1985	25.5	25	27.1	29	28.9	25.8	23.3	24	25.6	26	25.5	26.3		26	12
1986	24.9	27.1	25.7	27.3	26.3	25.9	26.4	25.4	26.4	25.7	26.4	24.7		26	12
1987	26.6	26.8	27.4	27.7	27.2	27	26.8	27.2	27.2	27.1	27.1	26.1		27	12
1988	26.2	27.2	27.3	27.2	26.8	26.9	27.3	27.4	25.5	25.5	26.2			26.7	11
1989	24.9	24.4	24.7	26.8	26.3	26	25.9	26.3	27	26.3	25.9	25.2		25.8	12
1990	25.4	24.2	27.1	27.1	26.4	26.1	25.7	26.3	26.6	26.4	26.7	27		26.2	12
1991	26.5	27.4	27.3	27.7		26.2	27	26.4	26.4	25.4	23.9	24.2		26.2	11
1992	23.6	26.4	27.9	29.8	28.8	27.9	27.5	26.8	26.1					27.2	9
1993	26	26.6	28.3	29						28.3	25.2	25.3		27	7
1994	25.9	26.8	30.7	30.5	29.9	27.2	29.1	26.3	25.4	25.8	25.8	25.3		27.4	12
1995	27.3	28.4	29	31	29.9	28	27.4	26.7	25.2	26.7	26.8	28.2		27.9	12
1996	27.5	28.6	30	30.6	28.5	27.1	26.3	27.2	26.7	26.2	26.7	27.2		27.7	12
1997	26.4	28.2	30.7	31.2	31.3	30.2	31	30.3	29.2	28.9	28.4	28.1		29.5	12
1998	30.5	31.3	31.2	32	33	31.5		30.3						31.4	7
1999	29.1	30.1	30	29.9		28.7	27.4	29.2	28.1	26.2	23.6	22.9		27.7	11
2000	27.1	30.4	31.5	32.5	30.1	27.6	30	26.9	26.7	27.2	28	25.2		28.6	12
2001	24.1	26.4	28.9	30.3	29	30.3	28.7	27.8	26.1	25.8	24.7	26.2		27.4	12
2002	28.5	28.2	31.2	29.6	30.2	27.8	28.9	28.7	26.3	25.5	23.2	27.3		28	12
2003	23	28.7	29.9	29.3	29.3	24.8	26.4	27.4	25.8	26	27.2	25.7		27	12
2004	28.2	28.2	27.1	31	27.9	28.7	29.4	28.9	26	28.5	26.5	28.2		28.2	12
2005	27.5	31.1	29.9	30.7	29.8	28.9	27.9	28.8	28.1	25.7	27	27.9		28.6	12
2006	28	30.6	30.9	30.4	30.5	28.6	28.4	29.9	29.5		24.9	28.6		29.1	11
2007	28.4	29.8	29.8	29.9	29.9	29.8	29.9	30.1	29.7	28.3	27.7	28.6		29.3	12
2008	28.5	30	30.1	29.8	29.6	29.6	28.8	28.2	28.3	25.9	26.3	26.9		28.5	12
2009	26.5	27.4	28.3	29.7	29.5	29.4	29.8	29.7	29.2	28.3	23.5	26.1		28.1	12
2010	25.6	28.1	30	28.5	30.3	29.1	28.1	28	27.9	27.8	27.5	26.6		28.1	12
2011	29.4	29.4	30	29.8	29.9	28.2	26.7	26.7	25.5	23.4	26.8	28		27.8	12
2012	24.2	26.1	28.4	28.3	29.2	28.8	28.5	28.6	28.2	27.6	27.6	27.2		27.7	12
2013	28	28	29.2	30	29.4	27.9	26.4	25.8	24.3	25.6	25.4	27		27.2	12
2014	25.9	27.9	28.3	29.1	28.3	27.1	28.1	28.5	24.5	23.5	27.2	29.1		27.3	12
2015	28.8	29.8	31	32.7	31.3	29.9	30.6	30.1	27.5	27.1	29	30.3		29.8	12
2016	29.7	30.2	31.8	33.2	32.2	28.1	30.3	29	28.1					30.3	9
2018	23.5	27.9	28.3	26.3	24.6	23	26.5	26	26	26.6	25.3	25.3		25.8	12
2019	25.2	29.7	30.3	29.4	30.2	27.5	27.3	27.2		28	29.4	31.2		28.7	11
2020	32.7	33.3	33.1	34.7	32.2	28.1	30.1	29.7	28.6	26.1	27.2	29.5		30.4	12
2021	30.3	30.8	30.9	32.1	29.5	28	27.7							29.9	7
MÍNIMA	21.7	24.2	24.7	26.3	24.6	23	23.3	22.3	23.6	21	21.3	21.8		24.6	6
MÁXIMA	32.7	33.3	33.1	34.7	33	31.5	31	30.3	29.7	28.9	29.4	31.2		31.4	12
MEDIA	26.7	28.2	29.2	29.8	29.1	27.5	27.5	27.4	26.7	26.2	26	26.5		27.6	11.1
DESV.ST	2.4	2	1.8	1.9	1.9	1.9	1.9	1.9	1.6	1.6	1.8	2		1.6	1.7

TEMPERATURA MÁXIMA EXTREMA
AÑO	ENE	FEB	MAR	ABR	MAY	JUN	JUL	AGO	SEP	OCT	NOV	DIC	ACUM	PROM	MESES
1980						32	30	33	29		29	33		31	6
1981	29	33	34	34.5	35	30	31	38	29	28	29	30		31.7	12
1982	30.5	31	34		32	27	30	32	31	29	29	28		30.3	11
1983	28	32	33	33	32	30	32	26.5		25		27		29.9	10
1984	27	31.5	32	36	35	30	31	30	28	30	29	28.5		30.7	12
1985	29	30	33	33	33.5	30	27	29	32.5	29	29.5	29.5		30.4	12
1986	29.5	29	29	30	29	29.5	29	29	29	29	29.5	29		29.2	12
1987	29.5	29.5	29.5	29.5	29.5	29.5	29	29	29	29	29	29		29.2	12
1988	29	29	29	29	29	29	29	29	29	29	29			29	11
1989	29	28.5	29	29.5	29.5	29	29	29	29	29	29	29		29	12
1990	29	28	29	32	29.5	31.5	29.5	29.5	29.5	29.5	29.5	29.8		29.7	12
1991	30	29.5	29.5	30		29	29.5	29	29	29	29	29		29.3	11
1992	28	30.5	31	33	32	31.5	30	30.5	29					30.6	9
1993	29.5	30	30	32						33	30	28		30.4	7
1994	32	31	33	34	32	30	39	31	29	30	29	29		31.6	12
1995	31	33	33	34	33	32	31	28.5	27	30	33	32		31.5	12
1996	30	33	33	34	32	31	29	32	29.5	30	31	30		31.2	12
1997	30	32	33	33	35	32.5	35	34	31.5	35	34	33		33.2	12
1998	34	39	35	37	37	36		33						35.9	7
1999	32	33	34	32		36	32	33	32	31	30	30		32.3	11
2000	32	35	38	38	34	30	33	32	32	32	31	30		33.1	12
2001	31	32	36	36	33	38	32	32	30	36	31	31		33.2	12
2002	36	36	39	36	36	36	31	31	31	30	28	32		33.5	12
2003	30	36	36	38	35	31	33	34	31	30	31	32		33.1	12
2004	36	39	36	39	32	32	32	36	31	36	32	36		34.8	12
2005	36	38	33	36	33	32	32	32	31	31	31	36		33.4	12
2006	36	38	36	37	36	32	36	33	32		36	36		35.3	11
2007	39	32	33	32	32	32	32	33	32	31	30	31		32.4	12
2008	32	32	33	32	32	32	31	31	31	32	30	30		31.5	12
2009	30	31	31	32	32	32	32	32	33	31	29	30		31.2	12
2010	30	31	32	32	32	31	32	31	30	31	31	32		31.2	12
2011	39	33	32	32	32	31	29	30	30	29	31	31		31.6	12
2012	29	30	31	31	31	31	31	31	30	29	29	29		30.2	12
2013	31	30	36	33	32	30	32	30	26	29	30	32		30.9	12
2014	31	31	32	32	31	29	31	31	30	30	35	36		31.6	12
2015	37	35	35	35	34	33	35	35	30	34	36	38		34.8	12
2016	37	37	36	36	36	32	33	32	31					34.4	9
2018	31	31	31	28	30	26	31	29	29	30	28	31		29.6	12
2019	30	34	35	33	39	30	30	30		34	37	37		33.5	11
2020	37	38	37	38	39	33	33	32	32	30	36	36		35.1	12
2021	36	35	35	39	35	34	31							35	7
MÍNIMA	27	28	29	28	29	26	27	26.5	26	25	28	27		29	6
MÁXIMA	39	39	39	39	39	38	39	38	33	36	37	38		35.9	12
MEDIA	31.8	32.7	33.1	33.6	33	31.3	31.4	31.3	30.1	30.6	30.8	31.4		31.8	11.1
DESV.ST	3.3	3.1	2.6	2.9	2.6	2.4	2.2	2.3	1.5	2.3	2.5	2.9		2	1.7

TEMPERATURA MÍNIMA PROMEDIO
AÑO	ENE	FEB	MAR	ABR	MAY	JUN	JUL	AGO	SEP	OCT	NOV	DIC	ACUM	PROM	MESES
1980						16.4	16.1	15.5	16.3		12	10.4		14.4	6
1981	10.1	11.5	13.7	15.5	16.6	16.9	15.9	16	15.3	15.2	11.5	11.5		14.1	12
1982	12.3	12.9	13.6		17.2	16.7	15.6	16.5	15.2	14.7	12.8	10.7		14.4	11
1983	10.2	11.6	12	14	15.8	16.3	15.8	14.9		13		11.2		13.5	10
1984	9.6	11.3	11.5	13.3	15	15.2	13.8	15	15.4	14.4	10.8	11.1		13	12
1985	9.6	10.7	13.5	14.4	15	15	14.3	14	15.2	14.4	13.3	13.6		13.6	12
1986	12.2	15.9	11.2	13.7	15.3	15.8	15.5	14.8	15.1	15.1	15	13.3		14.4	12
1987	14.1	12.9	11.2	12.5	10.2	10.5	14.2	13.3	13.5	11.8	11.4	12.6		12.3	12
1988	10.8	12.1	12.1	12.6	12.8	12.6	13.4	12.4	13.2	11.8	11.9			12.3	11
1989	10	9.5	8.8	11.2	12	11.8	12.5	10.7	11.9	11.8	11.2	10.5		11	12
1990	9.9	10.1	9.8	11.3	12.4	12.7	12.1	11.6	10.8	10.5	10.2	11.9		11.1	12
1991	11.9	12.4	11.9	14.5		13.8	13.2	13.4	13.7	13.5	12.6	12.7		13.1	11
1992	11.9	11.7	13.4	15.1	14.5	16	15.3	15.5	15.2					14.3	9
1993	13.2	13.1	14.3	15.2						15.5	12.9	12.2		13.8	7
1994	12.4	13.4	14	16.2	17.6	16.8	16.6	16.6	16.3	15.5	14.6	13.1		15.3	12
1995	12.3	13.1	12.9	16.6	16.6	16.6	16	15.8	16.5	15.5	14.2	13.8		15	12
1996	11.6	11.6	13.4	16.9	16.6	16	15.9	15.7	16.2	15.5	14.4	12.7		14.7	12
1997	12.7	13.6	16.1	16	16.2	16.7	17	16.4	16.2	15.4	15.3	12.3		15.3	12
1998	12.6	11.2	12.5	14.5	15.7	16.7		16.5						14.2	7
1999	11.3	12.9	14.1	16.9		14.2	14.5	14.5	15.4	14	13.3	12.8		14	11
2000	13.6	14.3	15.4	14.6	15.6	15	15.8	15.2	14.9	14.9	13.6	10		14.4	12
2001	9.8	12.5	13.5	16.7	17.1	17.2	17.1	17.2	16.3	16.5	14.6	14.1		15.2	12
2002	13.8	13.5	16.3	16	17.2	16.6	17.5	17.4	17.2	17	13.9	14.6		15.9	12
2003	13.6	15.8	16.3	15.9	18	17.7	17	17	16.8	16.5	16.1	13.2		16.2	12
2004	16.9	15.8	15.7	16.7	17.5	17.8	17.5	17.5	16.1	17	14.6	14.1		16.4	12
2005	15.5	17.2	16.5	17.3	16.7	17	16.9	16.8	16.3	15.1	14.8	16.1		16.4	12
2006	16.7	17.4	17.1	18.2	16.5	16.2	16.9	17.1	17.3		14.2	11		16.2	11
2007	12.2	10.2	11.8	14.6	13.8	12.4	13.4	13.1	13	10.2	10.7	10.2		12.1	12
2008	10	11.3	12.8	13.9	14	12.2	12.3	11.8	11.4	10.4	8.2	10.6		11.6	12
2009	10.3	11	11.6	13.9	13.1	14	13.2	13.4	13.5	11.5	10.9	10.2		12.2	12
2010	8.5	10.9	13.7	10.9	13.9	12.7	12.5	11.6	11.7	11.1	9.6	7		11.2	12
2011	7.2	10.6	12.7	14.9	15.4	14	13.5	13.5	14.3	12.9	12.2	10.4		12.6	12
2012	11.8	12.2	12.7	13	12.8	12.3	12.1	12.4	11.8	11.9	11.4	11.9		12.2	12
2013	9.6	11.6	12	13.8	14.2	13.4	14.3	15.5	15.9	14.3	11.9	11.2		13.1	12
2014	8.6	11.3	12.7	13.9	12.4	11.6	13.6	13.3	13.7	14.8	12.3	11		12.4	12
2015	11.8	11.2	14.1	16.4	16.5	16.5	16.3	16.1	16.3	15.6	15.4	14.5		15.1	12
2016	12.5	13.8	15.3	16.7	17.6	16.5	16.7	16.1	15.9					15.7	9
2018	10.3	13.5	13.9	14.7	13.8	14.9	16.3	15.1	15.1	14.8	12.9	11.6		13.9	12
2019	12.7	16.7	17	17.3	18.8	18.1	17.3	17.2		16.2	14.4	12.9		16.2	11
2020	14	14.4	15.1	17.2	17.7	16.5	16.5	16.4	16.1	15.5	15.2	13.8		15.7	12
2021	13.8	14.1	14.5	16.5	16	16.3	16.5							15.4	7
MÍNIMA	7.2	9.5	8.8	10.9	10.2	10.5	12.1	10.7	10.8	10.2	8.2	7		11	6
MÁXIMA	16.9	17.4	17.1	18.2	18.8	18.1	17.5	17.5	17.3	17	16.1	16.1		16.4	12
MEDIA	11.8	12.8	13.5	15	15.4	15.1	15.2	14.9	14.9	14.1	12.9	12.1		14	11.1
DESV.ST	2.1	2	1.9	1.8	2	2	1.7	1.9	1.8	2	1.9	1.7		1.6	1.7

TEMPERATURA MÍNIMA EXTREMA
AÑO	ENE	FEB	MAR	ABR	MAY	JUN	JUL	AGO	SEP	OCT	NOV	DIC	ACUM	PROM	MESES
1980						11	15	14	15		10	4		11.5	6
1981	5	9	10	11	13	15	14	14	9	11.5	9	7		10.6	12
1982	10.5	10	10		16	10	13	11	10	11	10	6		10.7	11
1983	5	7	6	7	10	12	12	13		10		8		9	10
1984	5	8	6	8	11	11	8	12	13	10	4	5		8.4	12
1985	5	7	8	10.5	11	10	12	10	8.5	10.5	10	9		9.3	12
1986	6.5	10	5	9	10	10	10	10	9	9	8.5	9		8.8	12
1987	9	9	6	6.5	5.5	7	8	8	7	8	8	8		7.5	12
1988	6	9	9	8	8	8	10	8	9	8	8			8.3	11
1989	0	2	4	4	8	8	9	3.5	8	7	7	1		5.1	12
1990	8	4	4	8	8	9	7	8	8	7	6	8		7.1	12
1991	9	9	8	9		9	10	9	11	10	6	9		9	11
1992	9	7	10.5	10	11	11.5	11	11	11					10.2	9
1993	6	8	11	10						13	1	9		8.3	7
1994	8	10	9	12	15	15	13	15	11	12	12	9		11.8	12
1995	1.5	10	8	14	15	15	14	13	13	13	10	10		11.4	12
1996	5	5	9	15	13	14	14	14	14	12	10	10		11.2	12
1997	10	11	13	13	12	15	15	14	13.8	12	13	7		12.4	12
1998	8	5	8	11	13	11		14.5						10.1	7
1999	7	7	10	14		10	10	10	13	9	7	6		9.4	11
2000	8	9	10	10	12	10	10	11	10	11	4	3		9	12
2001	7	8	8	13	12	14	15	14	14	13	10	9		11.4	12
2002	5	8	8	12	14	10	15	16	14	13	7	10		11	12
2003	10	10	11	7	16	14	14	14	14	13	10	6		11.6	12
2004	9	6	10	11	14	16	14	14	12	14	10	5		11.2	12
2005	9	10	13	13	10	14	12	15	12	10	8	10		11.3	12
2006	10	10	11	11	10	10	10	10	10		4	5		9.2	11
2007	6	4	1.1	10	10	10	10	10	10	3	4	8		7.2	12
2008	6	8	7	9	12	10	9	9	4	5	4	5		7.3	12
2009	5	6	7	10	10	11	10	10	10	4	8	3		7.8	12
2010	2	8	10	5	10	10	10	9	9	8	4	1		7.2	12
2011	3	5	9	12	11	10	11	11	10	10	8	6		8.8	12
2012	9	10	10	8	10	10	10	10	9	10	9	9		9.5	12
2013	3	9	5	11	11	10	6	13	14	2.3	7	8		8.3	12
2014	5	8	10	9	4	5	11	11	10	10	9	9		8.4	12
2015	6	8	11	13	14	13	13	12	15	11	10	12		11.5	12
2016	7	9	8	13	14	15	15	15	13					12.1	9
2018	5	10	10	10	9	11	13	10	9	8	9	6		9.2	12
2019	9	11	10	11	14	15	10	13		15	12	9		11.7	11
2020	9	10	11	12	15	15	14	13	15	11	13	9		12.2	12
2021	10	11	10	13	11	15	14							12	7
MÍNIMA	0	2	1.1	4	4	5	6	3.5	4	2.3	1	1		5.1	6
MÁXIMA	10.5	11	13	15	16	16	15	16	15	15	13	12		12.4	12
MEDIA	6.7	8.1	8.6	10.3	11.4	11.5	11.6	11.6	11	9.8	8	7.2		9.7	11.1
DESV.ST	2.6	2.2	2.5	2.5	2.7	2.7	2.4	2.6	2.6	3	2.8	2.6		1.8	1.7

TEMPERATURA MEDIA MENSUAL
AÑO	ENE	FEB	MAR	ABR	MAY	JUN	JUL	AGO	SEP	OCT	NOV	DIC	ACUM	PROM	MESES
1980						21.5	21.1	21	20.4		17.1	17.4		19.8	6
1981	17.6	19.8	21.4	22.8	23.6	21.2	20.3	20.4	19.5	19.9	17.8	18.7		20.2	12
1982	20.1	20.4	22.2		21.3	20.1	20.4	22.2	21	19.2	17	16.2		20	11
1983	15.9	18	19.6	20.8	21.9	20.7	20	19		17		17.7		19.1	10
1984	16	19.4	19.7	21.8	20.6	19.2	18.6	18.6	19.5	20.2	17.9	17.4		19.1	12
1985	17.6	17.9	20.3	21.7	22	20.4	18.8	19	20.4	20.2	19.4	20		19.8	12
1986	18.5	21.5	18.4	20.5	20.8	20.9	21	20.1	20.8	20.4	20.7	19		20.2	12
1987	20.4	19.9	19.3	20.1	18.7	18.8	20.5	20.2	20.4	19.5	19.2	19.4		19.7	12
1988	18.5	19.6	19.7	19.9	19.8	19.8	20.4	19.9	19.4	18.6	19			19.5	11
1989	17.4	17	16.8	19	19.1	18.9	19.2	18.5	19.4	19	18.5	17.9		18.4	12
1990	17.6	17.1	18.5	19.2	19.4	19.4	18.9	19	18.7	18.4	18.4	19.4		18.7	12
1991	19.2	19.9	19.6	21.1		20	20.1	19.9	20	19.4	18.2	18.4		19.6	11
1992	17.8	19	20.6	22.4	21.6	22	21.4	21.1	20.6					20.7	9
1993	19.6	19.9	21.3	22.1						21.9	19	18.8		20.4	7
1994	19.1	20.1	22.4	23.4	23.8	22	22.9	21.5	20.9	20.6	20.2	19.2		21.3	12
1995	19.8	20.8	21	23.8	23.2	22.3	21.7	21.2	20.9	21.1	20.5	21		21.4	12
1996	19.6	20.1	21.7	23.8	22.6	21.6	21.1	21.4	21.4	20.9	20.6	20		21.2	12
1997	19.5	20.9	23.4	23.6	23.8	23.4	24	23.4	22.7	22.1	21.9	20.2		22.4	12
1998	21.6	21.2	21.9	23.2	24.4	24.1		23.4						22.8	7
1999	20.2	21.5	22	23.4		21.4	21	21.9	21.8	20.1	18.5	17.9		20.9	11
2000	20.4	22.4	23.4	23.6	22.9	21.3	22.9	21	20.8	21	20.8	17.6		21.5	12
2001	17	19.4	21.2	23.5	23	23.8	22.9	22.5	21.2	21.1	19.6	20.1		21.3	12
2002	21.1	20.9	23.8	22.8	23.7	22.2	23.2	23	21.8	21.2	18.6	21		21.9	12
2003	18.3	22.2	23.1	22.6	23.6	21.2	21.7	22.2	21.3	21.2	21.6	19.4		21.5	12
2004	22.5	22	21.4	23.9	22.7	23.2	23.4	23.2	21	22.8	20.6	21.1		22.3	12
2005	21.5	24.1	23.2	24	23.2	23	22.4	22.8	22.2	20.4	20.9	22		22.5	12
2006	22.4	24	24	24.3	23.5	22.4	22.6	23.5	23.4		19.5	19.8		22.7	11
2007	20.3	20	20.8	22.2	21.9	21.1	21.6	21.6	21.4	19.2	19.2	19.4		20.7	12
2008	19.2	20.6	21.5	21.9	21.8	20.9	20.6	20	19.9	18.1	17.2	18.8		20	12
2009	18.4	19.2	20	21.8	21.3	21.7	21.5	21.6	21.4	19.9	17.2	18.1		20.2	12
2010	17	19.5	21.9	19.7	22.1	20.9	20.3	19.8	19.8	19.4	18.6	16.8		19.6	12
2011	18.3	20	21.4	22.4	22.6	21.1	20.1	20.1	19.9	18.1	19.5	19.2		20.2	12
2012	18	19.1	20.5	20.6	21	20.6	20.3	20.5	20	19.8	19.5	19.6		20	12
2013	18.8	19.8	20.6	21.9	21.8	20.6	20.4	20.6	20.1	20	18.6	19.1		20.2	12
2014	17.2	19.6	20.5	21.5	20.4	19.4	20.9	20.9	19.1	19.1	19.8	20		19.9	12
2015	20.3	20.5	22.6	24.6	23.9	23.2	23.5	23.1	21.9	21.4	22.2	22.4		22.5	12
2016	21.1	22	23.6	25	24.9	22.3	23.5	22.6	22					23	9
2018	16.9	20.7	21.1	20.5	19.2	19	21.4	20.6	20.6	20.7	19.1	18.4		19.9	12
2019	19	23.2	23.6	23.4	24.5	22.8	22.3	22.2		22.1	21.9	22		22.5	11
2020	23.4	23.8	24.1	26	25	22.3	23.3	23	22.4	20.8	21.2	21.6		23.1	12
2021	22	22.4	22.7	24.3	22.8	22.1	22.1							22.6	7
MÍNIMA	15.9	17	16.8	19	18.7	18.8	18.6	18.5	18.7	17	17	16.2		18.4	6
MÁXIMA	23.4	24.1	24.1	26	25	24.1	24	23.5	23.4	22.8	22.2	22.4		23.1	12
MEDIA	19.2	20.5	21.4	22.4	22.2	21.3	21.3	21.2	20.8	20.1	19.4	19.3		20.8	11.1
DESV.ST	1.8	1.7	1.7	1.7	1.7	1.4	1.4	1.5	1.1	1.3	1.4	1.5		1.3	1.7
