COMISIÓN NACIONAL DEL AGUA
COORDINACIÓN GENERAL DEL SERVICIO METEOROLÓGICO NACIONAL
BASE DE DATOS CLIMATOLÓGICA NACIONAL 

ESTADÍSTICA MENSUAL
EMISIÓN   : 25/10/2024 

DATOS DISPONIBLES EN LA BASE DE DATOS A: OCTOBER DE 2024; 
CON LA INFORMACIÓN SUMINISTRADA POR LAS UNIDADES ADMINISTRATIVAS 

 ESTACIÓN  : 7172 
 NOMBRE    : UNION JUAREZ 
 ESTADO    : CHIAPAS 
 MUNICIPIO : UNIÓN JUÁREZ 
 SITUACIÓN : OPERANDO 
 CVE-OMM   :   
 LATITUD   : 15.0625 ° 
 LONGITUD  : -92.08055556 ° 
 ALTITUD   : 1300 msnm 


LLUVIA MÁXIMA 24 H.
AÑO	ENE	FEB	MAR	ABR	MAY	JUN	JUL	AGO	SEP	OCT	NOV	DIC	ACUM	PROM	MESES
1951	10	12	62	13	80	72	40	80	128	133	62	7	699	58.2	12
1952	0	43	46	137	88	186	61	125	152	74	75	0	987	82.2	12
1953	0	0	10	25	210	160.5	51	120.5	75.5	160.3	5	62	879.8	73.3	12
1954	0	76	100	200	40.3	96	68.7	190	80.8	65.5	8.5	0.3	926.1	77.2	12
1955	8.8	0	5.1	56.1	86	51	73	54.5	93.6	83.6	69.5	22.5	603.7	50.3	12
1956	0.7	41.3	20.6	11	42.8	108	88.6	30.5	108	47.5	20	28	547	45.6	12
1957	0	24.5	24.5	71.2	73.5	92.7	45	40.9	120	57	10.4	23	582.7	48.6	12
1958	17	11	36.5	41.6	88.8	82.5	95.3	58.7	75.3	93.2	36	50.5	686.4	57.2	12
1959	40	1	65.2	60	60.4	50	58	34	30	65	9.5	8	481.1	40.1	12
1960	20	3	32.4	52.6	30.3	30.6	30	30.5	50	30	36	12.4	357.8	29.8	12
1961	20.5	20.5	22.4	60	15.3	50	50.5	50.6	80	30.8	50.8	45	496.4	41.4	12
1962	2	20	42	43	79	65.3	55	72	49.2	36.1	34.1	2.8	500.5	41.7	12
1963	5	85.5	35.5	63.2	14	82	55.5	85.8	104				530.5	58.9	9
1965									80.1	90.5	70.8	0	241.4	60.3	4
1966	0	0	20.8		100	109	67	49.9	74	154	52.5	44	671.2	61	11
1967	3	6	60.3	96	42				108				315.3	52.5	6
1968	13	13	10	48	200	67	344	65	50.5	90	82	14	996.5	83	12
1969	130	35	42	27	63	90	95	147	140	72	21.3	25	887.3	73.9	12
1970	29	37	7	5.5	51.6	128.5	67.6	166.5	140	59.5	43	0.3	735.5	61.3	12
1971	24.5	35.5	3.7	94	87	53	68.6	78	89.2	50.6	51	7.3	642.4	53.5	12
1972	4	54.5	15.2	43	134	76.2	80	58	56.5	86.6	41	1.3	650.3	54.2	12
1973	8	0.1	11.5	56.7	88.8	78.8	45.2	133	126	51.6	104	21.8	725.5	60.5	12
1974	62.7	16.8	36	32.4	79.1	106	84.4	72.8	174.4	23.9	104	0	792.5	66	12
1975	17.3	4.6	14.4	8.1	51.5	180	40	35.4	100	81	114	36.5	682.8	56.9	12
1976	8.4	12.2	5.4	30.8	63.9	71.4	66.4	51.3	48.4	33.3	50.5	1	443	36.9	12
1977	4.7	13.3	11.8	51	61.2	56.5	37.2	65.8	66.5	45.4	54.8	37.6	505.8	42.1	12
1978	17.6	51.5	48.8	59	92.8	55	31.4	63.5	160	112.8	20	32.4	744.8	62.1	12
1979	40	0.2	22.1		66.2	67	69	98.5	138	137.5	8.2	3.8	650.5	59.1	11
1980	22.7	10	23.1	50	50.6	75	49.5	62.5	101.6	72.7	35.8	16.4	569.9	47.5	12
1981	4	6.5	80.5	22.4	76.3	205	97.4	176	56.4	41.5	26.4	36.5	828.9	69.1	12
1982	2.6	41	10.3	37.5	78	90.4	64	40.5	125	73	31.7	0.5	594.5	49.5	12
1983	0	41.5	62	39	27	102	63.5	53	119	43.5	34	43	627.5	52.3	12
1984	24	23.5	54	2.5	63	80	64	116	129	44	91	1.5	692.5	57.7	12
1985	20	17	27	106	52	81	53	107	111	70	65.5		709.5	64.5	11
1986	1	11.5	4.2	40	104	44	62	75	62	63		37.6	504.3	45.8	11
1987	0	0	20	40.5	66	130	116.5	75	57			15	520	52	10
1988	41	10.5	53	34	70.5	192	95.5	114	120	56	29.5	6.5	822.5	68.5	12
1989	11.6	1.5	6.5	33	108	72.5	79	144	80	92	51	64	743.1	61.9	12
1990	2.5	13.8	66.5	75	60	44	61	68	146	87	21	30.5	675.3	56.3	12
1991	43.5	5	36	65	40	117.5	45	45	96	149	58	4	704	58.7	12
1992	2	14.8	84.4	75	86	84	41	88	108	41	48	9	681.2	56.8	12
1993	20	1	51	60	68	70.5	34	64	59	85	12	0	524.5	43.7	12
1994	0	22	2	70	36	64	38	100	97	101	66	61	657	54.8	12
1995	1.5	63	26.5	58.5	70	107.5	81	180	52	109	14.5	95	858.5	71.5	12
1996	24	19.5	33	58.5	128	100	99	66	97	106	45	8.5	784.5	65.4	12
1997	18	24.5	65	54	65								226.5	45.3	5
1998			4.5	13.5	70	117	63.5	104	256	51	90	8	777.5	77.8	10
1999	42	30	15.5	50	58	102	59	67	109	81	51	11	675.5	56.3	12
2000	0	5.5	16.5	50	91	102	78	104	103	48	88	34	720	60	12
2001	7	34.5	16	37	90	73	65	68	60	72	31	18	571.5	47.6	12
2002	9	0.5	7	30	37	78	60	68	91	106	72	7	565.5	47.1	12
2003	0	5	46	104	50	102	68	147	82	107	28	4.5	743.5	62	12
2004	9	31	21	70	75	68	61	47	90.5	94	13	5	584.5	48.7	12
2005	1.5	0	80	13	76	81	81	63	134	350	52	4	935.5	78	12
2006	21	32	15	30	70.5	150	118	82	103	78	34	41	774.5	64.5	12
2007	6	4.5	1.5	62	49	97	70	135	63	186	13.5	2	689.5	57.5	12
2008	6	44	120	22	30	104	114	71	86	67	64.5	12	740.5	61.7	12
2009	3.5	1	10	15	51	91.5	94	45	88	80	24	50	553	46.1	12
2010	59	54	32.5	75	110	113	123	110	121	35	24	9.5	866	72.2	12
2011	12	11	65	54	22	145	81	135	124	105	17	26	797	66.4	12
2012	9	77	35	37	81	109	25	140	40	93	28	34	708	59	12
2013	26	3.5	65	60	80	71	89	55	110	86	54	26	725.5	60.5	12
2014	7.5	18	31	58	59	140	32	76	148	86	53	2	710.5	59.2	12
2015	3	110	18	115	61	75	29	82	92	87	17	102	791	65.9	12
2016	17												17	17	1
2020											45.6	27.6	73.2	36.6	2
2021	31.2	3.8	76.3	41.6	55.2	33.5	30.1	37.1	46	47.8	19.1		421.7	38.3	11
2022							33.8	45.9	33.1				112.8	37.6	3
2023									29.1	31.3			60.4	30.2	2
MÍNIMA	0	0	1.5	2.5	14	30.6	25	30.5	29.1	23.9	5	0	17	17	1
MÁXIMA	130	110	120	200	210	205	344	190	256	350	114	102	996.5	83	12
MEDIA	15.5	22.4	34.2	52.3	71.2	93.2	69.6	84.3	95.8	82.1	44	22	627.6	55.9	10.9
DESV.ST	20.7	23.8	26.7	33.2	34.6	37.9	42.4	40.1	39.6	48.7	26.6	22.8	211.4	12.9	2.7

LLUVIA TOTAL MENSUAL
AÑO	ENE	FEB	MAR	ABR	MAY	JUN	JUL	AGO	SEP	OCT	NOV	DIC	ACUM	PROM	MESES
1951	10	12.2	111.02	45.03	266.06	596.03	324.07	343.01	826	591	62	7	3193.42	266.1	12
1952	0	43	116	522	378	853	449.43	1058	881	291	75	0	4666.43	388.9	12
1953	0	0	21.3	45.11	1191.1	918.5	613.3	841.4	877.5	1098.7	17	105.4	5729.31	477.4	12
1954	0	125.22	182	1931	440.9	1037.4	461.72	953.65	852.3	455.81	18.9	0.3	6459.2	538.3	12
1955	26.6	0	9.8	62.8	238.6	461.6	787.3	360.5	832.9	618.8	264.2	66.8	3729.9	310.8	12
1956	0.7	75	35.5	25.3	333.12	614.7	297.9	314.4	746.3	259.2	102	45.6	2849.72	237.5	12
1957	0	61.3	29.6	200.8	399.21	758.1	327.5	251.4	786.9	286.5	36.5	37.6	3175.41	264.6	12
1958	35.5	17	142.7	85	326.9	783.2	606	633	797.4	656.4	193.7	97	4373.8	364.5	12
1959	40	1	150.2	290	520.4	475	554	383	228	551	48.4	30.3	3271.3	272.6	12
1960	164	3	131.1	278.2	316	410.5	209.1	255.2	484.8	441.1	198.1	26.7	2917.8	243.2	12
1961	37.3	99	72.9	304	64.1	431.7	581.4	291.2	457.4	192.2	309.5	152	2992.7	249.4	12
1962	3.5	55	143.22	248.51	334.91	621.11	206.22	518.3	658.5	253.7	122.2	2.8	3167.97	264	12
1963	10	164	88	72.1	82.7	693.5	513.2	332	1142.4				3097.9	344.2	9
1965									624.7	567.9	218.6	0	1411.2	352.8	4
1966	0	0	79.8		325.5	662.1	480.8	484	602	624.4	66.2	87.2	3412	310.2	11
1967	5.5	13	141.6	197	174.2				810				1341.3	223.6	6
1968	46.02	41.01	10.34	288.52	753.02	761.7	2361.03	258.83	550.51	834.2	257.11	29	6191.29	515.9	12
1969	343	91	229	49.3	488.2	1018	805	1059.1	604.4	647.4	68.5	41.5	5444.4	453.7	12
1970	35.4	47.8	16.7	22.6	281.1	569.3	658.61	758.7	926.8	405.2	191.5	0.3	3914.01	326.2	12
1971	51.5	54.6	6.1	187.4	287.9	351.9	302.5	683.02	727.6	494.6	149.6	14.5	3311.22	275.9	12
1972	11.6	92	32.01	103.6	478.51	457.4	358.2	282.2	209.7	312.1	169.6	1.3	2508.22	209	12
1973	10.4	0.1	22.41	261.3	484.3	578.3	391.9	1220.2	716	570.8	240.9	79.2	4575.81	381.3	12
1974	105.4	17.7	138.8	44.9	529.3	770.8	482.5	290.5	936.4	86.8	250.9	0	3654	304.5	12
1975	47.1	8.8	41.8	25.6	311	717.9	348.6	265.5	643	504.3	232.8	70.2	3216.6	268	12
1976	9.5	24	13.1	104.4	362.4	599.6	324.6	252.1	267.5	229.5	312.2	2.5	2501.4	208.4	12
1977	6.6	15.7	11.8	253.7	272.6	380.7	116.9	607.1	408.9	226.7	282.3	88.9	2671.9	222.7	12
1978	41.7	73.8	156.2	199	350.6	377.8	287.5	390.1	929.6	363.2	67.3	32.8	3269.6	272.5	12
1979	75.4	0.2	75.8		368.3	361.1	509.7	630.4	869.1	585.6	27.2	9.6	3512.4	319.3	11
1980	41.1	13.6	70.8	167.1	378.9	437.5	358.5	564.8	600.7	402.7	114.6	36.9	3187.2	265.6	12
1981	7	10.8	236.5	110.3	454.7	1350.9	604.5	784.8	525	254.7	75.6	56.3	4471.1	372.6	12
1982	5.1	118.4	26.6	95.8	530.2	529.1	281.2	219	875	435.4	172	0.5	3288.3	274	12
1983	0	71.5	97.5	190.7	123.3	654.5	358.1	438.5	658	254.6	174.34	74.2	3095.24	257.9	12
1984	60.5	37.9	140.1	8.9	579.7	547.8	463.9	812.8	930.3	171.1	111.5	1.5	3866	322.2	12
1985	26.9	34.6	61.7	255.8	430.9	746.6	343.8	523.9	522.8	349.3	190.1		3486.4	316.9	11
1986	2	32	7.7	95.7	534.2	418.9	280.1	505	274.8	383.5		89.2	2623.1	238.5	11
1987	0	0	67.9	133.5	246.5	666.3	794.5	356.4	465.7			29.5	2760.3	276	10
1988	84.7	22.6	87.5	117.9	132	761.3	434.6	818.8	893.5	208.8	96	12.8	3670.5	305.9	12
1989	13.4	3.5	12.5	141.9	531.8	706.1	406.9	567.9	719	588.8	175.5	118	3985.3	332.1	12
1990	2.9	38.3	114.8	375.3	480.9	451.3	553.5	342.1	517.5	642.3	42.5	132	3693.4	307.8	12
1991	62	12	49.5	185.8	298.1	535.7	318.5	232.1	510.3	619.5	167.5	11	3002	250.2	12
1992	5	21.9	119.4	213	460	774	333.5	430	680	194	285	15	3530.8	294.2	12
1993	50.2	1.5	199.5	260	443.5	640.5	244.5	491	410.7	472.4	28	0	3241.8	270.1	12
1994	0	40	5	171	193.8	453	214.3	291.7	483	522.5	204.3	152.5	2731.1	227.6	12
1995	3	81.7	46.3	327	488.7	566.5	405.3	891.7	466.3	358.7	65.5	251.7	3952.4	329.4	12
1996	52.5	20	72.5	287.5	609	591	365.2	501.5	462.4	422	81	9	3473.6	289.5	12
1997	69.6	38.5	128.5	387.2	365								988.8	197.8	5
1998			9	18	96.7	413.1	407.5	582	1536	367.4	408.7	9.9	3848.3	384.8	10
1999	55	32.5	24.5	162.5	288.5	713.5	312.5	625.1	980.9	620.5	155	29	3999.5	333.3	12
2000	0	8.03	33.04	130	923.5	622	243.52	692.5	890.01	301.5	190.31	55.51	4089.92	340.8	12
2001	9	37	77.01	90.4	531	342.5	508.7	378.51	588.7	359.01	94.5	23	3039.33	253.3	12
2002	13	0.5	8.01	59.04	222.51	555.5	286.5	233.01	1042	569	146	13.5	3148.57	262.4	12
2003	0	8	124	161.5	169.01	696.5	317.01	561	651	763	83	7.5	3541.52	295.1	12
2004	14	52.5	59	148	337	381	348	238.5	633.6	541.5	26	15.5	2794.6	232.9	12
2005	1.5	0	467.5	25.5	452.2	646.2	596.5	500.2	543	1115.8	98.5	11.2	4458.1	371.5	12
2006	51.5	34	34.21	95.5	742	815	458	288	568.5	502	154	81.5	3824.21	318.7	12
2007	11	8.5	5.51	236.02	204.21	673	584	614.5	486	501.5	28.5	2.5	3355.24	279.6	12
2008	6	97.7	135.5	90	145	859	704	473	826.5	348.5	100.4	13.5	3799.1	316.6	12
2009	4.5	2.5	19.5	52.5	472	644.5	305.2	164.5	384	357	87.8	111.5	2605.5	217.1	12
2010	98.1	131.5	146.5	384	507	867	737	958	863.5	182	48.5	15	4938.1	411.5	12
2011	13	35.01	140.01	281	120.5	781.5	583.5	691.9	758	460	35.7	26	3926.12	327.2	12
2012	17.5	121	87	241.5	472.5	775.5	207	731	398.5	550.8	69	52.3	3723.6	310.3	12
2013	43.5	3.5	169	199.5	382	536	489.48	428	657.5	461	190	45.5	3604.98	300.4	12
2014	7.5	34.5	131.5	207.6	482	812	108	288	805	390.6	70.5	3.5	3340.7	278.4	12
2015	4	206.5	48.6	225.5	314.4	319	166.5	325.5	670.2	375	141.5	130	2926.7	243.9	12
2016	34												34	34	1
2020											73.24	66.33	139.57	69.8	2
2021	81.5	7.31	174.32	219.91	544.71	380.92	140.42	463.81	556.21	462.22	90.41		3121.74	283.8	11
2022							222.82	466.61	355.62				1045.05	348.4	3
2023									273.12	339.81			612.93	306.5	2
MÍNIMA	0	0	5	8.9	64.1	319	108	164.5	209.7	86.8	17	0	34	34	1
MÁXIMA	343	206.5	467.5	1931	1191.1	1350.9	2361.03	1220.2	1536	1115.8	408.7	251.7	6459.2	538.3	12
MEDIA	32.3	40.6	88.2	200	391.4	627.8	442	511	664.6	451.6	135.4	44.8	3326.4	297.3	10.9
DESV.ST	51	44.5	77.9	248.6	195.7	196.1	298.4	242	238.5	198.2	88	50.1	1175.7	80.2	2.7

EVAPORACIÓN MENSUAL
AÑO	ENE	FEB	MAR	ABR	MAY	JUN	JUL	AGO	SEP	OCT	NOV	DIC	ACUM	PROM	MESES
1970				58.7								76.9	135.6	67.8	2
1971	77.51	58.34	76.88			88.49	102.78	98	142.49	108.13		63.93	816.55	90.7	9
1972	79.6	84.7	90.9	65.6	71.1	86.2	65.8		60.3	58.1	77.2	73.4	812.9	73.9	11
1973	88.3	68.5	75.5	72	60.1	45.9	67.8	78.3	62.6	46.3	65.7	72.6	803.6	67	12
1974	64.4	80	64.9	64.2	58.5	52.2	69.1	70.3	110.3	65.1	63.9	81.1	844	70.3	12
1975	68.8	72.3	62.5	80.1	50.7	85.8	62.2	64.7	51.7	52.1	52.5	60.5	763.9	63.7	12
1976	62.6	74.5	66.4	54.7	59	48.2	93.8	75.2	64.7	62.4	57.9	81.1	800.5	66.7	12
1977	80.5	76.6	111.6	87.1	62.7	62.2	70.8	64	57.5	54.8	56	59.8	843.6	70.3	12
1978	80.4	88.1	90.2	63.6	66.5	48.1	56.5	61.8	47.7	51.9	55	59.6	769.4	64.1	12
1979	71.7	80	72.5		51.2	65.9	92.3	48.1	44.4	44.7	83.3	71.4	725.5	66	11
1980	76.1	74.4	75.9	61.2	65.1	45.5	51.7	56	52.3	69.5	58	68	753.7	62.8	12
1981	83.4	79	85.2	71.8	77.9	60.1	56.6	52.7	48.7	58.4	83.7	75.5	833	69.4	12
1982	95.6	67.1	73.6	53.1	35.8	37.7	55.4	76.7	69.2	58.1	60	69.5	751.8	62.6	12
1983	77.6	71.6	116.1	75.5	59.1	45.1	51.5	66.6	65.27	67	51.59	69.9	816.86	68.1	12
1984	70.74	69.9	78.05	71.13	54.7	50.69	52.53	47.41	40.71	60.99	70.07	76.38	743.3	61.9	12
1985	63.05	72.05	81.19	75.96	53.95	51.41	56.54	58.79	46.79	58.66	58.7		677.09	61.6	11
1986	87.35	70.55	92.35	97.2	91.59	92.26	64.5	78.79	56.45	75.62		74.84	881.5	80.1	11
1987	121.86	88.5	113.65	94.1	77.98	54.4	69.35	67.96	58.64			66.1	812.54	81.3	10
1988	74.34	86.95	86.15	70.55	82.79	70.77	71.85	58.96	80	71.28	73.31	76.29	903.24	75.3	12
1989	78.8	83.52	85.61	82.83	85.3	70.25	87.86	75.18	76.89	75.83	67.63	77.06	946.76	78.9	12
1990	77.59	76.73	89	80.14	106.94	94.34	88.63	67.56	83.03	70.09	70.53	75.62	980.2	81.7	12
1991	72.86	76.09	94.98	68.79	77.85	62.73	55.15	65.64	82.88	75.19	69.11	64.88	866.15	72.2	12
1992	81.53	75.87	77.25	84.29	71.68	58.87	79.5	60.97	51.61	66.86	68.98	80.57	857.98	71.5	12
1993	69.85	86.28	92.8	71.83	63.92	68.17	72.99	63.6	60.53	64.99	80.57	87.57	883.1	73.6	12
1994	88.71	78.83	73.96	70.34	42.43	82.09	63.44	53.24			83.03	80.63	716.7	71.7	10
1995	74.25	67.75	80.82	63.92	70.08	47.56	45.8	46.38	43.83	48.58	62.53	69.17	720.67	60.1	12
1996	80.72	100.64	86.95	69.87	44.46	43.54	42.94	55.84	42.8	63.15	70.6	82.84	784.35	65.4	12
1997	78.81	72.29	75.91	78.67	68.17								373.85	74.8	5
1998			111.53	95.97	94.11	53.75	49.67	54.25	62.83	52.15	59.92	84.53	718.71	71.9	10
1999	90.97	85.9	92.16	72.92	62.45	65.08	59.58	52.76	42.77	50.39	85.43	74.01	834.42	69.5	12
2000	90.53	82.24	86.31	80.6	46.51	47.09	63.2	62.34	36.86	50.98	51.77	74.42	772.85	64.4	12
2001	73.2	75.31	64.92	66.63	57.83	59.57	49.9	62.52	44.89	51.09	71.12	81.08	758.06	63.2	12
2002	94.14	83.25	89.5	85.72	62.49	35.99	53.01	55.52	34.24	51.25	58.65	84.8	788.56	65.7	12
2003	84.32	84.75	86.92	75.68	53.78	42.4	71.59	69.35	43.92	61.35	54.93	91.03	820.02	68.3	12
2004												100.63	100.63	100.6	1
2005	101.3	97.58	71.66	101.49	55.93	29.43	51.08	49.3	50.42	45.98	72.42	78.49	805.08	67.1	12
2006	83.18	82.83	92.97	70.47	45.27					49.33	56.52	71.06	551.63	69	8
2007	89.28	85.13	93.6	72.03	53.92	51.06	58.03	38.42	44.17	38.15	71.44	75.59	770.82	64.2	12
2008	92.6	69.24	67.21	67.59	59.98	45.12	44.64	41.11	38.09	49.63	71.2	87.1	733.51	61.1	12
2009	87.07	108.72	104.93	77.15	44.53	39.06	68.76	77.29	61.05	55.73	63.04	94.45	881.78	73.5	12
2010	87.94	82.92	82.34	76.99	50.78	22.99	33.6	31.42	22.18	56.84	61.52	79.49	689.01	57.4	12
2011	94.81	79.2	77.7	55.38	56.19	29.84	39.54	36.26	30.1	24.16	55.86	65.43	644.47	53.7	12
2012	68.21	60.45	75.53	71.22	43.82	34.25				32.54	69.26	67.05	522.33	58	9
2013	67.35	68.07	82.37	73.07	51.59	27.94	42.04	48.84	28.24	33.35	47.05	61.77	631.68	52.6	12
2014	73.95	64.52	57.84	58.47	27.53	26.66	68.89	54.35	27.05	30.21	59.96	74.87	624.3	52	12
2015	80.09	55.51	80.04	53.77	53.68	62.33	55.88	53.73	25.32	40.17	43.16	75.38	679.06	56.6	12
2016	66.84												66.84	66.8	1
MÍNIMA	62.6	55.51	57.84	53.1	27.53	22.99	33.6	31.42	22.18	24.16	43.16	59.6	66.84	52	1
MÁXIMA	121.86	108.72	116.1	101.49	106.94	94.34	102.78	98	142.49	108.13	85.43	100.63	980.2	100.6	12
MEDIA	80.7	77.8	83.8	73.1	61.2	54.5	62.4	60	54.8	56.1	64.8	75.4	723.7	68.3	10.7
DESV.ST	11.4	10.6	13.6	11.5	15.9	18.4	15.5	13.3	22.9	15	10.4	9.1	196.9	9.2	2.8

TEMPERATURA MÁXIMA PROMEDIO
AÑO	ENE	FEB	MAR	ABR	MAY	JUN	JUL	AGO	SEP	OCT	NOV	DIC	ACUM	PROM	MESES
1951	26.3	27.1	26.8	27	26.2	26.3	27	26.2	26.4	27.9	27.2	27		26.8	12
1952	26.9	26.9	26.9	26.7	27.2	26.7	26.7	26.8	26.2	25.8	26.5	26.8		26.7	12
1953	27.1	27.2	26.9	25.5	25.5	26.6	27.2	26.5	26.8	26.6	27.5	26.6		26.7	12
1954	26.9	27.5	26.9	26	24.6	24.5	25.4	25.8	24.7	24	25	24.8		25.5	12
1955	24.5	25.8	25.7	24.9	24.8	24.1	22.9	23.8	23.8	23	23.7	23.5		24.2	12
1956	22.1	24.2	24.9	25.2	23.9	23.4	24.2	24.2	23.4	23.8	23.6	23.9		23.9	12
1957	23.9	24.9	25.6	25	25	24.7	24.9	25.2	23.8	23.9	25.3	23.8		24.7	12
1958	24.4	23.1	25.6	26	25.1	24	24.9	24.8	24.6	24.5	23.9	24.3		24.6	12
1959	24	24.9	25	25.1	25.4	24.9	25.1	24.8	24.7	24.7	24.1	24.5		24.8	12
1960	23.8	24.5	23.9	24.8	24.2	24.1	24.6	24.1	25.5	24.4	24	24.4		24.4	12
1961	24.6	24.2	24.8	25.2	24	24.8	25.4	23.1	23.3	24.3	23.6	24.4		24.3	12
1962	24	24.1	24.9	25.7	25.5	24.9	25.8	25.2	24.8	24.7	25.9	25.1		25	12
1963	25.3	25.3	25.2	25.1	24.3	23.1	24.2	24.4	24.3					24.6	9
1965									23.8	25	25.6	25.4		25	4
1966	24.8	24.5	26.1		25.6	25.7	25.2	26.1	25.9	25.2	24	24		25.2	11
1967	25.5	26	25.8	25.7	26.2				24.8					25.7	6
1968	25.7	25.6	26.4	25.9	25.2	24.4	26	25.8	24.9	24.9	25.9	25.8		25.5	12
1969	25.9	26.1	26.4	26.9	27.1	26	26.5	25.1	24.8	24.6	25.2	25.6		25.9	12
1970	25.7	25.8	26.6	26.7	26.1	26.4	25.5	25.5	24.8	25.8	25.9	27.3		26	12
1971	27.4	27	27.5	27.4	26.7	26	25.9	25.7	25.8	26.9	26.5	27.3		26.7	12
1972	28.1	27.7	28.2	28.3	27.6	26.4	27.3	26.4	27	26.4	26.7	28.3		27.4	12
1973	28.4	28.4	27.9	27.6	25.9	24.2	25.4	25.4	24.8	24.7	27.7	26.3		26.4	12
1974	26.1	27.1	26.2	26.6	25.4	24.8	25.8	26.4	25	26.5	27.6	28.1		26.3	12
1975	27.7	28.5	27.2	28.2	25.7	26.2	25.1	25.7	25	25.9	27.4	26.8		26.6	12
1976	27	27.2	27.3	26.3	26.4	24.9	27.2	27	26.9	27.5	27.2	29.2		27	12
1977	28.6	28.8	29.5	28.4	26	25.1	27.4	26.3	26.3	27.1	27.6	27.5		27.4	12
1978	27.9	28.3	26.9	26.7	26.6	25.9	24.9	26.8	26.2	27	27.5	27.9		26.9	12
1979	27.5	28.8	28.7		26.9	26.3	27	26.1	24.7	26.3	29.1	29.3		27.3	11
1980	29.1	30.4	30.5	29	29.3	28.5	28.4	28.2	28.5	28.9	28.4	28.1		28.9	12
1981	28.2	29.6	28.9	28	27.5	25	27.2	25.1	25.2	25	27.5	27.2		27	12
1982	28.2	27.7	27.2	26.6	25.4	25.2	25.9	27.4	24.4	26	28.8	28		26.7	12
1983	28.7	27.4	29.9	27.9	28.3	26.4	26.6	26.8	24.9	26.4	26.6	28		27.3	12
1984	26.9	27.1	26.8	26.8	24.7	24.2	24.4	24.8	23.7	26	26.4	27.8		25.8	12
1985	26.2	27.4	27.8	27.1	26.7	25.6	25.7	25.9	25.5	25.1	26.9			26.4	11
1986	27.9	27.2	28.5	29	27.5	26.5	27.5	29.4	26.9	27.7		28		27.8	11
1987	32.3	30.6	30.9	31.8	28.6	26.4	26.5	27.1	26.8			28.3		28.9	10
1988	28.1	29.4	28.6	27.5	28	25.9	26.4	25.3	25.2	27.9	28.4	28.2		27.4	12
1989	28.6	28	27.2	27.8	26.7	25.6	26	25.2	25.6	27.2	27.8	27.7		27	12
1990	29.2	27.6	27.7	27.6	26.8	26.6	26.9	27	26.5	26.6	28.4	28.2		27.4	12
1991	28.2	28.5	28.3	27.5	27.8	27.1	27.8	27.1	26.8	26.1	28	27.5		27.6	12
1992	27.9	28.2	28.3	27.9	26.9	26.4	26.4	26.5	26.2	27	27.3	28.6		27.3	12
1993	28.1	28.5	27.9	28	27.6	26.1	27.1	26.6	26.1	27.3	29	29.4		27.6	12
1994	29.5	29	28.7	27.3	26.8	27	27.5	26.9	27.1	27.1	28.4	28.4		27.8	12
1995	29.2	28.3	28.4	26.6	26.8	26.3	26	25.6	25.9	25.7	28.4	27.8		27.1	12
1996	27.6	29.2	27.9	27.5	26.4	26.3	26.4	26.7	26.4	26.6	27.7	28.7		27.3	12
1997	27.8	28.6	28	27.2	28.2									28	5
1998			30.6	29.6	29.3	26.5	26.1	27.1	24.9	25.7	26.8	29.6		27.6	10
1999	28.9	29	28.8	27.5	26.1	25.2	25.6	25.5	24.5	25	25.8	27.5		26.6	12
2000	28.1	28.6	28.5	28.7	25.4	25.3	26.6	26.5	25	27.1	27.6	28.5		27.2	12
2001	27.9	28.8	26.5	27.4	27	27.2	26.6	27.7	25.7	27.3	28.1	28		27.4	12
2002	28.9	28.4	28.4	28.3	27.2	26	26.6	27.1	25.5	26.9	27.8	28.9		27.5	12
2003	29.2	29.3	28.6	28.3	27.1	25.6	27.6	27.7	26.4	26.8	27.7	28.7		27.8	12
2004	28.4	28.7	28.8	28.6	27	26.4	26	26.6	26.1	26.8	28	28.7		27.5	12
2005	28.6	28.7	27.6	28.2	26.8	25.8	26.5	26.6	27	25.9	28.4	28.3		27.4	12
2006	28.7	28.6	28.6	27.9	26.5	26.1	27.1	27.4	27	27.1	27.7	28.4		27.6	12
2007	29.1	28.7	29.2	28.3	27.4	26.7	27.3	26.4	26.2	26.1	29.1	29		27.8	12
2008	28.9	27.3	27.4	27.4	26.7	25.9	25.9	26	26	26	28.4	29.3		27.1	12
2009	28.7	29.4	28.5	28.8	27.1	26.6	27.9	28.1	28.1	28.2	28.2	29.4		28.2	12
2010	29.3	28.9	28.8	28.3	27.2	25.8	26	25.8	25.1	27.3	27.4	28.2		27.3	12
2011	29	28.5	27.8	26.9	27.3	26.1	26	26.2	26	25.2	27.9	28.4		27.1	12
2012	28.4	27.8	28.6	28.2	27.2	26.1				26.6	28.2	28.2		27.7	9
2013	28.5	28.7	29.1	28.6	26.5	25.9	26.2	26.5	25.8	26.4	27.3	27.8		27.3	12
2014	29.1	28.8	27.7	27.6	26.2	26.2	25.3	27.5	26	26.4	28.2	29.8		27.4	12
2015	30	28.9	29	27.6	27.1	27.5	27.6	27.4	26.1	26.8	27.1	28.8		27.8	12
2016	28.1													28.1	1
MÍNIMA	22.1	23.1	23.9	24.8	23.9	23.1	22.9	23.1	23.3	23	23.6	23.5		23.9	1
MÁXIMA	32.3	30.6	30.9	31.8	29.3	28.5	28.4	29.4	28.5	28.9	29.1	29.8		28.9	12
MEDIA	27.5	27.6	27.6	27.3	26.5	25.7	26.2	26.2	25.6	26.1	27	27.4		26.7	11.3
DESV.ST	1.9	1.7	1.5	1.3	1.2	1	1.1	1.1	1.1	1.2	1.5	1.7		1.2	2

TEMPERATURA MÁXIMA EXTREMA
AÑO	ENE	FEB	MAR	ABR	MAY	JUN	JUL	AGO	SEP	OCT	NOV	DIC	ACUM	PROM	MESES
1951	28	29	29	29	29	29	29.5	29	28	29	29	29		28.9	12
1952	29	29	29	29	29	29	29	29	29	29	29	29		29	12
1953	29	29	29	29	27	29	29	28	28	28	29	29		28.6	12
1954	29	33	31	28.5	27.5	28.5	27.5	27.5	27	26.5	26.5	26.5		28.2	12
1955	26.5	27.5	28	27	26	26	24.5	25.5	27.5	28.5	25	25		26.4	12
1956	28	25.5	28	27	25.5	26	26	26	26	25.5	25	26		26.2	12
1957	25.5	26.5	27	26.5	28	27	27	26.5	27	26	27	25		26.6	12
1958	26	25	27.5	27.5	27.5	27	26.5	27	26	26	26	26		26.5	12
1959	27	28.5	28	26	27	26	26	29	26	26	26	26		26.8	12
1960	26	27.5	26	27	26.5	26	26	26	27	26.5	26	26.5		26.4	12
1961	26	26	26.5	26	26	26	34	26	26	25.5	26.5	27		26.8	12
1962	26	30.5	27	28.5	28	27.5	29	28.5	26.5	26.5	29	27		27.8	12
1963	28.5	27	26.5	29	27	25	26.5	26.5	27					27	9
1965									26.5	27.5	27.5	27.5		27.2	4
1966	26.5	26.5	29.5		27.5	28	27.5	27.5	29.5	27.5	26.5	27.5		27.6	11
1967	27.5	29	27.5	28	29				28.5					28.2	6
1968	27.5	27.5	28	29	29	26	28	28	28	27	27	27		27.7	12
1969	28	30	29	28	29	28	28.5	29	29	27	27	27.5		28.3	12
1970	28	29.5	28.5	30.5	28	29	28	27.5	27	28	28	30		28.5	12
1971	30	28.5	30	30.5	30	28	28.5	28	29.5	30	30	29		29.3	12
1972	29.5	29.5	30.5	31	30	29	30	30	29.5	29	29.5	30		29.8	12
1973	30	32	31	31	28.5	27	28.5	28.5	27.5	28	30	28.5		29.2	12
1974	28	30	31	29	28	28	28.5	30	28	29.5	30	30.5		29.2	12
1975	31	32.5	30	31	27.5	28.5	29	30	27.5	28.5	30	30.5		29.7	12
1976	29	29.5	31	30	29	29	29.5	29	30.5	32	31	33		30.2	12
1977	31	32	32.5	31.5	28	28	30	29.5	29.5	30	30	30		30.2	12
1978	30	31.5	31	29	29	29	28.5	29	29	30	30	32		29.8	12
1979	30	31.5	33		29.5	31	30	30	31	29	39.5	33		31.6	11
1980	32	33	33	32.5	32	31	31	31	30	32	32	30.5		31.7	12
1981	30	32	32.5	31	33.5	27	30	29	29	28	30	29		30.1	12
1982	31	30	30	29.5	31	28	28.5	30	28	28	30	30		29.5	12
1983	30	31.5	33	31	32	30	28	29	29	30	29	31		30.3	12
1984	30	29.5	31	30	28	26	27	27.5	26	29	29	30		28.6	12
1985	29	30	31	30	29	28	28	28	28	29	30			29.1	11
1986	31	30	31	32	30	29	30	32	31	29		29.5		30.4	11
1987	34.5	32	32	34	32	29	29	29.5	29.5			31		31.2	10
1988	31	36	30.5	30	30.5	28.5	29	28	28	31	31	31		30.4	12
1989	30	30	31	30	30	28	30	27	28	29	30	29		29.3	12
1990	31	30	30	31	29	29	29	29	29.5	29	30	32		29.9	12
1991	30	31	31	30	30	30	31	29.5	28.5	29	30	30		30	12
1992	30.5	31	31.5	30	29	30	28	28	28	29	29	30		29.5	12
1993	30	30	30	30	29	30	31	29.5	29	30	32	31		30.1	12
1994	32	31	31	31	30	29	29	29	30	30	32	32		30.5	12
1995	32	31	30	30	30	28	30	29	28	29	31	30		29.8	12
1996	30	31	31	30	30	29	30	29	30	30	30	30		30	12
1997	30	31	32	30	30									30.6	5
1998			32	32	32	30	29	30	29	28	30	32		30.4	10
1999	31	31	31	30	28	28	30	29	28	29	30	30		29.6	12
2000	30	31	31	32	28	29	29	30	28	30	30	30		29.8	12
2001	30	31	30	30	30	33	30	30	28	34	30	30		30.5	12
2002	30	30	31	30	31	29	29	30	28	29	31	31		29.9	12
2003	31	31	31	30	30	28	30	30	29	30	30	31		30.1	12
2004	30	31	31	31	29	29	28	29	29	29	30	30		29.7	12
2005	31	31	30	30	29	28	30	29	30	30	31	30		29.9	12
2006	31	31	31	31	28	29	29	30	29	29	30	30		29.8	12
2007	32	31	30	30	29	28	29	28	28	29	32	31		29.8	12
2008	31	30	29	29	29	28	28	28	28	30	30	30		29.2	12
2009	30	31	31	31	29	29	30	30	30	30	32	32		30.4	12
2010	31	31	31	30	30	30	28	28	27	29	29	33		29.8	12
2011	31	31	30	30	30	29	29	29	29	29	29	30		29.7	12
2012	30	31	31	30	30	28				29	30	31		30	9
2013	31	31	31	31	29	28	28	28	28	28	29	30		29.3	12
2014	31	32	30	30	28	29	30	30	29	30	31	38		30.7	12
2015	32	31	32	30	30	31	30	29	28	29	29	31		30.2	12
2016	30													30	1
MÍNIMA	25.5	25	26	26	25.5	25	24.5	25.5	26	25.5	25	25		26.2	1
MÁXIMA	34.5	36	33	34	33.5	33	34	32	31	34	39.5	38		31.7	12
MEDIA	29.6	30.2	30.2	29.8	29	28.4	28.8	28.7	28.3	28.8	29.5	29.7		29.3	11.3
DESV.ST	1.8	1.9	1.7	1.5	1.6	1.5	1.5	1.3	1.2	1.6	2.2	2.2		1.3	2

TEMPERATURA MÍNIMA PROMEDIO
AÑO	ENE	FEB	MAR	ABR	MAY	JUN	JUL	AGO	SEP	OCT	NOV	DIC	ACUM	PROM	MESES
1951	15.8	15.8	16.9	18.1	17.4	17.1	17.1	17.2	16.7	17	17.1	16.9		16.9	12
1952	16.5	16.5	16.6	16.6	17.1	16.7	16.6	16.4	17	16.8	17	16.6		16.7	12
1953	16.2	16.3	16.5	16.8	16.6	16.3	15.4	17.8	17.2	17.2	16	16.3		16.6	12
1954	16.4	15.3	16.3	16.8	17.1	17	16.6	16.3	16.1	15.9	15.7	15.2		16.2	12
1955	14.6	15.2	15.3	15.4	16	14.9	15.8	15.7	15.7	15.7	15.2	14.7		15.3	12
1956	11.7	14.3	14.6	16.1	16	16.1	15.7	16	15.6	15.6	15.3	14.6		15.1	12
1957	14.1	14.7	15.4	15.6	16.4	16.3	15.9	16.1	15.8	15.4	15.6	14.6		15.5	12
1958	15.2	14.3	16	16.4	16.9	17.1	16.8	16.1	15.8	15.9	16.8	15.7		16.1	12
1959	14	14.7	15.8	16.3	16.5	15.9	15.9	16.3	16	15.5	18.4	15.1		15.9	12
1960	15	15.2	14.8	14.9	15.1	15.1	15.9	16.3	16.3	16.4	18	15.3		15.7	12
1961	15.3	14.4	15.8	16.2	15.2	15.8	15.5	15.2	15.4	15.3	14.9	15.2		15.3	12
1962	14	18.9	15.6	16	15.5	15.1	15.5	14.8	14.6	14.9	15.8	16.4		15.6	12
1963	16.7	17	16.7	15.6	14.7	14.2	15.3	15.4	15.5					15.7	9
1965									18	16.5	19.6	17.2		17.8	4
1966	20.4	20.4	19		17.3	16.7	16.5	16.3	16.6	16	14.5	14.5		17.1	11
1967	14.6	16.6	14.9	16.1	16.1				16.1					15.7	6
1968	14.7	13.9	14.7	16	16.4	16.4	16.6	16.4	16.4	16.2	15.1	15.2		15.7	12
1969	14.8	15.1	16.3	17.2	17.8	17.4	17.2	16.7	16.6	16.3	15.9	15.1		16.4	12
1970	14.3	15.2	15.9	15.8	14.6	15.1	15	14.8	15.1	14.6	12.7	11.6		14.6	12
1971	11.1	11.4	11.8	11.9	14.8	14.2	14.3	14.3	14.4	14.1	13	11.6		13.1	12
1972	11.7	12.1	12.3	14	15	15.1	14.7	14.5	14.7	14.5	14.3	12.5		13.8	12
1973	11.9	12.1	13.7	14.9	15	15.1	14.6	14.8	15.1	14.9	13.6	10.8		13.9	12
1974	11.6	11.8	13.3	13.7	15	14.8	14	14.4	14.6	13.8	13.6	11.9		13.5	12
1975	11.6	11.8	13.1	13.6	14.8	14.5	13.8	14.4	14.7	14.7	13.1	11.2		13.4	12
1976	11.1	10.8	12.7	13.8	14.9	15.3	14.1	14.4	14.6	14.5	14	12.7		13.6	12
1977	11.6	12.8	13	14.4	15.3	15.1	14.3	14.8	14.8	14.7	13.9	13.4		14	12
1978	11.7	12.5	13.6	14.5	15	15	15	14.6	14.7	14.4	13.9	13.1		14	12
1979	11.6	12.7	13.7		15.7	15.5	15.5	15.5	15.9	15.5	14	13.1		14.4	11
1980	13	12.5	13.9	15.2	16.3	15.7	15.2	14.9	15.2	14.9	13.6	12.3		14.4	12
1981	11.5	12.7	14.6	14.8	15.7	16	15.1	15.4	15	14.9	13.9	13.6		14.4	12
1982	13.3	13.6	13.5	14.6	15.7	16.2	15	14.7	15.3	14.5	15.3	14		14.6	12
1983	15	14	14.3	15.6	16.3	16.4	15.9	15.3	15.4	14.6	14.7	13.7		15.1	12
1984	13.1	14.1	13.8	14.8	15.6	15.5	15	15.1	15.2	15.2	13	12.6		14.4	12
1985	12.4	12.9	13.5	14.4	15	15.5	14.6	14.9	14.8	14.9	13.8			14.2	11
1986	12.2	12.8	13	14.2	16.4	15.3	14.5	15.9	15	15.2		14.1		14.4	11
1987	21	18.1	16.5	18.8	15	15.9	15.7	15.5	15.7			13.8		16.6	10
1988	13.6	13.7	14.3	15.2	15.4	14.6	15.8	15.6	15.3	14.9	13.9	13		14.6	12
1989	14	13.3	14	14.5	15.3	15.4	14.9	15	15.5	14.8	14.8	13.5		14.6	12
1990	13.2	13.3	13.8	14.7	15.9	15.7	14.6	14.7	15.4	14.4	14.5	13.4		14.5	12
1991	13.7	13.1	13.7	15.7	15.7	16	15.2	15.1	15.2	14.5	13.7	13.6		14.6	12
1992	13.4	12.2	14.6	14.7	15.2	15.5	14.7	14.2	14.6	14.4	14.1	13.2		14.2	12
1993	12.7	13.1	13.8	15	15.3	15.9	15.2	15	14.9	15.1	14.4	13.1		14.5	12
1994	12.9	13.1	13.6	15.1	16.3	15.3	14.6	15	14.7	15.6	14.6	14.4		14.6	12
1995	13.1	13.4	13.7	15.4	15.6	15.6	15.5	15.6	15.7	15.2	14.3	14.2		14.8	12
1996	12.8	12.9	13.1	15	15.5	15.5	15.2	14.8	15.1	15	14.1	13.3		14.4	12
1997	12.8	13.5	13.8	14.5	15.9									14.1	5
1998			14.4	15	15.1	15.2	14.9	14.8	15.6	15.3	14.3	13.3		14.8	10
1999	13.2	12.7	13.3	14.6	14.8	14.6	14.2	14.3	14.7	14.2	13.7	12.4		13.9	12
2000	12.3	12.5	13	13.7	15.2	14.8	14.3	14.5	14.5	14.3	13.8	13		13.8	12
2001	12.8	12.6	13.1	14.8	16.1	15.1	14.9	15.5	15.5	15.2	14.3	14.3		14.5	12
2002	13.7	14	13.9	14.5	16.1	16	15.9	15.2	15.7	15.5	14.7	13.8		14.9	12
2003	13.3	13.7	14	15.2	16.3	15.8	15.4	15.1	15.3	15.2	15.1	13.3		14.8	12
2004	13.2	13.8	14.2	14.8	15.8	15.7	14.2	14.5	14	14.4	13.2	13		14.2	12
2005	12.4	12.1	14.3	15.2	15	15.5	15.1	15	15.2	13.6	13.5	12.9		14.2	12
2006	12.7	12.4	12.6	13.9	15	14.9	14.8	14.9	14.7	15.2	13.3	13.6		14	12
2007	13.4	12.6	13.7	14.3	15.3	14.7	14.3	14.6	14.2	14	13.2	12.6		13.9	12
2008	11.9	12.4	13.1	13.8	14.9	14.8	14.4	14.2	14.8	14.1	12.5	12.3		13.6	12
2009	12.3	12.8	12.7	14	14.5	14.9	14.4	15	15.2	14.7	13.6	12.9		13.9	12
2010	12.6	14.1	14.8	16.1	16.3	15.4	15.2	15.4	14.9	14.5	13.3	12		14.6	12
2011	13.1	13.5	13.9	15.1	16.1	15.7	15.4	15.5	15.4	15	14.1	13.3		14.7	12
2012	13.3	13	13.3	14.4	15.4	15.2				14.5	13.9	13.5		14.1	9
2013	13.7	13.1	14	15.8	15.6	15.2	15.2	14.8	14.9	15.4	14.7	13.9		14.7	12
2014	13.5	14	14.4	16.1	16.2	15.9	15.4	14.8	14.9	14.8	14.3	13.7		14.8	12
2015	14	13.4	14.6	15.3	15.8	16.1	15.3	15.5	14.6	14.9	14.4	13.9		14.8	12
2016	13.4													13.4	1
MÍNIMA	11.1	10.8	11.8	11.9	14.5	14.2	13.8	14.2	14	13.6	12.5	10.8		13.1	1
MÁXIMA	21	20.4	19	18.8	17.8	17.4	17.2	17.8	18	17.2	19.6	17.2		17.8	12
MEDIA	13.6	13.8	14.3	15.2	15.7	15.6	15.2	15.3	15.4	15.1	14.6	13.7		14.8	11.3
DESV.ST	1.9	1.8	1.3	1.1	0.7	0.7	0.8	0.8	0.8	0.8	1.4	1.4		1	2

TEMPERATURA MÍNIMA EXTREMA
AÑO	ENE	FEB	MAR	ABR	MAY	JUN	JUL	AGO	SEP	OCT	NOV	DIC	ACUM	PROM	MESES
1951	15	15	15	16	16	16	16	16	15	16	16	16		15.7	12
1952	16	16	16	16	16	15	15	15	15	16	15	15		15.5	12
1953	15	15	15	15	15	14	12	16	15	15	13	15		14.6	12
1954	15	13	14	15.5	15.5	16	15	15	15	14.5	14	13		14.6	12
1955	12.5	14	14	14	15	14	14	15	14.5	14.5	13.5	13		14	12
1956	8	12	13	13	14.5	14	14	14	14	14	13	13		13	12
1957	13	13	13	14	15	13	10.5	15	13.5	13	14	13		13.3	12
1958	13	13	14	15	16	15	14	15	14	14	14.5	15		14.4	12
1959	13	13	14	14	14	14	13	15	15	14	16	14		14.1	12
1960	14	13	13.5	13	13	10	15	14	15	15	15	13.5		13.7	12
1961	13	13	14	14	14	14.5	13	12.5	13.5	14	13	14		13.5	12
1962	13	15	13.5	14	13.5	12.5	13	14	13.5	13.5	14	14		13.6	12
1963	15	15	15	13.5	13	13	12	14	14					13.8	9
1965									11.5	11.5	15.5	14.5		13.2	4
1966	19	19.5	15.5		15	15.5	15	14.5	14.5	15	11	12		15.1	11
1967	13	11	13	14	14				14					13.2	6
1968	13	11	12.5	13	15	15	15	15.5	15	13.5	11	14		13.6	12
1969	13	13.5	15	15	15	16	16	15.5	10	15	14	13		14.2	12
1970	11	13	13.5	12.5	11.5	13	13.5	12	12	13.5	10	9		12	12
1971	8	8.5	10	9	12	12	12	12	11	12	9.5	9		10.4	12
1972	9.5	9	9	11	13	12	12.5	11.5	13	13	12	7		11	12
1973	9	9	10	11	12	12	13	12.5	12.5	13	12	8		11.2	12
1974	10	10	10	12	11	12	12.5	13	11	12	12	10		11.3	12
1975	9	9	9	10	13	11	11	13	13	12	11	8		10.8	12
1976	9.5	9	11	11	13	14	11.5	12	13	13	12	10		11.6	12
1977	9.5	11	11	12	13	12	12	13.5	13.5	13	12	10		11.9	12
1978	6	9	10	11.5	11	13	13.5	12	13	12	11	10		11	12
1979	9	10	10		14	13	14	12	14	14	13	11		12.2	11
1980	11	10	12	13	14	14	13.5	14	13	13.5	12	10		12.5	12
1981	8	11	13	12	13	14	14	14	13	12	13	12		12.4	12
1982	12	12	11	12	13	14	13	12.5	14	12	13.5	12		12.6	12
1983	13	10	11	13	14	15	14	13	13.5	13	14	12		13	12
1984	10	11	12	12	14	14	13	14	13	13	11	9.5		12.2	12
1985	10	10	11	12	13	14	13	13	14	13	13			12.4	11
1986	9	11	11	10	14	13	12	15	13	13		12.5		12.1	11
1987	18	15.5	14	17	11.5	14	12	14	13			13		14.2	10
1988	10	11	12	13	13	13	14	14	14	13	12	11		12.5	12
1989	11.5	11.5	12	13	12	13	13	13	13	13	13	11.5		12.5	12
1990	11	11	12	12	13	14.5	12	12.5	13	11	12	11		12.1	12
1991	11.5	10	10.5	14	13	15	13	13	12	13	12	11		12.3	12
1992	11	8	12.5	12	14	12	14	12	13.5	13	13	12		12.2	12
1993	11	12	12	14	14	13	14	14	14	14	13	11		13	12
1994	11	11	11	13	14	10	13	13	13	14	13	13		12.4	12
1995	1	10	11	13	12	14	14	14	15	13	13	13		11.9	12
1996	10	12	9	14	12	14	13	13	13	13	12	11		12.2	12
1997	12	11	12	12	13									12	5
1998			13	13	13	12	13	13	14	13	12	11		12.7	10
1999	11	11	12	11	14	13	13	13	14	11	11	9		11.9	12
2000	10	11	11	12	14	13	13	13	13	13	12	11		12.2	12
2001	11	11	12	13	14	10	14	14	13	13	13	12		12.5	12
2002	12	12	12	13	14	14	14	13	14	14	13	12		13.1	12
2003	10	11	12	13	14	14	13	13	14	14	13	11		12.7	12
2004	12	12	13	11	14	14	12	13	12	10	11	11		12.1	12
2005	11	9	13	13	13	14	14	14	14	1.1	11	12		11.6	12
2006	10	10	10	11	14	14	13	14	13	14	10	11		12	12
2007	11	10	12	12	14	13	13	13	12	12	11	11		12	12
2008	9	9	10	12	12	13	13	13	13	12	10	10		11.3	12
2009	11	9	10	10	13	13	13	13	13	13	12	10		11.7	12
2010	10	12	12	14	14	14	14	14	14	13	11	10		12.7	12
2011	10	12	12	13	15	14	11	15	15	12	13	10		12.7	12
2012	11	10	10	11	12	13				13	12	11		11.4	9
2013	11	11.1	12	15	13	1	14	13	13	14	13	13		11.9	12
2014	12	13	13	14	15	15	14	13	14	13	13	12		13.4	12
2015	11	12	13	14	14	14	14	14	12	14	13	13		13.2	12
2016	12													12	1
MÍNIMA	1	8	9	9	11	1	10.5	11.5	10	1.1	9.5	7		10.4	1
MÁXIMA	19	19.5	16	17	16	16	16	16	15	16	16	16		15.7	12
MEDIA	11.3	11.5	12.1	12.9	13.6	13.3	13.3	13.6	13.4	13	12.6	11.7		12.7	11.3
DESV.ST	2.7	2.1	1.7	1.6	1.2	2.1	1.1	1.1	1.1	1.9	1.4	1.9		1.1	2

TEMPERATURA MEDIA MENSUAL
AÑO	ENE	FEB	MAR	ABR	MAY	JUN	JUL	AGO	SEP	OCT	NOV	DIC	ACUM	PROM	MESES
1951	21	21.5	21.9	22.6	21.8	21.7	22	21.7	21.5	22.4	22.1	22		21.9	12
1952	21.7	21.7	21.8	21.6	22.1	21.7	21.6	21.6	21.6	21.3	21.8	21.7		21.7	12
1953	21.6	21.8	21.7	21.1	21	21.5	21.3	22.1	22	21.9	21.8	21.5		21.6	12
1954	21.6	21.4	21.6	21.4	20.9	20.8	21	21	20.4	20	20.4	20		20.9	12
1955	19.6	20.5	20.5	20.1	20.4	19.5	19.4	19.8	19.8	19.4	19.4	19.1		19.8	12
1956	16.9	19.2	19.8	20.6	20	19.8	20	20.1	19.5	19.7	19.5	19.2		19.5	12
1957	19	19.8	20.5	20.3	20.7	20.5	20.4	20.6	19.8	19.6	20.4	19.2		20.1	12
1958	19.8	18.7	20.8	21.2	21	20.6	20.9	20.5	20.2	20.2	20.4	20		20.4	12
1959	19	19.8	20.4	20.7	21	20.4	20.5	20.6	20.4	20.1	21.2	19.8		20.3	12
1960	19.4	19.9	19.4	19.9	19.6	19.6	20.2	20.2	20.9	20.4	21	19.9		20	12
1961	20	19.3	20.3	20.7	19.6	20.3	20.4	19.1	19.4	19.8	19.2	19.8		19.8	12
1962	19	21.5	20.2	20.9	20.5	20	20.6	20	19.7	19.8	20.9	20.8		20.3	12
1963	21	21.1	21	20.4	19.5	18.6	19.8	19.9	19.9					20.1	9
1965									20.9	20.8	22.6	21.3		21.4	4
1966	22.6	22.4	22.6		21.5	21.2	20.9	21.2	21.2	20.6	19.2	19.2		21.1	11
1967	20	21.3	20.4	20.9	21.1				20.5					20.7	6
1968	20.2	19.8	20.5	21	20.8	20.4	21.3	21.1	20.6	20.5	20.5	20.5		20.6	12
1969	20.4	20.6	21.4	22	22.5	21.7	21.9	20.9	20.7	20.5	20.6	20.4		21.1	12
1970	20	20.5	21.2	21.2	20.4	20.8	20.2	20.1	20	20.2	19.3	19.4		20.3	12
1971	19.2	19.2	19.6	19.6	20.8	20.1	20.1	20	20.1	20.5	19.8	19.4		19.9	12
1972	19.9	19.9	20.2	21.1	21.3	20.8	21	20.4	20.9	20.4	20.5	20.4		20.6	12
1973	20.1	20.2	20.8	21.2	20.4	19.6	20	20.1	20	19.8	20.6	18.6		20.1	12
1974	18.9	19.5	19.8	20.1	20.2	19.8	19.9	20.4	19.8	20.1	20.6	20		19.9	12
1975	19.6	20.1	20.1	20.9	20.2	20.4	19.5	20	19.9	20.3	20.2	19		20	12
1976	19	19	20	20	20.6	20.1	20.6	20.7	20.8	21	20.6	21		20.3	12
1977	20.1	20.8	21.2	21.4	20.6	20.1	20.9	20.6	20.6	20.9	20.8	20.4		20.7	12
1978	19.8	20.4	20.2	20.6	20.8	20.4	20	20.7	20.4	20.7	20.7	20.5		20.4	12
1979	19.6	20.8	21.2		21.3	20.9	21.2	20.8	20.3	20.9	21.6	21.2		20.9	11
1980	21	21.4	22.2	22.1	22.8	22.1	21.8	21.6	21.9	21.9	21	20.2		21.7	12
1981	19.9	21.1	21.8	21.4	21.6	20.5	21.1	20.2	20.1	20	20.7	20.4		20.7	12
1982	20.8	20.6	20.4	20.6	20.5	20.7	20.4	21	19.9	20.2	22	21		20.7	12
1983	21.9	20.7	22.1	21.8	22.3	21.4	21.2	21	20.1	20.5	20.6	20.9		21.2	12
1984	20	20.6	20.3	20.8	20.1	19.9	19.7	20	19.4	20.6	19.7	20.2		20.1	12
1985	19.3	20.1	20.6	20.8	20.9	20.6	20.1	20.4	20.1	20	20.4			20.3	11
1986	20	20	20.8	21.6	22	20.9	21	22.6	21	21.4		21		21.1	11
1987	26.6	24.4	23.7	25.3	21.8	21.1	21.1	21.3	21.2			21		22.8	10
1988	20.9	21.5	21.5	21.4	21.7	20.2	21.1	20.4	20.2	21.4	21.1	20.6		21	12
1989	21.3	20.6	20.6	21.1	21	20.5	20.4	20.1	20.6	21	21.3	20.6		20.8	12
1990	21.2	20.5	20.8	21.1	21.4	21.1	20.8	20.9	21	20.5	21.4	20.8		21	12
1991	21	20.8	21	21.6	21.8	21.6	21.5	21.1	21	20.3	20.9	20.6		21.1	12
1992	20.6	20.2	21.4	21.3	21	21	20.5	20.4	20.4	20.7	20.7	20.9		20.8	12
1993	20.4	20.8	20.9	21.5	21.5	21	21.1	20.8	20.5	21.2	21.7	21.2		21	12
1994	21.2	21	21.1	21.2	21.6	21.1	21	21	20.9	21.4	21.5	21.4		21.2	12
1995	21.1	20.9	21	21	21.2	21	20.8	20.6	20.8	20.4	21.4	21		20.9	12
1996	20.2	21	20.5	21.2	21	20.9	20.8	20.8	20.8	20.8	20.9	21		20.8	12
1997	20.3	21	20.9	20.9	22									21	5
1998			22.5	22.3	22.2	20.9	20.5	21	20.2	20.5	20.6	21.5		21.2	10
1999	21	20.9	21	21	20.5	19.9	19.9	19.9	19.6	19.6	19.8	20		20.3	12
2000	20.2	20.6	20.8	21.2	20.3	20	20.5	20.5	19.8	20.7	20.7	20.8		20.5	12
2001	20.4	20.7	19.8	21.1	21.6	21.1	20.8	21.6	20.6	21.2	21.2	21.1		20.9	12
2002	21.3	21.2	21.1	21.4	21.6	21	21.2	21.1	20.6	21.2	21.2	21.4		21.2	12
2003	21.2	21.5	21.3	21.8	21.7	20.7	21.5	21.4	20.9	21	21.4	21		21.3	12
2004	20.8	21.2	21.5	21.7	21.4	21	20.1	20.6	20	20.6	20.6	20.9		20.9	12
2005	20.5	20.4	21	21.7	20.9	20.6	20.8	20.8	21.1	19.8	21	20.6		20.8	12
2006	20.7	20.5	20.6	20.9	20.8	20.5	21	21.1	20.9	21.1	20.5	21		20.8	12
2007	21.2	20.6	21.4	21.3	21.4	20.7	20.8	20.5	20.2	20	21.1	20.8		20.8	12
2008	20.4	19.9	20.2	20.6	20.8	20.4	20.1	20.1	20.4	20	20.4	20.8		20.3	12
2009	20.5	21.1	20.6	21.4	20.8	20.8	21.1	21.6	21.6	21.4	20.9	21.1		21.1	12
2010	21	21.5	21.8	22.2	21.8	20.6	20.6	20.6	20	20.9	20.4	20.1		21	12
2011	21	21	20.9	21	21.7	20.9	20.7	20.9	20.7	20.1	21	20.9		20.9	12
2012	20.9	20.4	21	21.3	21.3	20.6				20.6	21	20.9		20.9	9
2013	21.1	20.9	21.6	22.2	21	20.5	20.7	20.6	20.4	20.9	21	20.9		21	12
2014	21.3	21.4	21	21.9	21.2	21	20.4	21.1	20.4	20.6	21.2	21.8		21.1	12
2015	22	21.1	21.8	21.5	21.5	21.8	21.5	21.4	20.4	20.9	20.8	21.4		21.3	12
2016	20.8													20.8	1
MÍNIMA	16.9	18.7	19.4	19.6	19.5	18.6	19.4	19.1	19.4	19.4	19.2	18.6		19.5	1
MÁXIMA	26.6	24.4	23.7	25.3	22.8	22.1	22	22.6	22	22.4	22.6	22		22.8	12
MEDIA	20.5	20.7	21	21.2	21.1	20.7	20.7	20.7	20.5	20.6	20.8	20.6		20.8	11.3
DESV.ST	1.2	0.9	0.8	0.8	0.7	0.6	0.6	0.6	0.6	0.6	0.7	0.8		0.6	2
