COMISIÓN NACIONAL DEL AGUA
COORDINACIÓN GENERAL DEL SERVICIO METEOROLÓGICO NACIONAL
BASE DE DATOS CLIMATOLÓGICA NACIONAL 

ESTADÍSTICA MENSUAL
EMISIÓN   : 25/10/2024 

DATOS DISPONIBLES EN LA BASE DE DATOS A: OCTOBER DE 2024; 
CON LA INFORMACIÓN SUMINISTRADA POR LAS UNIDADES ADMINISTRATIVAS 

 ESTACIÓN  : 7010 
 NOMBRE    : ARCO DE PIEDRA 
 ESTADO    : CHIAPAS 
 MUNICIPIO : VENUSTIANO CARRANZA 
 SITUACIÓN : SUSPENDIDA 
 CVE-OMM   :   
 LATITUD   : 16.2 ° 
 LONGITUD  : -92.66666667 ° 
 ALTITUD   : 717 msnm 


LLUVIA MÁXIMA 24 H.
AÑO	ENE	FEB	MAR	ABR	MAY	JUN	JUL	AGO	SEP	OCT	NOV	DIC	ACUM	PROM	MESES
1949			0.01	4.5	51.7	28.2	26.3	51	69.5	32.1	2	0.01	265.32	26.5	10
1950	8.9	0.6	36.4	5.9	35.1	75.4	45	80.4	62.4	48.2	0.1	0.1	398.5	33.2	12
1951	0.01	0.2	0.01	0.3	40.7	38	47.8	25.4	49.5	42.5	8.7	0.01	253.13	21.1	12
1952	0	0	16.4	24.4	35.6	40.3	66.5	38.2	64.5	68.5	10	1.3	365.7	30.5	12
1953	1	0	0	12	28.6	86	30.7	41.2	56.5	34	3.4	0.7	294.1	24.5	12
1954	0.01	0.01	32.3	35	45.6	56	50.2	55.2	67.5	43	1	0.01	385.83	32.2	12
1955	1.5	2	12	27.4	39	26.6	59.8	41	26	50.4	2.7	5.2	293.6	24.5	12
1956	2.9	0	3.5	11.3	23.5	105.2	35.4	41.8	101.8	80	2.3	0.01	407.71	34	12
1957	1.5	12	43	34.5	7	89.2	39.5	29	67.9	25.2	2.5	0.01	351.31	29.3	12
1958	0.2	0	0	27.1	27.4	58.5	60.4	58.9	50.7	77.5	23.2	5.5	389.4	32.5	12
1959	0.01	0.8	0.5	6.7	50.2	36.2	32.2	29.5	38.5	89	7	0	290.61	24.2	12
1960	0.8	0	0	9.5	26.5	63.5	53.8	64.1	84.6	67.5	1.9	0.1	372.3	31	12
1961	0.2	5.4	15.5	13.2	36.9	74.8	40.5	57	44	44.6	10.5	1.5	344.1	28.7	12
1962	0.1	0	0.3	10	20	33	41.5	30.4	90.2	33.5	2.5	0.7	262.2	21.9	12
1963	0.01	0.8	0.4	24	72.9	42.9	45	21.5	37.9	3.8	40.7	0.01	289.92	24.2	12
1964	0.01	0	4.3	4.3	12.8	70.5	58.5	46.5	34.6	33.5	18.6	18.2	301.81	25.2	12
1965	1.4	0.01	6.5	7	30.8	54.8	37.8	51.9	42.9	26	8.4	0.8	268.31	22.4	12
1966	0.01	0.01	16.5	45	52.1	30.3	55.5	42.9	83.5	26.9	15.6	1	369.32	30.8	12
1967	6.8	14.4	2.3	57.3	20.2	51.2	22	50	35.2	36	0.3	13.5	309.2	25.8	12
1968	0.01	55.1	0.01	12.5	44.5	56.8	35.5	54.4	73.4	90.5	4	2	428.72	35.7	12
1969	0	0	0.1	30.4	41.4	56.8	93.2	57.2		29.9	1.8	0.9	311.7	28.3	11
1970	0	0	0	8.4	10.5	58.6	73.7	53.7	73.3	33.4	3.9	22.3	337.8	28.1	12
1971	0.01	0.01	0	1.5	13.4	52.5	65.3	66	60.9	0	13.2	0.3	273.12	22.8	12
1972	0	0.7	0.2	28	27.8	39.6	71	35.5	38	20.5	37	0	298.3	24.9	12
1973	0	0	0	8.5	16.5	72	90	57	13.5	128	10.3	0.1	395.9	33	12
1974	0	0.3	27.6	9									36.9	9.2	4
MÍNIMA	0	0	0	0.3	7	26.6	22	21.5	13.5	0	0.1	0	36.9	9.2	4
MÁXIMA	8.9	55.1	43	57.3	72.9	105.2	93.2	80.4	101.8	128	40.7	22.3	428.72	35.7	12
MEDIA	1	3.7	8.4	17.6	32.4	55.9	51.1	47.2	57	46.6	9.3	3	319	27.1	11.6
DESV.ST	2.2	11.3	12.9	14.4	15.6	20.4	18.5	14.1	21.8	29.3	10.7	6	77.4	5.5	1.6

LLUVIA TOTAL MENSUAL
AÑO	ENE	FEB	MAR	ABR	MAY	JUN	JUL	AGO	SEP	OCT	NOV	DIC	ACUM	PROM	MESES
1949			0.01	11.5	135.45	117.84	140.05	277.83	553.01	86.65	8.12	0.08	1330.54	133.1	10
1950	9.54	0.63	36.86	8.15	85.44	276.41	232	272.45	265.66	119.56	0.92	1.61	1309.23	109.1	12
1951	0.01	0.2	0.02	0.31	168.03	173	254.24	121.57	356.13	133.53	17.29	0.15	1224.48	102	12
1952	0	0	22.8	61.91	131.8	254.25	317.65	181.8	345.04	228.66	12.88	1.53	1558.32	129.9	12
1953	1	0	0	18	90.61	368.62	193.4	148.47	347.85	151.97	5.21	1	1326.13	110.5	12
1954	0.03	0.02	39.51	104.31	173.31	388.52	208.78	341.91	242.53	154.65	1.51	0.09	1655.17	137.9	12
1955	1.53	2	12.41	34.11	74.22	173.92	468.72	183.02	126.76	243.55	3.47	14.67	1338.38	111.5	12
1956	2.98	0	3.5	13.21	209.71	446.01	145.58	179.73	410.32	154.76	6.24	0.08	1572.12	131	12
1957	1.51	14.2	45.6	81.13	34.93	268.13	193.24	163.75	314.43	48.67	5.31	0.03	1170.93	97.6	12
1958	0.2	0	0	45.72	136.82	357.22	343.93	272.93	200.14	214.92	61.48	5.67	1639.03	136.6	12
1959	0.16	0.85	1.02	8.51	192.5	269.42	127	127.66	167.14	335.86	8.04	0	1238.16	103.2	12
1960	0.81	0	0	16.8	103.9	452.03	225.78	258.27	372.93	219.15	3.96	0.68	1654.31	137.9	12
1961	0.44	5.43	16.02	36.8	124.13	244.55	242.72	218.55	173.07	120.57	30.27	3.15	1215.7	101.3	12
1962	0.19	0	0.3	24.62	46.71	177.73	165.01	221	460.93	109.82	3.32	1.25	1210.88	100.9	12
1963	0.19	1.34	0.63	77.61	142.61	182.15	248.19	138.78	214.63	6.55	85.18	0.18	1098.04	91.5	12
1964	0.11	0	4.3	4.61	50.9	215.92	284.51	171.83	264.46	79.54	29.54	23.12	1128.84	94.1	12
1965	1.46	0.02	10.7	11.4	101.44	412.24	209.59	172.79	245.65	138.31	16.59	0.95	1321.14	110.1	12
1966	0.11	0.04	16.5	122.22	185.52	219.04	206.74	159.38	290.63	114.58	17.48	1.13	1333.37	111.1	12
1967	6.88	14.41	3.2	66.35	36.01	165.13	144.59	315.36	131.33	143.72	0.42	15.69	1043.09	86.9	12
1968	0.01	60.4	0.01	26.5	152.81	282.81	136.04	98.54	291.53	173.97	6.62	3.09	1232.33	102.7	12
1969	0	0	0.1	36.8	77.8	265.9	340.7	384.2		83.21	3.61	0.9	1193.22	108.5	11
1970	0	0	0	8.5	42.6	247.8	379.3	245	357.2	87.9	4.12	23.8	1396.22	116.4	12
1971	0.02	0.02	0	1.51	34.41	232	299.9	348.15	328	0	47.98	0.58	1292.57	107.7	12
1972	0	0.7	0.2	79.7	94.8	175.7	350.8	205.5	111	58	68	0	1144.4	95.4	12
1973	0	0	0	24.5	69.5	450.1	309.6	457.8	71.4	282.6	14.92	0.1	1680.52	140	12
1974	0	0.3	46	11.5									57.8	14.4	4
MÍNIMA	0	0	0	0.31	34.41	117.84	127	98.54	71.4	0	0.42	0	57.8	14.4	4
MÁXIMA	9.54	60.4	46	122.22	209.71	452.03	468.72	457.8	553.01	335.86	85.18	23.8	1680.52	140	12
MEDIA	1.1	4	10	36	107.8	272.7	246.7	226.7	276.7	139.6	18.5	4	1283.3	108.5	11.6
DESV.ST	2.3	12.4	15.3	33.8	53.5	98.8	87.9	90	116.6	81.2	23.1	7.2	311.1	24.9	1.6

EVAPORACIÓN MENSUAL
AÑO	ENE	FEB	MAR	ABR	MAY	JUN	JUL	AGO	SEP	OCT	NOV	DIC	ACUM	PROM	MESES
1949			160.3										160.3	160.3	1
1951	125.8	148.5	220.3		206.8	183.1	144.9	147.8	129	126	104	118.4	1654.6	150.4	11
1952	152.5	171.7	241.7	217.8	192.2	150.5	141.5	139.4	129.8	98.6	107.3	101	1844	153.7	12
1953	129.1	115.9				168.5	131.7	140.2	133	113.2	104	112.2	1147.8	127.5	9
1954	156.8	167.4	233.3	211.9	194.8	131.1	137	158.1	123.6	107.1	109.8	116.9	1847.8	154	12
1955	144.4	185.1	273.9	262.9	238.3	172.2	110.8	137.7	114.7	91.6	82.4	102.3	1916.3	159.7	12
1956	127.5	178.3	235.2	261	166.2	124.2	122.8	162.3	119	113.9	98.5	121.7	1830.6	152.6	12
1957	154.6	170.9	227.9	195.4	223	117.2	115.4	142.3	112.3	126.5	110.3	120.6	1816.4	151.4	12
1958	134.6	164.8	258.6	248.1	226.3	108.2	103.3	135.3	125.5	121.3	102.3	89.4	1817.7	151.5	12
1959	121.8	162.7	228.5	241.2	198.5	127.5	128	130.3	136.3	126.3	88.1	98.1	1787.3	148.9	12
1960	124	157.7	226	236.8	223.2	122.1	128.1	135.9	124.2	117.5	107.3	100.7	1803.5	150.3	12
1961	128.7	165.2	244	239.1	217.8	129.5	122	135.1	127.7	104.3	87.1	120.9	1821.4	151.8	12
1962	143.7	170.2	232.7	223.3	241.8	150.6	133.4	105.9	98.6	107.7	95.4	108.8	1812.1	151	12
1963	139.3	168.2	223.2	212.4	185.9	144.4	105.8	127.8	96.7	118.5	95.6	92.3	1710.1	142.5	12
1964	132.7	163.5	236.5	247.5	233.4	137.5	117	130.3	114.4	105.4	108.6	99.7	1826.5	152.2	12
1965	127.7	163	222.2	224.9	201.1	125.5	117.5	113.4	102.5	78.8	87.9	92.6	1657.1	138.1	12
1966	119.2	148.6	205.8	191.7	137	104.1	109.6	120.6	104.2	97.9	85.1	96.2	1520	126.7	12
1967	114.7	151.7	215.1	217.2	230.3	133.7	121.4	127.2	103.1	88.6	79.9	96.9	1679.8	140	12
1968	122.2	145.1	214.1	232.8	191.3	129.6	117.6	113.8	110.5	91.7	92.9	101.5	1663.1	138.6	12
1969	126.4	153.68	214.5	225.7	210.1	160.6	124.2	123.2		120.77	105.8	119.2	1684.15	153.1	11
1970	138.5	137.1	223.5	264.8	229	182.7	139.4	144.6	119.4	110.9	99.4	119.8	1909.1	159.1	12
1971	136.53	171.63	224.83	229.53	231.51	155.14	158.83	141.71	140.56	131.6	109.66		1831.53	166.5	11
1972	156.3	178.2	248.3	243.1	188.5	152.5	167	148.3	150.2	142.6	116.4	123.6	2015	167.9	12
1973	147.2	166.5	246.4	239.6	225.4	158.6	149.3	141.5	129	115.8	105.3	107.8	1932.4	161	12
1974	138.1	147.7	205.4	210.2									701.4	175.3	4
MÍNIMA	114.7	115.9	160.3	191.7	137	104.1	103.3	105.9	96.7	78.8	79.9	89.4	160.3	126.7	1
MÁXIMA	156.8	185.1	273.9	264.8	241.8	183.1	167	162.3	150.2	142.6	116.4	123.6	2015	175.3	12
MEDIA	135.1	160.6	227.6	230.8	208.7	142.1	128.1	134.9	120.2	111.2	99.3	107.3	1655.6	151.4	11
DESV.ST	12.2	15.1	21.6	20.1	25.7	22.3	16.5	13.8	14.1	15.3	10.3	11.2	411.9	11.4	2.7

TEMPERATURA MÁXIMA PROMEDIO
AÑO	ENE	FEB	MAR	ABR	MAY	JUN	JUL	AGO	SEP	OCT	NOV	DIC	ACUM	PROM	MESES
1949			37.4	37.6	36.9	33.7	33.3	33.8	31.5	31.8	29.8	32.5		33.8	10
1950	34.3	34.9	36.9	36.8	36	32.9	32.8	32.7	32.8	30.8	30.8	31.3		33.6	12
1951	33.2	33.3	36.6	37.8	36.1	34	32.5	34	31.6	31.7	31.3	36		34	12
1952	36.7	35.7	37.8	36.1	34.5	32.1	31.7	32.4	31.8	28.5	31	30.2		33.2	12
1953	31.4	34.3	36.3	37.6	36.7	33.2	31.6	32.6	31.3	30.3	30.1	30.4		33	12
1954	32.6	33.2	36.1	35.7	33.9	31.8	32	32.6	31.8	30.4	30.8	30.7		32.6	12
1955	31.6	33.3	35.5	37.2	35.8	33	30.9	32.7	31.8	30	31.1	30.9		32.8	12
1956	31.3	35.8	35.7	37.5	33.3	30.9	32	33.7	31.3	31.4	30.4	32.1		33	12
1957	33.5	34.8	35.5	35.8	36.9	32.7	32.4	32.3	31.5	30.6	32.2	30.6		33.2	12
1958	30.3	32.5	36.3	37.3	35.4	32.2	32	32.7	32.3	31.8	32	30.2		32.9	12
1959	31.4	35.3	35.1	36.4	35.2	32	31.9	32.8	33.4	32.3	29.6	30		33	12
1960	32.6	33.6	35.5	36.1	36.1	32.1	31.9	32	31.7	31.8	31.1	30.5		32.9	12
1961	31	33.6	36.8	36.3	35.7	33	32.4	32.8	32.3	30.8	30.2	32.4		33.1	12
1962	31.2	35.5	36	35.8	36.3	32.8	32.6	33.8	33.4	32.2	31	31.9		33.5	12
1963	32.8	33	36.1	37	35.5	33.7	32.4	33.7	31.6	32	30.7	29.8		33.2	12
1964	32	33.8	37.5	37.7	36.2	32.1	31.6	32.9	32.6	30.2	31.9	31.3		33.3	12
1965	32	34.1	35.8	36.8	36.7	31.9	32.5	32.8	32.8	30.1	31.9	32		33.3	12
1966	31.7	34.3	35.3	36.3	34.7	33.4	33.4	33.2	32.1	31	30	30.6		33	12
1967	30.9	32.6	35.6	36.6	37	33.2	33.7	33.9	31.7	30.6	31.1	32.9		33.3	12
1968	32.7	32.1	34.2	37	35.6	33	33.2	33.7	32.6	31.5	31.8	32		33.3	12
1969	32.8	35.4	35.5	37.6	36.7	34.5	32.7	31.8		30.9	29.5	31.3		33.5	11
1970	31.2	31.6	35.1	36.8	35.1	33.1	31.1	32.2	30.3	30.7	28.9	31.6		32.3	12
1971	32.1	33.8	34.7	34.6	36.2	32.4	31.6	31.3	32	31.6	30.5	32.4		32.8	12
1972	33	33.2	35.9	36.2	34.8	31.9	32.1	31.6	32.7	32	32.3	31.9		33.1	12
1973	32	33.4	37.4	36.8	35.5	32.2	32	31.7	32	31.4	31.3	29.4		32.9	12
1974	32.7	32.4	34.8	35.8										33.9	4
MÍNIMA	30.3	31.6	34.2	34.6	33.3	30.9	30.9	31.3	30.3	28.5	28.9	29.4		32.3	4
MÁXIMA	36.7	35.8	37.8	37.8	37	34.5	33.7	34	33.4	32.3	32.3	36		34	12
MEDIA	32.3	33.8	36	36.7	35.7	32.7	32.3	32.8	32	31.1	30.9	31.4		33.2	11.6
DESV.ST	1.3	1.2	0.9	0.8	1	0.8	0.7	0.8	0.7	0.9	0.9	1.3		0.4	1.6

TEMPERATURA MÁXIMA EXTREMA
AÑO	ENE	FEB	MAR	ABR	MAY	JUN	JUL	AGO	SEP	OCT	NOV	DIC	ACUM	PROM	MESES
1949			39.5	41	40	38	35	37	33	33.5	34	36		36.7	10
1950	36.5	38	38.5	39.5	39.5	36.5	34.5	34.5	35.5	34	33.5	34.5		36.2	12
1951	36.5	38	39.5	41.5	39.5	37	36	36.5	34	34	34.5	38		37.1	12
1952	42	39.5	40	38.5	38	35.5	33.5	33.5	33.5	32	32.5	40		36.5	12
1953	34.5	38.5	37.5	39.5	39.5	37.5	33.5	35	33.5	33.5	34.5	35		36	12
1954	35.5	36.5	39.5	39	37	35	33	36	34.5	33	33.5	34		35.5	12
1955	34.5	36.5	38	39	38.5	36	33	35.5	34	33.5	33	33.5		35.4	12
1956	35	38	39	39.5	38.5	33	33	36.5	33.5	33	33.5	34.5		35.6	12
1957	36	38	39	37.5	40	36.5	34	34	33.5	33.5	34.5	35.5		36	12
1958	35.5	36.5	39	40	40	33.5	33.5	34.5	33.5	33.5	34	33.5		35.6	12
1959	36.5	37.5	40	39	38	36	34	35	36	34.5	33	33.5		36.1	12
1960	36	38.5	38.5	40.5	38.5	35.5	33	33.5	33.5	34	32.5	34		35.7	12
1961	35	37	40	39	39	37.5	34.5	35	33.5	33.5	34	35		36.1	12
1962	37	38	39	38.5	39	39	34.5	35.5	35	34	34	34		36.5	12
1963	37	36	38	39.5	38.5	37	34.5	36.5	35.5	34	35	34		36.3	12
1964	35	38	40.5	39.5	40.5	35.5	33.5	35	34.5	33.5	35	34.5		36.2	12
1965	35	37.5	39	39	39.5	36.5	34	34.5	34	33.5	33.5	36		36	12
1966	36	38.5	39.5	38.5	37.5	37	35.5	34.5	34.5	34	33.5	35		36.2	12
1967	34.5	37	38	39.5	39.5	39.5	36	38	34.5	33.5	35.5	36		36.8	12
1968	36	36	38	38.5	38.5	36	36	37	35	33.5	34	35		36.1	12
1969	36	38	38.5	40	42	39	35	33.5		34	32	35		36.6	11
1970	35	36	38	40	39	36.5	32.5	35	32.5	34	32	35		35.5	12
1971	37	38	37.5	40	37.5	36	33.5	33	35	34	32.5	34		35.7	12
1972	38	36	38	39.5	37	34	35	33	34	34	34	35		35.6	12
1973	35.5	36	40	40	39	34	33.5	33.5	35	34	34	33		35.6	12
1974	34.5	35.5	39	39										37	4
MÍNIMA	34.5	35.5	37.5	37.5	37	33	32.5	33	32.5	32	32	33		35.4	4
MÁXIMA	42	39.5	40.5	41.5	42	39.5	36	38	36	34.5	35.5	40		37.1	12
MEDIA	36	37.3	38.9	39.4	38.9	36.3	34.2	35	34.2	33.7	33.7	34.9		36.1	11.6
DESV.ST	1.6	1.1	0.9	0.8	1.1	1.7	1	1.4	0.9	0.5	0.9	1.5		0.5	1.6

TEMPERATURA MÍNIMA PROMEDIO
AÑO	ENE	FEB	MAR	ABR	MAY	JUN	JUL	AGO	SEP	OCT	NOV	DIC	ACUM	PROM	MESES
1949			17.5	18.9	20.6	20.6	19.3	19.6	20.4	19.8	13.2	12		18.2	10
1950	13.6	12.9	17.1	18.3	20.8	20.9	20.2	20.1	21	18.6	13.4	9.9		17.2	12
1951	11.9	11.3	16.1	18.6	21.2	20.9	20.7	20.6	21	19.3	16.6	14.3		17.7	12
1952	12.3	13.3	16.8	20	20.4	20.8	20.5	20.2	21	17.7	16.4	12.5		17.7	12
1953	10.8	14.1	15.4	19.3	20.5	21.2	20.1	20.3	20.4	19.4	16.4	14.4		17.7	12
1954	12.6	12.6	16.7	18.7	20.4	20.9	19.9	19.8	20.6	18.8	14.5	11.5		17.2	12
1955	11.9	13.2	16.3	19.3	19.5	20.1	19.8	20	20.2	19.3	16.8	14.6		17.6	12
1956	11.5	14.6	15.2	19.3	20.4	20.5	19.1	19.6	20.2	18.9	15.2	14.1		17.4	12
1957	13.3	15	15.7	19.1	19.7	21.2	19.9	19.7	20.3	18	16.4	12.3		17.6	12
1958	14	13.8	17.6	19.8	21	21.5	20.5	20.5	20.7	20.2	18.1	15.1		18.6	12
1959	13.7	14.4	17.4	19.4	20.4	21.1	19.5	19.7	19.7	20.5	15.9	13.1		17.9	12
1960	13	11.6	15.1	17.8	20.8	21.1	20.5	20.3	20.6	20.4	17.2	13.2		17.6	12
1961	14.1	15.5	17.1	19.8	20.4	20.4	19.9	19.4	19.8	18.9	16.6	14.3		18	12
1962	12.5	14.1	16.1	19.6	20	20.8	19.5	19.7	20.5	19.8	14.4	13.1		17.5	12
1963	12.8	13.2	17.3	19.2	20.2	20.9	20.5	20.2	20.9	18.4	17.2	12.5		17.8	12
1964	13	14.3	17.7	19.6	20.5	20.4	20.3	19.6	20.4	17	16.1	14.5		17.8	12
1965	12.7	14.6	15.7	18.5	21.3	20.8	19.8	20.1	20.6	18.9	16.6	14.3		17.8	12
1966	12.6	14.9	16	20.1	21	20.8	20.4	20.1	20.7	19.5	13.5	11.7		17.6	12
1967	12.7	13.5	15.4	18.3	20.8	20.9	19	19.5	19.9	19.1	15	14.2		17.4	12
1968	13.2	11.7	15.1	19.6	21.2	20.9	19.5	19.5	20.6	19.5	15.2	14		17.5	12
1969	13.1	16.3	18.3	20.4	21.7	21.6	20.4	21.3		20	16.8	13.1		18.5	11
1970	13.2	13	16.6	21.5	20.9	21.5	21.1	20.5	20.6	19.9	14.3	12.5		18	12
1971	12.8	12.8	16.2	16.1	21.9	20.2	19.5	19.5	20	19.5	17	14.6		17.5	12
1972	14.7	13	17.3	20	19.9	18.9	19.5	19.5	19.5	18.5	18.2	13.8		17.7	12
1973	12.7	13.2	18.4	20.4	21.7	21	19.9	20.2	20.4	20.2	16.8	10.8		18	12
1974	14.3	13.2	17.7	19.1										16.1	4
MÍNIMA	10.8	11.3	15.1	16.1	19.5	18.9	19	19.4	19.5	17	13.2	9.9		16.1	4
MÁXIMA	14.7	16.3	18.4	21.5	21.9	21.6	21.1	21.3	21	20.5	18.2	15.1		18.6	12
MEDIA	12.9	13.6	16.6	19.3	20.7	20.8	20	20	20.4	19.2	15.9	13.2		17.7	11.6
DESV.ST	0.9	1.2	1	1	0.6	0.5	0.5	0.5	0.4	0.9	1.4	1.3		0.5	1.6

TEMPERATURA MÍNIMA EXTREMA
AÑO	ENE	FEB	MAR	ABR	MAY	JUN	JUL	AGO	SEP	OCT	NOV	DIC	ACUM	PROM	MESES
1949			13	13.5	18	19	16	16.5	18.5	15	8.5	9		14.7	10
1950	11	10	12	13	18.5	18	19	18	18.5	12.5	8	6.5		13.8	12
1951	8	6.5	11.5	14	18	19	19	18.5	19	15	11	10.5		14.2	12
1952	9	7	11.5	16.5	16	19	18	18.5	20	12.5	12.5	9.5		14.2	12
1953	5	10	13.5	15	15.5	20	18	18	18	16.5	10	11		14.2	12
1954	10	10	11.5	15	18	19	14.5	17.5	19.5	15.5	10.5	7.5		14	12
1955	9	8.5	12.5	17	16	18	18	18.5	18.5	15	14	10		14.6	12
1956	6	11.5	11.5	14.5	18	19	16	17	18.5	15	11.5	9.5		14	12
1957	10	11	11	16.5	17.5	20	18	18.5	18.5	12.5	13	7		14.5	12
1958	10.5	9.5	12	15.5	16	19	19	19	18	17	15.5	10.5		15.1	12
1959	9.5	11.5	11.5	13.5	15.5	19.5	17	18	18	18	9	9		14.2	12
1960	5	6	11	12	17	19.5	19	18.5	17.5	19	14	8		13.9	12
1961	11	11	14.5	15	15.5	18	18	17.5	18	16	10	10		14.5	12
1962	8.5	10.5	13.5	15	16	19	17.5	17.6	19	17	10.5	10		14.5	12
1963	10	7	14	15.5	19	19.5	19	19	18	14.5	12	6		14.5	12
1964	9	11	15	17	18	18.5	19	18	19	13.5	12.5	12		15.2	12
1965	7	8.5	10.5	14	18.1	19.5	17.5	18	18.5	13	13	10.5		14	12
1966	7.5	10	9.5	17.5	18.5	18.5	17.5	16.5	19	14	10	9		14	12
1967	8.5	8.5	12	15.5	18	19	15	16	17	15.5	12	10		13.9	12
1968	9.5	7	10	17	19	18.5	16.5	16.5	18.5	14	9.5	10		13.8	12
1969	10.5	12.5	14.5	15	18	19	18	20		16.5	11	9.5		15	11
1970	8	8.5	11	17.5	15.5	18.5	19	16.5	18.5	17.5	10	10		14.2	12
1971	10	8.5	9.5	11	19	16	17	18	18.5	15.5	12.5	9		13.7	12
1972	11.5	6	14	14	15.5	14	17	18	18	15	15	8		13.8	12
1973	7	10	15	16.5	19	19	18	19	19	18	12	6		14.9	12
1974	12	10	10	16										12	4
MÍNIMA	5	6	9.5	11	15.5	14	14.5	16	17	12.5	8	6		12	4
MÁXIMA	12	12.5	15	17.5	19	20	19	20	20	19	15.5	12		15.2	12
MEDIA	8.9	9.2	12.1	15.1	17.3	18.6	17.6	17.9	18.5	15.3	11.5	9.1		14.2	11.6
DESV.ST	1.9	1.8	1.7	1.7	1.3	1.3	1.3	1	0.6	1.8	2	1.6		0.6	1.6

TEMPERATURA MEDIA MENSUAL
AÑO	ENE	FEB	MAR	ABR	MAY	JUN	JUL	AGO	SEP	OCT	NOV	DIC	ACUM	PROM	MESES
1949			27.4	28.2	28.8	27.2	26.3	26.7	26	25.8	21.5	22.2		26	10
1950	24	23.9	27	27.5	28.4	26.9	26.5	26.4	26.9	24.7	22.1	20.6		25.4	12
1951	22.6	22.3	26.4	28.2	28.6	27.4	26.6	27.3	26.3	25.5	24	25.1		25.9	12
1952	24.5	24.5	27.3	28	27.4	26.5	26.1	26.3	26.4	23.1	23.7	21.4		25.4	12
1953	21.1	24.2	25.8	28.5	28.6	27.2	25.9	26.5	25.9	24.9	23.2	22.4		25.4	12
1954	22.6	22.9	26.4	27.2	27.1	26.4	26	26.2	26.2	24.6	22.6	21.1		24.9	12
1955	21.8	23.2	25.9	28.2	27.6	26.6	25.4	26.4	26	24.6	24	22.8		25.2	12
1956	21.4	25.2	25.5	28.4	26.8	25.7	25.6	26.7	25.8	25.1	22.8	23.1		25.2	12
1957	23.4	24.9	25.6	27.4	28.3	27	26.1	26	25.9	24.3	24.3	21.5		25.4	12
1958	22.1	23.1	27	28.5	28.2	26.9	26.2	26.6	26.5	26	25	22.6		25.7	12
1959	22.5	24.8	26.2	27.9	27.8	26.6	25.7	26.2	26.5	26.4	22.8	21.6		25.4	12
1960	22.8	22.6	25.3	27	28.5	26.6	26.2	26.1	26.1	26.1	24.1	21.9		25.3	12
1961	22.6	24.6	27	28	28	26.7	26.1	26.1	26	24.9	23.4	23.4		25.6	12
1962	21.9	24.8	26	27.7	28.1	26.8	26	26.8	27	26	22.7	22.5		25.5	12
1963	22.8	23.1	26.7	28.1	27.9	27.3	26.4	27	26.2	25.2	24	21.1		25.5	12
1964	22.5	24	27.6	28.7	28.4	26.2	26	26.2	26.5	23.6	24	22.9		25.6	12
1965	22.4	24.4	25.8	27.6	29	26.4	26.1	26.4	26.7	24.5	24.2	23.1		25.6	12
1966	22.1	24.6	25.6	28.2	27.9	27.1	26.9	26.7	26.4	25.2	21.8	21.1		25.3	12
1967	21.8	23	25.5	27.5	28.9	27	26.4	26.7	25.8	24.9	23	23.5		25.3	12
1968	23	21.9	24.7	28.3	28.4	27	26.4	26.6	26.6	25.5	23.5	23		25.4	12
1969	23	25.9	26.9	29	29.2	28	26.6	26.6		25.4	23.1	22.2		26	11
1970	22.2	22.3	25.9	29.1	28	27.3	26.1	26.4	25.5	25.3	21.6	22		25.1	12
1971	22.5	23.3	25.5	25.4	29	26.3	25.6	25.4	26	25.6	23.8	23.5		25.2	12
1972	23.9	23.1	26.6	28.1	27.3	25.4	25.8	25.6	26.1	25.2	25.2	22.9		25.4	12
1973	22.4	23.3	27.9	28.6	28.6	26.6	26	26	26.2	25.8	24	20.1		25.5	12
1974	23.5	22.8	26.2	27.4										25	4
MÍNIMA	21.1	21.9	24.7	25.4	26.8	25.4	25.4	25.4	25.5	23.1	21.5	20.1		24.9	4
MÁXIMA	24.5	25.9	27.9	29.1	29.2	28	26.9	27.3	27	26.4	25.2	25.1		26	12
MEDIA	22.6	23.7	26.3	28	28.2	26.8	26.1	26.4	26.2	25.1	23.4	22.3		25.4	11.6
DESV.ST	0.8	1	0.8	0.7	0.6	0.5	0.3	0.4	0.4	0.8	1	1.1		0.3	1.6
