COMISIÓN NACIONAL DEL AGUA
COORDINACIÓN GENERAL DEL SERVICIO METEOROLÓGICO NACIONAL
BASE DE DATOS CLIMATOLÓGICA NACIONAL 

ESTADÍSTICA MENSUAL
EMISIÓN   : 25/10/2024 

DATOS DISPONIBLES EN LA BASE DE DATOS A: OCTOBER DE 2024; 
CON LA INFORMACIÓN SUMINISTRADA POR LAS UNIDADES ADMINISTRATIVAS 

 ESTACIÓN  : 7020 
 NOMBRE    : VERTEDOR 1-2-3 
 ESTADO    : CHIAPAS 
 MUNICIPIO : MEZCALAPA 
 SITUACIÓN : OPERANDO 
 CVE-OMM   :   
 LATITUD   : 17.22083333 ° 
 LONGITUD  : -93.73388889 ° 
 ALTITUD   : 270 msnm 


LLUVIA MÁXIMA 24 H.
AÑO	ENE	FEB	MAR	ABR	MAY	JUN	JUL	AGO	SEP	OCT	NOV	DIC	ACUM	PROM	MESES
1963				41	25	49	90.5	85.5	84	64.5	117.5	19.5	576.5	64.1	9
1964	77	21	99	65	33.5	70	138	90	114.5	73	51.5	106	938.5	78.2	12
1965	130	63	39	84	13.5	54	68	52.9	90	88.5	113	67.5	863.4	72	12
1966	25.5	18.5	20	13	83	47.8	60	39	91.5	109.8	36.6	44.8	589.5	49.1	12
1967	47.9	22	25.8	35	50.8	111	31	56.3	260	78	41.5	204	963.3	80.3	12
1968	75.4	30	23.2	29	10.2	94.3	46.5	40	304.7	92.5	26.5	67	839.3	69.9	12
1969	40	36.8	42	0	74	47.7	82.8	70.2	78.3	44.9	126.2	16.8	659.7	55	12
1970	19.5	31.5		16.7	40.3	116.7	96	72.8	101.4	83	71.8	13	662.7	60.2	11
1971	12.8	19.8	69.4	42.5	62.1	49.4	68.5	58.3	129.4	81	64.9	94.4	752.5	62.7	12
1972	53.5	64	52.7	42.1	52.7	83	41	38.6	45	91.1	59	110	732.7	61.1	12
1973	31.4	25.6	8.3	37.8	115.1	82.4	95.5	116.8	83.3	92.5	127.4	35.9	852	71	12
1974	115.8	88.2	4.2	151.7	96.8	43	37.3	57	158	201	78	13.1	1044.1	87	12
1975	60	25	20.6	19.7	38.4	33	65.4	47	75.8	115.2	108	63.8	671.9	56	12
1976	115	41.5	31	30	42	42.2	81	46.5	77.4	98	80	33.8	718.4	59.9	12
1977	24.3	17.7	44.8	13.3	12.2	45.2	32.8	72	33.6	110	155.4	60	621.3	51.8	12
1978	60	27	43	6	63	63	66	48.6	41	51.2	60.8	55.5	585.1	48.8	12
1979	63.5	50.5	42.6		92	45.5	83.6	97.5	89.5	74.7	49.3	140	828.7	75.3	11
1980	38.5	49.5	91.2	24.8	31	57.5	116.5	49.8	74.4		39.2	30.7	603.1	54.8	11
1981	51.5	92.5	33.9	39.5	80	87	98.5	80.9	110	64.5	61.3	27.5	827.1	68.9	12
1982	41.3	68.6	26.6	49.5	68.3	54.4	94	73.5	48.5	68.8	118.8	64.5	776.8	64.7	12
1983	25	38.5	31.2	7.5	43.5	30	65	70.6		68.8		185.6	565.7	56.6	10
1984	45.8	15	11.4	6.3	65.4	42.5	62.8	56	73.7	58	72.5	68.5	577.9	48.2	12
1985	24	80	28	15.6	17.3	49.2	98.9	79.3	98.8	82.5	24.5	56	654.1	54.5	12
1986	50.5	19.6	45.5	6.7	184.6	52.3	25.5	55.4	80.5	111.2	79.3	46.5	757.6	63.1	12
1987	49.2	22.3	19	11.8	13.4	74.6	44.2	46.6	92.5	35.8	44.3	20	473.7	39.5	12
1988	61.5	60	39.1	45.6	3.9	86	89	123.4	58.1	75.1	63	31.5	736.2	61.4	12
1989	78	86.4	71.7	63.5	126.3	36	44	109.7		107.4			723	80.3	9
1990	34.8	57.5	37.6	78.5	36	74.9	52.5	39.8	135.1	84.7	124.9	82.9	839.2	69.9	12
1991	51.2	60	19	7.2	12.6	142.2	45.6	55.4	39	66.9	119.6	70.4	689.1	57.4	12
1992	33.3	10.8	15.8	8.2	58.3	51.8	57.4	25.7	114.6	64.5	43.6	51.2	535.2	44.6	12
1993	52.7	35.5	17.6	28.5	27.5	133.8	28	129.8					453.4	56.7	8
1996						94.6			91.6				186.2	93.1	2
1997								78					78	78	1
2006	93.8	40	48.3	43.3	52.3	51.5	51.5	67.7	46.8	91.4	57.5	108.5	752.6	62.7	12
2007	61.8	39.3	26	9	16.7	13.5	28.5	69.6	43	189.5	31.7		528.6	48.1	11
2008	93.6	39.9	9	64.7	146.6	64.5	38	69	77.4	49.5	98.7	85.5	836.4	69.7	12
2009	133	27.8	42.9	31.5	43.5	46.2	46.2	51.8	86.5	73.5	27.4	62	672.3	56	12
2010	51	12	7.8	22.2	59	62.5	165.8	88.3	114	36.5	25	19.2	663.3	55.3	12
2011	100	31.5	100.5	15.7	45.3	36.7	92.6	64.7	98.6	65.2	46.5	60	757.3	63.1	12
2012	54.7	46.3	70.8	6.3	64.6	47.6	33	126.5	88	38.6	5		581.4	52.9	11
2013	51	18.5	24.4	20	76.6	68.7		182.8		80	67.5	140	729.5	73	10
2014	65	8	13.8	105.8	80	83.6	32	54	74.4	144	27	11	698.6	58.2	12
2015	30	47.8	46.9	26	70.8	22.8	23	22.5	62	140	80.6	120	692.4	57.7	12
2016	58.7	35.5	22.7	16.5	23	61	31.2	108.7	83	65.7	83.6	98.8	688.4	57.4	12
2017	158.6	17	38	48.6	137.6	43.7	57	56	104	98.3	17.8	11.1	787.7	65.6	12
2018	95.6	11.1	10.5	93.5	30.9	47.1	46.7	46.5	57	90	43.1	29.6	601.6	50.1	12
2019	16.8	33.9	29.6	6.2	44	38.5	67.2	44.3		58.9	45.4	28.9	413.7	37.6	11
2020	20.5	32.8	77.5	26.4	83.6	79.2	85.4	84.4	130.3	89.3	115.1	11.3	835.8	69.7	12
2021	57.4	15.9	13.4	25.5	90.9	71.6	62.1	29.4	47.7	89.3	47.7	19.1	570	47.5	12
MÍNIMA	12.8	8	4.2	0	3.9	13.5	23	22.5	33.6	35.8	5	11	78	37.6	1
MÁXIMA	158.6	92.5	100.5	151.7	184.6	142.2	165.8	182.8	304.7	201	155.4	204	1044.1	93.1	12
MEDIA	59.4	37.7	36.3	34.4	58.3	62.1	64.5	69.4	92.7	85.3	67.7	62.5	677.3	61.6	11.2
DESV.ST	33.2	21.9	24.2	30.5	38.9	26.9	30.8	31.1	51.1	33.9	36.2	46.4	173.6	11.8	2.2

LLUVIA TOTAL MENSUAL
AÑO	ENE	FEB	MAR	ABR	MAY	JUN	JUL	AGO	SEP	OCT	NOV	DIC	ACUM	PROM	MESES
1963				41	63	187.53	547.53	312.63	682.51	112.52	289.04	111.06	2346.82	260.8	9
1964	228.08	116.07	190.57	130.02	114.56	372.02	432.55	394.05	486.53	324.08	249.58	424.09	3462.2	288.5	12
1965	404.82	172.6	107.57	181	16.5	408	139	294.6	285.3	551.1	377.9	257.1	3195.49	266.3	12
1966	166	121.8	106.8	41.9	166	331.8	346.4	188.6	345.31	555.1	215.46	238.72	2823.89	235.3	12
1967	236.41	110.76	58.42	44.8	124.32	416.31	143.32	304.41	603.71	336.02	113.12	390.9	2882.5	240.2	12
1968	280.41	140.98	64.16	91.75	32.14	287.6	273.6	326.8	860.62	376.76	85.57	217.27	3037.66	253.1	12
1969	159	85.72	114.7	0	138.2	239.7	343.1	545	548.4	369.51	379.6	47	2969.93	247.5	12
1970	91.72	98.33		27.83	139.27	467.41	602.41	413.16	675	467.48	273.94	270.5	3527.05	320.6	11
1971	62.69	34.98	283.59	85.95	150.8	148	277.21	380.1	482.2	278.83	265.26	242.15	2691.76	224.3	12
1972	224.2	96.4	69.2	61.8	67.2	398.7	297.6	245	287.8	246.9	190.8	186.3	2371.9	197.7	12
1973	99.6	132.3	16	93.5	216.6	375.9	368.1	714.3	366.3	529.8	201.3	114.2	3227.9	269	12
1974	181.5	237.3	4.5	397.9	192.5	268.1	227.4	327.4	569.1	560.2	252.7	40.2	3258.8	271.6	12
1975	172.7	85.9	48.3	32	115.4	232.1	171.1	196.7	529.2	783	335.3	168.2	2869.9	239.2	12
1976	383.7	151.4	53.5	35	76.9	197.3	223.4	321.3	324	386.2	306.4	231.4	2690.5	224.2	12
1977	102.5	108.9	88.5	41.2	13.2	156.3	200.6	366.5	222.7	294.6	331.9	265.1	2192	182.7	12
1978	160.9	85	131.9	12.7	216.5	446.3	351.1	268.7	265.9	293.7	227	150.9	2610.6	217.6	12
1979	235.7	135.5	64.7		244.1	367.2	309.9	366.1	430.3	295.5	222.6	372	3043.6	276.7	11
1980	150.2	128	245	98.5	43.2	332.5	480.6	292.1	354.5		278.2	164.4	2567.2	233.4	11
1981	86.5	345.4	71.2	119.8	179.1	436.2	488.6	377.3	666.9	370.1	242.2	106	3489.3	290.8	12
1982	150.1	272.7	75.7	141.3	173.8	194.3	273	351.1	428.2	306.8	333.5	226.7	2927.2	243.9	12
1983	126.7	86.9	47.6	20.7	62.9	129.2	295.4	415.2		337.9		504.5	2027	202.7	10
1984	150	62.5	39.3	6.3	202.3	305.2	371	377	571.5	147.4	163.6	164	2560.1	213.3	12
1985	111.1	133.3	103.3	60.7	37	270.1	366.9	408.1	549.4	313.9	42.8	337	2733.6	227.8	12
1986	260.1	41.4	70.7	6.7	520.3	143.9	166.3	257.1	305.4	263.1	278.51	118.6	2432.11	202.7	12
1987	108.8	57	81.1	26.3	25.6	271.6	289.01	267.9	409.7	258.41	204.2	80.1	2079.72	173.3	12
1988	235.4	181.5	99	68.3	5.8	470.6	273.4	623.7	331.4	463.3	242.8	153.2	3148.4	262.4	12
1989	233	257.9	105.4	148.4	188.5	151	258.4	376.7		448.1			2167.4	240.8	9
1990	143.39	138.14	175.5	139.31	90.4	235.63	163.61	169.12	538.7	446.82	498.23	267.82	3006.67	250.6	12
1991	171.7	172.4	35.9	7.2	27.7	332.5	171.4	200.41	226.31	414	492.6	260.3	2512.42	209.4	12
1992	179	60.31	38.6	36	157.7	283.3	346.8	209.4	630.7	275.6	219	153.02	2589.43	215.8	12
1993	208.14	83.63	57.3	82.02	73.72	580	111.1	490.3					1686.21	210.8	8
1996						393.3			380.6				773.9	387	2
1997								233.5					233.5	233.5	1
2006	390.41	125.6	67.01	78.2	134.1	343.5	229.71	229.04	270.3	444.02	211	306.01	2828.9	235.7	12
2007	256	112.3	67.5	31.21	22.9	21.9	161.1	515.5	279.5	701.2	121		2290.11	208.2	11
2008	266.5	112.1	41.7	117	333.9	316.2	298.6	428.9	461.4	318.2	156.7	223.1	3074.3	256.2	12
2009	293.3	77.2	64.4	49.5	121.3	267	215.6	408.3	347.5	235.6	84	150.6	2314.3	192.9	12
2010	196.6	57.9	35.4	61.1	109.3	412.5	474.9	653.8	578.7	109.2	70.3	41	2800.7	233.4	12
2011	197.3	134.4	159	19.2	83.6	152.2	666.6	359.9	479.2	485.6	232.3	214.6	3183.9	265.3	12
2012	223.1	115.4	83.5	19.2	204.2	264.5	172.2	497.8	325.6	204.4	17.4		2127.3	193.4	11
2013	267.6	52.4	64.4	53.3	201.5	475.8		351.63		445.1	542.3	628.8	3082.83	308.3	10
2014	246	35.3	56.4	255.9	427.65	354.96	93.74	179.75	508.41	542.21	172.52	54.91	2927.75	244	12
2015	149.93	130.74	128.23	42.2	124.7	136.45	57.41	110.32	421.6	581.72	369.22	516.71	2769.23	230.8	12
2016	149.96	123.67	66.23	33.72	41.5	283.63	159.82	359.64	477.21	377.1	278	297.7	2648.18	220.7	12
2017	263.6	21.1	79.6	82.5	266.6	227	238.7	217.55	637.9	454.6	74.9	30.5	2594.55	216.2	12
2018	251.5	19.6	34.2	129.4	47.6	98.1	182.8	145.7	356.7	205	97.21	72.7	1640.51	136.7	12
2019	84.62	58.5	75.7	12.3	99.9	156	145	140.5		253.1	263.51	118	1407.13	127.9	11
2020	41	88.2	93.4	36.71	172.72	393.4	215.5	381	515.5	439.4	555.9	53.4	2986.13	248.8	12
2021	153.4	46.8	34.21	47.1	230.3	299.41	182.9	141.8	193.4	391.3	193.4	47.3	1961.32	163.4	12
MÍNIMA	41	19.6	4.5	0	5.8	21.9	57.41	110.32	193.4	109.2	17.4	30.5	233.5	127.9	1
MÁXIMA	404.82	345.4	283.59	397.9	520.3	580	666.6	714.3	860.62	783	555.9	628.8	3527.05	387	12
MEDIA	194.2	114	84.4	72.8	138.2	292.3	278.4	336.2	446.8	377.7	244.4	209.7	2587.2	234.6	11.2
DESV.ST	82.3	66.1	55.1	71.8	105.1	118.2	134.8	135	149.6	143.7	126.4	138.5	647.3	44.4	2.2

EVAPORACIÓN MENSUAL
AÑO	ENE	FEB	MAR	ABR	MAY	JUN	JUL	AGO	SEP	OCT	NOV	DIC	ACUM	PROM	MESES
1963				118.5	146.6	159.5	147.3	121.6	92.7	85.76	64.6	63.2	999.76	111.1	9
1964	56.3	84.6	114.2	161.9	171.9	139.2	131.9	158.8	135	93.1	82.8	73.1	1402.8	116.9	12
1965	68.4	69.3	120	169.7	164.3	158.6	105.7	139.2	118.1	87.9	75.6	65.1	1341.9	111.8	12
1966	53.8	57.3	93.6	149.2	161.8	145.2	149.6	147.7	120.1	109.3	74.4	59.8	1321.8	110.1	12
1967	66.8	72.6	109	147.4	195.2	144.1	129.8	152.7	127.3	78.1	81.1	65.3	1369.4	114.1	12
1968	63.4	71.7	99.2	133.1	153	116.5	135.4	130.1	139.4	81.6	76.6	57.6	1257.6	104.8	12
1969	62.5	80.03	90.3	136.81	165.1	166.5	153.5	133.9	105.74	90.64	51.2	69.6	1305.82	108.8	12
1970	55.95	78.86		168.02	143.95	151.01	124.99	131.76	153.61	82.36	61.31	64.9	1216.72	110.6	11
1971	64.9	105.69	127.58	169.94	172.97	141.03	135.2	140.73	140.72	111.55	70.6	78.19	1459.1	121.6	12
1972	85.5	85.2	144.2	168.9	159.5	131.2	123.1	124.2	124.5	94.6	63.9	67.1	1371.9	114.3	12
1973	62.3	54	149.3	134.2	152.9	164.4	146	133.9	117.5	90.7	75.8	73.6	1354.6	112.9	12
1974	74.5	77.7	117.8	153.8	178.7	125.5	130.3	130.4	107.7	87.1	66.4	58.8	1308.7	109.1	12
1975	65.1	76.2	144.4	154.6	165	141.6	128.3	147.5	116	134.9	56.1	56.7	1386.4	115.5	12
1976	54	73.7	124.4	139.2	163.2	125.8	129	94.2	120.3	74.1	38.2	26.5	1162.6	96.9	12
1977	44.2	47.6	120.5	103.2	162.7	130.8	127	123.4	96.2	60.3	60.8	58.4	1135.1	94.6	12
1978	52.9	65.3	103.9	136.1	183.8	129.3	123.8	111.2	82.9	59.9	53.7	52	1154.8	96.2	12
1979	48.8	67.2	99.4		139.5	82	121.8	92.9	58	68.9	35.2	31.1	844.8	76.8	11
1980	67.1	61.5	116.4	113.7	165.2	114.5	117.9	116.1	75.8		47.5	40.2	1035.9	94.2	11
1981	50.1	42.8	94.6	127.7	138.5	120.4	96.8	95.3	86.5	84.2	61.8	57.8	1056.5	88	12
1982	64.3	46.4	105.7	126.3	119.9	94.4	93.3	100	68.3	64.3	45.2	35.6	963.7	80.3	12
1983	51.6	62	130.8	148.4	141.1	119.8	92.9	106.3		62.4		33.75	949.05	94.9	10
1984	39.31	43.43	105.61	169.06	156.7	108.5	89.41	93.19	67.24	106	56.32	54.66	1089.43	90.8	12
1985	56.68	59.29	86.32	136.86	163.92	129.31	120.26	121.84	99.61	82.58	62.01	33.75	1152.43	96	12
1986	41.51	80.16	122.02	158.38	143.29	124.33	108.59	108.33	78.23	84.05	42.43	33.16	1124.48	93.7	12
1987	36.26	58.8	106.47	100.24	141.57	114.36	107.12	101.27	102.66	63.41	45.23	31.83	1009.22	84.1	12
1988	33.57	49.56	96.17	130.51	159.66	127.65	124.03	114.18	99.72	53.65	45.25	28.91	1062.86	88.6	12
1989	39.14	52.91	106.48	115.21	141.24	122.96	123.05	109.97		64.45			875.41	97.3	9
1990	28.79	39.99	90.04	117.22	164.21	126.02	126.83	119.75	90.65	62.41	27.49	31.68	1025.08	85.4	12
1991	34.57	38.56	143.24	169.3	172.07	137.8	119.84	119.06	75.23	49.74	24.92	24.56	1108.89	92.4	12
1992	19.72	53.14	94.57	120.18	143.55	138.73	112.98	105.06	80.56	66.2	39.51	30.19	1004.39	83.7	12
1993	36.03	60.54	121.8	136.03	138.11	125.75	96.63	101.2					816.09	102	8
1996						109.23			93.28				202.51	101.3	2
1997								104.37					104.37	104.4	1
2006	29.06	52.46	122.95	155.91	141.23	93.69	85.73	106.54	94.69	76.47	35.67	22.23	1016.63	84.7	12
2013								90.5		77.21	41.52	29.84	239.07	59.8	4
2014	32.28	71.03	109.35	119.47	81.62	80.63	91.34	96.84	83.25	58.19	35.69	43.38	903.07	75.3	12
2015	40.31	49.14	84.56	140.84	124.15	101.65	118.05	95.65	83.86	64.16	53.67	53.49	1009.53	84.1	12
2016	47.56	57.05	114.08	116.01	151.53	103.12	108.25	85.62	68.8	61.89			913.91	91.4	10
2017										92.48	86.06	70	248.54	82.8	3
2018	55.24	103.31	147.35	152.86	169.98	151.76	157.27	132.78	140.01	116.42	72.11	89.47	1488.56	124	12
2019	83.76	115.13	108.46	173.95	230.3	151.19	139.6	147.91		120.16	79.81	69.88	1420.15	129.1	11
2020	79.04	102.31	157.5	193.53	182.57	186.3	154.85	131.16	116.28	108.45	116.51	67.5	1596	133	12
2021	76.8	108.78	146.59	195.54	179.88	155.91	135.95	107.42	64.87	103.91	62.58	79.15	1417.38	118.1	12
MÍNIMA	19.72	38.56	84.56	100.24	81.62	80.63	85.73	85.62	58	49.74	24.92	22.23	104.37	59.8	1
MÁXIMA	85.5	115.13	157.5	195.54	230.3	186.3	157.27	158.8	153.61	134.9	116.51	89.47	1596	133	12
MEDIA	53.2	67.8	115.4	143.7	157.2	129.8	122.1	117.7	100.7	82.4	58.6	52.2	1075	99.7	10.7
DESV.ST	16.3	20	19.7	23.7	23.7	23.3	19	19.3	24.9	20.4	19.1	18.4	343.7	15.7	2.8

TEMPERATURA MÁXIMA PROMEDIO
AÑO	ENE	FEB	MAR	ABR	MAY	JUN	JUL	AGO	SEP	OCT	NOV	DIC	ACUM	PROM	MESES
1963				35	32.5	34.1	31.6	31.4	29.6	27.1	27.5	27.1		30.7	9
1964	25.3	29.9	32.3	34.8	35.2	32.2	31	33.2	32.2	28.6	28.8	26.4		30.8	12
1965	28.4	28.4	31.7	34.9	34.7	34.2	30.6	32.1	32.7	28.6	28.8	28.5		31.1	12
1966	24.8	27.4	28.5	33.6	33.8	32.8	33	33.1	32.2	30.3	27.6	25.6		30.2	12
1967	25.4	25.6	31	34.3	34.9	34.3	32.1	33	31.8	29.3	29.6	28.8		30.8	12
1968	25.6	26.4	28.7	34.5	36	33.9	31.4	31.6	32.2	29.7	29.7	27.4		30.6	12
1969	27.3	29.8	27.4	34.6	34.4	34.9	32.6	33	29.8	30.3	26.9	28.5		30.8	12
1970	27.9	26.6		36.8	33.4	32.9	31.2	32.3	31.2	29.2	26.7	27.8		30.5	11
1971	27.9	30.6	31	32.7	36.2	34.2	31.4	31.8	32.7	31.2	28.7	29.4		31.5	12
1972	28.5	29.6	33.2	34	35.6	32.7	32.5	32	32.5	31	30.5	28		31.7	12
1973	26.2	25.9	34.6	33.4	34.2	34	32.3	31.2	32.8	29.6	30.1	27.9		31	12
1974	29.1	27	32.7	32.1	34.9	31.5	32	31.9	31.1	27.7	28	27.2		30.4	12
1975	26.3	29.9	32.9	35.3	36.2	33.4	32.3	32.3	31.3	29.6	28	26.9		31.2	12
1976	24.2	27.2	34.2	33.1	34.9	33.5	32.6	31.3	32.1	29	24.7	22.8		30	12
1977	25.7	24.9	31.9	30.8	34.5	32.3	30.8	32	31.8	29.3	28.9	27.3		30	12
1978	25.7	26.6	28.9	33.5	35.7	31.7	31.2	31.6	31	29	29	28.2		30.2	12
1979	25.4	27	30.2		34.2	30.3	33.1	31.1	29.6	29.8	25.4	23.6		29.1	11
1980	27.5	26.1	31.7	30.4	36.3	31.6	32	31.8	29.7		26.3	25		29.9	11
1981	25.4	25.1	30	32.6	35.5	32.1	32	32.3	31.1	30.5	28.1	29		30.3	12
1982	29	29.9	32.2	33.8	33.4	32.5	31.1	30.9	30.2	29.8	28.2	27.8		30.7	12
1983	26	27.4	31.5	36.2	36.8	35	31.7	31.3		29.7		25.6		31.1	10
1984	23.6	27.2	31.5	37.8	34	31.4	30.6	30.8	30.1	32	29.9	28.8		30.6	12
1985	27.3	29	31.5	33.5	34.5	33.1	31.7	31.7	31.4	30.6	30.3	25.7		30.9	12
1986	24.9	31.5	30.3	34.5	35.4	32.1	31.6	31.2	31	30.3	28.6	27.1		30.7	12
1987	24.3	28.1	30	29.3	33.3	32.7	30.4	31	31.7	28.3	27.7	27.3		29.5	12
1988	24.6	26.3	29.6	35.1	35.7	33.5	33.5	33.3	32.4	28	31.1	27.4		30.9	12
1989	28.6	28.8	30.5	33.1	35.1	33.6	32.7	32.4		29.2				31.6	9
1990	26.1	27.9	29.3	33.5	35.6	34	33	32.6	32	30	27.6	25.7		30.6	12
1991	29.1	26.8	35.2	37.9	36.8	34.5	33.2	32.9	31.5	29.6	26.4	25.8		31.6	12
1992	25.1	27.9	30.6	32.5	33.4	36.9	32	32.2	31.3	29.9	28.8	28		30.7	12
1993	27.4	29	30.7	34.9	35	34.6	32.5	31.8						32	8
1996						33.3			33.9					33.6	2
1997								33.6						33.6	1
2006	26.4	28.3	31.4	34	33.7	31.2	31.1	31.9	32.4	30.7	27.8	26.3		30.4	12
2007	24.7	28.8	30.5	33.8	36	35.2	34.6	31.9	31.8	28.6	27.2			31.2	11
2008	27.3	29.6	31.7	33.8	35.8	31.2	32.4	33	30.2	27.7	28.7	27.6		30.8	12
2009	27.1	29.1	30.6	35.1	35.6	33.6	33	32.2	32.8	33.2	29.4	27.8		31.6	12
2010	24	26.3	29.1	34.2	36.3	34.6	33.5	31.7	31.2	29.8	27.6	27		30.4	12
2011	28.5	29.6	31.7	35.9	36	34.6	31.1	31.8	29.7	26.8	28	25.8		30.8	12
2012	26.3	27.3	31.3	34.6	33.5	31.6	31.2	31	29.6	30.7				30.7	10
2013	28.1		31.3		33.5			31.3		29.9	27.3	26.8		29.7	7
2014	27.2	31.4	33.2	34.5	32.5	32.1	32.6	33.3	32.8	29.3	27.4	28.5		31.2	12
2015	27.7	27.4	30.2	34.7	33.5	32.8	32.8	33	32.8	30.7	30.3	28.8		31.2	12
2016	28.4	28.8	33.2	34	34.8	33.1	33.9	33.4	32.2	31.7	29.8	30.8		32	12
2017	31.3	33.5	34.5	34.6	34.7	32.9	33.7	34.5	34	29.2	28.8	27.6		32.4	12
2018	23.9	30.5	33	32.5	34.5	34.5	33.1	32	32.7	32.2	28.6	28.9		31.4	12
2019	26.9	30.9	29.5	34.2	38.7	34.3	33.2	34		31.7	28.6	27.3		31.8	11
2020	28.7	29.5	32.8	37.2	35.6	32	34.2	32.3	31.3	29.7	27.8	26.1		31.4	12
2021	26.6	29.6	31.6	34.7	34.6	33.4	32.3	32.7	27.9	33.1	27.9	30.9		31.3	12
MÍNIMA	23.6	24.9	27.4	29.3	32.5	30.3	30.4	30.8	27.9	26.8	24.7	22.8		29.1	1
MÁXIMA	31.3	33.5	35.2	37.9	38.7	36.9	34.6	34.5	34	33.2	31.1	30.9		33.6	12
MEDIA	26.6	28.3	31.3	34.1	34.9	33.2	32.2	32.2	31.5	29.8	28.3	27.3		31	11.1
DESV.ST	1.7	1.9	1.7	1.7	1.2	1.3	1	0.9	1.3	1.4	1.3	1.6		0.9	2.3

TEMPERATURA MÁXIMA EXTREMA
AÑO	ENE	FEB	MAR	ABR	MAY	JUN	JUL	AGO	SEP	OCT	NOV	DIC	ACUM	PROM	MESES
1963				38.5	35.5	38	35.5	34	34.5	33.5	33.5	32		35	9
1964	33	36	38	39.5	43	36	34.5	36	35	34	33.5	32		35.9	12
1965	33	35	39	40.5	38.5	39	34	34	38	34	33	33		35.9	12
1966	32	36	36	38.5	39	36	35	36	35.5	37	34.5	33		35.7	12
1967	33	34	37	39	40	38	34	36	37	34.5	36	35		36.1	12
1968	32.5	33.5	39	38	39	39	34	34	37	34.5	34	33		35.6	12
1969	33	35	37	39.5	41	39	36	36	33	35	33	34		36	12
1970	33	37		40	40	39.5	33	36	36	35	32	32		35.8	11
1971	35	37	38	40.5	39.5	41	34	35	36	35	34	34		36.6	12
1972	33	35	38	40	39.5	36	35	35	34	36	35	34.5		35.9	12
1973	33	36	39	39	39	36	35	35.5	37	35	34.5	33		36	12
1974	34	35.5	37	37	39	37	34	33	35	34.5	34	33		35.2	12
1975	33	35.5	37.5	40.5	41	38	37	35	36	37	34	31		36.3	12
1976	34	35.5	39	37	39.5	40	35	34	36	34	33.5	33		35.9	12
1977	33	36	39	38	38	36	33	34	35.5	34	34	34.5		35.4	12
1978	34	37	37	39.5	40	36	35	38.5	37	34	34.5	36.5		36.6	12
1979	36	37.5	36		40.5	35	37	35	36	35	33	33		35.8	11
1980	34	36	37	37	40	36	36	36	33		37	30		35.6	11
1981	32	34	38	40	39	36	35	38.5	35	34	34.5	36		36	12
1982	34	34	38	38.5	39	37	33.5	33	36	36	33	35		35.6	12
1983	34	35	38	40	42	38.5	38	36		34.5		32		36.8	10
1984	32.5	34	41	41.5	41	35	34	35	35	37.5	35.5	35		36.4	12
1985	34.5	36	38	40.5	41	39	39	36	36	34	36	32		36.8	12
1986	33.5	37	38	40	40	37	33.5	38	35	36	34	34		36.3	12
1987	33	35	39	38	40.5	38	33.5	34	35	32	35	35		35.7	12
1988	36	35	38	41	41	42	36.5	38.5	37	32	35	32.5		37	12
1989	32	38	37	39.5	40	38	37	35		33				36.6	9
1990	32	35.5	37	37.5	40.5	39.5	38	35.5	36.5	39	33.5	33		36.5	12
1991	34	36.5	41.5	43	40.5	41	39	35	35	35	34	34		37.4	12
1992	32	36	37	38.5	38.5	41.5	40	35	36.5	35	35	32.5		36.5	12
1993	32	37	39	40	40	41	38	35						37.8	8
1996						37			38					37.5	2
1997								36						36	1
2006	36	35	37.5	38.5	40	35	35	34	36	36	35	33.5		36	12
2007	34	36	36.5	40	40	38	36	35	35	34	33			36.1	11
2008	34.5	35	38	39.5	41	35	36	36	36	33	35	34		36.1	12
2009	34	35.5	37	41	40	37	35	34.5	36	37	37.5	38.5		36.9	12
2010	34.5	36.5	36	40	40	41	37	35.5	35	37	32	34		36.5	12
2011	37	39	38	38	39.5	39	34.5	35.5	34.5	32	35	32		36.2	12
2012	34	35.5	37	38.5	40	36.5	36	35	34	35				36.1	10
2013	36		38.5		39			33.5		34	32	31.5		34.9	7
2014	33	37	36	38.5	36.5	35.5	35.5	36	36	35	34	31.5		35.4	12
2015	35	34	37	37.5	37	35	35	36.5	36.5	34.5	34.5	34		35.5	12
2016	36	36	36.5	39	39	36	35.5	36	35	33.5	35	35.5		36.1	12
2017	35	36.5	39	40	39	35.5	35	36	35.5	35	32.5	31.5		35.9	12
2018	33.5	38	39	39.5	41	37.5	37	35.5	36.5	37.5	36	36		37.2	12
2019	34	37	37.5	39.5	42	39.5	35.5	38		36.5	35.5	34.5		37.2	11
2020	35.5	36.5	39	42	41.5	37	36.5	37	35.5	34.5	33	33.5		36.8	12
2021	36	37	38	40	39	37	37	37	33.5	37.5	33.5	36		36.8	12
MÍNIMA	32	33.5	36	37	35.5	35	33	33	33	32	32	30		34.9	1
MÁXIMA	37	39	41.5	43	43	42	40	38.5	38	39	37.5	38.5		37.8	12
MEDIA	33.9	35.9	37.9	39.4	39.8	37.7	35.6	35.5	35.6	34.9	34.2	33.6		36.2	11.1
DESV.ST	1.3	1.2	1.2	1.3	1.4	2	1.6	1.3	1.1	1.6	1.3	1.7		0.6	2.3

TEMPERATURA MÍNIMA PROMEDIO
AÑO	ENE	FEB	MAR	ABR	MAY	JUN	JUL	AGO	SEP	OCT	NOV	DIC	ACUM	PROM	MESES
1963				20.9	22.3	22.7	22.4	22.8	22.1	19.7	20	17.2		21.1	9
1964	15.9	17.2	19.9	21.5	22.5	22.4	22	22.3	22.2	19.9	19.7	18.7		20.3	12
1965	17.7	17.1	18.4	20.6	22.6	22.1	21.8	21.9	22.2	20.3	20	18.4		20.3	12
1966	17.2	17.1	18	21.3	22.2	22.1	22	22.2	21.7	21	18	16.1		19.9	12
1967	16.6	16.2	18.2	20	21	21.9	22.1	22	21.6	20.2	17.5	17.8		19.6	12
1968	17.7	16.3	17.1	20.3	21.7	22	21.5	21.5	21.8	20.5	17.8	17		19.6	12
1969	16.8	18.5	19	20.5	21.4	21.4	22.3	21.8	22.1	21	17.5	17.5		20	12
1970	17.3	16.1		21	19	22.3	22	22	21.5	21.4	17.2	18.7		19.9	11
1971	17.8	16	17.9	17.9	20.3	21.2	21.2	21.1	21.8	20.8	19.8	19.6		19.6	12
1972	18.3	15.4	19.1	20.2	21.5	21.6	21.6	21.7	21.9	21.4	20.8	17		20	12
1973	16.8	16.5	19.8	20.4	21.3	21.9	22	21.6	21.8	20.7	20.4	15.1		19.9	12
1974	18.8	16.6	19	20.7	21.1	21.5	21.1	21.4	21.3	19.5	19	18.3		19.9	12
1975	17.9	17.6	19.5	20.8	22.5	21.3	21	21.3	20.7	20.2	19.2	17		19.9	12
1976	15.6	15.4	18.2	19.7	21	21.6	21.3	21.4	21.5	20.8	18.3	16.5		19.3	12
1977	16.8	16.9	18.2	18.6	21.3	21.2	21.4	22.1	22	21	18.2	19.3		19.8	12
1978	16.1	16.5	17.5	19.7	22.9	22.2	21.6	21.7	21.6	20	20.5	18.5		19.9	12
1979	16	16.9	18.9		21.7	21.7	22.3	22.1	21.5	21.2	19.2	17.9		19.9	11
1980	17.9	17.4	18.7	19.4	22.6	22	22.1	22.2	22		17.9	17		19.9	11
1981	16.3	17.6	19	21.3	22	22.4	21.6	22.1	22.2	21.4	18.2	18.6		20.2	12
1982	17.7	18.3	18.7	21.7	22.6	22.6	21.9	21.6	21.6	20.9	19.1	17.8		20.4	12
1983	16.8	16.1	17.4	20.1	22.9	22.8	22.1	21.8		20.9		18.6		20	10
1984	15.1	17.2	17.3	19.1	21.8	21.6	21.4	21.7	21.4	21	17.3	17.8		19.4	12
1985	16	17.4	20	20.6	21.4	21.9	21.4	21.8	21.5	20.8	19.1	18.6		20	12
1986	16.1	16.9	17.1	19.7	21.7	21.6	21.5	21.8	21.8	20.8	20.1	18.3		19.8	12
1987	13.9	16.7	17.1	18.1	21.3	22.5	21.9	21.7	22.3	18.5	17.6	17.7		19.1	12
1988	17	16.9	18.6	22	20.4	22	21.3	21.2	21.8	19.5	19	17.3		19.8	12
1989	18.8	16.9	16.3	19.6	21	21.4	21.7	21.5		19.5				19.6	9
1990	18.1	17.4	18.9	21.1	21.8	21.9	21.3	21.6	21.8	20.4	19	16.9		20	12
1991	18.2	17.1	18.8	20.6	22.8	22.9	22.4	22.3	21.7	20.9	17.9	19.6		20.4	12
1992	17.6	17.5	0.2	21.6	21.2	22.4	21.9	21.9	21.7	20.6	19.3	18.8		18.7	12
1993	18.4	17.5	18	21.2	21.4	21.9	22.2	21.6						20.3	8
1996						22.2			23					22.6	2
1997								22.6						22.6	1
2006	17.4	16.6	18.8	20.2	20.8	21.8	21.7	22.3	22.2	22	18.6	18.2		20	12
2007	17.2	17.8	19.3	20.4	20.8	22.2	21.8	22.1	21.8	19	19			20.1	11
2008	17	18.4	18	20.1	22	21.9	21.7	21.9	21.9	20.6	16.3	17.1		19.7	12
2009	16.9	17.9	18.3	19.6	21.3	22.4	22.5	22	22.6	22.5	18.2	18.8		20.2	12
2010	15.8	17	17.6	21	22.5	23	22.7	22.5	22.2	19.6	19.4	16.4		20	12
2011	17	16.1	17	20.3	21.2	20.8	20.8	21.1	20.3	18.2	18.2	16.3		18.9	12
2012	16.2	18	18.5	19	20.6	20.4	19.9	20.3	19.7	20.4				19.3	10
2013	15.4		18.3		19.7			19.7		19.5	15.4	14.4		17.5	7
2014	14.2	16.4	17	17.6	17.4	17.9	19.5	19.7	20	17.2	14	15.1		17.2	12
2015	10.6	12.5	14.4	18.2	18.1	17.2	17.6	17.3	17.1	16.7	16.9	15.7		16	12
2016	15.8	15.8	17.7	18.1	18.6	17.7	17.6	19.3	17.8	17	16	17.2		17.4	12
2017	16.3	17.3	17.1	19.2	18.7	17.7	17.8	18	18.2	22.8	21.4	20.2		18.7	12
2018	17.8	21.4	22.6	23.3	23.8	24.6	23.7	23.7	23.8	23.8	21.3	20.5		22.5	12
2019	20	21.6	21.1	23	26.4	24.8	24.3	24.3		23.8	21	20.3		22.8	11
2020	20.6	21.2	22	25.5	25.2	24.3	24.6	24.3	24	22.4	22	19.5		23	12
2021	20.5	20	22.2	24.1	25.1	24.6	23.8	24	20.9	23.6	20.9	21.4		22.6	12
MÍNIMA	10.6	12.5	0.2	17.6	17.4	17.2	17.6	17.3	17.1	16.7	14	14.4		16	1
MÁXIMA	20.6	21.6	22.6	25.5	26.4	24.8	24.6	24.3	24	23.8	22	21.4		23	12
MEDIA	17	17.2	18.1	20.4	21.6	21.8	21.6	21.7	21.5	20.5	18.7	17.9		20	11.1
DESV.ST	1.7	1.6	3.1	1.6	1.7	1.6	1.4	1.3	1.3	1.6	1.7	1.5		1.4	2.3

TEMPERATURA MÍNIMA EXTREMA
AÑO	ENE	FEB	MAR	ABR	MAY	JUN	JUL	AGO	SEP	OCT	NOV	DIC	ACUM	PROM	MESES
1963				18.5	19.5	21.5	20.5	21	19	16.5	16.5	14		18.6	9
1964	12	11	15.5	19.5	21	20.5	18	19	20.5	17.5	14.5	15.5		17	12
1965	11	11	12	16	20	21	20	21	21	15.5	16	17		16.8	12
1966	14	13	13	18	16	20	20.5	21	21	17	14	12		16.6	12
1967	11	11	16	17	17	20	21	21	17	18	14.5	13.5		16.4	12
1968	13	11.5	13	19	20	20.5	20	21	21	15	13	14		16.8	12
1969	14	16	16.5	18	19	18	21	21	21	20	13.5	16.5		17.9	12
1970	14.5	10.5		18	14	21	20.5	20.5	20	17.5	13	15		16.8	11
1971	13.5	9.5	13.5	11.5	16.5	19	19.5	20	20.5	16	16	18		16.1	12
1972	14.5	10	16	18	17	19.5	17	20.5	21	18.5	18	11.5		16.8	12
1973	11	13	16	17	18	20	21	20.5	21	19	16	10.5		16.9	12
1974	15	12	15	17	18	19.5	19	20	19	16	15.5	13.5		16.6	12
1975	14	13.5	16.5	17	18.5	19	20	20	17.5	15.5	15.5	13		16.7	12
1976	11	11.5	11.5	14	16	20.5	20	18	19.5	17.5	13	13		15.5	12
1977	12	13.5	15.5	13	18	18	19	21	21	15	13	13		16	12
1978	10	11	13.5	14	19.5	21	20	21	20.5	15.5	16.5	13.5		16.3	12
1979	10.5	15	15.5		18.5	20	21	20	19	18.5	15.5	15		17.1	11
1980	13	15	12.5	12.5	18	20	20	20	21		15.5	11		16.2	11
1981	12	15	14	15	20	21	20	20	21	18	14.5	13.5		17	12
1982	13.5	15	14	18	18	21	20	20	20	18.5	2	11.5		16	12
1983	12	11	13	16	20	21.5	20	20		19		15		16.8	10
1984	9	12	9.5	12	19.5	19	20.5	20	19	19	12	12.5		15.3	12
1985	12	14	17	15	18.5	20	19.5	20.5	19.5	17	16	15		17	12
1986	9.5	11	8.5	17	20	20	20	20	20	18	14	16		16.2	12
1987	10.5	13	10	13	17	21.5	20	18.5	21	14	14	13		15.5	12
1988	14	13.5	14	16.5	17.5	20	19.5	19.5	20	17.5	14	12		16.5	12
1989	16	9.5	9	16	18.5	19	20	20		16				16	9
1990	13.5	14	11.5	18.5	20	20	20	20	20.5	16	16	14		17	12
1991	14.5	14.5	10.5	15	20	21.5	21	19.5	20	18	2.5	16.5		16.1	12
1992	13.5	14	0	17	15	20	20	20.5	20.5	17	14.5	15.5		15.6	12
1993	13	14	13	15	19	18	21.5	20						16.7	8
1996						20			22					21	2
1997								21						21	1
2006	12	10	16	17.5	17	18.5	13	21	21	16.5	11.5	11.5		15.5	12
2007	11	13.5	14	15	18	19.5	20	21	20.5	1	14.5			15.3	11
2008	11.5	14	12.5	15.5	19	20.5	20.5	20.5	20	14.5	13	10		16	12
2009	10.5	12	11.5	16	19	21	21	20	22	21	13.5	15		16.9	12
2010	9.5	12	14	18	19	21.5	21.5	22	19	17	17	10.5		16.8	12
2011	13	14	14	18	17	18.5	19	19	18	14	9.5	10.5		15.4	12
2012	13	15.5	14	15	18	17.5	17	17	16	18				16.1	10
2013	10		10		15			17		14	12	8		12.3	7
2014	9	14	15	14	15	17	17	17	17	10	9	11		13.8	12
2015	8	7.5	9	16	14.5	15	17	14.5	16	12	14	10		12.8	12
2016	12	14	16	15.5	17	17	16	17	13	16	11	10		14.5	12
2017	10	15.5	15	16	16	17	17	17	17	20	17.5	15.5		16.1	12
2018	14.5	17.5	20.5	19	20	23	22	22	22.5	22.5	15	15.5		19.5	12
2019	15	18	17.5	19	23.5	22.5	23	23		21	17.5	15		19.5	11
2020	18	16.5	16	22.5	23	21.5	23.5	23.5	21.5	20	20	15		20.1	12
2021	16.5	15	19.5	21.5	22.5	22.5	21.5	22.5	17	19	17	17		19.3	12
MÍNIMA	8	7.5	0	11.5	14	15	13	14.5	13	1	2	8		12.3	1
MÁXIMA	18	18	20.5	22.5	23.5	23	23.5	23.5	22.5	22.5	20	18		21	12
MEDIA	12.4	13.1	13.6	16.5	18.3	19.9	19.8	20	19.6	16.7	14	13.5		16.6	11.1
DESV.ST	2.2	2.2	3.4	2.3	2.1	1.6	1.9	1.7	1.9	3.4	3.4	2.3		1.7	2.3

TEMPERATURA MEDIA MENSUAL
AÑO	ENE	FEB	MAR	ABR	MAY	JUN	JUL	AGO	SEP	OCT	NOV	DIC	ACUM	PROM	MESES
1963				28	27.4	28.4	27	27.1	25.9	23.4	23.8	22.1		25.9	9
1964	20.6	23.5	26.1	28.1	28.9	27.3	26.5	27.8	27.2	24.2	24.2	22.5		25.6	12
1965	23	22.8	25	27.8	28.7	28.2	26.2	27	27.5	24.5	24.4	23.4		25.7	12
1966	21	22.2	23.2	27.5	28	27.4	27.5	27.6	27	25.6	22.8	20.9		25.1	12
1967	21	20.9	24.6	27.1	28	28.1	27.1	27.5	26.7	24.8	23.6	23.3		25.2	12
1968	21.6	21.4	22.9	27.4	28.9	28	26.4	26.6	27	25.1	23.8	22.2		25.1	12
1969	22	24.1	23.2	27.6	27.9	28.1	27.5	27.4	26	25.6	22.2	23		25.4	12
1970	22.6	21.4		28.9	26.2	27.6	26.6	27.1	26.4	25.3	22	23.2		25.2	11
1971	22.9	23.3	24.4	25.3	28.2	27.7	26.3	26.5	27.2	26	24.2	24.5		25.5	12
1972	23.4	22.5	26.2	27.1	28.6	27.2	27	26.9	27.2	26.2	25.6	22.5		25.9	12
1973	21.5	21.2	27.2	26.9	27.8	28	27.1	26.4	27.3	25.1	25.2	21.5		25.4	12
1974	24	21.8	25.9	26.4	28	26.5	26.6	26.6	26.2	23.6	23.5	22.8		25.2	12
1975	22.1	23.8	26.2	28	29.4	27.4	26.6	26.8	26	24.9	23.6	22		25.6	12
1976	19.9	21.3	26.2	26.4	28	27.6	27	26.4	26.8	24.9	21.5	19.6		24.6	12
1977	21.2	20.9	25	24.7	27.9	26.8	26.1	27	26.9	25.1	23.5	23.3		24.9	12
1978	20.9	21.6	23.2	26.6	29.3	27	26.4	26.6	26.3	24.5	24.8	23.4		25	12
1979	20.7	22	24.5		28	26	27.7	26.6	25.6	25.5	22.3	20.8		24.5	11
1980	22.7	21.8	25.2	24.9	29.4	26.8	27	27	25.9		22.1	21		24.9	11
1981	20.9	21.4	24.5	27	28.8	27.2	26.8	27.2	26.6	26	23.1	23.8		25.3	12
1982	23.4	24.1	25.5	27.8	28	27.6	26.5	26.2	25.9	25.4	23.6	22.8		25.6	12
1983	21.4	21.8	24.4	28.2	29.8	28.9	26.9	26.6		25.3		22.1		25.5	10
1984	19.4	22.2	24.4	28.4	27.9	26.5	26	26.2	25.8	26.5	23.6	23.3		25	12
1985	21.6	23.2	25.8	27	28	27.5	26.5	26.8	26.4	25.7	24.7	22.1		25.4	12
1986	20.5	24.2	23.7	27.1	28.5	26.9	26.6	26.5	26.4	25.6	24.4	22.7		25.3	12
1987	19.1	22.4	23.6	23.7	27.3	27.6	26.1	26.4	27	23.4	22.6	22.5		24.3	12
1988	20.8	21.6	24.1	28.6	28	27.8	27.4	27.2	27.1	23.8	25	22.4		25.3	12
1989	23.7	22.9	23.4	26.4	28	27.5	27.2	27		24.4				25.6	9
1990	22.1	22.6	24.1	27.3	28.7	28	27.1	27.1	26.9	25.2	23.3	21.3		25.3	12
1991	23.6	22	27	29.2	29.8	28.7	27.8	27.6	26.6	25.2	22.1	22.7		26	12
1992	21.4	22.7	15.4	27	27.3	29.6	27	27	26.5	25.2	24	23.4		24.7	12
1993	22.9	23.2	24.4	28	28.2	28.2	27.4	26.7						26.1	8
1996						27.8			28.4					28.1	2
1997								28.1						28.1	1
2006	21.9	22.5	25.1	27.1	27.2	26.5	26.4	27.1	27.3	26.4	23.2	22.2		25.2	12
2007	21	23.3	24.9	27.1	28.4	28.7	28.2	27	26.8	23.8	23.1			25.7	11
2008	22.1	24	24.9	27	28.9	26.5	27	27.4	26	24.1	22.5	22.4		25.2	12
2009	22	23.5	24.5	27.4	28.5	28	27.8	27.1	27.7	27.9	23.8	23.3		26	12
2010	19.9	21.6	23.4	27.6	29.4	28.8	28.1	27.1	26.7	24.7	23.5	21.7		25.2	12
2011	22.8	22.9	24.4	28.1	28.6	27.7	26	26.5	25	22.5	23.1	21		24.9	12
2012	21.2	22.6	24.9	26.8	27	26	25.5	25.6	24.6	25.5				25	10
2013	21.8		24.8		26.6			25.5		24.7	21.4	20.6		23.6	7
2014	20.7	23.9	25.1	26	25	25	26	26.5	26.4	23.2	20.7	21.8		24.2	12
2015	19.1	20	22.3	26.5	25.8	25	25.2	25.1	25	23.7	23.6	22.2		23.6	12
2016	22.1	22.3	25.5	26	26.7	25.4	25.8	26.4	25	24.4	22.9	24		24.7	12
2017	23.8	25.4	25.8	26.9	26.7	25.3	25.8	26.2	26.1	26	25.1	23.9		25.6	12
2018	20.9	26	27.8	27.9	29.1	29.6	28.4	27.9	28.2	28	25	24.7		27	12
2019	23.4	26.2	25.3	28.6	32.5	29.5	28.8	29.1		27.8	24.8	23.8		27.3	11
2020	24.6	25.4	27.4	31.4	30.4	28.1	29.4	28.3	27.6	26	24.9	22.8		27.2	12
2021	23.6	24.8	26.9	29.4	29.9	29	28	28.4	24.4	28.4	24.4	26.1		26.9	12
MÍNIMA	19.1	20	15.4	23.7	25	25	25.2	25.1	24.4	22.5	20.7	19.6		23.6	1
MÁXIMA	24.6	26.2	27.8	31.4	32.5	29.6	29.4	29.1	28.4	28.4	25.6	26.1		28.1	12
MEDIA	21.8	22.8	24.7	27.3	28.2	27.5	26.9	26.9	26.5	25.2	23.5	22.6		25.5	11.1
DESV.ST	1.3	1.4	1.9	1.3	1.3	1.1	0.9	0.7	0.9	1.3	1.1	1.2		0.9	2.3
