COMISIÓN NACIONAL DEL AGUA
COORDINACIÓN GENERAL DEL SERVICIO METEOROLÓGICO NACIONAL
BASE DE DATOS CLIMATOLÓGICA NACIONAL 

ESTADÍSTICA MENSUAL
EMISIÓN   : 25/10/2024 

DATOS DISPONIBLES EN LA BASE DE DATOS A: OCTOBER DE 2024; 
CON LA INFORMACIÓN SUMINISTRADA POR LAS UNIDADES ADMINISTRATIVAS 

 ESTACIÓN  : 7228 
 NOMBRE    : TRES PICOS 
 ESTADO    : CHIAPAS 
 MUNICIPIO : TONALÁ 
 SITUACIÓN : OPERANDO 
 CVE-OMM   :   
 LATITUD   : 15.875 ° 
 LONGITUD  : -93.54583333 ° 
 ALTITUD   : 20 msnm 


LLUVIA MÁXIMA 24 H.
AÑO	ENE	FEB	MAR	ABR	MAY	JUN	JUL	AGO	SEP	OCT	NOV	DIC	ACUM	PROM	MESES
1975											0	0	0	0	2
1976	0	0	0	64	63.5	57.5	42	48.5	41	86	21	0	423.5	35.3	12
1977	0	0	0	24.5	57.2	39.6	44.2	53.3	83.6	80	11.2	8.7	402.3	33.5	12
1978	0	0.8	4.9	18.8	132.4	76.5	131.8	54.4	140.2	44.4	4.6	0	608.8	50.7	12
1979	0	0	0		67.4	111.2	43.8	96	97.9	22.1	0	0	438.4	39.9	11
1980	24.5	0	0	20	52.2	69.2	69.5	102.5	280.7	25.6	0	0	644.2	53.7	12
1981	0	0	9.9	47.5	63.2	140.2	75.3	107.2	67.4	110.5	0	0	621.2	51.8	12
1982	0	32.1	5.6	27.5	105	102.3	28.2	35	81.6	84.6	13.8	0.9	516.6	43	12
1983	0	45.6	51	2	13.4	52.1	57	105.7	51.3	28.7	16.5	0	423.3	35.3	12
1984	0	0	0	0	66.9	48.9	51.6	64.4	122.3	90.4	0.4	0	444.9	37.1	12
1985	0	0	0	19.8	67.7	70.5	45.6	63.8	48.6	37.3	124.2		477.5	43.4	11
1986	0	0	0	23.5	79.1	67.6	64.5	45.2	94.6	31.5	22.8	0	428.8	35.7	12
1987	0	0	0	0	31.3	89.9	90.2	56.9	39.8	0	0	0	308.1	25.7	12
1988	3.2	0	0	1.2	32.6	81.6	80.1	148.1	332.5	17	0.2	0	696.5	58	12
1989	0	0	0	18.5	47.8	35.6	54.1	110.1	147.3	97.4	15.1	0.1	526	43.8	12
1990	0	12.7	20.9	35.1	41.1	85.4	69.1	23.1	75.2	83.3	0.8	0	446.7	37.2	12
1991	0.1	0	7.1	1.7	53.5	72.1	23.2	108.4	57.6	75.4	0.1	4.4	403.6	33.6	12
1992	0	0.7	1.1	13.9	33.6	82.1	53.5	70.9	92.7	33.1		0	381.6	34.7	11
1993	13.9	0	0.4	11.6	55.1	81.9	79.4	74.3	62.8	73.2	1.2	0	453.8	37.8	12
1994	0	0	0	22	110.8	36.8	90.2	51.2	65.6	62.8	17.3	0	456.7	38.1	12
1995	0	0	0.2	12.2	68.8	46.5	113.4	186.1	96.1	54.2	21.9	12.1	611.5	51	12
1996	0	0	0	29.1	107.1	60.9	80.4	54.7	39.2	35.7	19.8	0	426.9	35.6	12
1997	0	0	0.3	15.5	65.6	52.4	74.8	56.3	73.5	125.2	121.3	11.6	596.5	49.7	12
1998	0	3.1	0	0	49.1	72.8	60.6	124.1		60.6	109.6		479.9	48	10
2003									82	82	10.8	0	174.8	43.7	4
2004	0	0	8.6	14	82	65.3	74	125.3	139	83	2	0	593.2	49.4	12
2005			0	24	54.2	87.4	74.2	56	136	332	10.5		774.3	86	9
2006	0	0	0	37	36	63.2	52	92.5	45.5	93	37.2		456.4	41.5	11
2007	0	0	37.8	68	60	132.2	57.1	67	38	133.5	0		593.6	54	11
2008	0	0	0	10.5	23.3	75.3	68.9	40	161.6	32	7	0	418.6	34.9	12
2009	0	0	23	6.1	58	162	68	71	49.5	66	0	0	503.6	42	12
2010	0	0	0	41	43.5	200	59	72.1	257.2	0	35.1		707.9	64.4	11
2011		0	23.6	72	93.3	40	59	116.1	111.1	61.1	2.1	0	578.3	52.6	11
2012	0	0	11	20	170.2	126.8	61.1	111	73	59	0	0	632.1	52.7	12
2013	0	0	0	1.2	207.2	52	55	104.2	116.3	34	10.6	0	580.5	48.4	12
2014	0	0	63.3	51.07	9.02	318.1	80.6	95	68	88	23.5	0	796.59	66.4	12
2015	0	0	3	38	18.4	45.9	33.5	61.7	54.4	78.8	16.9	0	350.6	29.2	12
2016	0	0	0	13	88.5	144	47.5	74.6	56.2	24.9	1	4.5	454.2	37.9	12
2017	7.8	0	5	9.5	117.5	83.5	73.2	47.2	73	61.8	0		478.5	43.5	11
2018	0	0	1.5	51.02	55	25	45	54.5	63.5	119	39.5	0.5	454.52	37.9	12
2019	0	0	0	1	112.03	73	106	97.02	118.5	80.5	1	0	589.05	49.1	12
2020	4	0	7	7.6	88.5	150	35	155	63	30.7	5.5	0	546.3	45.5	12
2021	0.4	0	0	5.2	62	54	61.5	41	66.8	101	0		391.9	35.6	11
2024	0	2	0	81	16	136.2	64	64					363.2	45.4	8
MÍNIMA	0	0	0	0	9.02	25	23.2	23.1	38	0	0	0	0	0	2
MÁXIMA	24.5	45.6	63.3	81	207.2	318.1	131.8	186.1	332.5	332	124.2	12.1	796.59	86	12
MEDIA	1.3	2.4	6.8	23.4	68.1	87.3	64.2	80.6	96.7	69.5	17.2	1.2	492.2	43.5	11.2
DESV.ST	4.6	8.7	14.1	21.4	40.4	53.2	21.9	35.4	64.4	53	30.5	3.2	144.5	12.8	2

LLUVIA TOTAL MENSUAL
AÑO	ENE	FEB	MAR	ABR	MAY	JUN	JUL	AGO	SEP	OCT	NOV	DIC	ACUM	PROM	MESES
1975											0	0	0	0	2
1976	0	0	0	125	193.4	368.2	146.6	197	200	132	41.5	0	1403.7	117	12
1977	0	0	0	33.5	364.7	195.6	177.6	292.3	436.7	263.5	15.4	8.7	1788	149	12
1978	0	0.8	8.5	54.5	305.1	445.8	411.5	223.7	636.31	112	11.6	0	2209.81	184.2	12
1979	0	0	0		232.5	453.6	267.4	435.6	480.2	99.2	0	0	1968.5	179	11
1980	24.5	0	0	20	180.1	282.7	464.4	336.6	951.1	34.7	0	0	2294.1	191.2	12
1981	0	0	9.9	80.9	234.1	620.7	315.6	467.8	393.6	295.7	0	0	2418.3	201.5	12
1982	0	32.5	5.6	59.2	445.3	571.4	130.2	141.8	308	157.8	23.4	0.9	1876.1	156.3	12
1983	0	57.2	75.8	2	26.8	262.3	311.1	423.8	209.7	122.1	18.2	0	1509	125.8	12
1984	0	0	0	0	199.3	111.5	335.7	328.6	496.7	172.5	0.4	0	1644.7	137.1	12
1985	0	0	0	48.9	251.7	279.7	230.2	441	374.4	155.5	163.3		1944.7	176.8	11
1986	0	0	0	26.6	351.1	262.1	251	296.1	422.4	117.4	24.6	0	1751.3	145.9	12
1987	0	0	0	0	120.5	303.4	411.3	228	270.3	0	0	0	1333.5	111.1	12
1988	3.2	0	0	1.2	47.5	470.2	433.7	702.4	888.9	47	0.2	0	2594.3	216.2	12
1989	0	0	0	18.5	272.8	268.8	394.7	466.32	794.6	190.2	66.7	0.1	2472.72	206.1	12
1990	0	24.4	36.1	77.1	122.5	469.4	371.11	255.9	419.1	226.41	1.3	0	2003.32	166.9	12
1991	0.3	0	7.3	3.8	144.82	388	111.3	447.1	245.3	191.6	0.2	4.41	1544.13	128.7	12
1992	0	1.3	1.1	21.6	79.9	429.9	337.6	435.27	655.11	75.6		0	2037.38	185.2	11
1993	14	0	0.5	12.4	120.7	476.8	282.9	457	334.8	258.8	1.3	0	1959.2	163.3	12
1994	0	0	0	41.91	325.4	185.1	273.5	224.2	193.9	322.25	20.7	0	1586.96	132.2	12
1995	0	0	0.3	19.8	296.7	248.9	517.5	598	457	263.8	22.6	12.1	2436.7	203.1	12
1996	0	0	0	59.8	637.9	339.9	449.1	311.9	339	70.3	30.4	0	2238.3	186.5	12
1997	0	0	0.4	66	189.4	260.23	344.6	233.7	492.31	340.4	282.9	19.5	2229.44	185.8	12
1998	0	7.41	0	0	90.5	465.1	292	535.7		136.4	271.3		1798.41	179.8	10
2003									525.3	351.6	21.54	0	898.44	224.6	4
2004	0	0	8.6	22.04	300.6	282.6	531.9	321.2	505.3	232.1	4	0	2208.34	184	12
2005			0	30	221.8	447.2	442.1	424.6	593.3	739.6	10.5		2909.1	323.2	9
2006	0	0	0	83.5	114.2	386.6	248.4	452.2	310.6	455.9	76.5		2127.9	193.4	11
2007	0	0	44.4	175.6	147.1	433	381.8	440.6	272.7	488.7	0		2383.9	216.7	11
2008	0	0	0	16	129.2	420.9	329.2	221.8	624.1	119.5	11	0	1871.7	156	12
2009	0	0	26	6.1	187.2	551.6	299.8	251.4	339.6	275.5	0	0	1937.2	161.4	12
2010	0	0	0	112	166.2	786.7	490.2	698.4	1182.2	0	37.1		3472.8	315.7	11
2011		0	23.6	168.9	253.2	234.8	443	522.7	507.2	124.2	2.1	0	2279.7	207.2	11
2012	0	0	14.5	37.2	321.2	507.5	281	488.2	404.1	178.3	0	0	2232	186	12
2013	0	0	0	1.2	689.2	230.5	281.6	397.5	533.9	202.5	15.3	0	2351.7	196	12
2014	0	0	63.3	89.47	49.94	691.4	163.9	485.38	488.3	324.8	23.5	0	2379.99	198.3	12
2015	0	0	3	76.5	66.8	163	95.4	272.8	242.2	199	49.4	0	1168.1	97.3	12
2016	0	0	0	13	185.7	437.8	219	450.5	248.1	49.5	1	4.5	1609.1	134.1	12
2017	7.8	0	6	13.2	433.02	475.89	291.58	283.95	483.77	154.3	0		2149.51	195.4	11
2018	0	0	1.5	73.92	236.46	119.91	204.12	274.88	255.65	427.9	53	0.5	1647.84	137.3	12
2019	0	0	0	1	374.77	374.57	253.8	421.38	524.83	333.28	1	0	2284.63	190.4	12
2020	4	0	9.5	7.6	191.55	518.6	212.2	557.27	312	100.3	12.4	0	1925.42	160.5	12
2021	0.4	0	0	8.2	307.76	364.2	159.24	398.1	330.6	170.8	0		1739.3	158.1	11
2024	0	2	0	97.8	51.4	663.1	392.6	238.1					1445	180.6	8
MÍNIMA	0	0	0	0	26.8	111.5	95.4	141.8	193.9	0	0	0	0	0	2
MÁXIMA	24.5	57.2	75.8	175.6	689.2	786.7	531.9	702.4	1182.2	739.6	282.9	19.5	3472.8	323.2	12
MEDIA	1.4	3.1	8.2	44	230	386.9	309.1	382.9	455.7	207.5	31.3	1.4	1956	173.7	11.2
DESV.ST	4.6	10.7	17.2	45.3	144.5	154.4	113	133.1	211.8	145.2	63.1	4.1	552	51.1	2

EVAPORACIÓN MENSUAL
AÑO	ENE	FEB	MAR	ABR	MAY	JUN	JUL	AGO	SEP	OCT	NOV	DIC	ACUM	PROM	MESES
1975											109.7	160.8	270.5	135.2	2
1976	208.5	197.1	195.9	182.4	168.7	104.7	150.6	144.7	114.8	152.5	182.9	166.5	1969.3	164.1	12
1977	171.6	187.5	196.6	226.9	161.8	116.9	151.1	118.9	106.1	131.7	124.7	146.5	1840.3	153.4	12
1978	197.2	185.5	222.3	183	175.4	119.5	115.3	115.7	94.8	152.7	138.2	164.7	1864.3	155.4	12
1979	188.1	186.5	204.5		165.3	125.7	128.6	128.3	111.1	116.3	176.7	171.9	1703	154.8	11
1980	153.3	187.4	202.4	207	155.3	118.4	146.9	121.8	102.8	153.5	173.7	204.2	1926.7	160.6	12
1981	181.1	199.9	205.4	184.9	139.4	102.6	130.4	115	107.8	109.1	150.8	117.6	1744	145.3	12
1982	146.7	155.3	175.9	150.1	124.2	104.5	111.1	128.8	111	125.8	159.2	165.2	1657.8	138.2	12
1983	172.8	167.4	180.7	183.6	181	148.2	112.7	116.2	93.43	115.1	103.51	128	1702.64	141.9	12
1984	192.29	153.93	159.66	185.02	174.21	103.16	120.64	122.31	92.07	98.19	133.37	145.7	1680.55	140	12
1985	155.77	167.64	184.08	169.68	158.02	124.02	136.96	131.15	105.12	109.3	106.34		1548.08	140.7	11
1986	196.32	139.65	234.14	178.83	143.85	142.08	155	136.95	114.84	132.75	131.2	141.28	1846.89	153.9	12
1987	177.6	171.79	215.23	217.39	161.12	126.28	141.28	140.04	129.86	219.45	170.3	150.93	2021.27	168.4	12
1988	189.6	184.18	193.45	194.73	171.92	137.1	141.52	116	92.86	149.2	140.27	172.79	1883.62	157	12
1989	157.06	192.26	205.67	224.13	154.13	105.27	125.18	96.31	98.5	132.21	136.63	173.73	1801.08	150.1	12
1990	162.56	163.85	198.82	176.13	148.85	136.93	122.85	112.42	106.68	144.65	168.79	165.57	1808.1	150.7	12
1991	162.05	200.91	226.69	205.72	156.18	150.92	152.04	146.8	137.1	130.28	178.38	178.9	2025.97	168.8	12
1992	192.53	192.36	231.23	224.17	205.3	139.14	129.66	142.58	127.87	134.64		168.6	1888.08	171.6	11
1993	172.59	192.54	237.58	222.08	201.4	137.27	139.91	142.59	127.32	157.45	156.19	74.68	1961.6	163.5	12
1994	122.87	192.36	234.49	209.69	164.51	141.82	159.21	147.28	136.01	136.07	138.88	153.14	1936.33	161.4	12
1995	163.15	184.49	218.35	181.75	167.91	121.67	141.56	131.81	112.23	136.12	149.33	70	1778.37	148.2	12
1996	94.61	197.79	112.53	199.82	143.69	119.8	124.8	127.66	129.07	155.36	175.47	139.14	1719.74	143.3	12
1997	132.46	175.21	211.82	173.72	165.36	112.68	155.93	148.61	93.52	137.91	137.79	82.97	1727.98	144	12
1998	59.7	138.8	211.67	191.83	169.83	128.03	113.15	128.06	12.33				1153.4	128.2	9
2003									151.8	141.16			292.96	146.5	2
2005				234.63	164.13	160.6	161.37	177.06	156.43	142.27	184.72		1381.21	172.7	8
2006	202.6	212.95	238.86	221.22	174.08	143.9	126.16	146.88	143.7	136.85	157.05		1904.25	173.1	11
2007	178.67	192.4	238.87	163.57	167.65	129.32	141.2	127.89	128.61	161.93	181.63		1811.74	164.7	11
2008	118.64	152.13	221.91	223.87	179.89	120.08	137.18	138.03	117.24	122.01	175.19		1706.17	155.1	11
2009	125.43	168.08	216.68	222.37	198.02	145.76	154.58	124.16	153.53	119.84	141.21		1769.66	160.9	11
2010	165.89	46.32			8.3		7.69						228.2	57	4
2011						54.93	138.88	135.05	123.07	109.98	147.13	71.19	780.23	111.5	7
2012	148.27	191.12	196.57	203.07	159.06	102.71	148.78	129.98	124.33	56.64	181.12	45.35	1687	140.6	12
2013	126.74	177.64	277.7	234.24	198.72	128.48	128.53	135.36	113.5	99.03	171.76	27.47	1819.17	151.6	12
2014	135.81	139.92	197.97	233.3	178.83	140.69	179.97	150.98	128.83	118.74	176.18	36.76	1817.98	151.5	12
2015	182.46	199.15	241.91	193.41	150.67	139.71	129.21	155.3	126.34	148.28	108.07	43.89	1818.4	151.5	12
2016	157.19	245.95	219.99	235.37	202.71	129.23	166.97	166.97	127.48	132.35	186.41	36.38	2007	167.2	12
2017	190.46	175.58	229.13	216.91	149.91	112.96	150.97	154.57	158.63	150.08	176.39		1865.59	169.6	11
2018	221.71	180.08	227.42	214.97	174.38	102.55	165.72	146.71	118.05	104.21	137.87	4.03	1797.7	149.8	12
2019	167.79	156.72	221.69	224.86	182.26	158.17	148.85	157.36	139.44	93.75	139.35	4.19	1794.43	149.5	12
2020	173.75	188.26	227.71	203.33	203.23	150.09	136.51	144.71	129.1	143.85	144.1	5.04	1849.68	154.1	12
2021	173.54	168.15	231.67	194.8	151.64	126.75	124.77	129.33	126.98	120.96	163.82		1712.41	155.7	11
2024	157.53	183.18	204.36	216.43	175.14	160.2	146.32	103.47					1346.63	168.3	8
MÍNIMA	59.7	46.32	112.53	150.1	8.3	54.93	7.69	96.31	12.33	56.64	103.51	4.03	228.2	57	2
MÁXIMA	221.71	245.95	277.7	235.37	205.3	160.6	179.97	177.06	158.63	219.45	186.41	204.2	2025.97	173.1	12
MEDIA	163.5	176.7	211.9	202.9	164.4	126.8	136.6	134.6	118.1	131.6	153	113.5	1647.7	150.9	10.8
DESV.ST	32	30.1	27.5	22.3	31.5	20.5	26.1	16.8	24.8	25.8	24	62.3	446.1	19.4	2.6

TEMPERATURA MÁXIMA PROMEDIO
AÑO	ENE	FEB	MAR	ABR	MAY	JUN	JUL	AGO	SEP	OCT	NOV	DIC	ACUM	PROM	MESES
1975											33.9	33.5		33.7	2
1976	32.9	32.6	34.1	35	34.5	32.5	34.4	33.8	33.8	34.3	33.2	34.1		33.8	12
1977	34	34.9	34.6	35.3	33.3	32.4	33	33.1	33.3	33.4	33.1	33.6		33.7	12
1978	33.7	32.4	34.5	34.6	34.6	32.8	32.3	33.3	31.3	33	34	33.8		33.4	12
1979	33.2	34.7	35.7		35.1	33.3	33.5	32.9	31.1	33.3	33	33.7		33.6	11
1980	33.1	34.1	34.7	35.8	35.1	34.1	33.8	33.2	33	33.2	34.1	33.6		34	12
1981	33.5	34.9	35.5	35.9	33.8	31.9	33.2	32.8	32.6	32.8	33.7	33.5		33.7	12
1982	34.2	35.6	35	34.9	33.6	32.7	33.2	34.3	32.6	33.1	34.1	33.8		33.9	12
1983	34.1	34.1	34.3	35.4	36	33.7	33.7	33.4	32.8	32.9	34.2	34		34	12
1984	33.9	34.8	35.5	36	34.6	33	32.7	32.6	31.8	33.1	33.2	34.1		33.8	12
1985	32.6	34.9	36	34.7	34.3	33.3	33.3	33	32.9	32.6	32.4			33.6	11
1986	32.9	34.1	34.4	35.9	33.6	33	33.7	33.5	32.7	32.8	33.8	34.4		33.7	12
1987	34.1	34	35.1	37.2	35.5	33.7	33.4	33.7	33.5	34.7	34.9	35.3		34.6	12
1988	35	35.3	35.8	36	35.7	33	33.6	32.6	32.1	33.8	34.4	34.1		34.3	12
1989	34.8	34.6	33.8	36.3	34	32.9	33.1	33.2	31.4	33.1	33.9	32.8		33.7	12
1990	34.3	33.6	34.7	35.3	34.2	33.3	33	33.4	33.1	33.4	33.6	33.5		33.8	12
1991	34.6	34.9	34.9	34.9	34.4	33.5	34	33.8	33.7	33.2	33.7	34		34.1	12
1992	33.9	34.2	35.5	36.6	35.7	33.5	32.9	33.5	32.8	33.6		34.9		34.3	11
1993	33.9	34.9	35.1	36.1	35.3	32.9	33.1	33.3	32.8	33.4	34.4	35.5		34.2	12
1994	34	34.9	34.6	35.4	34.5	33.3	33.9	33.4	33.8	33.3	35	35.4		34.3	12
1995	34.8	35.9	35.6	36	34.6	33.1	32.9	32	32.5	32	34.4	34		34	12
1996	34.1	34.3	34.1	35.5	32.8	32.4	32.1	32.2	32.6	33.3	33.8	33.8		33.4	12
1997	35.1	35.3	36.4	34.8	35.1	31.4	33.9	35.1	34	33.7	35.1	33.2		34.4	12
1998	34.3	34.9	36.9	37.2	37.2	35.1	32.7	34.2	30.9					34.8	9
2003									34.4	34.3				34.3	2
2004					34.5	33.3	33.2	34	32.4	33.4	34.9	35.9		34	8
2005			35.8	36.7	34.4	33.5	33.7	33.6	33.4	33.7	35.5			34.5	9
2006	36.4	36.4	35.1	36.1	32.7	32.9	32.8	33.7	33.4	33.5	33.9			34.3	11
2007	34.9	34.2	35.1	34.5	35.1	33	32.8	31.7	33.2	32.4	36.1			33.9	11
2008	35.2	35.1	35	35.9	34.7	31.9	32.7	32.8	32.2	32.3	33.8	31.6		33.6	12
2009	35.1	35.8	35.5	35.4	34.6	32.2	33.5	33.4	33.6	36	37.7	35.9		34.9	12
2010	36.5	36.6	34.5	35.3	32.8	29.9	30.9	30.9	30	33	31.3			32.9	11
2011	33.8	33.2	32.7	31.4	31.5	31.1	30.4	31.8	32.9	32.6	35.3	37		32.8	12
2012	34.8	35.8	35.1	35.1	34.1	31.7	33.3	32.4	33.3	35.1	36.5	35.9		34.4	12
2013	34.8	35.7	35.6	35.8	33.8	32.5	32.5	32.1	30.8	32.8	34.9	34		33.8	12
2014	34.5	35.7	34.5	34.8	34.7	32.7	34	32.8	32.4	32.7	35.8	38.1		34.4	12
2015	36.9	36.5	36.7	34.9	34.3	34.3	33.3	34.3	33.6	35.2	36	35.9		35.2	12
2016	36	36.7	35.4	36.6	35.1	32.5	33.6	33.2	33.8	35.1	36.8	34.9		35	12
2017	35.2	34.9	36.5	35.5	33.2	31.8	33.4	33.2	33.6	35.3	37.5			34.6	11
2018	36.4	36.7	37.1	36	34.6	33.5	35	34.3	34.3	34	36.3	34.5		35.2	12
2019	37.8	36.9	38.3	37	35.5	34	32.3	32.3	32.1	31.9	36.2	35.5		35	12
2020	35.3	36	35.1	34	34.7	31.5	32.1	31.6	32.9	34	35	34.5		33.9	12
2021	36.1	35.2	35.9	35.4	32.3	30.8	32.7	31.7	32.6	34.4	37.8			34.1	11
2022	36.5	36.1	36.2	35.4	32.9	30.3	32	32.1	31.5	34.1	33.3	33.3		33.6	12
2023	33.6	33	33.3	34.9	35.9	34	34	33.7	34	32.9	34.7			34	11
2024	35.4	35.3	36.2	36.5	35.8	32.1	33.2	33.5						34.8	8
MÍNIMA	32.6	32.4	32.7	31.4	31.5	29.9	30.4	30.9	30	31.9	31.3	31.6		32.8	2
MÁXIMA	37.8	36.9	38.3	37.2	37.2	35.1	35	35.1	34.4	36	37.8	38.1		35.2	12
MEDIA	34.7	35	35.3	35.5	34.4	32.7	33.1	33.1	32.8	33.5	34.6	34.4		34.1	11.1
DESV.ST	1.2	1.1	1	1	1.1	1.1	0.8	0.9	1	0.9	1.4	1.3		0.5	2.2

TEMPERATURA MÁXIMA EXTREMA
AÑO	ENE	FEB	MAR	ABR	MAY	JUN	JUL	AGO	SEP	OCT	NOV	DIC	ACUM	PROM	MESES
1975											37	36.5		36.8	2
1976	37	36.5	38	41	38	39	39.5	36.5	37.5	38	36	38		37.9	12
1977	36	38	38.5	41	38	35	38.5	35	36	36	36	37		37.1	12
1978	37	38	38	38	39.5	39	35	35	34	36	36	37.5		36.9	12
1979	36	38	40		39	37	36	36	35.5	37.5	36	37		37.1	11
1980	35.5	37	40	40	38	37	36	36	35.5	37.5	37	36		37.1	12
1981	37	38.5	39.5	40	36	34	37	35.5	35	35	36.5	36		36.7	12
1982	37	39.5	37.5	38.5	36.5	34	36	37	35	35	37	36		36.6	12
1983	37	38	37.5	37.5	38	35.5	38	35.5	36	36	39.5	37.5		37.2	12
1984	37	38	38	39	37.5	35.5	36	35.5	35	34.5	36	37		36.6	12
1985	36	38.5	40	39	37	35.5	35	34.5	34	34	35.5			36.3	11
1986	36	39	38.5	42	37	35	37	36	35	34	36	37		36.9	12
1987	36.5	36.5	39	39.5	40.5	39.5	35.5	37	35	38	37	38.5		37.7	12
1988	38.5	38	41.5	38.5	41	35	37	35.5	35.5	36.5	37	37		37.6	12
1989	37.5	38.5	37	40.5	37	35.5	35.5	34.5	34	35	36.5	36		36.5	12
1990	37.5	36.5	38.5	40	38	35.5	35.5	35.5	35	35.5	37	36		36.7	12
1991	38	38	38.5	36.5	36.5	36	36.5	36.5	37	35	37	37		36.9	12
1992	37	38.5	39.5	40	38	36.5	35.5	35	35.5	36		37.5		37.2	11
1993	39	38	38	39	38.5	38	35.5	35.5	34.5	36.5	36.5	38		37.2	12
1994	37	38	38.5	39.5	37.5	36	36.5	36	36.5	35.5	37	38		37.2	12
1995	37.5	39	38	40.5	37	36.5	35	34	34.5	35	37	36		36.7	12
1996	37	36	36.5	39.5	35.5	34	35	34	34.5	36.5	38	36.5		36.1	12
1997	37	39.5	38.5	39.5	40	35	36.5	37	36	39.5	39	36.5		37.8	12
1998	36.5	39	39.5	39	41	37.5	35	36.5	33.5					37.5	9
2003									37.5	39.5				38.5	2
2004					39	35.5	35.5	38	34.5	35	39.5	39.5		37.1	8
2005			39.5	41.5	38.5	35	37.5	36	37.5	39.5	40			38.3	9
2006	40	41.5	40.5	39	36	37	35.5	36	36	39	38			38	11
2007	39.5	37.5	39	38	39.5	36	36	35	35.5	38	39.5			37.6	11
2008	38.5	39	39	40.5	38.5	35	35	35	36.5	35	38	33.5		37	12
2009	38	39.5	40	40	37.5	36.5	35.5	35.5	37	40.5	40.5	41.5		38.5	12
2010	41.5	42.5	37.5	40	35.5	36.5	33.5	36.5	33	37.5	34.5			37.1	11
2011	38.5	38	38.5	36	37.5	36.5	35.5	34.5	36	38.5	40	39.5		37.4	12
2012	38.5	39.5	38	38.5	37.5	35	34.5	34.5	35.5	36.5	38.5	38		37	12
2013	38.5	40	39.5	40.5	41.5	38	35	33.5	33.5	37	38.5	35		37.5	12
2014	37.5	39.5	41	41	38.5	35.5	38	34.5	35	38.5	39.5	40.5		38.2	12
2015	40.5	39.5	41.5	37.5	37	38.5	35.5	37	36.5	39.5	39.5	37.5		38.3	12
2016	40.5	42.5	41	42	38.5	35.5	36.5	36.5	36	40.5	40.5	36		38.8	12
2017	39	41.5	41	42.5	37	34.5	36	35	37	40.5	41			38.6	11
2018	41.5	42.5	42.5	41	37.5	36	38.5	37	37.5	38.5	40	34.5		38.9	12
2019	41	41.5	43	40.5	39.5	40.5	34	34.5	34.5	34.5	40.5	35.5		38.3	12
2020	40.5	40	39.5	35.5	40.5	35	34.5	34.5	34.5	37.5	39	34.5		37.1	12
2021	40	38.5	39.5	41	35.5	32.5	35.5	33.5	35	36.5	41			37.1	11
2022	41	40	40.5	39.5	36.5	32.5	34.5	33.5	36.5	37.5	37	35.5		37	12
2023	39.5	39	38	39.5	40	36.5	37.5	36.5	35.5	36.5	38			37.9	11
2024	38.5	39.5	40	41	38	34.5	35.5	35.5						37.8	8
MÍNIMA	35.5	36	36.5	35.5	35.5	32.5	33.5	33.5	33	34	34.5	33.5		36.1	2
MÁXIMA	41.5	42.5	43	42.5	41.5	40.5	39.5	38	37.5	40.5	41	41.5		38.9	12
MEDIA	38.2	39	39.2	39.6	38.1	36	36	35.5	35.5	36.9	37.9	37		37.4	11.1
DESV.ST	1.7	1.6	1.4	1.6	1.5	1.7	1.3	1.1	1.2	1.9	1.7	1.7		0.7	2.2

TEMPERATURA MÍNIMA PROMEDIO
AÑO	ENE	FEB	MAR	ABR	MAY	JUN	JUL	AGO	SEP	OCT	NOV	DIC	ACUM	PROM	MESES
1975											21	19.1		20	2
1976	20.3	18.8	20	22.1	22.9	22.3	22.6	22.1	22.2	22.4	22.7	20.5		21.6	12
1977	18	19.4	19.6	23.3	23.3	22.7	22.7	22.5	22.7	22.5	21.3	20.5		21.5	12
1978	20	19.3	21.2	22.2	23.2	22.8	22.5	22.8	22	22.2	21.8	21.3		21.8	12
1979	19.3	20.8	21.4		23.2	23.1	22.8	22.3	22.3	22.6	21.9	21.5		21.9	11
1980	19.9	20.6	20.9	23.6	23.8	23.2	22.6	22.5	22.6	23.3	22.3	21.4		22.2	12
1981	19.3	20.9	22	23.4	23.4	22.7	22.7	22.6	22.4	22.5	21.4	21		22	12
1982	19.6	21	21.6	23.6	23.3	22.6	22.4	22.4	22.4	22.5	21.5	20		21.9	12
1983	21	19.4	19.2	21.5	23.8	23.4	22.9	22.4	22.4	22.3	21.1	20.8		21.7	12
1984	20	20.8	20	21.3	23.2	21.9	22.1	22.2	21.9	22.2	20.8	20.4		21.4	12
1985	19	19.5	21.8	21.9	22.4	22.6	21.7	22.2	22.2	22	21.1			21.5	11
1986	19.7	19.2	20.7	22.4	23	22.5	22.2	22.4	21.5	21.7	21.6	19.8		21.4	12
1987	18.6	20	21.2	23	23	23.2	22.7	22.8	22.7	23.3	21.5	20.5		21.9	12
1988	21.2	20.5	21.4	22.5	23.7	23	22.6	22.4	22.6	22.9	21.8	21		22.1	12
1989	20.8	20.9	19.9	22.4	23.3	22.7	22.3	22.5	22.7	22.5	22.4	20.6		21.9	12
1990	20.3	20.9	21.9	23.1	23.7	23.1	22.9	22.9	22.9	22.8	22.4	20.2		22.3	12
1991	19.1	20.6	21	22.9	23.6	23.4	23.2	22.7	23.1	22.6	22.2	21		22.1	12
1992	20.4	19.2	22.2	23.7	23.9	23.4	22.7	22.8	22.2	22.3		21.2		22.2	11
1993	20.8	20.1	21.3	23	24.1	23.2	22.7	22.6	22.7	23.1	21.6	21.2		22.2	12
1994	21	20.3	21.1	22.9	23.8	22.9	23.1	22.9	22.9	22.5	21.1	20.4		22.1	12
1995	19.3	19.7	21.2	23.7	23.6	23.6	22.8	22.9	22.4	22.4	21.4	20		21.9	12
1996	17.2	18	19.1	22.5	23	22.4	21.9	21.9	22.4	22.3	22.1	20		21.1	12
1997	18.2	19.8	21.6	21.9	22.1	20.4	22.5	22.2	21.8	22	22.4	20.7		21.3	12
1998	20.2	18.6	20.8	21.6	22.5	23.6	22.3	22.5	22.4					21.6	9
2003									21.7	22.2				22	2
2004					24.1	24.1	23.3	24.1	23.7	24	22.2	22.3		23.5	8
2005			22.5	24.3	24	24.4	23.6	23.7	23.7	23.2	23			23.6	9
2006	22.1	20.9	21.6	23.1	23.8	23.4	23.7	23.5	23.1	23.5	21.9			22.8	11
2007	21.3	20.7	21.3	22.4	23.4	23	22.8	23.1	22.6	22.6	21.6			22.3	11
2008	21	20.6	21	22.9	23.2	22.2	22.2	22.7	22.6	22.5	21	19.8		21.8	12
2009	20.6	20.3	20.5	20.8	23	22.8	23	22.5	22.9	22.6	21.7	21		21.8	12
2010	19.3	21.1	22.4	22.6	23.7	22.8	22.4	22.3	22.1	21.7	20.7			21.9	11
2011	19.7	20.6	21	22.8	23.7	22.7	21.8	22.9	22.9	22.5	21.9	21.1		22	12
2012	22.5	22.4	22.1	22.7	23.8	23.1	23.1	23.3	23.1	22.4	22.8	19.6		22.6	12
2013	22.5	20.7	22.2	22.7	23.5	23.3	23	22.9	22.7	22.8	23	21.5		22.6	12
2014	20	19.9	22.1	22.8	23.8	23	23	22.5	22.3	22.4	21.8	20.5		22	12
2015	22.2	20.2	22.4	23.7	23.7	23.1	23	23.5	23	23	23	22.8		22.8	12
2016	20.5	22.5	22.7	24	24.3	23	23.1	23	22.7	22.9	23.1	21.9		22.8	12
2017	19.8	20.4	22.2	22.6	23.6	22.8	22.9	22.5	22.6	22.8	21.3			22.1	11
2018	21.1	19.9	21.1	22.7	22.9	22.4	22.5	22	22.1	22.2	22	22.5		22	12
2019	20	20.4	22.3	22.4	23.5	23.3	22.8	22.4	22.5	22.2	21.9	21.5		22.1	12
2020	21.4	21.7	22.8	23.9	24.8	23.2	22.8	22.9	22.8	23.3	23.1	22.5		22.9	12
2021	21	20.2	22.3	23.1	23.5	22.5	22.8	22.3	22.7	22.9	21.9			22.3	11
2022	20.2	20.6	22	23.4	23.7	22.4	23.1	22.5	22.6	22.9	23.3	21.9		22.4	12
2023	20.2	21.2	22.6	23.1	24.9	24.3	24.5	24.2	23.8	23.9	24			23.3	11
2024	21.3	20.1	22.2	24.1	25.3	24.1	24	24						23.1	8
MÍNIMA	17.2	18	19.1	20.8	22.1	20.4	21.7	21.9	21.5	21.7	20.7	19.1		20	2
MÁXIMA	22.5	22.5	22.8	24.3	25.3	24.4	24.5	24.2	23.8	24	24	22.8		23.6	12
MEDIA	20.2	20.3	21.4	22.8	23.5	23	22.8	22.7	22.6	22.6	22	20.9		22.1	11.1
DESV.ST	1.2	0.9	0.9	0.8	0.6	0.7	0.5	0.5	0.5	0.5	0.8	0.9		0.6	2.2

TEMPERATURA MÍNIMA EXTREMA
AÑO	ENE	FEB	MAR	ABR	MAY	JUN	JUL	AGO	SEP	OCT	NOV	DIC	ACUM	PROM	MESES
1975											15	16		15.5	2
1976	15	14	14	20	21	21	21	21	21	20	20	16		18.7	12
1977	14.5	16.5	10	21	22	20.5	21.5	20.5	21	20	17	15		18.3	12
1978	15.5	1.4	16	20	20	21.5	21	22	21	17	18.5	17		17.6	12
1979	16	16	18		20	22	21	21	21	21	18	16		19.1	11
1980	17.5	16	16	20.5	22	21	20.5	20.5	21	19	19	15		19	12
1981	15	16	20	21	22	21	21.5	21	20.5	21	17	17.5		19.5	12
1982	17.5	17	18.5	22	22.5	21	20.5	21	20.5	20	18.5	16		19.6	12
1983	15	16	12.5	18.5	22.5	22.5	21	20.5	20.5	20.5	18	17.5		18.8	12
1984	16.5	18	17	17.5	21.5	20	21	21.5	20.5	20.5	17	18		19.1	12
1985	14.5	16	19	18	20	21	20.5	21	21	20.5	18.5			19.1	11
1986	14	15	16.5	19	20.5	20	19	20.5	20	19.5	19	16		18.2	12
1987	12	16.5	18.5	19	19.5	19	21	20	21	15.5	18	15		17.9	12
1988	16.5	16.5	18.5	20	20.5	21	21.5	21	21.5	20	20	17		19.5	12
1989	18.5	15	15	18	21	21	19	21	21.5	19	19.5	16.5		18.8	12
1990	17.5	17	19.5	21	21.5	21.5	21.5	21.5	21.5	20.5	18.5	16		19.8	12
1991	15	16.5	17	19.5	21.5	20	21.5	21	21.5	21	18	16		19	12
1992	17	13.5	18	21.5	21	21	21.5	21	20	20.5		17.5		19.3	11
1993	16	16	17	20.5	22	21.5	21	21.5	21.5	20	19	17		19.4	12
1994	16	17	18	19.5	22	21	21	21	20	21	17.5	17		19.2	12
1995	17	16	18	22.5	22	22	21.5	20.5	19.5	19	18	17.5		19.5	12
1996	14	14	16	21	21	20	20	19.5	20.5	20.5	17	18		18.5	12
1997	16.5	16.5	19	18	20.5	18	20	20	20	19	20.5	18		18.8	12
1998	18.5	16	17	18	19.5	21.5	21	22	21.5					19.4	9
2003									20.5	20.5				20.5	2
2004					21	22.5	21.5	22	22.5	22.5	18.5	18		21.1	8
2005			20	20	21	23	21.5	22.5	22.5	20	17.5			20.9	9
2006	17	16.5	17	21	23	21.5	21.5	22.5	22	20.5	17			20	11
2007	17.5	15.5	14	19.5	19	21	21	21.5	21.5	20	17			18.9	11
2008	18.5	17	17.5	18.5	21	21	21	21.5	20.5	21	17	17		19.3	12
2009	15	17	14.5	18.5	20	21	21	21	22	20	17	17.5		18.7	12
2010	14	18.5	19.5	21	19.5	21	21.5	21.5	18.5	19.5	2.2			17.9	11
2011	15	17.8	19	19	22	21.5	20.5	21	21	18.5	17.5	16		19.1	12
2012	19.5	20.5	19.5	18.5	19.5	21.5	21.5	21.5	21.5	20.5	18.5	18.5		20.1	12
2013	19.5	18.5	18	20.5	21	21.5	21.5	21.5	21.5	22	20	20		20.5	12
2014	16.5	11	21	20	22.5	21	20.5	21	19.5	19	19	19		19.2	12
2015	17.5	17	18.5	22	21.5	21	21.5	22	22	20.5	20.5	20.5		20.4	12
2016	17.5	18.5	20.5	21.5	20	22	21	22	21.5	21	18.5	20		20.3	12
2017	16.5	17.5	19.5	20.5	21.5	21.5	21.5	21.5	20	20	17			19.7	11
2018	16	18	17.5	21	20.5	21	21.5	20.5	20.5	20.5	19	22.5		19.9	12
2019	17	17.5	20	19.5	20.5	21.5	21.5	20.5	20.5	21.5	20	21.5		20.1	12
2020	18.5	19.5	19	21.5	22.5	20.5	21.5	21.5	21.5	22	21.5	22.5		21	12
2021	19	16	20	19.5	22	21	21.5	21	21	21.5	18.5			20.1	11
2022	18	18	19.5	19.5	20	20.5	21.3	21	21.5	21	21.5	19		20.1	12
2023	17	17	20.5	21	22.5	22	22.5	23	22.5	21.5	19.5			20.8	11
2024	19	17.5	19	20.5	23	22.5	22.5	22.5						20.8	8
MÍNIMA	12	1.4	10	17.5	19	18	19	19.5	18.5	15.5	2.2	15		15.5	2
MÁXIMA	19.5	20.5	21	22.5	23	23	22.5	23	22.5	22.5	21.5	22.5		21.1	12
MEDIA	16.5	16.2	17.7	20	21.1	21.1	21.1	21.2	21	20.2	18.1	17.6		19.4	11.1
DESV.ST	1.7	2.9	2.3	1.3	1.1	0.9	0.7	0.7	0.8	1.3	2.8	2		1	2.2

TEMPERATURA MEDIA MENSUAL
AÑO	ENE	FEB	MAR	ABR	MAY	JUN	JUL	AGO	SEP	OCT	NOV	DIC	ACUM	PROM	MESES
1975											27.4	26.3		26.9	2
1976	26.6	25.7	27	28.6	28.7	27.4	28.5	28	28	28.3	28	27.3		27.7	12
1977	26	27.1	27.1	29.3	28.3	27.5	27.9	27.8	28	28	27.2	27		27.6	12
1978	26.9	25.9	27.9	28.4	28.9	27.8	27.4	28	26.6	27.6	27.9	27.5		27.6	12
1979	26.2	27.8	28.6		29.1	28.2	28.1	27.6	26.7	28	27.4	27.6		27.8	11
1980	26.5	27.4	27.8	29.7	29.5	28.6	28.2	27.9	27.8	28.2	28.2	27.5		28.1	12
1981	26.4	27.9	28.8	29.6	28.6	27.3	28	27.7	27.5	27.6	27.6	27.2		27.9	12
1982	26.9	28.3	28.3	29.2	28.5	27.7	27.8	28.3	27.5	27.8	27.8	26.9		27.9	12
1983	27.6	26.8	26.8	28.4	29.9	28.6	28.3	27.9	27.6	27.6	27.7	27.4		27.9	12
1984	27	27.8	27.8	28.6	28.9	27.4	27.4	27.4	26.9	27.6	27	27.2		27.6	12
1985	25.8	27.2	28.9	28.3	28.3	28	27.5	27.6	27.5	27.3	26.8			27.6	11
1986	26.3	26.6	27.5	29.1	28.3	27.8	28	28	27.1	27.2	27.7	27.1		27.6	12
1987	26.4	27	28.1	30.1	29.2	28.5	28	28.2	28.1	29	28.2	27.9		28.2	12
1988	28.1	27.9	28.6	29.2	29.7	28	28.1	27.5	27.4	28.3	28.1	27.6		28.2	12
1989	27.8	27.8	26.8	29.3	28.6	27.8	27.7	27.9	27	27.8	28.1	26.7		27.8	12
1990	27.3	27.2	28.3	29.2	29	28.2	28	28.1	28	28.1	28	26.9		28	12
1991	26.9	27.8	28	28.9	29	28.4	28.6	28.2	28.4	27.9	28	27.5		28.1	12
1992	27.1	26.7	28.9	30.1	29.8	28.4	27.8	28.1	27.5	28		28		28.2	11
1993	27.4	27.5	28.2	29.6	29.7	28	27.9	28	27.8	28.2	28	28.4		28.2	12
1994	27.5	27.6	27.9	29.1	29.1	28.1	28.5	28.1	28.3	27.9	28	27.9		28.2	12
1995	27	27.8	28.4	29.9	29.1	28.4	27.9	27.4	27.4	27.2	27.9	27		28	12
1996	25.6	26.1	26.6	29	27.9	27.4	27	27	27.5	27.8	28	26.9		27.2	12
1997	26.6	27.5	29	28.3	28.6	25.9	28.2	28.6	27.9	27.9	28.8	27		27.9	12
1998	27.2	26.8	28.9	29.4	29.9	29.4	27.5	28.4	26.6					28.2	9
2003									28	28.2				28.1	2
2004					29.3	28.7	28.2	29	28	28.7	28.5	29.1		28.7	8
2005			29.1	30.5	29.2	29	28.7	28.6	28.5	28.5	29.2			29	9
2006	29.2	28.6	28.4	29.6	28.2	28.1	28.2	28.6	28.2	28.5	27.9			28.5	11
2007	28.1	27.5	28.2	28.4	29.2	28	27.8	27.4	27.9	27.5	28.9			28.1	11
2008	28.1	27.9	28	29.4	29	27	27.5	27.8	27.4	27.4	27.4	25.7		27.7	12
2009	27.9	28	28	28.1	28.8	27.5	28.2	28	28.2	29.3	29.7	28.4		28.3	12
2010	27.9	28.9	28.4	29	28.2	26.4	26.6	26.6	26	27.4	26			27.4	11
2011	26.8	26.9	26.9	27.1	27.6	26.9	26.1	27.4	27.9	27.6	28.6	29		27.4	12
2012	28.6	29.1	28.6	28.9	29	27.4	28.2	27.9	28.2	28.8	29.6	27.8		28.5	12
2013	28.6	28.2	28.9	29.2	28.6	27.9	27.8	27.5	26.8	27.8	29	27.8		28.2	12
2014	27.2	27.8	28.3	28.8	29.2	27.9	28.5	27.6	27.4	27.6	28.8	29.3		28.2	12
2015	29.5	28.4	29.6	29.3	29	28.7	28.1	28.9	28.3	29.1	29.5	29.4		29	12
2016	28.2	29.6	29	30.3	29.7	27.8	28.4	28.1	28.2	29	30	28.4		28.9	12
2017	27.5	27.6	29.4	29	28.4	27.3	28.1	27.9	28.1	29	29.4			28.3	11
2018	28.8	28.3	29.1	29.4	28.8	28	28.8	28.1	28.2	28.1	29.1	28.5		28.6	12
2019	28.9	28.6	30.3	29.7	29.5	28.6	27.5	27.3	27.3	27	29	28.5		28.5	12
2020	28.3	28.9	29	29	29.8	27.4	27.5	27.2	27.9	28.6	29	28.5		28.4	12
2021	28.6	27.7	29.1	29.2	27.9	26.6	27.8	27	27.6	28.6	29.8			28.2	11
2022	28.4	28.4	29.1	29.4	28.3	26.4	27.6	27.3	27	28.5	28.3	27.6		28	12
2023	26.9	27.1	28	29	30.4	29.1	29.2	29	28.9	28.4	29.4			28.7	11
2024	28.4	27.7	29.2	30.3	30.5	28.1	28.6	28.8						29	8
MÍNIMA	25.6	25.7	26.6	27.1	27.6	25.9	26.1	26.6	26	27	26	25.7		26.9	2
MÁXIMA	29.5	29.6	30.3	30.5	30.5	29.4	29.2	29	28.9	29.3	30	29.4		29	12
MEDIA	27.5	27.7	28.3	29.2	29	27.9	27.9	27.9	27.7	28.1	28.3	27.7		28.1	11.1
DESV.ST	1	0.8	0.8	0.7	0.7	0.7	0.6	0.5	0.6	0.6	0.9	0.8		0.5	2.2
