COMISIÓN NACIONAL DEL AGUA
COORDINACIÓN GENERAL DEL SERVICIO METEOROLÓGICO NACIONAL
BASE DE DATOS CLIMATOLÓGICA NACIONAL 

ESTADÍSTICA MENSUAL
EMISIÓN   : 25/10/2024 

DATOS DISPONIBLES EN LA BASE DE DATOS A: OCTOBER DE 2024; 
CON LA INFORMACIÓN SUMINISTRADA POR LAS UNIDADES ADMINISTRATIVAS 

 ESTACIÓN  : 7227 
 NOMBRE    : TALISMAN II 
 ESTADO    : CHIAPAS 
 MUNICIPIO : TUXTLA CHICO 
 SITUACIÓN : SUSPENDIDA 
 CVE-OMM   :   
 LATITUD   : 14.95916667 ° 
 LONGITUD  : -92.16833333 ° 
 ALTITUD   : 380 msnm 


LLUVIA MÁXIMA 24 H.
AÑO	ENE	FEB	MAR	ABR	MAY	JUN	JUL	AGO	SEP	OCT	NOV	DIC	ACUM	PROM	MESES
1983							75	73	109.7	131.8	20.3	40.6	450.4	75.1	6
1984	4.5	25.6	37.1	17.9	58.1	67.1	106	80.6	140.2	48.1	41	13.6	639.8	53.3	12
1985	6	15.1	41.3	46.6	57.7	92.8	93	118.3	124.9	65.3	65.6	18.5	745.1	62.1	12
1986	16.9	52.1	34.5	108.7	118.6	95.8	95.6	74.1	42.4	106.8	114.3	3.1	862.9	71.9	12
1987	1.5	0	20.2	37.9	116.1	76.4	95.7	68	125.7	131.3	73.6	93.5	839.9	70	12
1988	49.2	18.8	17.6	47.2	54	84.4	108	80.4	146	117.6	48.4	56.9	828.5	69	12
1989	39.6	46	6	52.9	90.2	117.9	80	160.2	95.4	80.1	103.2	35	906.5	75.5	12
1990	0	23.1	48.2	71.5	134	111.3	104.4	100	120.4	105.6	142.2	15	975.7	81.3	12
1991	14	0.1	5.4	43.2	25.5	91	62.4	91.1	104	64.5	38.5	93.7	633.4	52.8	12
1992	7.7	5.5	27	70.5	60.2	88.9	81.2	57.4	108.4	100.4	94.7	0	701.9	58.5	12
1993	30.8	5.7		32.2	200.4	53.4	41.7	98.4	168.6	86.2	12.5	13.3	743.2	67.6	11
1994	5.3	15.5	29.5	34.8	75.2	68.5	105.6	87.4	142.3	123.3	74.2	70.9	832.5	69.4	12
1995	11.3	31.3	8.5	84.5	135.2	162.5	124.5	92.6	90.3	77.2	40	85.2	943.1	78.6	12
1996	10.4	0	98.5	83.5	120.2	170.3	103.5	138.5	126.5	66.9		0	918.3	83.5	11
1997	3.3	20.1	34.2	96.3	96.3	103.9	67.9	73.2	150.9	139.5	181.5	41	1008.1	84	12
1998	0.01	0	4.3	0	28.5	126.9	77.8	95.8	187.6	99.8	60.4	0	681.11	56.8	12
1999	0	25.9	153.5	270.3	86.4	143.5	74.4	75.2	67.8	137.2	21.3	13.6	1069.1	89.1	12
2000	0	35.5	17.8	42.5	160.3	110.3	105.3	173.6					645.3	80.7	8
2001	65.5	3.7	60	55.2	110.2	58.2	77.2	70	80	141.2	53.1	33.7	808	67.3	12
2002	0.3	0.3	4.7	75.3	64.8	66.6	71.5	146.2	142.1	80.3	56.4	5.5	714	59.5	12
2003	10	10.8	36.5	15.4	163.1	136.2	125.6	127.1	180	93	51.2		948.9	86.3	11
2004	11.1	47.2	42.4	59.8	115.7	67.5	87.3	85.1	106.2	101.4	36.4		760.1	69.1	11
2005	17.9	1.4	40	78.7	75.3	81.8	102.8	119.6	118.2	330.3	55.6	0.7	1022.3	85.2	12
2006	6.3	0	38.4	101.8	88.7	129	62.7	68.7	80.2	141.9	101.9	0	819.6	68.3	12
2007	9.6	1.3	38.7	58.2	140.4	156.4	84.3	140.1	100.2	260.1	66.2		1055.5	96	11
2008	1.3	43.2	68.5								0	0	113	22.6	5
2009	6.4	22.3	22.4	18.6	68.4	150.2	70.4	61.6	118.4	86.4	43.6	10.2	678.9	56.6	12
2010	20.4	23.2	23.7	81.2	82.7								231.2	46.2	5
2013						74.2	92.3	153	192.7	185	97	8.7	802.9	114.7	7
2014	0.1	0.1											0.2	0.1	2
MÍNIMA	0	0	4.3	0	25.5	53.4	41.7	57.4	42.4	48.1	0	0	0.2	0.1	2
MÁXIMA	65.5	52.1	153.5	270.3	200.4	170.3	125.6	173.6	192.7	330.3	181.5	93.7	1069.1	114.7	12
MEDIA	12.5	16.9	36.9	64.8	97.2	103.3	88	100.3	121.9	119.3	65.1	27.2	746	68.4	10.5
DESV.ST	16	16.6	32	50.4	42.4	34.6	19.7	33.3	36.5	61.2	40.8	31.2	258.5	21.3	2.7

LLUVIA TOTAL MENSUAL
AÑO	ENE	FEB	MAR	ABR	MAY	JUN	JUL	AGO	SEP	OCT	NOV	DIC	ACUM	PROM	MESES
1983							505.1	705.9	738.4	667.1	118.62	57.5	2792.62	465.4	6
1984	8.3	58.5	53	33.6	410.4	570.2	651.6	681.1	831.12	350.8	193.5	15.1	3857.22	321.4	12
1985	6	25.5	74.3	167.1	306.2	512.8	575.9	833.8	529.5	417.2	242.1	25.2	3715.6	309.6	12
1986	21.81	193.41	34.5	208.9	534.2	626.9	623.9	515.5	376.3	773.2	267.8	3.1	4179.52	348.3	12
1987	1.5	0	44.6	173.2	235.1	479.1	966.1	447.6	889.92	393.8	148.2	149	3928.12	327.3	12
1988	68.73	18.8	31.4	124	212.3	583.1	685.7	809.1	1075.8	489.8	128.4	100.9	4328.03	360.7	12
1989	59.1	73.2	22.1	122.8	738.1	904.3	534.7	679.2	893.5	570.2	311.4	61.3	4969.9	414.2	12
1990	0	52.1	127.7	397.6	645.4	804.8	526.2	491.6	912.1	1018.9	289.4	27.3	5293.1	441.1	12
1991	26	0.1	10.6	230.1	210.2	768.4	268.3	497.7	581.9	664.2	98.1	173.8	3529.4	294.1	12
1992	11	5.5	100	293.5	239.3	852.9	501	416.4	824.2	528.7	434	0	4206.5	350.5	12
1993	68.6	17		118.8	636.1	378.2	274.6	760.4	749.1	515.3	58.9	13.3	3590.3	326.4	11
1994	5.3	17.7	68.6	148.6	619.7	434.8	436.6	568.3	658	874.3	538.9	70.9	4441.7	370.1	12
1995	11.3	43.1	26.5	431.5	649.9	765.6	780.9	616.3	800.4	511.5	239.8	210.4	5087.2	423.9	12
1996	15.4	0	184.5	396.7	901.7	818.4	701.3	687.6	646	505.1		0	4856.7	441.5	11
1997	3.3	57.72	106.26	473.11	516.03	401.74	379.72	447.34	716.53	445.22	624.1	41	4212.07	351	12
1998	0.02	0	5.81	0	55.52	908.81	518.25	753.43	904.31	559.02	249.91	0	3955.08	329.6	12
1999	0	53.64	258.1	550.9	356.92	821.11	436.62	676.51	610.43	757	63.41	14.22	4598.86	383.2	12
2000	0	40.44	47.03	119.31	811.01	615.93	730.91	928.43					3293.06	411.6	8
2001	65.51	6.92	167.05	110.92	683.2	334.73	655.82	502.42	555.02	784.13	85.15	63.31	4014.18	334.5	12
2002	0.3	0.33	11	404.11	364.43	421.54	465.03	590.73	956.61	701.82	141.62	5.9	4063.42	338.6	12
2003	10.4	10.8	79.21	50.81	582.7	884.2	732.01	720.11	1163.4	707.81	212.41		5153.86	468.5	11
2004	11.1	50	109.91	105.73	628.14	480.5	740.2	540.11	729.2	1096.91	75.51		4567.31	415.2	11
2005	17.9	1.41	148.62	258.93	371.71	870.4	879.32	847.8	944.7	1093.11	200.3	0.71	5634.91	469.6	12
2006	20.41	0	105.51	389.21	628.12	815.72	514.7	666.42	760.6	774	309.41	0	4984.1	415.3	12
2007	9.6	1.3	106.9	199.41	785.6	522.31	516.1	904.12	671.82	779.8	68.51		4565.47	415	11
2008	3.01	116.8	128.82								0	0	248.63	49.7	5
2009	10.2	22.81	58.41	30.02	556.52	1082.51	467.21	726.81	604.5	1066.71	145.5	11	4782.2	398.5	12
2010	55.4	23.2	44.11	179.51	683.9								986.12	197.2	5
2013						436.6	669.3	727.2	597.5	990.3	288.6	11.1	3720.6	531.5	7
2014	3.1	1.3											4.4	2.2	2
MÍNIMA	0	0	5.81	0	55.52	334.73	268.3	416.4	376.3	350.8	0	0	4.4	2.2	2
MÁXIMA	68.73	193.41	258.1	550.9	901.7	1082.51	966.1	928.43	1163.4	1096.91	624.1	210.4	5634.91	531.5	12
MEDIA	18.3	31.8	82.9	219.9	513.9	657.5	582.9	657.1	758.5	693.7	212.8	44	3918.7	356.9	10.5
DESV.ST	22.6	42.7	61.1	151.6	217.5	208.1	166.8	143.3	179.6	225.4	148.6	59.2	1351.8	111.7	2.7

EVAPORACIÓN MENSUAL
AÑO	ENE	FEB	MAR	ABR	MAY	JUN	JUL	AGO	SEP	OCT	NOV	DIC	ACUM	PROM	MESES
1983							130.4	145.6	121.29	120	100.98	95.7	713.97	119	6
1984	120.87	134.57	156.34	139.76	119.43	128.87	123.34	129.48	101.07	107.25	98.1	92.51	1451.59	121	12
1985	116.2	134.91	151.73	130.82	134.31	127.16	121.43	131.57	126.36	110.49	99.54	89.63	1474.15	122.8	12
1986	113.44	107.97	145.73	139.43	122.05	124.82	151.73	123.61	113.46	127.86	112.62	105.03	1487.75	124	12
1987	132.77	145.24	167.9	149	132.74	128.61	122.24	121.58	126.5	130	111	100.03	1567.61	130.6	12
1988	116.66	139.38	150.52	140.66	140.23	124.44	137.44	104.95	117.83	109.78	98.71	87.08	1467.68	122.3	12
1989	110.55	131.14	150.84	167.8	136.59	122.16	128.25	131.05	90.92	130.28	126.21	120.61	1546.4	128.9	12
1990	107.54										102.37	119.86	329.77	109.9	3
1991	123.7	147.68	165.55	130.54	147.05	128.45	136.88	140.57	123.06	135.79	139.89	123.9	1643.06	136.9	12
1992	131.46	138.69	166.21	166.45	153.78	145.33	134.38	137.67	130.5	137.49	132.1	131.18	1705.24	142.1	12
1993	144.42	147.45		154.62	167.95	131.4	141.04	146.79	113.02	136.31	130.91	137.44	1551.35	141	11
1994	150.2	135.63	152.72	140.03	129.84	126.02	152.46	137.06	133.19	143.26			1400.41	140	10
1995	128.74	122.69	163.04	132.9	139.6	123.33	140.15	124.14	138.24	134.61	150.77	145.18	1643.39	136.9	12
1996	129.04	123.56	142.11	145.06	129.06	134.03	137.59	116.04	129.58	140.81		119.05	1445.93	131.4	11
1997	143.08	149.39	152.72	150.99	159.93	144	154.9	157.44	139.34	146.46	157.97	56.89	1713.11	142.8	12
1998	113.95	142.37	179.54	166.75	169.9	127.82	136.19	140.3	107.66	120.46	130.8	143.6	1679.34	139.9	12
1999	146.24	134.78	156.14	140.67	142.08	126.5	130.94	121.02	110.08	119.68	136.51	148.08	1612.72	134.4	12
2000	45.52	145.63	152.7	144.51	137.11	126.13	130.34	129.59					1011.53	126.4	8
2001	163.78	150.08	165.66	72.46	150.04	131.68	146.74	146.2	144.71	148.45	145.5	149.88	1715.18	142.9	12
2002	150.45	134	153.02	133.54	133.79	133.13	133.9	138.4	124.98	147.73	153.02	139.69	1675.65	139.6	12
2003	142.4	141.93	168.62	141.2	133.92	136.88	144.59	149.25	143.42	130.68	106.47		1539.36	139.9	11
2004	116.38	132.47	144.33	152.04	141.2	128.78	145.28	140.44	137.18	155.69	109.54		1503.33	136.7	11
2005	113.88	121.82	136.66	133.29	125.28	131.06	132.45	126.67	129.77	106.73	118.1	15.29	1391	115.9	12
2006	106.49	130.15	165.93	143.65	136.78	131.07	128.35	142.72	134.42	124.54	98.51	27.56	1470.17	122.5	12
2007	100.22	98.12	129.81	131.29	138.62	103.38	109.25	127.23	101.49	96.53	98.66		1234.6	112.2	11
MÍNIMA	45.52	98.12	129.81	72.46	119.43	103.38	109.25	104.95	90.92	96.53	98.1	15.29	329.77	109.9	3
MÁXIMA	163.78	150.08	179.54	167.8	169.9	145.33	154.9	157.44	144.71	155.69	157.97	149.88	1715.18	142.9	12
MEDIA	123.7	134.3	155.4	141.2	140.1	128.9	135.4	133.7	123.4	128.7	120.8	107.4	1439	130.4	11
DESV.ST	23.5	12.9	11.7	18.7	13.1	8	10.8	12	14.4	15.5	20.2	38.4	322.4	10.2	2.2

TEMPERATURA MÁXIMA PROMEDIO
AÑO	ENE	FEB	MAR	ABR	MAY	JUN	JUL	AGO	SEP	OCT	NOV	DIC	ACUM	PROM	MESES
1983							32.4	32.3	31.1	31.6	31.3	31.4		31.7	6
1984	32.5	33.4	34	34.9	32.2	31.5	30.5	30.7	29.9	31.4	31	31.8		32	12
1985	32.4	33.8	34	33.7	33.4	32.3	32	31.5	32	31.1	31.3	32.6		32.5	12
1986	32.5	32.7	33.3	35	32.3	31.9	32.8	32.4	31.8	31.6	32.7	32.6		32.6	12
1987	33.9	34.7	35.1	34.8	33.3	32	31.9	32.2	32.5	33.3	33.4	33.1		33.4	12
1988	33	34.9	35.2	35.5	34.2	31.8	31.8	29.8	30.4	30.6	31	30.1		32.4	12
1989	31.3	31.4	32	33.9	31.1	29.8	30.3	30.2	28.8	30.6	31	30.8		30.9	12
1990	32.1	32.1	32.5	32.1	31.6	30.8	31	31.3	30.4	30.4	31.2	31.6		31.4	12
1991	32	32.9	33.7	33.1	32	31	31.8	31.8	30.8	30.2	31.1	31.1		31.8	12
1992	31.5	32.6	33.3	33.1	32	31	30.8	31.5	30.2	31	30.6	31.8		31.6	12
1993	31.7	32.2		32.4	32.1	30.6	31.4	30.4	30	30	32.8	33.7		31.6	11
1994	33.6	33.5	33.5	33.7	33.9	34	34.5	33.7	33.5	34	34.2	33.7		33.8	12
1995	34.3	34.4	34.3	33.4	33.7	33.6	33.7	33.3	33.6	33.6	34.5	33.6		33.8	12
1996	32.8	34.1	34.1	33.9	33.5	32.5	32.8	33.1	33.1	32.6		33.8		33.3	11
1997	34.9	33.2	33.1	30	32.2	33.2	33.8	33.6	33.9	34.1	34	33.9		33.3	12
1998	34.2	34.3	34	34.2	34.3	33.6	33.3	33.6	33.8	34.3	34.6	34.8		34.1	12
1999	34.5	33.8	33.6	33.1	33.3	33.3	33.4	33.4	33.2	33.2	34	34		33.6	12
2000	33.5	33.9	33.7	33.2	33.4	33.2	33.2	33.2						33.4	8
2001	34.3	34.1	33.6	32.8	32.4	32.1	31.5	31.1	32.9	34.1	34	34.4		33.1	12
2002	34.4	34.7	34.4	34.5	34.4	34.5	34	34.3	34.1	34.1	34	34.4		34.3	12
2003	34.9	35.3	35.8	36.1	35.1	34.1	34.4	34.9	35.2	34.9	33.9			35	11
2004	34.1	34.7	35.3	35.3	34.2	34	33.7	34.6	33.6	33.2	33.5			34.2	11
2005	33.9	34.5	35.4	35.2	34.6	33.4	33.9	33.8	33.6	31.5	33.6	33.2		33.9	12
2006	34	35.2	36.2	34.7	33.8	33.1	33.6	33.6	33	32.7	32.3	33		33.8	12
2007	33.8	34.6	36	35.3	34.4	34.1	34.1	33.1	33	31.1	33.5			33.9	11
2008	33.6	33.8	34.1								32.7	33.1		33.5	5
2009	33.5	34.1	34.6	35.8	34.3	33.9	34.6	34.2	34.6	33.8	32.7	33.2		34.1	12
2010	32.6	33.1	35.3	35.1	33.7									34	5
MÍNIMA	31.3	31.4	32	30	31.1	29.8	30.3	29.8	28.8	30	30.6	30.1		30.9	5
MÁXIMA	34.9	35.3	36.2	36.1	35.1	34.5	34.6	34.9	35.2	34.9	34.6	34.8		35	12
MEDIA	33.3	33.8	34.2	34	33.3	32.6	32.7	32.6	32.4	32.4	32.8	32.9		33.1	11
DESV.ST	1.1	1	1.1	1.4	1.1	1.3	1.3	1.4	1.7	1.5	1.3	1.3		1.1	2.2

TEMPERATURA MÁXIMA EXTREMA
AÑO	ENE	FEB	MAR	ABR	MAY	JUN	JUL	AGO	SEP	OCT	NOV	DIC	ACUM	PROM	MESES
1983							34.5	35	33.5	36.5	32.5	33		34.2	6
1984	34	34.5	37	36	35.5	34	33.5	34	32.5	33	33	33		34.2	12
1985	36	35.5	36	35.5	36	34.5	39	34	34.5	34	33	34		35.2	12
1986	33.5	34.5	36	37	35.5	35	37	36	36	33	36	34.5		35.3	12
1987	36.5	37	38	37.5	36	34.5	34	38	36	38	35	35		36.3	12
1988	35	37	38	38	37	36.5	34.5	32	33.5	33	32.5	31		34.8	12
1989	32.5	33	34	36	34.5	32	33	32	31	32	32	32		32.8	12
1990	34	34	34	33	34.5	33	33	34.5	33	32	33	33.5		33.5	12
1991	33.5	36	35.5	34.5	34	34	34	34.5	32	32	32.5	32		33.7	12
1992	33	35	35.5	35	34	33.5	33	34	33	34	32	33		33.8	12
1993	33	34		34	34	34	35	33	33	32	34	34		33.6	11
1994	34.5	34.5	34.5	34.5	35	35	36	35	35	35	35	36		35	12
1995	36	35	35	34	34	34	34	34	35	35	35	35		34.7	12
1996	35	35	36	35.5	34	34	34	34	35	34		35		34.7	11
1997	37	34.5	34.5	32	33.5	34	35	35.5	36	36.5	36	34		34.9	12
1998	35	35.5	35	35	36	35	35	35	35	35.5	36	35.5		35.3	12
1999	35.5	35	35.5	34	34	34	34	34	34.5	34	35	35.5		34.6	12
2000	34.5	35	36.5	34	34	34	34	35						34.6	8
2001	35	35	35	34	33.5	33.5	32.5	33	34.5	35	35.5	35.5		34.3	12
2002	35.5	36.5	35.5	35.5	36.5	36	36.5	36.5	35.5	35.5	35	35.5		35.8	12
2003	35.5	36	37	37.5	37	36	35.5	36.5	35.5	36.5	35.5			36.2	11
2004	34.5	36	36.5	37	36.5	36	34.5	36	35.5	34	35			35.6	11
2005	34	36	36.5	36.5	36	35	35.5	35.5	34.5	34	34.5	34		35.2	12
2006	36	37	37.5	37.5	35	36	36	36	35	34	33.5	34		35.6	12
2007	35.5	35.5	37	37.5	36.5	36	36	35.5	34.5	34.5	35			35.8	11
2008	34.5	35.5	35								34	35		34.8	5
2009	35	35	36	37	37	36	36	36	35.5	36	34.5	34		35.7	12
2010	35	35	37.5	37	35.5									36	5
MÍNIMA	32.5	33	34	32	33.5	32	32.5	32	31	32	32	31		32.8	5
MÁXIMA	37	37	38	38	37	36.5	39	38	36	38	36	36		36.3	12
MEDIA	34.8	35.3	35.9	35.6	35.2	34.6	34.8	34.8	34.4	34.4	34.2	34.1		34.9	11
DESV.ST	1.1	1	1.2	1.6	1.2	1.1	1.5	1.4	1.3	1.6	1.3	1.3		0.9	2.2

TEMPERATURA MÍNIMA PROMEDIO
AÑO	ENE	FEB	MAR	ABR	MAY	JUN	JUL	AGO	SEP	OCT	NOV	DIC	ACUM	PROM	MESES
1983							21.3	20.7	21	19.9	20.4	18.9		20.4	6
1984	18.3	19.4	19.6	20.6	21	20.4	20.2	20.4	20.2	20.3	18.2	17.9		19.7	12
1985	17.8	17.9	19.1	20	20.7	20.5	19.8	19.7	20	20.1	18.9	19		19.5	12
1986	17.5	18.2	18.1	19.6	21.3	20.1	19.5	19.9	20	19.6	19.5	18.5		19.3	12
1987	18	18.7	20	21	20.6	21.5	21.1	20.7	20.7	20.1	19.9	19.2		20.1	12
1988	19.1	19	19.7	20.5	20.9	20.9	20.3	20.6	20.3	20.1	19.6	18.3		19.9	12
1989	18.4	17.2	16.8	19.7	20.8	20.9	20.5	20.6	20.6	20.5	20.2	18.8		19.6	12
1990	18.4	18.8	19.3	20	21.3	20.8	20.3	20.3	20.6	20.1	20.1	18.8		19.9	12
1991	18.2	18.4	19.5	21.3	21.2	21.1	20	20	20.1	19.8	18.9	18.3		19.7	12
1992	18.4	18	20	20.6	20.9	20.9	20.1	19.9	19.8	19.9	19.7	18.7		19.7	12
1993	17.6	17.7		19	20.9	20.8	20.1	20.2	19.5	19.4	19.3	18		19.3	11
1994	17.6	17.6	17.8	17.7	17.8	18.3	19.4	19	17.7	18.1	19.4	19.3		18.3	12
1995	19.2	19.6	19.7	18.9	19.6	19.4	19.4	19	19.1	19.5	20.7	19.4		19.5	12
1996	20	20.6	20.5	20.2	19.3	18.2	18	18.1	18.5	18.3		21.2		19.4	11
1997	20.6	21.5	21.1	19.6	19.3	18.9	19.7	20.8	21.3	20.4	20	19.3		20.2	12
1998	21.6	21.1	20	20.1	20.1	19.9	20.3	19.2	20.6	21.5	22.3	22.8		20.8	12
1999	22.8	20	18.7	18.9	17.7	17.6	18.4	18.3	17.7	17.7	17.8	18.6		18.7	12
2000	18.1	19.5	17.9	17.4	17.5	17.3	17.4	17.2						17.8	8
2001	17.8	17.6	17.5	17.1	16.9	17.4	17.3	17.2	17.3	19.7	19.8	19.4		17.9	12
2002	19.5	19	19.6	19.2	20	19.6	19.3	18.5	19.2	19.9	22	20.6		19.7	12
2003	19	20	19.5	20.3	20.8	20.1	20.4	20.3	19.4	19.9	20.2			20	11
2004	18.4	18.8	19.5	19.6	20.6	20.2	19.6	20	19.5	19.7	19.1			19.5	11
2005	18.3	17.9	20.2	20.3	20.4	21	20.3	20.3	20.2	19.9	19.4	18.4		19.7	12
2006	18.4	18.5	18.8	19.8	21.1	20.4	20.4	20.6	20.1	20.8	19.8	19.8		19.9	12
2007	19.5	20.3	19.7	19.9	21.2	20.7	20	20.4	20.5	20.3	19.1			20.1	11
2008	18.1	18.8	19.3								19.4	18.7		18.9	5
2009	17.5	17.6	17.5	18.9	20.3	20.6	20.7	20.5	20.9	20.6	19.8	18.7		19.5	12
2010	17.4	18.4	17.6	20.4	20.8									18.9	5
MÍNIMA	17.4	17.2	16.8	17.1	16.9	17.3	17.3	17.2	17.3	17.7	17.8	17.9		17.8	5
MÁXIMA	22.8	21.5	21.1	21.3	21.3	21.5	21.3	20.8	21.3	21.5	22.3	22.8		20.8	12
MEDIA	18.7	18.9	19.1	19.6	20.1	19.9	19.8	19.7	19.8	19.8	19.7	19.2		19.5	11
DESV.ST	1.3	1.1	1.1	1	1.3	1.2	1	1.1	1.1	0.8	1	1.1		0.7	2.2

TEMPERATURA MÍNIMA EXTREMA
AÑO	ENE	FEB	MAR	ABR	MAY	JUN	JUL	AGO	SEP	OCT	NOV	DIC	ACUM	PROM	MESES
1983							19	19	19	18.5	19	17		18.6	6
1984	17	18	18	18	19.5	19	19	18.5	18.5	18	10	16		17.5	12
1985	16.5	16.5	17	18	19	19	19	17.5	19	19	18	16		17.9	12
1986	15	16.5	16	17	19	19	17	19	18	18	17.5	16		17.3	12
1987	16	15.5	18	19	19	20	19	19	19.5	18	18	17		18.2	12
1988	16	16	18	19	19	19.5	19	20	19	18	18.5	17		18.2	12
1989	16.5	14.5	14.5	18	18.5	19	20	19	20	19	19	16.5		17.9	12
1990	17	17	18	19	19.5	19	19	18	20	18.5	18	17		18.3	12
1991	17	16	17	19	19	19.5	18	18	18	18.5	17.5	15.5		17.8	12
1992	17	14.5	18	18	19	20	18.5	18	18	18	18	18		17.9	12
1993	14.5	15		17	19	18.5	18.5	18.5	18	17.5	17	17		17.3	11
1994	17	16.5	17	17	17	17	17.5	17	16	17	17	17		16.9	12
1995	17	18	18	18	17.5	18	17.5	17.5	17.5	17	20	17		17.8	12
1996	18	18	18	18	17.5	17	17.5	17	17	14		20		17.5	11
1997	19	20	19	19	17	17.5	17	18.5	19.5	19	18.5	18		18.5	12
1998	20	20	18	19	19	18	18.5	18	17	19	19	22		19	12
1999	22	19	17.5	17	17	17	17	17	17	17	16.5	17		17.6	12
2000	17	17	17	17	17	17	17	17						17	8
2001	17	17	17	17	16	17	17	16	17	18	17.5	18		17	12
2002	17	17	19	18.5	19	19	18.5	18	18	19.5	21	19		18.6	12
2003	18	19	18.5	18.5	19	19	19.5	19	19	19	18.5			18.8	11
2004	17.5	18	17	18	19	19	19	19	18	19	18			18.3	11
2005	18	17	19	19	19	20	19	19	19	17	17.5	17.5		18.4	12
2006	17	17.5	17	17.5	20	19.5	19	19	19	19.5	17.5	18.5		18.4	12
2007	18	18.5	18	18	20	19	19	19	19	18.5	17			18.5	11
2008	16.5	16.5	18								17.5	17		17.1	5
2009	16	16	16	17	18	19	19.5	19	20	19	18	17		17.9	12
2010	16	16.5	16	18	19									17.1	5
MÍNIMA	14.5	14.5	14.5	17	16	17	17	16	16	14	10	15.5		16.9	5
MÁXIMA	22	20	19	19	20	20	20	20	20	19.5	21	22		19	12
MEDIA	17.2	17.1	17.5	18	18.5	18.6	18.4	18.2	18.4	18.1	17.8	17.4		17.9	11
DESV.ST	1.5	1.5	1.1	0.8	1	1	0.9	0.9	1.1	1.2	1.9	1.4		0.6	2.2

TEMPERATURA MEDIA MENSUAL
AÑO	ENE	FEB	MAR	ABR	MAY	JUN	JUL	AGO	SEP	OCT	NOV	DIC	ACUM	PROM	MESES
1983							26.9	26.5	26	25.8	25.9	25.1		26	6
1984	25.4	26.4	26.8	27.8	26.6	26	25.4	25.5	25	25.9	24.6	24.9		25.9	12
1985	25.1	25.8	26.6	26.9	27	26.4	25.9	25.6	26	25.6	25.1	25.8		26	12
1986	25	25.5	25.7	27.3	26.8	26	26.1	26.1	25.9	25.6	26.1	25.6		26	12
1987	26	26.7	27.6	27.9	27	26.8	26.5	26.5	26.6	26.7	26.6	26.1		26.8	12
1988	26	27	27.5	28	27.6	26.4	26	25.2	25.4	25.4	25.3	24.2		26.2	12
1989	24.9	24.3	24.4	26.8	26	25.4	25.4	25.4	24.7	25.6	25.6	24.8		25.3	12
1990	25.2	25.5	25.9	26	26.5	25.8	25.6	25.8	25.5	25.2	25.6	25.2		25.6	12
1991	25.1	25.6	26.6	27.2	26.6	26	25.9	25.9	25.5	25	25	24.7		25.8	12
1992	25	25.3	26.6	26.9	26.4	26	25.5	25.7	25	25.4	25.1	25.2		25.7	12
1993	24.6	25		25.7	26.5	25.7	25.8	25.3	24.8	24.7	26	25.9		25.5	11
1994	25.6	25.6	25.6	25.7	25.9	26.1	27	26.4	25.6	26	26.8	26.5		26.1	12
1995	26.8	27	27	26.1	26.7	26.5	26.6	26.1	26.4	26.6	27.6	26.5		26.7	12
1996	26.4	27.4	27.3	27	26.4	25.4	25.4	25.6	25.8	25.5		27.5		26.3	11
1997	27.8	27.4	27.1	24.8	25.8	26	26.8	27.2	27.6	27.2	27	26.6		26.8	12
1998	27.9	27.7	27	27.2	27.2	26.8	26.8	26.4	27.2	27.9	28.5	28.8		27.4	12
1999	28.6	26.9	26.1	26	25.5	25.4	25.9	25.9	25.5	25.5	25.9	26.3		26.1	12
2000	25.8	26.7	25.8	25.3	25.4	25.2	25.3	25.2						25.6	8
2001	26	25.9	25.6	25	24.6	24.8	24.4	24.1	25.1	26.9	26.9	26.9		25.5	12
2002	27	26.9	27	26.9	27.2	27	26.6	26.4	26.6	27	28	27.5		27	12
2003	27	27.6	27.6	28.2	28	27.1	27.4	27.6	27.3	27.4	27			27.5	11
2004	26.2	26.8	27.4	27.4	27.4	27.1	26.7	27.3	26.6	26.5	26.3			26.9	11
2005	26.1	26.2	27.8	27.8	27.5	27.2	27.1	27	26.9	25.7	26.5	25.8		26.8	12
2006	26.2	26.9	27.5	27.2	27.4	26.8	27	27.1	26.6	26.8	26	26.4		26.8	12
2007	26.6	27.5	27.9	27.6	27.8	27.4	27	26.8	26.8	25.7	26.3			27	11
2008	25.9	26.3	26.7								26	25.9		26.2	5
2009	25.5	25.9	26	27.3	27.3	27.2	27.6	27.4	27.8	27.2	26.2	26		26.8	12
2010	25	25.8	26.4	27.8	27.2									26.4	5
MÍNIMA	24.6	24.3	24.4	24.8	24.6	24.8	24.4	24.1	24.7	24.7	24.6	24.2		25.3	5
MÁXIMA	28.6	27.7	27.9	28.2	28	27.4	27.6	27.6	27.8	27.9	28.5	28.8		27.5	12
MEDIA	26	26.4	26.7	26.8	26.7	26.3	26.3	26.2	26.1	26.1	26.2	26		26.3	11
DESV.ST	1	0.9	0.8	1	0.8	0.7	0.8	0.8	0.9	0.8	0.9	1		0.6	2.2
