COMISIÓN NACIONAL DEL AGUA
COORDINACIÓN GENERAL DEL SERVICIO METEOROLÓGICO NACIONAL
BASE DE DATOS CLIMATOLÓGICA NACIONAL 

ESTADÍSTICA MENSUAL
EMISIÓN   : 25/10/2024 

DATOS DISPONIBLES EN LA BASE DE DATOS A: OCTOBER DE 2024; 
CON LA INFORMACIÓN SUMINISTRADA POR LAS UNIDADES ADMINISTRATIVAS 

 ESTACIÓN  : 7390 
 NOMBRE    : CACALUTA 
 ESTADO    : CHIAPAS 
 MUNICIPIO : ACACOYAGUA 
 SITUACIÓN : OPERANDO 
 CVE-OMM   :   
 LATITUD   : 15.365 ° 
 LONGITUD  : -92.73111111 ° 
 ALTITUD   : 80 msnm 


LLUVIA MÁXIMA 24 H.
AÑO	ENE	FEB	MAR	ABR	MAY	JUN	JUL	AGO	SEP	OCT	NOV	DIC	ACUM	PROM	MESES
1984									175.3	40.8	68.5	0	284.6	71.2	4
1985	0	8.4	20	38	93	70	80.5	76.4	65.5	63	70.5	10.5	595.8	49.6	12
1986	12.4	10.8	0	25.5	217	90.5	39.5	41.5	90.5	68.5	19.2	0	615.4	51.3	12
1987	0	0	44	9	32	90	175.2	135	141	43	5.1	0.01	674.31	56.2	12
1988	31.5	0	9.2	2.4	41	123.4	93.3	280	207.5	67.7	50.7	4	910.7	75.9	12
1989	6.5	14.6	0.7	20.5	82	162	101.5	120	110	29.7	63.5	0	711	59.2	12
1990	21.2	3.1	41	55	66.4	162	117.1	100	106.5	88.9	33.7	0.01	794.91	66.2	12
1991	52	0	10.7	94	51.5	110	71.5	65.3	80	105.5	29	6.5	676	56.3	12
1992	23.5		70.2	12.5	60.2	116.2	83.1	124.2	150.8	90.5	54.2	6.8	792.2	72	11
1993	8.6	0	23	8.9	134.3	75.2	85.3	98.1	120.4	115.1	17.5	8.2	694.6	57.9	12
1994	0.6	7.5	0.4	9.1	126.2	80.2	75.1	80.1	84.2	92.2	14.7	0.01	570.31	47.5	12
1995	1	10	18.5	21.4	51.7	160	74.4	67.2	65	100.5	30.1	6.5	606.3	50.5	12
1996	0.9	0.01	0.01	23.4	52.7	74.8	53.8	101.5	62.5	32.7	7.7	2.2	412.22	34.4	12
1997	0.1	2.5	7.2	34.5	50.4	67.5	60.3	47.8	103.8	51.4	37.7	15.7	478.9	39.9	12
1998	0	0.8	0	0	68.1	95.5	95.2	108.3	100.2		88.5	0.01	556.61	50.6	11
1999	1.3	1.8	3.5	35.6	25.5	62.5	58.2	105.3	89.9	149.6	15.1	5.5	553.8	46.1	12
2000	0	0	1.7	4.1	140.3	96.3	113.6	111.2	66.8	75.8	21.5		631.3	57.4	11
2001	0	0	13.9	65.1	90.7	42.4	116.8	84.3	108.2	66.1	0.01	5	592.51	49.4	12
2002	0	10.9	0	42.2	80.7	80.7	93.2	55.2	204.5	111.6	24	0	703	58.6	12
2003	0	12.2	2	5.6	65.5	112.2	77.5	114.5	93.7	62.5	50.9	0	596.6	49.7	12
2004	4.2	0	5.7	4.5	47.5	60.5	114.1	80.3	74.4	70.3	22.2	5.5	489.2	40.8	12
2005	0	0.01	50.2	16.5	66.5	120.4	75.5	95.6	230.6	238.3	9.7	10.4	913.71	76.1	12
2006	7.2	0	8.1	23.5	58.6	198.5	97.2	108	65.4	66.7	60.2	32.5	725.9	60.5	12
2007	0	0	18.1	29.2	52.3	122.3	84.1	160.2	112.5	81.9	3.5	5.1	669.2	55.8	12
2008	0	5.3	17.5	22.7	35.8	95.8	96.1	94.6	180	42.3	0		590.1	53.6	11
2009	0	0	26.2	28.2	80.5	148.8	108.6	88.8	66.5	60.8	30.6	0	639	53.2	12
2010	3.2	0	7.6	48.2	80.6	138.8	140.2	80.3	183.8		20	0.01	702.71	63.9	11
2011	0.3	20.5	17.8	68.8	97.3	67.2	120.8	124.3	112.8	110.3	6.8	0.1	747	62.2	12
2012	5.3	8.3	19.5	18.2	80.8	40.6	63.1	140.2	102.1	105.3	6.3	0	589.7	49.1	12
2013	5.8		5.6	20.9	185.3	101.2	57.6	114	140.3	85.2	80.6		796.5	79.7	10
2014	8.6	24.4		75.2	75.7	100.5	43.6	75.2	95.7	110.3	9.3	0.5	619	56.3	11
2015		0	14.5	38.6	22.8	55.2	70.3	78.1	75.6	80.9	40.2	0	476.2	43.3	11
2016	19.3	0	3.2	38.2	45.5	78.9	75.3	80.2	68.7	75.5	38.6	25.3	548.7	45.7	12
2017	19.5	0.1	21.9	20.6	198.8								260.9	52.2	5
2018	0	1.5	14.6	70.6	96.9	63.5	75.1	80.9	98.8	86.6			588.5	58.9	10
2019	3.5	35.6	5.5	0.01	101.6	63	82	107	100	91.8	20.2		610.21	55.5	11
2021	40.6	0.01	15.4	23.5	70.3	80.9	57.8	110.2	46.7	60.2	35.3		540.91	49.2	11
2022	10.3	0.8	3.6	28.3	60.2	101.3	94.2						298.7	42.7	7
2023	0			0					58.9				58.9	19.6	3
MÍNIMA	0	0	0	0	22.8	40.6	39.5	41.5	46.7	29.7	0	0	58.9	19.6	3
MÁXIMA	52	35.6	70.2	94	217	198.5	175.2	280	230.6	238.3	88.5	32.5	913.71	79.7	12
MEDIA	7.8	5.1	14.5	28.5	80.7	97.5	86.7	101	109.2	83	31	5	597.8	54.3	10.9
DESV.ST	12.3	8.2	15.7	23.1	45.4	36.7	27.5	40.5	46.3	38.1	23.9	7.7	169.7	11.7	2.2

LLUVIA TOTAL MENSUAL
AÑO	ENE	FEB	MAR	ABR	MAY	JUN	JUL	AGO	SEP	OCT	NOV	DIC	ACUM	PROM	MESES
1984									681.02	257.61	87.41	0	1026.04	256.5	4
1985	0	9.4	32	51.4	337.44	431.72	488.9	636.31	482.33	455.53	111.72	21	3057.75	254.8	12
1986	12.4	10.81	0	25.5	748.9	370.75	460.92	391.31	567.04	351.36	62.91	0	3001.9	250.2	12
1987	0	0	44	12.52	91	612.2	798.2	874.81	663.44	82.73	5.1	0.01	3184.01	265.3	12
1988	52.92	0	12.9	4.2	123.61	615.71	716.82	1084	729.51	216.64	99.82	4.51	3660.64	305.1	12
1989	7.51	26.11	0.7	32.32	392.22	853.42	590.2	656.54	912.92	94.55	107.55	0	3674.04	306.2	12
1990	26.41	5.3	81	283.72	563.61	612.3	677.22	694.32	606.1	780.12	63.62	0.01	4393.73	366.1	12
1991	74.51	0	10.7	98.9	225.91	648.83	424.33	409.81	490.74	635.12	49.52	13.02	3081.39	256.8	12
1992	34.02		131	17.11	346.6	740.92	635.42	439.22	1187.02	500.52	170.61	7.9	4210.34	382.8	11
1993	16.32	0	23.3	9.31	403.93	544.23	303.43	798.61	610.51	347.04	25.12	10.9	3092.7	257.7	12
1994	0.6	7.5	0.41	17	445.53	574.53	364.13	386.72	651.11	550.01	39.2	0.12	3036.86	253.1	12
1995	1.08	11.42	25.9	55.3	102.4	480.9	377.6	401.5	504	154	56.8	9.47	2180.37	181.7	12
1996	1.01	0.2	0.05	35.6	186.2	491.5	272.5	516.53	294.46	90.63	12.16	2.42	1903.26	158.6	12
1997	1.73	4.42	7.77	57.81	241.62	313.81	200.1	320.53	649.6	220.2	82.11	20.53	2120.23	176.7	12
1998	0	0.81	0	0	88.9	673.7	496.92	658.33	664.71		322.63	0.01	2906.01	264.2	11
1999	3.13	2.22	3.68	54.68	49.31	452.7	257.01	467.2	539.52	447.8	15.91	6.74	2299.9	191.7	12
2000	0	0	1.71	4.42	862.13	489.31	586.74	631.81	521.33	378.31	60.5		3536.26	321.5	11
2001	0	0	19.1	151.1	546.62	272.61	710.52	551.42	687.51	411	0.01	5.5	3355.39	279.6	12
2002	0	10.91	0	120.62	392.9	517.52	651.53	363.41	777.51	479.43	52.31	0	3366.14	280.5	12
2003	0	12.2	2	11.01	353.3	923.61	554.7	606.11	637.3	449.43	160	0	3709.66	309.1	12
2004	4.2	0	10.11	5.3	263.7	426.71	696.2	517.83	342.91	399.21	23.1	8.4	2697.67	224.8	12
2005	0	0.01	96.9	35.5	392.4	944.21	538.51	885.81	1156.3	816.3	35.6	16.7	4918.24	409.9	12
2006	7.2	0	8.5	65.22	236.33	585.6	824.5	458.32	633.82	630.71	158.61	40.5	3649.31	304.1	12
2007	0	0	24.62	95.92	451.91	518.21	598.4	786.4	531.31	385.62	3.5	5.11	3401	283.4	12
2008	0	7.3	21	72.22	180.83	506.23	514.82	654.41	900.53	273.71	0		3131.05	284.6	11
2009	0	0	27.51	54.41	395.66	625.94	484.72	640.11	420.63	484.61	103.41	0	3237	269.8	12
2010	3.2	0	8.11	96.11	447.61	814.71	758.33	854.31	973.72		23.3	0.01	3979.41	361.8	11
2011	0.3	39.02	73.11	133.84	481.84	574.14	935.31	890.01	651.8	517.9	10.1	0.1	4307.47	359	12
2012	5.3	8.3	31.03	49.22	556.64	275.41	614.8	681.52	570.91	741.21	16	0	3550.34	295.9	12
2013	5.8		5.61	40.03	424.25	593.43	495.11	554.41	702.2	653.8	313.38		3788.02	378.8	10
2014	8.7	72.3		115.9	437.5	684.4	291	315.8	563.1	601.4	26.4	0.5	3117	283.4	11
2015		0	40.1	124.12	193.6	307.3	247.9	529.6	495.7	403.5	216	0	2557.82	232.5	11
2016	34.6	0	7.4	38.2	303.8	444.9	492.3	601.9	690.8	389.6	132.9	42.8	3179.2	264.9	12
2017	19.5	0.3	47	54.8	667.4								789	157.8	5
2018	0	1.5	35	284.9	682.4	358.8	466.71	552.23	584.02	595.84			3561.4	356.1	10
2019	5.9	42.4	18.33	0.02	715.21	523.11	395.61	650.01	755.44	671.03	65.83		3842.89	349.4	11
2021	60.4	0.03	34.37	49.44	433.42	496.82	405.43	878.2	306.15	487.8	53.23		3205.29	291.4	11
2022	14.53	0.93	7.95	91.74	390.93	525.22	624.72						1656.02	236.6	7
2023	0			0					352.03				352.03	117.3	3
MÍNIMA	0	0	0	0	49.31	272.61	200.1	315.8	294.46	82.73	0	0	352.03	117.3	3
MÁXIMA	74.51	72.3	131	284.9	862.13	944.21	935.31	1084	1187.02	816.3	322.63	42.8	4918.24	409.9	12
MEDIA	10.8	7.8	24.8	64.5	382.6	550.7	526.4	609.7	634.8	439.8	79	7.2	3069.7	276.4	10.9
DESV.ST	18.3	15.3	29.7	66.8	197.2	166	176.9	187	201.7	193.8	80.5	11.3	963.7	66.6	2.2

EVAPORACIÓN MENSUAL
AÑO	ENE	FEB	MAR	ABR	MAY	JUN	JUL	AGO	SEP	OCT	NOV	DIC	ACUM	PROM	MESES
1984									165.47	149.3	117	86.19	517.96	129.5	4
1985	139.21	147.9	176.21	164.24	182.33	170.01	178.41	190.58	169.09	161.89	116.72	111.06	1907.65	159	12
1986	117.59	134.3	193.7	169.74	154.24	139.99	157.9	158.94	136.85	139.19	111.68	114.97	1729.09	144.1	12
1987	140.52	149.2	178	184.22	163.25	160.5	179.6	170.59	149.17	135.35	124.84	125.42	1860.66	155.1	12
1988	157	163.49	178.46	186.47	177.96	162.76	185.99	156.06	129.63	137.39	109.1	106.57	1850.88	154.2	12
1989	120.33	162.3	185.13	193.09	158.18	132.11	165.21	110.33	122.68	122.83	92.9	88.6	1653.69	137.8	12
1990	100.63	132.45	169.15	154.57	153.03	126.58	131.75	145.49	122.89	133.17	81.58	71.2	1522.49	126.9	12
1991	87.77	113.4	163.74	145.52	145.66	129.31	119.67	127.95	124.94	113.64	73.67	55.77	1401.04	116.8	12
1992	71.93		143.36	126.92	141.52	108.31	83.17	107.28	98.9	111.1	90.15	49.72	1132.36	102.9	11
1993	66.73	98.3	112.38	143.84	143.16	106.96	109.97	91.73	79.01	82.34	54.1	39.92	1128.44	94	12
1994	13.78	70.56	128.71	135	119.7	91.64	86.5	77.25	86.95	82.45	95.7	89.88	1078.12	89.8	12
1995	126.12	141.41	197.4	211.71	189.12	158.5	160.38	150.26	132.08	102.65	101.96	84.26	1755.85	146.3	12
1996	118.41	153	204.13	256.95	192.39	161.59	123.94	127.9	124.57	103.45	80.48	87.26	1734.07	144.5	12
1997	115.2	139.86	218.51	211.02	197.55	157.5	164.62	166.16	140.85	91.88	71.2	22.4	1696.75	141.4	12
1998	44.19	65.74	122.89	134.15	118.19	93.33	81.94	90.89	69.59				820.91	91.2	9
1999	91.19	139.36	218.58	239.46	213.42	137.23	139.63	149.09	103.92	95.12	76.23	84.8	1688.03	140.7	12
2000					23.43	87.68	117.71	99.9	88.11	94.7	78.79		590.32	84.3	7
2001	69.35	91.77	146.98	149.43	126.53	119.75	126.58	131.89	101.58	123.76	103.32	96.14	1387.08	115.6	12
2002	113.39	126.28	186.82	161.04	144.39	101.89	121.63	124.77	92.44	113.27	98.27	94.47	1478.66	123.2	12
2003	114.52	128.19	189.07	182.99	124.35	105.44	136.92	124.86	112.02	102.95	79.23	80.44	1480.98	123.4	12
2004	94.34	124.94	161.29	183.2	145.82	103.6	101.99	106.44	93.73	83.62	53.73	65.4	1318.1	109.8	12
2005	88.94	92.35	152.35	160.25	115.93	97.45	99.26	97.79	103.5	80.5	71.1	73.49	1232.91	102.7	12
2006	113.9	132.1	186.69	158.65	120.13	95.95	103.08	104.64	96.39	92.58	87.91	81.26	1373.28	114.4	12
2007	95.2	119.6	168.7	146.6	119.48	102.1	107.78	97.83	98.73	87.55	85.44	41.88	1270.89	105.9	12
2008	83.27	86.34	109.03										278.64	92.9	3
2009							92.53	95.39	90.53	96.42	76.31	13.81	464.99	77.5	6
2010	60.42	77.11	56.93	93.34	85.87	61.98	79.97	78.39	69.5		28.82	44.35	736.68	67	11
2011	62.64	80.16	96.61	100.88	97.54	75.74	74.2	96.72	90.35	86.86	103.44	94.61	1059.75	88.3	12
2012	114.62	117.13	128.46	121.36	105.34	96.74	103.34	113.41	107.16	115.06	85.92	92.54	1301.08	108.4	12
2013	95.51	9.62	107.18	138.29	101.39	103.52	108.84	104.56	87.77	113.62	103.09	9.86	1083.25	90.3	12
2014	58.93	96.72		143.84	100.45	104.63	122.57	106.79	89.14	100.37	86.26	91.96	1101.66	100.2	11
2015	5.43	83.88	117.14	108.21	106.55	98.88	94.61	108.34	104.32	109.25	81.9	15.14	1033.65	86.1	12
2016	69.35	71.58	99.26	118.05	105.07	90.5	94.76	94.76	89.69	105.52	99.11	87.47	1125.12	93.8	12
2017	82.71	83.12	93.6	119.4	92.23								471.06	94.2	5
2018	70.81	72.62	109.38	104.41	113.44	99.31	116.49	109.62	95.93	97.07			989.08	98.9	10
2019	107.4	122.37	144.63	152.6	107.37	106.93	130.76	168.77	130.82	119.34	103.25		1394.24	126.7	11
2021	97.69	89.55	111.63	122.92	96.47	105.58	118.59	117.08	122.89	124.17	112.76		1219.33	110.8	11
2022	93.94	90.13	123.4	119.81	125.43	107.03	126.16						785.9	112.3	7
2023	3.28			5.95					125.56				134.79	44.9	3
MÍNIMA	3.28	9.62	56.93	5.95	23.43	61.98	74.2	77.25	69.5	80.5	28.82	9.86	134.79	44.9	3
MÁXIMA	157	163.49	218.58	256.95	213.42	170.01	185.99	190.58	169.09	161.89	124.84	125.42	1907.65	159	12
MEDIA	89.1	109	149.4	149.9	131.6	114.7	121.3	120.7	109.6	109.3	89	73.4	1199.7	111.4	10.5
DESV.ST	35.5	33.9	40.5	45.5	38.3	27.2	30.1	28.8	24.5	20.6	20.3	31.1	456.7	25.9	2.8

TEMPERATURA MÁXIMA PROMEDIO
AÑO	ENE	FEB	MAR	ABR	MAY	JUN	JUL	AGO	SEP	OCT	NOV	DIC	ACUM	PROM	MESES
1984									31.7	33.9	34	35.1		33.7	4
1985	34.4	35.3	35.7	36	35.2	33.1	32.9	33	33.2	33.6	33.9	34.4		34.2	12
1986	34.5	34.4	35.3	36.3	34.5	33.6	34	33.5	32.8	33.9	34.6	34.8		34.4	12
1987	34.8	35.4	35.4	36.8	36.6	34	33.6	33.7	33.9	35.1	36	36.2		35.1	12
1988	36.3	36.7	37	37.4	36.8	34.3	34	32.8	32.6	34.5	35	35.3		35.2	12
1989	35.5	35.5	35.4	37.4	34.6	32.9	33.7	33.4	31.7	34	34.5	34.1		34.4	12
1990	35.2	35.1	35.4	35.3	34.1	34.3	33.5	33.8	33.1	34	34	34.2		34.3	12
1991	34.4	34.8	35.7	36.7	34.7	34.2	34.3	33.8	33.6	33.4	34.1	33.4		34.4	12
1992	32.5		35.9	34.8	35.1	32.9	33	33	32.5	32.3	32.4	31.5		33.3	11
1993	31.7	33.1	34.1	35.3	34	31.8	32.4	32.5	31.5	31.8	31.6	31.4		32.6	12
1994	31.2	32.5	35	34.2	33.3	32.8	33.2	32.5	32	31.7	33.6	33.6		33	12
1995	33.8	36.1	38.6	38.7	38.1	33.2	32	31.6	31.1	30.2	31	30.1		33.7	12
1996	30.4	32.7	33.7	35.9	34.1	32	31.7	31.6	33	31.4	29.7	30.7		32.2	12
1997	32	32.9	35.7	35.9	35.2	32.4	32.6	32.8	31.3	29.9	30	28.1		32.4	12
1998	33	32.6	34.9	37.2	36.4	34	32.5	33	31.8		30.6	34.5		33.7	11
1999	30.3	32.6	35.3	37.3	36.1	32	31.5	32.3	30.3	28.9	28	28.9		32	12
2000	32.4	33.5	34.1	34.2	32.8	32.9	34	33.3	32.7	33.1	33.4			33.3	11
2001	33.9	36	36	36.8	35.1	34.2	34	34.5	33	34	33.5	33.5		34.5	12
2002	34.5	35.4	37.4	36.6	35.2	32.9	33.8	34.3	32.5	33.8	33.2	33.4		34.4	12
2003	34.3	35.2	36.3	37.6	34.8	33	34.4	34.6	33.7	33.1	33	33.1		34.4	12
2004	34.1	35.2	36.6	37.8	35.7	34.6	33.4	33.8	33.1	32.7	33	32.8		34.4	12
2005	34	35.4	36.7	36.3	34.4	33.6	33.2	33	33.1	32	32.7	32.4		33.9	12
2006	33.8	35.1	36	35.9	34.1	33.1	33.3	33.7	33.1	32.8	32.9	33.1		33.9	12
2007	33.8	35.2	35.9	36.3	34.8	33.8	34.4	33.4	33.5	32	34.1	32.8		34.2	12
2008	32.9	33.2	35.3	36.1	35.9	33.3	33.3	33	32.6	32.3	33.4			33.8	11
2009	32.1	32.6	34.2	38.1	36.3	34.7	35.1	34.7	35.1	35.6	34.9	34.3		34.8	12
2010	33.6	35	37.4	37.5	36	33.3	33.8	32.9	31.9		32.9	31.9		34.2	11
2011	32.9	33.7	35.8	37	36.8	33.9	32.4	33.3	33.2	32.4	33.6	33.5		34	12
2012	33.9	34.4	35.7	35.9	34.7	33.4	33.1	33.3	33.3	33.5	32.5	33.2		33.9	12
2013	33.5		33.9	37.4	35.4	33.5	33.4	33.3	32.8	33.7	33.3			34	10
2014	33.1	34.3		36.4	34	33.6	34.4	33.8	32.8	32.7	33	33.1		33.7	11
2015		33.9	37.5	36.3	35.8	33.9	33.5	34	33.5	33.7	33.6	33.8		34.5	11
2016	32.9	32.4	33.2	36.7	35.7	33.9	34	34.6	33.3	33.8	33.5	33.1		33.9	12
2017	32.6	32.9	32.9	34	33.1									33.1	5
2018	32.5	32.9	34	33.1	35.2	34.4	34.4	34.6	33.9	33.4				33.8	10
2019	33.8	34.4	35.6	35.7	34.3	35	35.3	36.2	35.8	35.2	35.5			35.2	11
2022										33.5	33.5	33.1		33.4	3
2023	33.3	34.6	35.1	36.2	35.9	34.4	34.2	34.1	34.6	33.8	34.4	34.3		34.6	12
MÍNIMA	30.3	32.4	32.9	33.1	32.8	31.8	31.5	31.6	30.3	28.9	28	28.1		32	3
MÁXIMA	36.3	36.7	38.6	38.7	38.1	35	35.3	36.2	35.8	35.6	36	36.2		35.2	12
MEDIA	33.4	34.3	35.5	36.3	35.1	33.5	33.5	33.5	32.9	33	33.1	33.1		33.9	11.1
DESV.ST	1.3	1.2	1.3	1.2	1.1	0.8	0.9	0.9	1.1	1.4	1.6	1.8		0.8	2.2

TEMPERATURA MÁXIMA EXTREMA
AÑO	ENE	FEB	MAR	ABR	MAY	JUN	JUL	AGO	SEP	OCT	NOV	DIC	ACUM	PROM	MESES
1984									34	36	36	36		35.5	4
1985	36	37	37	38	38	35.5	34	34.5	35	35	36	36		36	12
1986	36.5	36	37.5	38	36	36	36	35	35	36	37	36		36.2	12
1987	36	37	37.5	39	39	37.5	36	35.5	36	36.5	38.5	39		37.3	12
1988	38	39	39	39.5	39	38	36	35	35.5	37	37	37		37.5	12
1989	36.5	38.5	37.5	39.5	39	35.5	36	36	35	36	37	35.5		36.8	12
1990	37	36.5	38.5	37	36	38.5	35.5	36	34.5	36	36.5	36		36.5	12
1991	36	37.5	38	38.5	37	36.5	36	36	36.5	37	36	35		36.7	12
1992	34.5		38	37.5	37	34.5	35.5	35.5	35	33.5	34.5	32.5		35.3	11
1993	33	36	36	37	36	34	34.5	35	33	33.5	33	32.5		34.5	12
1994	32.5	33.5	38	38	36.5	35	34.5	35	34.5	33.5	36	38.5		35.5	12
1995	37	41	42	43	41	39.5	34.5	33.5	36.5	33	33.5	33.5		37.3	12
1996	34	36.5	38.5	39.5	37	34	34	34	35	34.5	33.5	33		35.3	12
1997	35	37.5	39	39	40	35	35	35	34	34.5	34	34		36	12
1998	35.5	34.5	38	40	38.5	36	36	35	35		33	38		36.3	11
1999	34.5	35.5	37.5	39.5	39.5	37.5	33.5	34	33	33.5	30	32		35	12
2000	34.5	34.5	36	36.5	34.5	35	35.5	35	38.5	34.5	34.5			35.4	11
2001	35	37.5	38	39	38.5	36.5	37.5	36.5	35	36	35	35		36.6	12
2002	36.5	37.5	39.5	39	38.5	37	36.5	36.5	36	35.5	34.5	35.5		36.9	12
2003	35.5	36.5	38	40	39.5	35.5	36	36	35.5	37.5	34.5	35		36.6	12
2004	39	37	38	39.5	39.5	38.5	36	35.5	36.5	34	34.5	34		36.8	12
2005	36	37	39	38.5	37.5	35.5	37	35.5	35.5	34.5	34.5	34		36.2	12
2006	35.5	37	37.5	37.5	36.5	36	36	36	35.5	34.5	34.5	34.5		35.9	12
2007	35.5	36.5	38	38	37.5	35.5	37	36.5	35.5	34.5	35.5	35.5		36.3	12
2008	34	34	37	37.5	38	36.5	36	35.5	34	34	34.5			35.5	11
2009	33.5	33.5	37.5	40	37.5	36.5	37	36.5	36.5	36.5	36	35		36.3	12
2010	34.5	36.5	39.5	39	39	36	36	34	34		33.5	34		36	11
2011	34	34.5	37.5	39	38.5	37	34	35	35.5	34	34.5	34.5		35.7	12
2012	35	35.5	36.5	38	37.5	35.5	34.5	35	34.5	34.5	34.5	34		35.4	12
2013	34.5		37	39.5	38	34.5	34.5	34.5	34.5	34.5	34.5			35.6	10
2014	35	35.5		38	35	34.5	36	35	34	33.5	35	34		35	11
2015		36.5	39.5	38	38.5	36.5	36	36	35.5	35	34.5	34.5		36.4	11
2016	34	36	36.5	38	38	35.5	35.5	36.5	35	35	34.5	34.5		35.8	12
2017	33.5	34	34.5	35.5	35									34.5	5
2018	34	34	36	34.5	37	37	38	35.5	35.5	34.5				35.6	10
2019	35	37	37.5	37	37	39	39.5	39.5	39	38	36.5			37.7	11
2022										34.5	35	34		34.5	3
2023	35.5	36	37	37.5	39	35.5	36	36	36	35	37	36		36.4	12
MÍNIMA	32.5	33.5	34.5	34.5	34.5	34	33.5	33.5	33	33	30	32		34.5	3
MÁXIMA	39	41	42	43	41	39.5	39.5	39.5	39	38	38.5	39		37.7	12
MEDIA	35.2	36.2	37.8	38.4	37.8	36.2	35.8	35.5	35.3	35	35	35		36	11.1
DESV.ST	1.4	1.6	1.3	1.5	1.5	1.4	1.2	1.1	1.2	1.3	1.5	1.6		0.8	2.2

TEMPERATURA MÍNIMA PROMEDIO
AÑO	ENE	FEB	MAR	ABR	MAY	JUN	JUL	AGO	SEP	OCT	NOV	DIC	ACUM	PROM	MESES
1984									22.4	23.1	20.6	20.6		21.7	4
1985	18.9	19.4	21.2	22.2	23.2	22.9	22.3	22.6	22.8	22.5	21.7	20.6		21.7	12
1986	17.9	20.2	20.2	22.3	23	22.9	22	22.4	21.7	22	21.5	20.2		21.4	12
1987	17.1	18.6	21.5	22.4	22.9	23.8	22.9	23.2	23.1	22.7	21.1	21		21.7	12
1988	20.6	20.3	21.5	23.2	23.7	23.3	22.9	22.8	22.4	22.4	21.9	20		22.1	12
1989	20.3	19.4	18.8	22	22.9	22.9	22.5	22.7	22.6	22.5	22.4	20.2		21.6	12
1990	20.1	20.5	22	22.9	23.3	23	22.6	22.6	23	22.4	22.1	20.4		22.1	12
1991	20.1	20.3	21.3	23.6	23.7	23.6	22.9	22.8	22.8	22.3	21	20.7		22.1	12
1992	19.8		21.2	21.7	22.4	22.8	21.7	22.5	21.8	21.9	21.7	21.2		21.7	11
1993	21.4	21.4	21.8	22.4	22.4	21.4	21.8	21.9	21.2	21.5	21.1	20.1		21.5	12
1994	18.6	21.5	22.3	22.4	22.8	22.2	22.2	22.1	22	21.8	14.6	12.5		20.4	12
1995	11.2	11.2	13.1	18.5	18.6	19.7	19.4	20.1	19.9	18.6	18.6	15.4		17	12
1996	11.2	11.1	13.9	18.7	20.6	20.5	19.8	19.3	20.2	19.4	15.7	13.5		17	12
1997	12.5	14.6	16.7	18	19.7	20.4	19.6	19	20.4	19.5	19.1	15.6		17.9	12
1998	20.5	21.2	23.1	23.3	23.5	23.5	22.5	22.6	22.3		21.3	21		22.3	11
1999	13	12.6	14.5	18.4	19.5	20.1	19.5	19.7	20.4	18.9	15.6	12.8		17.1	12
2000	19	23.3	23.2	21.8	21.8	21.8	21.3	21.7	21.2	21.2	21.6			21.6	11
2001	18.5	19.6	20.1	22	22.3	21.5	21.4	21.6	21.2	21.9	20.1	20.3		20.9	12
2002	19.1	19.6	20.6	22.1	22.1	21.6	21.6	21.5	21.2	21.5	20.5	19.7		20.9	12
2003	18.7	19.5	21.3	22.1	22.6	21.6	21.4	21.7	21	21.6	21.2	17.8		20.9	12
2004	18.2	19.3	21	21.9	22.5	22.1	21.1	21.5	21.5	21.4	20.6	18.4		20.8	12
2005	18	20	22.1	22	21.8	21.6	21.2	21.3	21.7	20.4	20.4	20.2		20.9	12
2006	19.8	19.3	20.7	21.6	22	21.9	22	21.9	21.5	21.5	20	20.1		21	12
2007	19.2	19.6	20.5	21.8	21.9	21.5	21.3	20.8	21.2	20.5	19.1	18.9		20.5	12
2008	20.3	20.2	21.2	22.4	21.9	20.9	21	21.1	20.9	20.3	18.8			20.8	11
2009	19.1	19.4	20.7	21.7	21	21	21	21	20.5	20.6	19.9	19.3		20.4	12
2010	19.1	20.8	22	21.5	21.1	20.4	20.7	20.2	19.6		19.9	17.6		20.3	11
2011	16.9	17.7	19.7	21.4	21.5	20.5	20.4	20.8	20.8	20.4	19.5	18.5		19.8	12
2012	19.4	20.5	21.2	21.5	21.3	21	20.6	21.1	20.9	20.8	19.4	19.2		20.6	12
2013	19.6		20	21.9	21.7	20.9	20.7	20.6	20.2	20.7	20.1			20.6	10
2014	17.4	19.5		22.7	22.3	22.5	22.9	22.1	20.3	20.5	20.2	19.3		20.9	11
2015		19.7	21.8	22.1	22.9	21.8	21.7	21.5	21	21.4	20.9	19.9		21.3	11
2016	19.8	19.6	20.8	21.9	22.1	21.8	21.3	21.5	21.1	21.3	20.8	20.3		21	12
2017	20	20.2	20.5	21.4	20.9									20.6	5
2018	18.9	19.9	20.8	20	20.5	20.2	20.6	20.5	20.6	20.3				20.2	10
2019	19.4	19.3	20.2	20.5	21.4	22.6	24.2	24.5	24.4	23.2	22.3			22	11
2022										22.2	21.7	21.2		21.7	3
2023	20.1	20.4	21.8	22.8	23.3	23.1	23	23.7	23.5	23.4	23.1	20.9		22.4	12
MÍNIMA	11.2	11.1	13.1	18	18.6	19.7	19.4	19	19.6	18.6	14.6	12.5		17	3
MÁXIMA	21.4	23.3	23.2	23.6	23.7	23.8	24.2	24.5	24.4	23.4	23.1	21.2		22.4	12
MEDIA	18.4	19.1	20.4	21.6	22	21.8	21.5	21.6	21.5	21.3	20.3	19		20.8	11.1
DESV.ST	2.6	2.7	2.3	1.4	1.2	1.1	1.1	1.2	1.1	1.2	1.9	2.4		1.4	2.2

TEMPERATURA MÍNIMA EXTREMA
AÑO	ENE	FEB	MAR	ABR	MAY	JUN	JUL	AGO	SEP	OCT	NOV	DIC	ACUM	PROM	MESES
1984									21	21	18	19		19.8	4
1985	16	17.5	18.5	18.5	22	22	21	21	21	21	20.5	18		19.8	12
1986	15.5	18	18	20	20	21	20	19	19.5	20	19	18		19	12
1987	14	15	20	19	19	21	21	22	20.5	21	18	19		19.1	12
1988	16	18	18.5	21	21.5	22	21.5	21.5	20	20	20.5	16		19.7	12
1989	18	14.5	14	20.5	20	21	21	20.5	20	20	20.5	14.5		18.7	12
1990	18.5	18	20.5	21	21.5	21.5	21	20.5	21	19.5	19	18		20	12
1991	17.5	18	18	21	22	22.5	21.5	21	21.5	21	17	17.5		19.9	12
1992	17		19.5	20	19.5	21	20.5	21	20	20.5	20.5	20		20	11
1993	20.5	20	19.5	21	21	19.5	20.5	20	19.5	20	19	17.5		19.8	12
1994	17	19.5	20.5	21	21	19	20.5	20	20	20	6.5	8.5		17.8	12
1995	8.5	8	8	15	16.5	16.5	17.5	19	17	16	13.5	12		14	12
1996	6	7.5	9	15.5	18.5	19	17	16.5	19.5	16.5	10	11.5		13.9	12
1997	10	12	13	11.5	16.5	18	17.5	14	19.5	17	17.5	7.5		14.5	12
1998	17	17.5	22	21.5	21	22.5	21	21.5	19.5		19	17.5		20	11
1999	10.5	9.5	9.5	13.5	18	18	17	16.5	18	13	8	7.5		13.2	12
2000	16.5	22	20.5	21	20.5	20	19	20.5	20.5	20.5	20			20.1	11
2001	17	18.5	18.5	19.5	21	20.5	20	20.5	20	19.5	18	18.5		19.3	12
2002	16.5	17.5	19	21	20.5	20	21	20	20	20	16.5	17.5		19.1	12
2003	17.5	18	19.5	18	21	20.5	20	21	19.5	20.5	19.5	16		19.2	12
2004	17	17.5	18.5	18.5	20.5	20	19	19	20	20	18.5	15		18.6	12
2005	16	18	20	20.5	20.5	20.5	20	20	21	18	19	18		19.3	12
2006	17.5	17	18.5	20	20.5	20	20.5	20	20.5	20.5	14	18		18.9	12
2007	17	18	18	19.5	20.5	20	20	19	20	17.5	17	16.5		18.6	12
2008	19	19	20	21.5	20	19	19	20	19	18	16			19.1	11
2009	17.5	17	19	21	20	19	18.5	19	19.5	19.5	18	18.5		18.9	12
2010	16	20	21	20	19	18.5	19.5	18.5	17.5		19	14		18.5	11
2011	15	16	18	20.5	20	18	18	19.5	18.5	18	16.5	17		17.9	12
2012	17.5	19	20	20.5	20	19.5	19	20	19.5	20	17	16.5		19	12
2013	17.5		18	20.5	18	19	19.5	19	18	19.5	17.5			18.6	10
2014	15	17		21	21	20	21.5	20	18.5	19	18	18		19	11
2015		14.5	21	20	22	18.5	20	19	19	19	20	19		19.3	11
2016	18	18.5	20	20.2	20.5	20	20	20	19	20	19	19.5		19.6	12
2017	18	19	19	20	20									19.2	5
2018	17	19	20	19	19	19	19	19	19	19				18.9	10
2019	18	18	17.5	18	19.5	19	22	22.5	23	22	20			20	11
2022										21	20.5	20.5		20.7	3
2023	18.5	18	20	21.5	20.5	21.5	21.5	22	22.5	22.5	21.5	16		20.5	12
MÍNIMA	6	7.5	8	11.5	16.5	16.5	17	14	17	13	6.5	7.5		13.2	3
MÁXIMA	20.5	22	22	21.5	22	22.5	22	22.5	23	22.5	21.5	20.5		20.7	12
MEDIA	16.1	16.9	18.1	19.5	20.1	19.9	19.9	19.8	19.8	19.4	17.6	16.3		18.7	11.1
DESV.ST	3	3.3	3.4	2.3	1.3	1.4	1.3	1.7	1.2	1.8	3.4	3.4		1.8	2.2

TEMPERATURA MEDIA MENSUAL
AÑO	ENE	FEB	MAR	ABR	MAY	JUN	JUL	AGO	SEP	OCT	NOV	DIC	ACUM	PROM	MESES
1984									27	28.5	27.3	27.9		27.7	4
1985	26.6	27.3	28.5	29.1	29.2	28	27.6	27.8	28	28	27.8	27.5		28	12
1986	26.2	27.3	27.8	29.3	28.8	28.2	28	28	27.2	28	28	27.5		27.9	12
1987	26	27	28.4	29.6	29.8	28.9	28.2	28.5	28.5	28.9	28.6	28.6		28.4	12
1988	28.4	28.5	29.2	30.3	30.2	28.8	28.4	27.8	27.5	28.4	28.4	27.6		28.6	12
1989	27.9	27.4	27.1	29.7	28.8	27.9	28.1	28	27.1	28.2	28.4	27.1		28	12
1990	27.7	27.8	28.7	29.1	28.7	28.6	28	28.2	28	28.2	28	27.3		28.2	12
1991	27.2	27.5	28.5	30.2	29.2	28.9	28.6	28.3	28.2	27.9	27.6	27		28.3	12
1992	26.1		28.5	28.2	28.8	27.9	27.4	27.8	27.1	27.1	27	26.4		27.5	11
1993	26.5	27.2	28	28.8	28.2	26.6	27.1	27.2	26.4	26.6	26.4	25.8		27.1	12
1994	24.9	27	28.6	28.3	28	27.5	27.7	27.3	27	26.8	24.1	23		26.7	12
1995	22.5	23.6	25.9	28.6	28.4	26.5	25.7	25.9	25.5	24.4	24.8	22.8		25.4	12
1996	20.8	21.9	23.8	27.3	27.4	26.2	25.8	25.5	26.6	25.4	22.7	22.1		24.6	12
1997	22.2	23.8	26.2	27	27.5	26.4	26.1	25.9	25.9	24.7	24.6	21.9		25.2	12
1998	26.8	26.9	29	30.2	30	28.8	27.5	27.8	27		26	27.8		28	11
1999	21.6	22.6	24.9	27.8	27.8	26	25.5	26	25.4	23.9	21.8	20.9		24.5	12
2000	25.7	28.4	28.6	28	27.3	27.4	27.6	27.5	27	27.1	27.5			27.5	11
2001	26.2	27.8	28	29.4	28.7	27.9	27.7	28	27.1	28	26.8	26.9		27.7	12
2002	26.8	27.5	29	29.4	28.7	27.2	27.7	27.9	26.9	27.6	26.9	26.5		27.7	12
2003	26.5	27.4	28.8	29.9	28.7	27.3	27.9	28.1	27.4	27.4	27.1	25.5		27.7	12
2004	26.1	27.2	28.8	29.8	29.1	28.4	27.2	27.6	27.3	27	26.8	25.6		27.6	12
2005	26	27.7	29.4	29.1	28.1	27.6	27.2	27.1	27.4	26.2	26.6	26.3		27.4	12
2006	26.8	27.2	28.4	28.8	28	27.5	27.6	27.8	27.3	27.1	26.4	26.6		27.5	12
2007	26.5	27.4	28.2	29	28.3	27.6	27.9	27.1	27.4	26.2	26.6	25.8		27.3	12
2008	26.6	26.7	28.2	29.2	28.9	27.1	27.1	27	26.8	26.3	26.1			27.3	11
2009	25.6	26	27.5	29.9	28.6	27.9	28	27.9	27.8	28.1	27.4	26.8		27.6	12
2010	26.4	27.9	29.7	29.5	28.6	26.8	27.2	26.5	25.8		26.4	24.8		27.2	11
2011	24.9	25.7	27.8	29.2	29.1	27.2	26.4	27	27	26.4	26.6	26		26.9	12
2012	26.6	27.4	28.5	28.7	28	27.2	26.9	27.2	27.1	27.1	26	26.2		27.2	12
2013	26.6		27	29.6	28.5	27.2	27	27	26.5	27.2	26.7			27.3	10
2014	25.2	26.9		29.5	28.1	28	28.6	28	26.5	26.6	26.6	26.2		27.3	11
2015		26.8	29.6	29.2	29.3	27.9	27.6	27.8	27.2	27.6	27.2	26.8		27.9	11
2016	26.4	26	27	29.3	28.9	27.9	27.6	28	27.2	27.5	27.1	26.7		27.5	12
2017	26.3	26.5	26.7	27.7	27									26.8	5
2018	25.7	26.4	27.4	26.6	27.9	27.3	27.5	27.6	27.2	26.9				27	10
2019	26.6	26.9	27.9	28.1	27.8	28.8	29.8	30.4	30.1	29.2	28.9			28.6	11
2022										27.9	27.6	27.1		27.5	3
2023	26.7	27.5	28.5	29.5	29.6	28.8	28.6	28.9	29	28.6	28.8	27.6		28.5	12
MÍNIMA	20.8	21.9	23.8	26.6	27	26	25.5	25.5	25.4	23.9	21.8	20.9		24.5	3
MÁXIMA	28.4	28.5	29.7	30.3	30.2	28.9	29.8	30.4	30.1	29.2	28.9	28.6		28.6	12
MEDIA	25.9	26.7	27.9	29	28.6	27.7	27.5	27.6	27.2	27.2	26.7	26		27.3	11.1
DESV.ST	1.7	1.5	1.3	0.9	0.7	0.8	0.9	0.9	0.9	1.2	1.5	1.9		1	2.2
