COMISIÓN NACIONAL DEL AGUA
COORDINACIÓN GENERAL DEL SERVICIO METEOROLÓGICO NACIONAL
BASE DE DATOS CLIMATOLÓGICA NACIONAL 

ESTADÍSTICA MENSUAL
EMISIÓN   : 25/10/2024 

DATOS DISPONIBLES EN LA BASE DE DATOS A: OCTOBER DE 2024; 
CON LA INFORMACIÓN SUMINISTRADA POR LAS UNIDADES ADMINISTRATIVAS 

 ESTACIÓN  : 7027 
 NOMBRE    : COPAINALA 
 ESTADO    : CHIAPAS 
 MUNICIPIO : COPAINALÁ 
 SITUACIÓN : SUSPENDIDA 
 CVE-OMM   :   
 LATITUD   : 17.08333333 ° 
 LONGITUD  : -93.21666667 ° 
 ALTITUD   : 640 msnm 


LLUVIA MÁXIMA 24 H.
AÑO	ENE	FEB	MAR	ABR	MAY	JUN	JUL	AGO	SEP	OCT	NOV	DIC	ACUM	PROM	MESES
1927			0.01	20	14	48.5	31.5	44	40	90.3	5	28	321.31	32.1	10
1928	22	3	3	5	33.5	56.5	44.5	37.5	28	35.5	5.5	17	291	24.2	12
1929	8.5	15.5	2	0	34.5	25.5	26.5	31.5	93.5	17.5	12	48	315	26.2	12
1930	0	0	0	0	0	0	0	0	0	0	0	0	0	0	12
1931	2.5	2	0.01	10.5	27	39	37	58	21	140	1	7.5	345.51	28.8	12
1933	12	21	0	13.5	62.5	25	65	40	91	43	0	33	406	33.8	12
1934	7	6	72	26.5	28	15	23	13.5	42	11	13	6	263	21.9	12
1935	18	7	0.01	27	46.5	36.5	31	37.5	98.5	38.5	3.5	4	348.01	29	12
1936	51	2.5	5.5	0.01	18	42	33	17.5	77	66	42	10	364.51	30.4	12
1937	4.5	35.5	15.5	5.5	12	85.5	62	11.5	44.5	16	3	5	300.5	25	12
1938	5.5	3	2.5	0	0	0	0	0	0	0	0	0	11	0.9	12
1939	0.01	25	4.5	5	12.5	40.5	20.2	11.5	40	48.5	4.5	1.5	213.71	17.8	12
1940	30.5	2.5	12.5	6.5	1.5	44	15	67.5	80.9	10.5	8	12	291.4	24.3	12
1941	8.5	2.5	2	5	2.5	45.5	15	6.5	80	10.5	4.5	12	194.5	16.2	12
1942	2	1.5	3	20.5	2.5	3.5	3.5	15	10.5	0.01	10.5	0.01	72.52	6	12
1943	2.5	0.5	6	5	15.5	20	25	8	10	25	20	0.01	137.51	11.5	12
1944	18	0	0.01										18.01	6	3
1945	0	0	0	0.01	23.5	40	21	25	40	47	0		196.51	17.9	11
1946		11		1.3	20	20	20	20	20	20	20	20	172.3	17.2	10
1947			0.01	0	11	22	10	28	20.5	20.5	28	29	169.01	16.9	10
1948	28	25	0	0	30	40				61.5	65	75	324.5	36.1	9
1949		0	2	0	25	75	57.5	80	58	59	15	5	376.5	34.2	11
1950	5	5	75	0	60	85	100	95	90	94	85	59	753	62.8	12
1951	90	48	25	12	25	97	202	195	110	150	135		1089	99	11
1952	0	0	0	0	0	0	0	0	0	0	0	0	0	0	12
1953	0	0	0	0	0	0	0.01	0	0	0	0	0	0.01	0	12
1954	0	0	0	37	40	38	37	0.01	26	42	0.01	0.01	220.03	18.3	12
1955	0.01	0.01	0.01	0	0	24	40	20	0.3	124	0	0.4	208.73	17.4	12
1956	0	0	0.01	0	60	40	40	20.5	35	8	25	0.01	228.52	19	12
1957	0	20	0	0.01	45	35	20	25	5.5	25	35	0.01	210.52	17.5	12
1958	25	15	0.01	0.01	1.5	50	60	30	50	40.5	12	12	296.02	24.7	12
1959	10.5	0	0.6	18	10.5	60.5	20	40	20	80	61.5	10.5	332.1	27.7	12
1960	20	0.01	8	20	40	20	60	60	5	28	10	17.5	288.51	24	12
1961	55	15	40	0.01	75	30	60	27.5		52.5	24	4	383.01	34.8	11
1962	26	6	16	16	4	31.5	36	24.5	36	22.5	5	0.01	223.51	18.6	12
1963	46	78	40	0.01	18.5	50	65	22.5	105	16.5	28	10	479.51	40	12
1964	4	5	5	10	5	20	24	8.5	26	15	12.5	0.01	135.01	11.3	12
1966	20	12	15	0.01	10	30	16	22.5	30	24	6	10	195.51	16.3	12
1967	40	12	0.01	4	15	30	40	62.5	56.5	24	10	12	306.01	25.5	12
1968	30.5	8	0.01	0.01	52	25	32.5	18.5	45	40			251.52	25.2	10
1969	8		9	30.5	12	32.5	60.5		52	68.5	30	12	315	31.5	10
1970	6.5	0	6.5	12	12	21	12.5	9					79.5	9.9	8
1972	12	6	10	9.5									37.5	9.4	4
1973	0	0.5	6.5	16	10.5	15							48.5	8.1	6
1974	0	6	20	20									46	11.5	4
1975	10	0.8	0	0		0	24.5	61	6				102.3	12.8	8
MÍNIMA	0	0	0	0	0	0	0	0	0	0	0	0	0	0	3
MÁXIMA	90	78	75	37	75	97	202	195	110	150	135	75	1089	99	12
MEDIA	15	9.3	9	7.9	21.8	33.9	36.4	32.4	40.9	40.4	19	12.4	247	22.2	10.8
DESV.ST	19	15	17	9.9	19.9	23	34.5	35	33.1	37.5	27.3	17.2	194.4	16.7	2.3

LLUVIA TOTAL MENSUAL
AÑO	ENE	FEB	MAR	ABR	MAY	JUN	JUL	AGO	SEP	OCT	NOV	DIC	ACUM	PROM	MESES
1927			0.01	29	46.5	289.42	91.25	72.82	204.55	313.02	6.5	66.02	1119.09	111.9	10
1928	43.01	7	5.01	5.51	85.02	259.02	147.05	121.53	109.57	61.05	17.51	46.02	907.3	75.6	12
1929	10.52	20.52	2	0	122.02	107.04	104.53	111.03	318.01	78.04	68.02	89.51	1031.24	85.9	12
1930	0	0	0	0	0	0	0	0	0	0	0	0	0	0	12
1931	2.54	3.53	0.03	24.51	50.52	175.01	220.57	144.02	132.03	327.01	1	19.54	1100.31	91.7	12
1933	17.54	23.01	0	16	77.52	105.57	175.53	200.56	214.57	80.04	0	33.02	943.36	78.6	12
1934	16	18.02	123.51	29.03	46.03	67.5	88.5	81.57	148.07	38.54	39.5	14.06	710.33	59.2	12
1935	26	11.52	0.01	32.5	181.01	304.57	106.07	192.06	318.54	116.58	3.52	6.53	1298.91	108.2	12
1936	87.07	4.03	15.52	0.06	35.51	210.57	217.05	61.04	175.95	243.53	78.11	28.03	1156.47	96.4	12
1937	7.04	97.03	20.04	15.54	33.04	360.54	208.54	61.54	120.76	81.52	7.04	8.5	1021.13	85.1	12
1938	8.52	9.53	2.51	0	0	0	0	0	0	0	0	0	20.56	1.7	12
1939	0.07	35.03	10.52	9.52	27.02	135.55	43.75	81.53	205.03	228.05	15.53	1.52	793.12	66.1	12
1940	57.03	4.53	15.52	9.52	2.53	154.02	50.53	152.06	242.45	28.52	9.54	26.06	752.31	62.7	12
1941	13.54	2.53	6.03	12.54	4.02	95.02	50.53	9.55	225.06	28.52	15.57	37.67	500.58	41.7	12
1942	6.53	1.54	8.54	20.51	2.53	33.23	21.11	44.09	37.54	0.01	20.02	0.02	195.67	16.3	12
1943	5.2	1.04	6.63	5	60.53	133.57	105.58	13.09	15.07	135.07	60.02	0.02	540.82	45.1	12
1944	48.68	0	0.01										48.69	16.2	3
1945	0	0	0	0.01	64.04	120.56	173.56	232.62	146.04	98.02	0		834.85	75.9	11
1946		12.8		6.8	54.8	35	35	31.3	80.5	75.3	58.6	213.5	603.6	60.4	10
1947			0.03	0	82	128	89	155.5	212.5	132.5	208	266	1273.53	127.4	10
1948	180.5	53	0	0	220	464.5				997.5	435.5	417.5	2768.5	307.6	9
1949		0	2	0	25	597.7	174.5	539	245	228.5	23	13.5	1848.2	168	11
1950	11.04	10	75	0	209	236	743	342	584	226	385	140	2961.04	246.8	12
1951	170	178	43	12	58	359	291	480	641	452	871		3555	323.2	11
1952	0	0	0	0	0	0	0	0	0	0	0	0	0	0	12
1953	0	0	0	0	0	0	0.02	0	0	0	0	0	0.02	0	12
1954	0	0	0	39.03	161.55	75.61	37.92	0.01	46.1	89.32	0.01	0.01	449.56	37.5	12
1955	0.01	0.02	0.01	0	0	64.02	256.07	170.01	2.31	163	0	0.41	655.86	54.7	12
1956	0	0	0.07	0	227.02	110.02	120.01	40.54	338.02	22	78.03	0.05	935.76	78	12
1957	0	40	0	0.02	68	139	74.53	65.01	9.17	25	45.01	0.03	465.77	38.8	12
1958	25.07	15.02	0.01	0.01	1.51	180.02	309.52	75	270.1	120.52	50.02	33.03	1079.83	90	12
1959	10.55	0	0.63	28.01	10.5	245.02	111.52	88.01	102.02	303.03	173	10.54	1082.83	90.2	12
1960	27.02	0.03	14.02	28.02	66.02	100.06	163.01	323.84	8.02	100.84	10.8	46.15	887.83	74	12
1961	85.05	15.81	66.51	0.02	105.52	194.51	287	177.01		163.55	63	4.02	1162	105.6	11
1962	78.04	6	16.02	32.01	7	137.5	83.53	106.51	219.02	87.6	7.53	0.03	780.79	65.1	12
1963	66.02	78.03	64	0.01	34.51	332.5	310.5	65.02	387.07	22.02	79.36	18.07	1457.11	121.4	12
1964	7.35	5.06	5.05	10.01	10.3	146	110.61	48.58	110	17.52	25.5	0.01	495.99	41.3	12
1966	42.01	12.02	28.01	0.01	55.01	182.52	38.01	117.51	142.03	58.53	6.03	10.02	691.71	57.6	12
1967	51.04	39.02	0.02	4	23.51	201.5	60.01	98.51	179.02	73.01	24.01	12.01	765.66	63.8	12
1968	56.51	14.52	0.03	0.01	96.5	72.5	67.01	36.02	124.01	97.53			564.64	56.5	10
1969	14		25	30.5	21	97.5	418		280.5	147.5	87	21.5	1142.5	114.2	10
1970	6.5	0	29.5	24.5	23	64.5	54	48					250	31.2	8
1972	31	8	10	20.5									69.5	17.4	4
1973	0	0.5	12.5	28	11.5	65.5							118	19.7	6
1974	0	11	40.5	37									88.5	22.1	4
1975	10.5	0.8	0	0		0	98	440	18				567.3	70.9	8
MÍNIMA	0	0	0	0	0	0	0	0	0	0	0	0	0	0	3
MÁXIMA	180.5	178	123.51	39.03	227.02	597.7	743	539	641	997.5	871	417.5	3555	323.2	12
MEDIA	29.1	17.2	14.4	11.3	57.4	157.7	139.9	125.7	169.5	136.5	76.2	42.8	863	78.3	10.8
DESV.ST	41.6	32.6	25.1	13	62.4	128.7	138.7	132.5	150.5	174.8	161.8	86	742.1	68.8	2.3

TEMPERATURA MÁXIMA PROMEDIO
AÑO	ENE	FEB	MAR	ABR	MAY	JUN	JUL	AGO	SEP	OCT	NOV	DIC	ACUM	PROM	MESES
1927			28.3	31.6	32.8	29.7	27.2	28.5	27.7	26	25.7	25.3		28.3	10
1928	22.6	26.4	29.8	29.5	31	28.9	27.4	28.2	27.9	27.5	25.6	23.6		27.4	12
1929	25.4	27.5	30.3	33.3	30.4	28.3	26.6	27.3	27.6	25.9	24.9	22.6		27.5	12
1930	24.3	26	29.3	29.9	32.5	27.8	27	28.7	29.2	28.5	26.4	23.7		27.8	12
1931	23.5	26.1	27.2	26.8	30.3	27.6	27.5	27.6	27.8	26.8	27	25.8		27	12
1933	24.4	27.2	28.4	32	32.3	28.1	28.1	28.5	27.6	26.7	25.3	25.1		27.8	12
1934	25.7	25.8	25.4	32.1	36.4	37.3	37.2	37.4	36.3	34	32.8	30.8		32.6	12
1935	31.2	32.4	35.1	37.1	37.2	35.9	35	35.5	36	31.8	27.6	22.3		33.1	12
1936	21.5	23.8	26.8	34.4	37.1	34.7	33.8	35.4	35.9	32.3	29.7	31.4		31.4	12
1937	35.1	34.7	36	36.8	30.4	27	26.1	26.1	23.9	23.1	21.8	21.6		28.6	12
1938	21.7	25.1	32.1	38.3	38.8	37.1	37.6	36.3	35.3	34.4	28.7	28		32.8	12
1939	35.3	38.1	37.3	38.8	39.4	37.1	35.3	37.4	37.9	31.9	28.2	34.2		35.9	12
1940	36.1	31.8	39.7	39.6	39.8	39.3	38.9	39.3	38.2	33.9	36.9	36.8		37.5	12
1941	30.4	30.8	34.8	39.4	39.1	37.3	38.9	31.9	29.7	33.8	28.2	36.3		34.2	12
1942	37.9	34.6	37.4	37.1	32.6	32.5	28.9	30.2	28	28.6	26.8	27		31.8	12
1943	30.5	26.9	30.8	34.7	34.1	35.5	35.6	31.7	32	30	28.6	28.4		31.6	12
1944	36	35.2	37.1											36.1	3
1945	35.6	36.6	36	36.3	38.3	39.1	36.3	37.2	36.6	38	38.6			37.1	11
1946		28.4		23.8	24.5	23.3	24.5	24.1	23.2	23.5	24.5	27.3		24.7	10
1947			22.9	23	26	23.1	28.1	30.5	31.7	33.6	34	33.9		28.7	10
1948	34.3	30.6	30	24.3	24.8	32.9				35	32.5	34		30.9	9
1949		27.3	29.2	35.2	32.7									31.1	4
1954				34.2	35.2	32.5	33.5	33.6	33.6	33.1	31.5	30.7		33.1	9
1955	33.1	31.8	31.3	26.9	36	35	33.2	34.5	33.6	33	33.1	32.9		32.9	12
1956	33.6	33.4	32.5	32.8	32.5	34.5	35.6	34.6	33.1	33.2	31.8	30.5		33.2	12
1957	32.7	33.1	31.8	34	33.2	33	32.9	32.7	32.7	32.4	33.1	32.5		32.8	12
1958	32.5	32.9	33	33.2	33.1	33.4	32.9	33.1	33	32.7	33.2	32.5		33	12
1959	32.8	33.2	32.8	33	33.7	33.6	33.2	33.2	32.9	33.1	32.5	32.7		33.1	12
1960	32.4	32.7	32.9	33.1	33.9	33.5	33.4	33.4	32.7	31.3	30.6	29.9		32.5	12
1961	26.8	32.1	32.9	33.2	32.6	32.9	32.7	32.2		31.5	31.4	31.1		31.8	11
1962	30.8	32.6	32.5	32.6	33.5	32.2	32.5	32.9	32.7	32.5	31.8	32.2		32.4	12
1963	32	32.2	33.1	33.4	32.6	32.8	32.7	32.9	32.5	32.8	32	30.8		32.5	12
1964	31.9	32.7	33.3	33.5	33.4	33.2	33.2	33.8	32.9	32.7	33	32.8		33	12
1966	33.4	33.6	33.5	33.8	33.7	33.8	33.8	33.5	33	33.2	32.8	32.8		33.4	12
1967	32.7	32.6	33.6	34	34.5	33.5	33.9	34	32.7	32.9	32.9	32.8		33.3	12
1968	32.5	32.7	33.3	34.3	34.3	34.6	33.2	32.8	33	33.1				33.4	10
1969	33		33.7	34	34.5	34.3	33.9		33.1	33.1	32.8	33.1		33.5	10
1970	33.2	33.7	33.5	33.7	33.7	33.7	33.6	33.8						33.6	8
1972	33.3	33.2	34.3	33.8										33.6	4
1973	34.1	34.2	33.9	34.1	33.5	32.6								33.7	6
1974	35.1	34.8	35.4	39.1										36.1	4
1975	33.1	33.2	33.6	34.2		33.8	33.6	32.2	32.7					33.3	8
2012	35.9	37.8	39.8	40.3	38	34.4	35.9	35.7	35.3					37	9
MÍNIMA	21.5	23.8	22.9	23	24.5	23.1	24.5	24.1	23.2	23.1	21.8	21.6		24.7	3
MÁXIMA	37.9	38.1	39.8	40.3	39.8	39.3	38.9	39.3	38.2	38	38.6	36.8		37.5	12
MEDIA	31.2	31.5	32.6	33.5	33.7	32.8	32.5	32.5	32.1	31.3	30.2	29.9		32.2	10.4
DESV.ST	4.5	3.6	3.6	4	3.6	3.8	3.7	3.4	3.6	3.4	3.8	4.2		2.9	2.6

TEMPERATURA MÁXIMA EXTREMA
AÑO	ENE	FEB	MAR	ABR	MAY	JUN	JUL	AGO	SEP	OCT	NOV	DIC	ACUM	PROM	MESES
1927			36.5	37	38.5	34	30	31	30.5	32	28.5	33		33.1	10
1928	31	35.5	36.5	36	36	32.5	31	31	31.5	32	30	31		32.8	12
1929	34	33.5	35.5	38.5	36.5	32.5	31	29.5	32	32.5	33.5	31		33.3	12
1930	34.6	34.1	37.6	36.1	38.1	31.6	29.6	30.6	32.1	34.1	34.1	32.6		33.8	12
1931	33	35.5	37	35	36.5	34.5	31	31.5	39.5	30.5	38	33.5		34.6	12
1933	30.4	31.3	31.4	35.2	40	30.2	29.4	30.3	30.1	28.2	27.4	28		31	12
1934	29.1	29	29.2	42	40.1	40.2	40	40	40	38.2	39	36.4		36.9	12
1935	40	40.2	40.3	40.3	40.3	40.2	40	40	40.1	35.4	35.4	30		38.5	12
1936	26.3	28.2	38.4	40.2	41	40.4	35.4	40	41	37.2	36	35.4		36.6	12
1937	40.1	40.1	41	42.2	40.3	36	37.3	36	26.3	27.2	27.2	25.3		34.9	12
1938	35.2	35.4	40.4	42.1	41	40	40	40	38.4	36.3	36	38.2		38.6	12
1939	38.4	40	40.1	41	41	39.1	39.4	40	39	37.4	30.4	37.3		38.6	12
1940	38	35.1	40.4	40.4	40.4	40.3	40.2	40.3	39.3	35.4	39.2	39.2		39	12
1941	35.1	39.4	40.3	41	41	40.2	40.2	37.6	32.3	35.4	30.4	38.3		37.6	12
1942	40.1	39.4	40.1	41	39.5	39	31.5	33	33	33	33	33		36.3	12
1943	35.4	34.5	36.5	39.5	37.5	37	37.6	36	34.5	34	34	33		35.8	12
1944	39.5	39	39.5											39.3	3
1945	38.5	39	38	39	44	46.5	38.5	41.5	39.5	40	40.5			40.5	11
1946		33.5		32	35.2	26	30	32	30	26	35	36		31.6	10
1947			37	37	38	35	36	38	38.5	38.5	45	42		38.5	10
1948	48	42	42	39	35	40				40	38	42		40.7	9
1949		32	46	43	42									40.8	4
1954				39	40	34	37	35	37	38	34	39		37	9
1955	34	34	34	38	39	37	36	37	36	35	35	35		35.8	12
1956	36	35	35	36	36	36	38	36	35	34	35	33		35.4	12
1957	35	35	34	36	37	35	36	34	35	34	36	34		35.1	12
1958	34	35	34	35	34	34	34	34	35	34	35	33		34.2	12
1959	34	34	33	35	36	35	34	35	34	35	34	34		34.4	12
1960	33	34	34	34	35	34	34	35	34	34	38	33		34.3	12
1961	31	34	34	34	34	34	38	34		33	35	33		34	11
1962	34	34	34	34	36	34	34	34	34	34	34	34		34.2	12
1963	34	34	36	35	35	35	35	34	34	34	34	34		34.5	12
1964	34	34	35	36	36	35	35	36	34	34	35	35		34.9	12
1966	35	36	36	36	36	36	36	36	35	36	35	34		35.6	12
1967	35	34	36	36	36	36	36	36	34	34	35	34		35.2	12
1968	34	35	36	36	36	36	34	34	35	36				35.2	10
1969	35		36	36	36	36	37		35	34	34	34		35.3	10
1970	35	36	36	36	36	37.1	36	36						36	8
1972	35	35	36	35										35.2	4
1973	36	37	36	36	35	34								35.7	6
1974	40	38	40	45										40.8	4
1975	35	35	35	36		36	36	34	34					35.1	8
2012	40	41	43	45	42	37	39	39	37					40.3	9
MÍNIMA	26.3	28.2	29.2	32	34	26	29.4	29.5	26.3	26	27.2	25.3		31	3
MÁXIMA	48	42	46	45	44	46.5	40.2	41.5	41	40	45	42		40.8	12
MEDIA	35.4	35.6	37	37.8	37.9	36.1	35.5	35.5	35	34.4	34.7	34.4		36.1	10.4
DESV.ST	3.8	3.1	3.3	3.1	2.6	3.5	3.3	3.2	3.4	3.1	3.6	3.5		2.5	2.6

TEMPERATURA MÍNIMA PROMEDIO
AÑO	ENE	FEB	MAR	ABR	MAY	JUN	JUL	AGO	SEP	OCT	NOV	DIC	ACUM	PROM	MESES
1927			15.7	17	18.7	18.3	17.7	17.1	17.8	15.6	13.7	14.1		16.6	10
1928	12.7	14.3	15	16.6	16.7	17.9	17.6	17.7	17.9	16.8	14.8	13		15.9	12
1929	12.7	13.1	15.5	16.7	18	18	17.5	17.4	17.9	15.7	15.8	13.7		16	12
1930	12.7	12.7	15.7	15.2	18.8	18.2	16.8	16.7	17.6	18.2	14.1	14.2		15.9	12
1931	12.6	13.7	13.9	15.8	17.6	18.3	18.4	17.6	18.1	17	13.1	15.6		16	12
1933	15.3	14.7	15.7	18.3	20.6	19.9	19.9	20.2	19.1	18.3	15.4	16.6		17.8	12
1934	16.2	16.4	15.6	18.6	16.9	17.6	17.1	16	16.4	14.5	13.2	12.6		15.9	12
1935	9.2	8.9	12.8	16.4	16.8	16.1	15.9	15.8	15.9	14.9	11.3	9.5		13.6	12
1936	11.4	11.6	14.1	14.9	16.5	17.5	15.4	15.8	15.7	14.1	12.9	10.9		14.2	12
1937	13.3	13	13.7	15.6	16.3	16.1	15.8	16.5	14.9	13.4	8.9	8		13.8	12
1938	7.8	8.6	13	14.9	15.3	15.8	15	13.5	12.2	9.3	8	5.8		11.6	12
1939	9.6	11	11.6	14.1	12.1	11.4	12.6	10.8	11.7	12.1	9.6	11.7		11.5	12
1940	11.2	7.2	12.5	15	15.6	15.4	15.4	16.1	13.4	11.3	10.9	12		13	12
1941	8.2	9	11.1	13.3	14.2	15.3	15.4	12.5	13.1	11.4	9.6	12		12.1	12
1942	10.3	11.2	10.5	14.9	20.9	20.5	19.6	19.7	19.2	16.9	15.6	15.3		16.2	12
1943	12.1	12.8	17.7	18.7	18.8	19.8	18.6	19.5	20.2	18	16.7	15.4		17.4	12
1944	11.2	11.4	11											11.2	3
1945	12.1	18.1	14.8	18.4	19.6	21.5	19.4	20.4	21.2	20.5	18.6			18.6	11
1946		17.1		16.2	16.6	17.7	16.2	17.9	17	16.7	17.2	16.8		16.9	10
1947			15.2	15.2	15.5	14.6	15.4	15.7	13.8	13.6	13.3	14.8		14.7	10
1948	14.6	12.5	13.2	12.6	13	14.4				17.3	13.6	14.2		13.9	9
1949		12.7	14.7	16.3	15.6									14.8	4
1954				28.7	28	27.8	29.7	30.6	29.5	28	27.6	27.3		28.6	9
1955	30.4	29	28.2	14.2	22.9	22.4	24.6	25.7	25.8	25.9	25.4	27.7		25.2	12
1956	29.3	30.3	29	28.7	27	28.5	30.5	27.2	26.8	25.5	22.8	21.9		27.3	12
1957	26.7	26	25.2	26.6	26.1	26.1	26.2	26.2	26.1	26.2	26.3	25.7		26.1	12
1958	25.6	26.1	26.9	26.8	26.8	27	26.7	27	26.9	26.6	26.6	26.3		26.6	12
1959	26.5	26.9	26.6	26.8	26.9	26.9	26.8	26.8	26.6	26.7	26	26		26.6	12
1960	26.2	26.1	26.8	26.8	27	27	27	26.9	26.5	25.6	24.9	24.6		26.3	12
1961	22.6	26.3	26.7	26.6	26.5	26.7	26.6	26.5		25.6	25.3	25.3		25.9	11
1962	25.4	26.7	26.4	26.3	26.8	26.5	26.6	26.8	26.4	26.4	26	26.2		26.4	12
1963	25.8	25.9	26.5	26.6	26.5	26.4	26.4	26.7	26.2	26.7	25.9	25		26.2	12
1964	25.6	26.4	26.6	26.9	26.8	26.6	26.7	26.9	26.7	26.5	26.6	26.5		26.6	12
1966	26.5	26.8	26.8	26.9	26.7	26.8	26.7	26.8	26.4	26.5	26.4	26.5		26.6	12
1967	26.4	26.3	26.8	26.8	26.9	26.8	27	26.9	26.5	26.5	26.5	26.6		26.7	12
1968	26.3	26.3	26.5	27	27	27	26.8	26.7	26.6	26.6				26.7	10
1969	26.3		26.6	26.8	26.8	26.9	26.9		26.6	26.5	26.5	26.5		26.6	10
1970	26.4	26.8	26.6	26.6	26.8	26.7	26.5	26.6						26.6	8
1972	26.7	26.7	26.9	26.8										26.8	4
1973	26.6	26.8	26.8	26.6	26.5	26								26.6	6
1974	26.9	26.9	26.6	25.7										26.5	4
1975	26.6	26.6	26.9	27		26.8	26.5	26	26.1					26.6	8
2012	17.9	20.2	20.3	20.8	24.4	23.7	22.5	23.2	23.4					21.8	9
MÍNIMA	7.8	7.2	10.5	12.6	12.1	11.4	12.6	10.8	11.7	9.3	8	5.8		11.2	3
MÁXIMA	30.4	30.3	29	28.7	28	28.5	30.5	30.6	29.5	28	27.6	27.7		28.6	12
MEDIA	19.3	19.3	20.1	21	21.3	21.7	21.6	21.4	21	20	18.5	18.4		20.5	10.4
DESV.ST	7.5	7.5	6.6	5.7	5.2	5.1	5.3	5.4	5.5	6	6.7	6.9		6	2.6

TEMPERATURA MÍNIMA EXTREMA
AÑO	ENE	FEB	MAR	ABR	MAY	JUN	JUL	AGO	SEP	OCT	NOV	DIC	ACUM	PROM	MESES
1927			10	13.5	13.5	16	15.5	8	15.5	8	7	11		11.8	10
1928	7	9.5	12	12.5	5.5	11.5	15.5	16.5	14.5	14	7	6		11	12
1929	7	10	6.5	14.5	15	15.5	14.5	15	14.5	8.5	11	10.5		11.9	12
1930	8	5	13	7	16.5	16	1.6	12	15.5	16	9	9.5		10.8	12
1931	8	5	9.5	11.5	13.5	14.5	16	14.5	15	13	7	11.5		11.6	12
1933	10.2	13	11	15	17	17.1	18.3	11.4	14.1	15.1	12	14.3		14	12
1934	12.2	13.1	10	14.4	14.2	14.1	14.4	13.3	14.1	7.2	8.3	6.3		11.8	12
1935	2.1	4.3	2.4	10.3	14.2	15	14.2	14	13.4	12.2	4.4	2.4		9.1	12
1936	6.2	6.1	7.4	12.2	12.4	15.2	11.3	14.3	13.1	10	7.3	4.3		10	12
1937	9.2	10	10	11.4	13	12.3	8	15	8.4	4	4	4		9.1	12
1938	0	3	9.4	9.4	12.4	14.1	12.3	11.1	11	5.4	5	3		8	12
1939	6	8.1	9.2	12	10	10.1	9.3	9.2	10.1	10	8.2	9		9.3	12
1940	8.2	5.4	9.1	14	14.1	13.4	14.2	14.3	12.2	10	9.3	8.3		11	12
1941	2	6.1	9.1	11.2	12.2	13.4	14.2	11.1	12	10	8.2	8.3		9.8	12
1942	8	9.1	8	10.2	18	18	16.5	17.5	15	13.5	13	8.5		12.9	12
1943	8.3	10.5	12	16	16	18	16	16.5	16.5	14.5	12	8		13.7	12
1944	9	9.5	8											8.8	3
1945	10	12	11	15	17	14	17	18	17.5	17	15			14.9	11
1946		15		10	12	15	14	14	14	15	15	14		13.8	10
1947			9	8	8	10	10	11	10.5	10.5	11	10		9.8	10
1948	11	11	10	10	10	12				15	11	10.5		11.2	9
1949		10.5	10	14	11									11.4	4
1954				23	27	22	20	28	20	26	26	26		24.2	9
1955	30	27	22	7	11.8	21	23	25	24	25	25	26		22.2	12
1956	22	29	27	22	23	27	28	24	24	23	18	18		23.8	12
1957	24	24	22	23	22	22	25	23	22	23	22	22		22.8	12
1958	22	24	26	26	26	27	26	27	25	25	25	25		25.3	12
1959	25	26	25	25	26	26	25	25	25	25	24	25		25.2	12
1960	24	25	26	25	26	27	27	26	25	20	18	22		24.2	12
1961	18	22	25	25	25	26	25	25		22	21	18		22.9	11
1962	20	25	24	24	26	25	26	25	25	25	22	25		24.3	12
1963	22	22	25	25	25	25	24	26	24	25	22	20		23.8	12
1964	22	24	25	26	26	26	26	26	26	25	25	25		25.2	12
1966	25	26	25	26	25	25	25	25	25	24	24	25		25	12
1967	25	24	26	26	26	26	26	26	24	25	25	26		25.4	12
1968	25	25	25	26	26	27	26	26	25	25				25.6	10
1969	25		25	26	26	26	26		25	25	25	24		25.3	10
1970	25	26	25	25	26	25	24	25						25.1	8
1972	26	26	26	26										26	4
1973	26	26	26	25	25	25								25.5	6
1974	26	26	24	24										25	4
1975	26	26	26	27		26	25	22	25					25.4	8
2012	14	17	18	0	23	22	20	21	22					17.4	9
MÍNIMA	0	3	2.4	0	5.5	10	1.6	8	8.4	4	4	2.4		8	3
MÁXIMA	30	29	27	27	27	27	28	28	26	26	26	26		26	12
MEDIA	15.9	16.6	16.8	17.5	18.4	19.5	18.9	18.9	18.4	16.9	14.9	14.7		17.6	10.4
DESV.ST	8.8	8.6	8	7.4	6.6	5.8	6.6	6.2	5.7	7	7.5	8.1		6.9	2.6

TEMPERATURA MEDIA MENSUAL
AÑO	ENE	FEB	MAR	ABR	MAY	JUN	JUL	AGO	SEP	OCT	NOV	DIC	ACUM	PROM	MESES
1927			22	24.3	25.8	24	22.4	22.8	22.8	20.8	19.7	19.7		22.4	10
1928	17.6	20.4	22.4	23	23.9	23.4	22.5	23	22.9	22.1	20.2	18.3		21.6	12
1929	19	20.3	22.9	25	24.2	23.1	22	22.4	22.8	20.8	20.4	18.1		21.8	12
1930	18.5	19.4	22.5	22.5	25.6	23	21.9	22.7	23.4	23.4	20.2	19		21.8	12
1931	18	19.9	20.6	21.3	24	23	23	22.6	23	21.9	20	20.7		21.5	12
1933	19.9	21	22	25.1	26.4	24	24	24.4	23.4	22.5	20.4	20.9		22.8	12
1934	21	21.1	20.5	25.4	26.6	27.4	27.2	26.7	26.3	24.2	23	21.7		24.3	12
1935	20.2	20.6	24	26.8	27	26	25.4	25.6	26	23.4	19.5	15.9		23.4	12
1936	16.4	17.7	20.4	24.6	26.8	26.1	24.6	25.6	25.8	23.2	21.3	21.1		22.8	12
1937	24.2	23.9	24.9	26.2	23.4	21.6	21	21.3	19.4	18.2	15.4	14.8		21.2	12
1938	14.8	16.9	22.6	26.6	27	26.5	26.3	24.9	23.8	21.9	18.4	16.9		22.2	12
1939	22.4	24.6	24.4	26.4	25.8	24.2	24	24.1	24.8	22	18.9	23		23.7	12
1940	23.6	19.5	26.1	27.3	27.7	27.3	27.1	27.7	25.8	22.6	23.9	24.4		25.2	12
1941	19.3	19.9	23	26.4	26.6	26.3	27.1	22.2	21.4	22.6	18.9	24.1		23.1	12
1942	24.1	22.9	24	26	26.8	26.5	24.2	25	23.6	22.8	21.2	21.1		24	12
1943	21.3	19.9	24.2	26.7	26.5	27.6	27.1	25.6	26.1	24	22.6	21.9		24.5	12
1944	23.6	23.3	24											23.6	3
1945	23.9	27.4	25.4	27.3	29	30.3	27.8	28.8	28.9	29.2	28.6			27.9	11
1946		22.8		20	20.6	20.5	20.4	21	20.1	20.1	20.9	22		20.8	10
1947			19	19.1	20.8	18.9	21.8	23.1	22.8	23.6	23.6	24.4		21.7	10
1948	24.4	21.6	21.6	18.4	18.9	23.6				26.1	23	24.1		22.4	9
1949		20	22	25.8	24.2									23	4
1954				31.5	31.6	30.1	31.6	32.1	31.6	30.6	29.6	29		30.9	9
1955	31.8	30.4	29.8	20.5	29.4	28.7	28.9	30.1	29.7	29.4	29.2	30.3		29	12
1956	31.5	31.9	30.8	30.8	29.8	31.5	33	30.9	30	29.4	27.3	26.2		30.3	12
1957	29.7	29.6	28.5	30.3	29.7	29.6	29.5	29.5	29.4	29.3	29.7	29.1		29.5	12
1958	29	29.5	30	30	30	30.2	29.8	30	30	29.7	29.9	29.4		29.8	12
1959	29.6	30	29.7	29.9	30.3	30.2	30	30	29.8	29.9	29.2	29.4		29.8	12
1960	29.3	29.4	29.9	30	30.4	30.2	30.2	30.1	29.6	28.5	27.8	27.2		29.4	12
1961	24.7	29.2	29.8	29.9	29.6	29.8	29.7	29.4		28.6	28.4	28.2		28.8	11
1962	28.1	29.6	29.4	29.5	30.1	29.4	29.6	29.9	29.6	29.4	28.9	29.2		29.4	12
1963	28.9	29	29.8	30	29.6	29.6	29.6	29.8	29.4	29.8	29	27.9		29.4	12
1964	28.8	29.6	30	30.2	30.1	29.9	30	30.3	29.8	29.6	29.8	29.6		29.8	12
1966	30	30.2	30.1	30.3	30.2	30.3	30.2	30.1	29.7	29.9	29.6	29.6		30	12
1967	29.6	29.5	30.2	30.4	30.7	30.1	30.4	30.4	29.6	29.7	29.7	29.7		30	12
1968	29.4	29.5	29.9	30.6	30.6	30.8	30	29.8	29.8	29.9				30	10
1969	29.6		30.2	30.4	30.6	30.6	30.4		29.9	29.8	29.6	29.8		30.1	10
1970	29.8	30.2	30	30.2	30.2	30.2	30	30.2						30.1	8
1972	30	30	30.6	30.3										30.2	4
1973	30.4	30.5	30.4	30.4	30	29.3								30.2	6
1974	31	30.8	31	32.4										31.3	4
1975	29.9	29.9	30.2	30.6		30.3	30	29.1	29.4					29.9	8
2012	26.9	29	30	30.5	31.2	29	29.2	29.5	29.3					29.4	9
MÍNIMA	14.8	16.9	19	18.4	18.9	18.9	20.4	21	19.4	18.2	15.4	14.8		20.8	3
MÁXIMA	31.8	31.9	31	32.4	31.6	31.5	33	32.1	31.6	30.6	29.9	30.3		31.3	12
MEDIA	25.3	25.4	26.3	27.2	27.5	27.3	27.1	27	26.6	25.7	24.3	24.1		26.3	10.4
DESV.ST	5	4.8	3.9	3.7	3.2	3.3	3.5	3.4	3.5	3.8	4.6	4.7		3.7	2.6
