COMISIÓN NACIONAL DEL AGUA
COORDINACIÓN GENERAL DEL SERVICIO METEOROLÓGICO NACIONAL
BASE DE DATOS CLIMATOLÓGICA NACIONAL 

ESTADÍSTICA MENSUAL
EMISIÓN   : 25/10/2024 

DATOS DISPONIBLES EN LA BASE DE DATOS A: OCTOBER DE 2024; 
CON LA INFORMACIÓN SUMINISTRADA POR LAS UNIDADES ADMINISTRATIVAS 

 ESTACIÓN  : 7101 
 NOMBRE    : LAS DELICIAS (CFE) 
 ESTADO    : CHIAPAS 
 MUNICIPIO : LA TRINITARIA 
 SITUACIÓN : SUSPENDIDA 
 CVE-OMM   :   
 LATITUD   : 15.96666667 ° 
 LONGITUD  : -91.86666667 ° 
 ALTITUD   : 900 msnm 


LLUVIA MÁXIMA 24 H.
AÑO	ENE	FEB	MAR	ABR	MAY	JUN	JUL	AGO	SEP	OCT	NOV	DIC	ACUM	PROM	MESES
1970	6.5	0	0	0	0	13.5	20	5.6	7.7	6	0.2	0	59.5	5	12
1971	0	0.01	0	14	0	22	20	70	63	40	27	2	258.01	21.5	12
1972	13	5	0	2	27	64	72	7	11	14	60	20	295	24.6	12
1973	20	1	10	16	28	80	60	80	68	81	4	11	459	38.2	12
1974	0		1	3	14	30	20	16	60	26	7	1	178	16.2	11
1975	5	2	0	0	32	26	26	28	98	100	15	1	333	27.8	12
1976	0	0	0	7.5	40	38	25.5	24.5	20.5	27.5	27.5	6	217	18.1	12
1977	0	0	0	0	18	72	5	35.5	22	8.5	44	5	210	17.5	12
MÍNIMA	0	0	0	0	0	13.5	5	5.6	7.7	6	0.2	0	59.5	5	11
MÁXIMA	20	5	10	16	40	80	72	80	98	100	60	20	459	38.2	12
MEDIA	5.6	1.1	1.4	5.3	19.9	43.2	31.1	33.3	43.8	37.9	23.1	5.8	251.2	21.1	11.9
DESV.ST	7.5	1.9	3.5	6.5	14.6	25.2	22.7	27.8	32.8	34.7	20.9	6.8	117.6	9.7	0.4

LLUVIA TOTAL MENSUAL
AÑO	ENE	FEB	MAR	ABR	MAY	JUN	JUL	AGO	SEP	OCT	NOV	DIC	ACUM	PROM	MESES
1970	9.4	0	0	0	0	31.8	88.9	32.6	25.2	10.5	0.2	0	198.6	16.6	12
1971	0	0.01	0	19	0	62	59	249.5	440	135	46	3	1013.51	84.5	12
1972	17	5	0	2	45	314	203.5	24	35	19.5	81.5	33	779.5	65	12
1973	22	1	15	32	61	206	124	381	131	283	8	20	1284	107	12
1974	0		2	4	50	222	70	46	305	61	11	2	773	70.3	11
1975	8	3	0	0	85	89	84	56	378	313	22	1	1039	86.6	12
1976	0	0	0	7.5	72.5	210.6	99	85	94.5	65	112.4	40	786.5	65.5	12
1977	0	0	0	0	49.5	315.5	10.3	178.8	95.5	26	56	7	738.6	61.6	12
MÍNIMA	0	0	0	0	0	31.8	10.3	24	25.2	10.5	0.2	0	198.6	16.6	11
MÁXIMA	22	5	15	32	85	315.5	203.5	381	440	313	112.4	40	1284	107	12
MEDIA	7	1.3	2.1	8.1	45.4	181.4	92.3	131.6	188	114.1	42.1	13.2	826.6	69.6	11.9
DESV.ST	8.7	2	5.2	11.6	31	109.4	55.8	128.1	162	120.2	39.6	15.8	315.8	26.2	0.4

EVAPORACIÓN MENSUAL
AÑO	ENE	FEB	MAR	ABR	MAY	JUN	JUL	AGO	SEP	OCT	NOV	DIC	ACUM	PROM	MESES
1970	190.4	206.4	279.6	282.4	281.5	218.5	187.2	225.9	247.8	182	148.8	197.2	2647.7	220.6	12
1971	137.37	262.2	298.68	289.74	327.31	249.45	274.94	188.7	183.32	151.93	152.38	206.49	2722.51	226.9	12
1972	216.1	245.6	260.7	268	266.6	215.8	249.7	236.4	238.2	218	162.3	193.8	2771.2	230.9	12
1973	202.4	225.5	292.6	263.6	241.2	181	237	162.4	157.2	124.9	180	170.6	2438.4	203.2	12
1974	211.8		298.8	323.3	327.7	217.7	233.7	255.3	177.7	187.2	206.5	193.8	2633.5	239.4	11
1975	200.8	222.4	212.2	248.7	291.3	248.7	224.7	216	124.1	186.2	167	191.3	2533.4	211.1	12
1976	188.5	227.4	258.2	326.6	262.7	138.2	179.1	203.3	204.4	162.5	171.6	166.1	2488.6	207.4	12
1977	216.6	197.8	268.7	252.1	256.4	253.2	228.6	200.1	125	191	141.1	164.2	2494.8	207.9	12
MÍNIMA	137.37	197.8	212.2	248.7	241.2	138.2	179.1	162.4	124.1	124.9	141.1	164.2	2438.4	203.2	11
MÁXIMA	216.6	262.2	298.8	326.6	327.7	253.2	274.94	255.3	247.8	218	206.5	206.49	2771.2	239.4	12
MEDIA	195.5	226.8	271.2	281.8	281.8	215.3	226.9	211	182.2	175.5	166.2	185.4	2591.3	218.4	11.9
DESV.ST	25.8	21.9	28.8	30	32	39.4	31.3	29	46.6	28.3	20.6	16	120.2	13	0.4

TEMPERATURA MÁXIMA PROMEDIO
AÑO	ENE	FEB	MAR	ABR	MAY	JUN	JUL	AGO	SEP	OCT	NOV	DIC	ACUM	PROM	MESES
1970	27.1	25.9	30.9	33	31.7	29.2	27	27.3	26.2	26.9	24.9	25		27.9	12
1971	26.3	29.1	29.5	29.6	32.2	28.6	27.8	27.5	26.6	27.1	26	26.3		28	12
1972	27.6	27.2	29.7	32.1	32.1	28.5	27.5	27.3	28.8	28.8	28.7	26.7		28.8	12
1973	26.5	27.6	33.7	32.2	31.8	29.1	28.4	27.8	28.2	26.8	26.8	25.4		28.7	12
1974	26.7		30.5	30.7	32.2	28.2	27	28	27.1	24.9	25.6	26.3		27.9	11
1975	26.7	28.9	30.7	31.3	32	28.1	27.5	28	26.5	25.5	25.2	24		27.9	12
1976	23.9	24.7	29	30.4	30	28.4	26.4	29.5	27.5	26.2	24.1	23.4		27	12
1977	24.7	26.2	30.3	29.2	30.6	27.4	26.5	28.6	30.2	26.2	26.9	29.9		28.1	12
MÍNIMA	23.9	24.7	29	29.2	30	27.4	26.4	27.3	26.2	24.9	24.1	23.4		27	11
MÁXIMA	27.6	29.1	33.7	33	32.2	29.2	28.4	29.5	30.2	28.8	28.7	29.9		28.8	12
MEDIA	26.2	27.1	30.5	31.1	31.6	28.4	27.3	28	27.6	26.6	26	25.9		28	11.9
DESV.ST	1.2	1.6	1.4	1.3	0.8	0.6	0.7	0.7	1.4	1.2	1.4	2		0.6	0.4

TEMPERATURA MÁXIMA EXTREMA
AÑO	ENE	FEB	MAR	ABR	MAY	JUN	JUL	AGO	SEP	OCT	NOV	DIC	ACUM	PROM	MESES
1970	31.5	32.5	37.5	38.5	34.5	33	28.5	30	28.5	29.5	28.5	31.5		32	12
1971	32	35	33.5	36	35	32	31	30	29.5	29.5	29.5	30		31.9	12
1972	31	31	35	36	35.5	30	31	29	30.5	32	31.5	30		31.9	12
1973	31.5	33.5	36.5	37	36.5	32	33	29.5	30.5	29.5	30.5	30		32.5	12
1974	31		34	35	37	33	30	30	29.5	29.5	29.5	31		31.8	11
1975	32	32	33.5	35.5	39	31.5	30.5	30	29	29.5	32	27.5		31.8	12
1976	30.5	30.5	36.5	34	33.5	32.5	29	32	30.5	29.5	29.5	27.5		31.3	12
1977	29.5	31.5	35	34.5	33.5	32.5	29.5	37.5	33.5	30	32	35		32.8	12
MÍNIMA	29.5	30.5	33.5	34	33.5	30	28.5	29	28.5	29.5	28.5	27.5		31.3	11
MÁXIMA	32	35	37.5	38.5	39	33	33	37.5	33.5	32	32	35		32.8	12
MEDIA	31.1	32.3	35.2	35.8	35.6	32.1	30.3	31	30.2	29.9	30.4	30.3		32	11.9
DESV.ST	0.8	1.6	1.5	1.4	1.9	1	1.4	2.8	1.5	0.9	1.3	2.4		0.5	0.4

TEMPERATURA MÍNIMA PROMEDIO
AÑO	ENE	FEB	MAR	ABR	MAY	JUN	JUL	AGO	SEP	OCT	NOV	DIC	ACUM	PROM	MESES
1970	15.9	14.6	17	19.9	18.8	19.2	19.3	18.5	18.3	18.5	15.4	15.6		17.6	12
1971	15.3	16.6	17.3	17.1	20.5	19.3	18.8	18.4	18.6	18.2	16.2	16.1		17.7	12
1972	15.5	14.9	16.9	18.8	19.9	18.9	19.1	18.5	18.7	18.3	18.3	15.7		17.8	12
1973	14.8	15.2	17.9	18.9	20.1	19.1	18.7	18.1	18.3	17.9	17	13		17.4	12
1974	16		17.3	18.3	19.1	18	17.9	18.7	17.9	16.7	16	15.2		17.4	11
1975	14.9	16	18.2	19.8	20.8	19.5	18.7	19	18.1	17.6	16.7	15.1		17.9	12
1976	14.3	15.6	17.6	19.1	20.3	19.8	19.3	18.2	18.9	18.6	17.2	16.2		17.9	12
1977	15.1	16.4	18	19.5	20.6	20.1	19.6	19	19.3	18.4	17.5	17.4		18.4	12
MÍNIMA	14.3	14.6	16.9	17.1	18.8	18	17.9	18.1	17.9	16.7	15.4	13		17.4	11
MÁXIMA	16	16.6	18.2	19.9	20.8	20.1	19.6	19	19.3	18.6	18.3	17.4		18.4	12
MEDIA	15.2	15.6	17.5	18.9	20	19.2	18.9	18.6	18.5	18	16.8	15.5		17.8	11.9
DESV.ST	0.6	0.8	0.5	0.9	0.7	0.6	0.5	0.3	0.5	0.6	0.9	1.3		0.3	0.4

TEMPERATURA MÍNIMA EXTREMA
AÑO	ENE	FEB	MAR	ABR	MAY	JUN	JUL	AGO	SEP	OCT	NOV	DIC	ACUM	PROM	MESES
1970	12.5	10.5	12.5	17	15	17	18	17	15.5	17	10.5	13		14.6	12
1971	12.5	12.5	12.5	13	19	18	16	16.5	17	15.5	14.5	13.5		15	12
1972	12	10.5	12	13.5	17.5	16.5	17	17	17	16	15	11		14.6	12
1973	11	11	14	15	16.5	17.5	16.5	16	17	17	14.5	9		14.6	12
1974	12.5		13.5	12.5	16	15.5	15.5	16.5	15	14.5	11.5	12		14.1	11
1975	12	13	15	17.5	19.5	17	17	17	15	15	13.5	12		15.3	12
1976	11	11.5	12	16.5	18	18.5	17	15	17.5	12.5	11.5	12.5		14.5	12
1977	11.5	13.5	13.5	16	18.5	17.5	13.5	12.5	17.5	12.5	14	11		14.3	12
MÍNIMA	11	10.5	12	12.5	15	15.5	13.5	12.5	15	12.5	10.5	9		14.1	11
MÁXIMA	12.5	13.5	15	17.5	19.5	18.5	18	17	17.5	17	15	13.5		15.3	12
MEDIA	11.9	11.8	13.1	15.1	17.5	17.2	16.3	15.9	16.4	15	13.1	11.8		14.6	11.9
DESV.ST	0.6	1.2	1.1	1.9	1.6	0.9	1.4	1.5	1.1	1.8	1.7	1.4		0.4	0.4

TEMPERATURA MEDIA MENSUAL
AÑO	ENE	FEB	MAR	ABR	MAY	JUN	JUL	AGO	SEP	OCT	NOV	DIC	ACUM	PROM	MESES
1970	21.5	20.2	24	26.4	25.2	24.2	23.1	22.9	22.2	22.7	20.1	20.3		22.7	12
1971	20.8	22.9	23.4	23.4	26.4	24	23.3	23	22.6	22.6	21.1	21.2		22.9	12
1972	21.6	21	23.3	25.5	26	23.7	23.3	22.9	23.8	23.6	23.5	21.2		23.3	12
1973	20.6	21.4	25.8	25.6	26	24.1	23.5	23	23.2	22.4	21.9	19.2		23.1	12
1974	21.4		23.9	24.5	25.7	23.1	22.4	23.4	22.5	20.8	20.8	20.8		22.7	11
1975	20.8	22.4	24.4	25.6	26.4	23.8	23.1	23.5	22.3	21.6	21	19.6		22.9	12
1976	19.1	20.1	23.3	24.8	25.1	24.1	22.9	23.9	23.2	22.4	20.6	19.8		22.4	12
1977	19.9	21.3	24.1	24.4	25.6	23.8	23	23.8	24.8	22.3	22.2	23.6		23.2	12
MÍNIMA	19.1	20.1	23.3	23.4	25.1	23.1	22.4	22.9	22.2	20.8	20.1	19.2		22.4	11
MÁXIMA	21.6	22.9	25.8	26.4	26.4	24.2	23.5	23.9	24.8	23.6	23.5	23.6		23.3	12
MEDIA	20.7	21.3	24	25	25.8	23.9	23.1	23.3	23.1	22.3	21.4	20.7		22.9	11.9
DESV.ST	0.9	1	0.8	0.9	0.5	0.4	0.3	0.4	0.9	0.8	1.1	1.4		0.3	0.4
