COMISIÓN NACIONAL DEL AGUA
COORDINACIÓN GENERAL DEL SERVICIO METEOROLÓGICO NACIONAL
BASE DE DATOS CLIMATOLÓGICA NACIONAL 

ESTADÍSTICA MENSUAL
EMISIÓN   : 25/10/2024 

DATOS DISPONIBLES EN LA BASE DE DATOS A: OCTOBER DE 2024; 
CON LA INFORMACIÓN SUMINISTRADA POR LAS UNIDADES ADMINISTRATIVAS 

 ESTACIÓN  : 7021 
 NOMBRE    : CATARINITAS 
 ESTADO    : CHIAPAS 
 MUNICIPIO : LA CONCORDIA 
 SITUACIÓN : SUSPENDIDA 
 CVE-OMM   :   
 LATITUD   : 15.9025 ° 
 LONGITUD  : -92.48277778 ° 
 ALTITUD   : 945 msnm 


LLUVIA MÁXIMA 24 H.
AÑO	ENE	FEB	MAR	ABR	MAY	JUN	JUL	AGO	SEP	OCT	NOV	DIC	ACUM	PROM	MESES
1967	15	1	0.5	9	19.5	86	50	37	70	24	1	9	322	26.8	12
1968	3	15.4	9	8	37.5	70.5	26.6	37.4	43.7	31.5	34.3	1.8	318.7	26.6	12
1969	0	0	0	5.4	60	95.5	37.2	62.8	102.3	109		0.4	472.6	43	11
1970	15	0	1	13.5	26.5	49.7	54.4	64.9	72.4	31	5.9	0	334.3	27.9	12
1971	2.4	2.7	12.2	23	25.5	32.2	53.6		63.1	19.5	47	0.2	281.4	25.6	11
1972	3	0	60	19	10.2	40	40	75	33	16.6	37.9	20	354.7	29.6	12
1973	0			12	16.5	94	75	66	23	66	16.5		369	41	9
1974				8		47							55	27.5	2
1976				8		47			35				90	30	3
1977			0	16.5	54.9	59.4	17.6	37	57.1	34	26	4.2	306.7	30.7	10
1978	0	2.1	2.4	20	51	45.4	73.4	58.1	35.2	23.8	16.7	10.2	338.3	28.2	12
1979	0	0	0										0	0	3
1980				15.5	32	24							71.5	23.8	3
1985					0	0	0	0	0	0		56	56	8	7
1986					60.2	48.4	19.2						127.8	42.6	3
1987		0	0	5	39	70	57.5	19	44	4	0	0	238.5	21.7	11
1988	1		10	0	26	60	30	65	69.5	60.5	6.1	0	328.1	29.8	11
1989		0	0	0	35.3	45	35	52	45	15	0	0	227.3	20.7	11
1990	0	0	0	35	20	61	45	61	62	0	19	11	314	26.2	12
1991	0	0	0	11	31	42	45	49	49.6	25	16	0	268.6	22.4	12
1992	0	0	0		46	68				15	15	3	147	18.4	8
1993	15	0	0	15	45	40.4	26	63	46	21	15	0	286.4	23.9	12
1994	0	0	0	21	48.5	47.1	48.3	53.9	49.7	47	0	0	315.5	26.3	12
1995	0	6	45	0	45	61	56	49	63	75	0	11	411	34.2	12
1996	0	0	0	27	49	55	48.3	47	69.1	57.3	0	0	352.7	29.4	12
1997	0	0	0	27	59.8	91.5	69.1	69.3	95	78.1	49.3	48	587.1	48.9	12
1998	0	0	0	0	0	111.1	98	79	78			0	366.1	36.6	10
1999	0	0	0	0	19	35	50	70	37	35	0	0	246	20.5	12
2000	0	0	22	29	37	82	88	99	119	90	0	0	566	47.2	12
2001	0	0	6.3	55.5	55	0	80.5	66.6	36.5	70.6	0	0	371	30.9	12
2002	3.2	1.3	23.2	6.6	57	50	24.7	31	36	36	7.8	1	277.8	23.1	12
2003	0	0	11.5	16	13	62.5	40	63	75	75	21	5	382	31.8	12
2004	0	0	5	8				25	81	80	90	21.5	310.5	34.5	9
2005	0	0	7	25	38	91	70	28.5	35	110	10	0.6	415.1	34.6	12
2006	39.5	0	0	10.3	60.3	69	79.3	47	63	78	22	0	468.4	39	12
2007	0	0	0	29	69	29.1	36	56	51	61	3	0	334.1	27.8	12
2008	3	0.2	19	15	65	118.5	27	82	75	28	1.5	0	434.2	36.2	12
2009	0	0.9	0	0.1	28	63	24	87	42	41	29	31	346	28.8	12
2010	0	0	0	23	53	61	91	82	53	5	9	3	380	31.7	12
2011	1	0	1	8	5	51	41	62	71	86	11	1	338	28.2	12
2012	1	1	28.5	24	69	34	31	58	69.5	68	32	0.5	416.5	34.7	12
2013	0.5	3.5	0	6	59	60	40	83.1	141.1	72	45.1	7	517.3	43.1	12
2014	1.1	0											1.1	0.6	2
MÍNIMA	0	0	0	0	0	0	0	0	0	0	0	0	0	0	2
MÁXIMA	39.5	15.4	60	55.5	69	118.5	98	99	141.1	110	90	56	587.1	48.9	12
MEDIA	3	1	7.3	14.6	38.6	57.4	48	56.7	59.2	46.9	17.3	6.8	305.7	28.9	10.1
DESV.ST	7.6	2.8	13.6	11.8	19.6	25.7	22.9	20.9	26.8	31	19.7	13.2	139.7	10.2	3.3

LLUVIA TOTAL MENSUAL
AÑO	ENE	FEB	MAR	ABR	MAY	JUN	JUL	AGO	SEP	OCT	NOV	DIC	ACUM	PROM	MESES
1967	15.09	1	0.7	16.02	23.6	293.53	144.22	245.09	253.3	98.85	1.06	11.37	1103.83	92	12
1968	3.06	21.47	11.01	17.04	170	274.15	116.37	127.84	315.19	183.76	55.9	1.82	1297.61	108.1	12
1969	0	0	0	5.4	132.6	262.1	168.8	565.7	503.3	263.5		0.4	1901.8	172.9	11
1970	19.9	0	1	17	52.4	226.6	279.8	392	396.4	148.1	11.8	0	1545	128.8	12
1971	2.4	2.7	18.2	23	68.8	122.9	159.5		325.2	126.8	100.5	0.2	950.2	86.4	11
1972	3	0	61.2	22.5	26.9	189.7	214.9	253.5	133.1	47.5	82.4	20	1054.7	87.9	12
1973	0			12	72.5	293.5	249.5	487.5	186	238	30		1569	174.3	9
1974				8		251							259	129.5	2
1976				8		251			169.5				428.5	142.8	3
1977			0	27.2	188.4	204.5	28	169.3	231.4	78.2	31.9	13.6	972.5	97.2	10
1978	0	2.1	2.4	42.5	194.2	141.9	423.5	267.5	293.6	181.7	20.3	20.2	1589.9	132.5	12
1979	0	0	0										0	0	3
1980				16.5	93.5	121							231	77	3
1985					0	0	0	0	0	0		337.5	337.5	48.2	7
1986					234.8	166	96.8						497.6	165.9	3
1987		0	0	9	180.5	341.5	223.9	128.8	252.4	4	0	0	1140.1	103.6	11
1988	1		10	0	32	372.5	189.5	467.4	304	202	14.2	0	1592.6	144.8	11
1989		0	0	0	162.4	315	146	429	332	26	0	0	1410.4	128.2	11
1990	0	0	0	103	47	390	243	269	285	0	91	11	1439	119.9	12
1991	0	0	0	11	95	434	186	154.7	441.9	114	39	0	1475.6	123	12
1992	0	0	0		70	123				37.5	21.1	5.2	256.8	32.1	8
1993	23	0	0	41	92	214.7	77	501	353	78	15	0	1394.7	116.2	12
1994	0	0	0	32	212.1	214.4	176.3	382.9	374.2	209.6	0	0	1601.5	133.5	12
1995	0	9	58	0	83	464	337	395.1	531.7	168	0	11	2056.8	171.4	12
1996	0	0	0	43	280.3	387	340.9	315.7	310.1	175.8	0	0	1852.8	154.4	12
1997	0	0	0	48	266.2	634.3	581.1	286.7	548.7	221.5	55.3	74.3	2716.1	226.3	12
1998	0	0	0	0	0	259.6	613.5	566	395.1			0	1834.2	183.4	10
1999	0	0	0	0	48	215	167	245	325	319	0	0	1319	109.9	12
2000	0	0	22	29	339	595.6	481	640	795.1	534	0	0	3435.7	286.3	12
2001	0	0	6.3	171.8	290.6	0	280.2	334.1	211.8	147.1	0	0	1441.9	120.2	12
2002	3.2	1.3	23.2	7.8	148	200.8	88.9	80.6	269	87	18.3	1	929.1	77.4	12
2003	0	0	11.5	16	28	302.9	156.5	280.6	455.5	269	28	9	1557	129.8	12
2004	0	0	5	12				208.5	417.1	294.1	90	21.5	1048.2	116.5	9
2005	0	0	7	82.5	122	460.3	246	97.5	169.8	386	11.5	0.6	1583.2	131.9	12
2006	43	0	0	10.3	220.2	320.3	380.8	172.7	486.2	673	49.4	0	2355.9	196.3	12
2007	0	0	0	45	315	181.1	210.1	498.1	451.9	458	3	0	2162.2	180.2	12
2008	3.6	0.2	20.5	24.5	284.9	461	232.6	460.5	368	95	1.5	0	1952.3	162.7	12
2009	0	1.6	0	0.1	91.8	180.5	60	247	180	112	55	57	985	82.1	12
2010	0	0	0	49	108.5	252	541	651	389	13	9	3	2015.5	168	12
2011	2	0	1	22	19	301	318	310	258	229	14	1	1475	122.9	12
2012	1	1	28.5	28	175.5	188	73	358.51	273.51	118	32	0.5	1277.52	106.5	12
2013	1	4	0	6	109.91	258.11	189	251.25	321.9	322.31	89.6	9.1	1562.18	130.2	12
2014	2.3	0											2.3	1.2	2
MÍNIMA	0	0	0	0	0	0	0	0	0	0	0	0	0	0	2
MÁXIMA	43	21.47	61.2	171.8	339	634.3	613.5	651	795.1	673	100.5	337.5	3435.7	286.3	12
MEDIA	3.5	1.3	8	26.5	133.6	271.6	233.9	321.1	332.6	185	28.6	16.9	1339.8	125.6	10.1
DESV.ST	8.8	3.9	15	32.9	95.3	135.5	150.2	162.3	141.5	152.1	31.5	57.2	710.9	53.4	3.3

EVAPORACIÓN MENSUAL
AÑO	ENE	FEB	MAR	ABR	MAY	JUN	JUL	AGO	SEP	OCT	NOV	DIC	ACUM	PROM	MESES
1980				157.9	151	140.8							449.7	149.9	3
1985					117.21			121				33.75	271.96	90.7	3
1987							120.15			87.76			207.91	104	2
2011										24.49	39.78	42.7	106.97	35.7	3
2012	57.68	79.17	145.12	156.64	130.69	105.25	110.37	100.4	70.86	46.02	47.92	61.06	1111.18	92.6	12
2013	70.25	100.07	137.57	170.74	145.86	91.96	105.8	75.75		67.62	37.85	35.33	1038.8	94.4	11
2014	44.32	71.82											116.14	58.1	2
MÍNIMA	44.32	71.82	137.57	156.64	117.21	91.96	105.8	75.75	70.86	24.49	37.85	33.75	106.97	35.7	2
MÁXIMA	70.25	100.07	145.12	170.74	151	140.8	120.15	121	70.86	87.76	47.92	61.06	1111.18	149.9	12
MEDIA	57.4	83.7	141.3	161.8	136.2	112.7	112.1	99	70.9	56.5	41.9	43.2	471.8	89.3	5.1
DESV.ST	13	14.7	5.3	7.8	15.3	25.3	7.3	22.7		27.3	5.3	12.5	428.2	36	4.4

TEMPERATURA MÁXIMA PROMEDIO
AÑO	ENE	FEB	MAR	ABR	MAY	JUN	JUL	AGO	SEP	OCT	NOV	DIC	ACUM	PROM	MESES
1969												34		34	1
1970	30.9	31.1	35.6	37.5	34.9	32.7	31.3	31.3	29.9	29.6	27	30.4		31.9	12
1971	31.3	33.2	35.3	35	36.9	32.6	32.4		30	29.8	28.7	30.7		32.4	11
1972	32	32.3	34.5	35.8	35.3	31	32.5	31.9	32.3	32.5	32	30		32.7	12
1973	30.8			35.3	35	32.5	32.1	30.5	31.3	30.3	31.3			32.1	9
1974				38.1		32.7								35.4	2
1976				38.1		32.7			31.9					34.2	3
1977			38.7	36.7	35.7	32.8	34.3	33.6	33.4	32.7	31.9	33.9		34.4	10
1978	32.7	32.9	35.9	38.8	38.6	35.5	34.2	34.6	31.8	33.1	33.4	32.1		34.5	12
1979	33	34.5	37.3											34.9	3
1980				36	37.3	32.8								35.4	3
1985					37.4	33.2	32.4	33.4	33.6	33.9		25.7		32.8	7
1986							32.6							32.6	1
1987		23	28.3		26.6									26	3
1988			35.6	37.2	38.1	35.8	35.6	33.5	30.5	30.2	29.3	29.4		33.5	10
1989		31.8	34.5	34	35.7	32.9	33.9	32.9	30.8	33.8	31.4	31.3		33	11
1990	31.1	32	33.9	34.2	34.8	32.8	31.7	32.8	32.6	32.3	34.3	34.2		33.1	12
1991	29.6	31.9	35	35	34.8	34.4	34.4	34.3	33.4	32.4	33.4	33.3		33.5	12
1992	33.8	34	34.9		33.2	33.8				32.3	31.1	31.9		33.1	8
1993	31.4	31.7	31.7	31.2	32.9	32.5	32.2	30.9	32.1	32.8	32.8	32.9		32.1	12
1994	33.4	33.8	34.1	34.7	33.5	33.9	35.1	34.3	33.2	33.1	32.4	33.5		33.8	12
1995	32.5	33.4	34.3	34.6	35.2	33.3	33.5	33	31.9	34	35.1	33.7		33.7	12
1996	33.8	34.2	34.8	34.8	35.3	34.9	33.7	33.3	33.7	33	32.5	32.4		33.9	12
1997	32.4	33.4	34.3	34.3	34.8	33.6	33.1	34	33.4	32.5	33	32.5		33.4	12
1998	33.5	33.4	33.2	34	34.7	35.4	35	34.3	33.9			33.2		34.1	10
1999	30.6	31.7	33.6	35.1	33.3	33.3	32.9	33.6	33.7	34	33.9	35.1		33.4	12
2000	33.1	34.3	36	35.3	35.2	33.5	33.9	33.6	34	32.3	30.3	29.1		33.4	12
2001	29.4	31.8	33.6	33.8	33.4	32.8	32.3	31	28.2	28.9	28.9	29		31.1	12
2002	29.9	29.5	33.6	36.5	34.8	30.2	30.8	31.8	29.3	30.1	28	29.8		31.2	12
2003	29.6	31.5	34.1	35	36.4	33.4	32.3	31	30.4	30.3	30.9	29.5		32	12
2004	29.8	31.9	32.5	33				35	34.3	33.2	34.3	33.3		33	9
2005	33.9	37.8	40.4	39.2	39.4	37.7	36.7	37.2	36.8	35	35	35.3		37	12
2006	34.3	31.9	35.2	36.7	36	35.4	35.2	36	34.4	34.9	34.1	34.4		34.9	12
2007	34.1	34.9	35.7	35.7	36	34.4	35.3	35.5	35.7	35.4	35.6	35.5		35.3	12
2008	37.1	38.4	39.3	41.1	39.5	33.9	34.7	35	34.8	33.1	33.3	34.4		36.2	12
2009	34.4	36.8	38.3	40.9	40	39.7	41.4	42.7			36.3	34.6		38.5	10
2010	32.5	36	38.1	41.3	40.7	36.1	35	34.2	35	41.6	31.6	33.6		36.3	12
2011	34.4	36.2	38.3	40.7	40.6	35.9	34.8	35.4	34.7	33.5	34.8	34.3		36.1	12
2012	35.9	37.7	39.8	40.3	37.8	34.4	35.9	35.7	35.3	34.5	32.9	35.8		36.3	12
2013	35.8	39.1	38.9	42.6	39.6	35.5	34.8	35.2	33.3	33.5	31.2	31.6		35.9	12
2014	31.1	37.6												34.4	2
MÍNIMA	29.4	23	28.3	31.2	26.6	30.2	30.8	30.5	28.2	28.9	27	25.7		26	1
MÁXIMA	37.1	39.1	40.4	42.6	40.7	39.7	41.4	42.7	36.8	41.6	36.3	35.8		38.5	12
MEDIA	32.5	33.6	35.4	36.5	36	33.9	33.9	33.9	32.8	32.9	32.3	32.4		33.8	9.5
DESV.ST	2	3.1	2.6	2.7	2.8	1.8	2	2.3	2	2.3	2.3	2.3		2	3.8

TEMPERATURA MÁXIMA EXTREMA
AÑO	ENE	FEB	MAR	ABR	MAY	JUN	JUL	AGO	SEP	OCT	NOV	DIC	ACUM	PROM	MESES
1969												39.5		39.5	1
1970	34.5	35.5	39	39	39.5	37	33.5	35	32.5	33.5	30	33		35.2	12
1971	34	37	38	37.5	39.5	38	35		33	31.5	34.5	32		35.5	11
1972	35	36.5	37	38.5	40	34	35	35	34	35	35	34.5		35.8	12
1973	34			38	40	37	36	33	37	32	33			35.6	9
1974				39		34.5								36.8	2
1976				39		34.5			34					35.8	3
1977			42	40	39	36	38.5	36.5	37	36	37	36		37.8	10
1978	35.5	36	40	41	41.5	37	35.5	36	35	35	34.5	34.5		36.8	12
1979	35	36	40											37	3
1980				41	41	36.5								39.5	3
1985					41	37	35	37	36	36		32		36.3	7
1986							38							38	1
1987		28	34		30									30.7	3
1988			37	41	41	38.5	37.5	37	33.5	32	31.5	31.5		36	10
1989		36	39	39	39	36	38	36	37	38	36	37		37.4	11
1990	33	36	36	39	39	36	36	36	36	34	39	39		36.6	12
1991	40	39	39	37	37	36	36	36	36	34	36	35		36.8	12
1992	36	37	37		39.5	39.5				34	34	35		36.5	8
1993	34	34	33.5	33	35	36	35	34	35	34.5	35	34		34.4	12
1994	36	35	37	37	35	35	37	36	35	35	35	36		35.8	12
1995	35	35	36.5	38	39	36	36	35	35	38	37	36		36.4	12
1996	35	36	37	37	37	39	39	37	36	36	35	35		36.6	12
1997	35	35	38	37	38	37	37	37	35	35	36	36		36.3	12
1998	37	37	37	36	38	38	36	36	37			39		37.1	10
1999	36	37	38	39	39	39	39	39	39	39	39	39		38.5	12
2000	36	39	39	39	39	39	39	39	39	37	31.5	36		37.7	12
2001	33	39	39	39	37	39	39	34	31	33	32	34		35.8	12
2002	36	34	38	39	39	36	33	34	33	33	32	33		35	12
2003	34	35	37	39	38	38	36	35	34	34	34	32		35.5	12
2004	33	38	36	38				37	38	37	38	39		37.1	9
2005	38	42	45	44	43	41	39	39	39	37	37	37		40.1	12
2006	39	38	38	45	39	39	38	39	38	37	36	36		38.5	12
2007	37	37	38	37	39	37	37	37	38	38	38	38		37.6	12
2008	40	41	43	44	44	37	38	36	36	36	38	36		39.1	12
2009	37	40	43	44	46	44	47	46			39	43		42.9	10
2010	38	41	43	45	44	40	37	36	40	46	35	41		40.5	12
2011	38	40	42	44	43	39	38	38	37	37	39	38		39.4	12
2012	40	41	43	45	42	37	39	39	37	37	35	39		39.5	12
2013	40	42	46	45	43	38	37	38	35	36	36	34		39.2	12
2014	37	41												39	2
MÍNIMA	33	28	33.5	33	30	34	33	33	31	31.5	30	31.5		30.7	1
MÁXIMA	40	42	46	45	46	44	47	46	40	46	39	43		42.9	12
MEDIA	36.2	37.3	38.9	39.8	39.5	37.5	37.2	36.7	35.9	35.7	35.4	36.1		37.2	9.5
DESV.ST	2.2	2.9	3	3	3	2	2.4	2.4	2.1	2.7	2.4	2.8		2.1	3.8

TEMPERATURA MÍNIMA PROMEDIO
AÑO	ENE	FEB	MAR	ABR	MAY	JUN	JUL	AGO	SEP	OCT	NOV	DIC	ACUM	PROM	MESES
1969												12.2		12.2	1
1970	12.5	11.7	13.7	17.7	18.2	20.4	19.7	19.2	19.5	19	14.5	12		16.5	12
1971	10.8	11.6	13.4	12.8	18.4	19	18.5		19.1	19.1	16	14.5		15.7	11
1972	12.6	11.7	14.2	16.8	19.1	20.2	19.1	18.6	19.5	18.1	18.8	13.3		16.8	12
1973	11.9			14.8	19.4	19.3	19.1	19.5	19.3	19.2	17.6			17.8	9
1974				15.4		15.7								15.6	2
1976				15.4		15.7			17.8					16.3	3
1977			16.8	19.5	20.7	20.2	18.6	19.9	20.4	19.5	16.6	16.6		18.9	10
1978	13.5	16.3	15.1	19.2	20.3	20.9	19.3	19.2	19.9	15.3	17.3	15.5		17.6	12
1979	12.1	14.1	15.8											14	3
1980				17.4	21	20.9								19.8	3
1985					21.2	21.8	20.7	20.7	20.2	20		18.6		20.5	7
1986							14.7							14.7	1
1987		11.5	12.3		13									12.3	3
1988			17.4	19.3	21.2	21.5	20.8	20	19.5	18.8	17.2	16.4		19.2	10
1989		17.7	14.9	17.4	20.7	20.8	20	19.1	17.7	20.4	17.7	16.8		18.5	11
1990	16.1	15.9	18	17.4	17.9	17.4	17	17.3	17.8	17.7	18.6	17.7		17.4	12
1991	16.5	17.4	18.6	19.4	19.6	17.5	18.1	18.4	17.7	16	18	17.9		17.9	12
1992	17.8	18.5	18.8		20	20.8				17.7	17	17		18.4	8
1993	15.9	16.3	16.3	17.6	18.3	17.9	16.5	16.1	17.1	18.3	18	17		17.1	12
1994	15.6	16.7	18.1	19.5	18.6	18.5	18.7	18.4	18.9	17.9	18.3	18.6		18.1	12
1995	18.2	18.3	19.1	19.1	19.5	18.2	17.9	18	17.6	18.5	18.7	18		18.4	12
1996	18	18.1	18.4	18.5	18.8	18.4	18.3	17.3	17.4	16.7	17.3	16.9		17.8	12
1997	16.2	17.3	17.5	18.6	19.3	18.7	18.8	18.3	18.6	17.6	18	17.8		18.1	12
1998	18	17.9	18	18.1	18.8	19.4	18.5	17.9	17.8			15.6		18	10
1999	14.7	14.4	13.6	16	14.8	15.9	14.1	14.9	14.7	14.8	14.9	16.7		15	12
2000	16.9	15.7	16.8	16.6	17.2	15.3	17	16.4	15.6	17	16.6	16.3		16.4	12
2001	12.7	14.1	14.3	18	20.4	16.5	17	18.1	18.9	18.6	14.5	15.3		16.5	12
2002	13	14.4	16.3	18.4	20.1	19.6	18.5	18.5	19	18.5	15.8	12.9		17.1	12
2003	12.5	13.7	17	18.8	19.2	19	19	19.2	19.6	19.5	18.2	16.8		17.7	12
2004	16.6	15.4	16.2	17.4				22	22.2	21.5	21.3	20.3		19.2	9
2005	18.7	20.5	24.1	24.2	23.7	25	24.4	24.7	24.5	23.5	21.4	21.1		23	12
2006	19.2	20.2	19.3	19.8	20.3	20.3	21.1	21.4	21.3	19.9	21.8	21.5		20.5	12
2007	19.9	21.2	19.7	20.3	20.3	19.7	19.8	19.9	21.5	21.1	20.9	20		20.4	12
2008	19.2	20.4	20.2	23.3	24.1	23.9	23.4	23.3	23.2	22.5	18	17.5		21.6	12
2009	16.8	17.5	19.4	21.9	23.9	22.1	21.3	21.9			18.9	19.1		20.3	10
2010	17.9	19.9	19.9	23.6	24.7	24.7	24.1	24.3	23.9	21.1	19.2	16.3		21.6	12
2011	18	19.9	20.7	22.8	24.9	24.2	23.2	23.5	23.2	21.9	19.9	17.5		21.6	12
2012	17.9	20.3	20.3	21.5	24.4	23.7	22.5	23.2	23.4	21.5	18.7	19.8		21.4	12
2013	19.3	19.6	19.4	22.9	24.3	24	23.1	23	23.7	23.6	21.8	19.9		22	12
2014	17.4	19.9												18.6	2
MÍNIMA	10.8	11.5	12.3	12.8	13	15.3	14.1	14.9	14.7	14.8	14.5	12		12.2	1
MÁXIMA	19.9	21.2	24.1	24.2	24.9	25	24.4	24.7	24.5	23.6	21.8	21.5		23	12
MEDIA	16	16.8	17.4	18.8	20.2	19.9	19.5	19.7	19.7	19.2	18.1	17.1		18.1	9.5
DESV.ST	2.6	2.9	2.6	2.6	2.7	2.7	2.5	2.5	2.5	2.2	2	2.4		2.5	3.8

TEMPERATURA MÍNIMA EXTREMA
AÑO	ENE	FEB	MAR	ABR	MAY	JUN	JUL	AGO	SEP	OCT	NOV	DIC	ACUM	PROM	MESES
1969												5		5	1
1970	5	6	7.5	14	15	17	17	16	15.5	17	9	9.5		12.4	12
1971	8.5	8	11	9	13.5	16	14		18	16	10	10		12.2	11
1972	10	4	11	12	16	17	16.5	16	18	14	15	7		13	12
1973	7			11	13	18	18	18	18	18	13			14.9	9
1974				14		14								14	2
1976				14		14			10					12.7	3
1977			12	14.5	17.5	17	16	18	19	14	11	14		15.3	10
1978	9	12	9	14	16	19	17	17	18.5	13	15	10		14.1	12
1979	11	11.5	15											12.5	3
1980				11	19	19.5								16.5	3
1985					10.5	20	19	19	18	18		15		17.1	7
1986							10.5							10.5	1
1987		5	8		10.5									7.8	3
1988			14	15	18.5	19	19	18	18	16.5	15	15		16.8	10
1989		13	10	12	13	14	14	14	11	13	13	12		12.6	11
1990	12	12	15	15	15	15	15	15	15	15	15	13		14.3	12
1991	14	14	14	16	17	15	16	17	16	12	16.5	16		15.3	12
1992	16	17	17		16.5	19				16	15	14		16.3	8
1993	13	14	14	16.5	15	14	13	13	15	15	16	14		14.4	12
1994	12	12	16.5	17	17	17	16	16	17	15	17	17		15.8	12
1995	17	17.5	17.5	17	16	17	16	16	16	16	17	16		16.6	12
1996	16	16	16	16.5	16	17	16.5	15	15	13.5	15	14		15.5	12
1997	13	15	15	15.5	16.5	16	17	16	17.5	15	16	16		15.7	12
1998	16	16.5	16	16.5	17	18.5	17	15	15.5			12		16	10
1999	10	10	10	11	11	12	11	11	11	11	12	12		11	12
2000	12	12	12	12	13	11	12	11	11	12	14	11		11.9	12
2001	9	11	11	11	13	11	11	11	16	15	12	12		11.9	12
2002	6	11	11	12	18	12	12	16	17	15	8	9		12.2	12
2003	10	11	12	13	17	17	18	17	18	18	13	15		14.9	12
2004	11	12	12	12				19	19	16	15	16		14.7	9
2005	15	17	22	20	19	23	20	23	23	20	19	19		20	12
2006	15	18	17	18	18	18	18	19	20	15	20	18		17.8	12
2007	18	19	18	19	19	18	18	18	20	19	20	19		18.8	12
2008	16	17	16	19	22	22	22	22	21	20	15	14		18.8	12
2009	12	13	14	14	21	21	19	20			15	16		16.5	10
2010	12	17	16	21	22	23	23	23	22	18	14	13		18.7	12
2011	14	18	18	19	23	23	22	22	20	18	14	14		18.8	12
2012	14	17	18	17	23	22	20	21	22	2	16	17		17.4	12
2013	15	16	13	18	21	23	21	21	22	22	17	18		18.9	12
2014	9	17												13	2
MÍNIMA	5	4	7.5	9	10.5	11	10.5	11	10	2	8	5		5	1
MÁXIMA	18	19	22	21	23	23	23	23	23	22	20	19		20	12
MEDIA	12.2	13.4	13.9	14.9	16.7	17.4	16.7	17.2	17.3	15.4	14.6	13.7		14.7	9.5
DESV.ST	3.3	3.9	3.3	3	3.4	3.5	3.3	3.3	3.3	3.6	2.8	3.3		3.1	3.8

TEMPERATURA MEDIA MENSUAL
AÑO	ENE	FEB	MAR	ABR	MAY	JUN	JUL	AGO	SEP	OCT	NOV	DIC	ACUM	PROM	MESES
1969												23.1		23.1	1
1970	21.7	21.4	24.6	27.6	26.5	26.6	25.5	25.2	24.7	24.3	20.8	21.2		24.2	12
1971	21	22.4	24.3	23.9	27.6	25.8	25.4		24.6	24.5	22.4	22.6		24	11
1972	22.3	22	24.4	26.3	27.2	25.6	25.8	25.2	25.9	25.3	25.4	21.6		24.8	12
1973	21.4			25	27.2	25.9	25.6	25	25.3	24.8	24.5			25	9
1974				26.8		24.2								25.5	2
1976				26.8		24.2			24.9					25.3	3
1977			27.8	28.1	28.2	26.5	26.4	26.8	26.9	26.1	24.2	25.2		26.6	10
1978	23.1	24.6	25.5	29	29.5	28.2	26.8	26.9	25.9	24.2	25.4	23.8		26.1	12
1979	22.6	24.3	26.5											24.5	3
1980				26.7	29.1	26.8								27.5	3
1985					29.3	27.5	26.5	27	26.9	27		22.1		26.6	7
1986							23.6							23.6	1
1987		17.2	20.3		19.8									19.1	3
1988			26.5	28.2	29.6	28.6	28.2	26.8	25	24.5	23.2	22.9		26.4	10
1989		24.8	24.7	25.7	28.2	26.9	27	26	24.2	27.1	24.5	24		25.7	11
1990	23.6	24	26	25.8	26.3	25.1	24.4	25	25.2	25	26.4	26		25.2	12
1991	23	24.6	26.8	27.2	27.2	26	26.2	26.3	25.5	24.2	25.7	25.6		25.7	12
1992	25.8	26.2	26.9		26.6	27.3				25	24	24.4		25.8	8
1993	23.6	24	24	24.4	25.6	25.2	24.4	23.5	24.6	25.5	25.4	25		24.6	12
1994	24.5	25.2	26.1	27.1	26	26.2	26.9	26.3	26	25.5	25.4	26		25.9	12
1995	25.4	25.9	26.7	26.9	27.4	25.8	25.7	25.5	24.8	26.2	26.9	25.9		26.1	12
1996	25.9	26.2	26.6	26.6	27	26.6	26	25.3	25.6	24.9	24.9	24.6		25.9	12
1997	24.3	25.4	25.9	26.4	27	26.1	26	26.1	26	25	25.5	25.1		25.7	12
1998	25.8	25.6	25.6	26	26.8	27.4	26.8	26.1	25.9			24.4		26	10
1999	22.6	23	23.6	25.6	24	24.6	23.5	24.2	24.2	24.4	24.4	25.9		24.2	12
2000	25	25	26.4	26	26.2	24.4	25.4	25	24.8	24.6	23.5	22.7		24.9	12
2001	21	23	24	25.9	26.9	24.6	24.6	24.6	23.5	23.8	21.7	22.1		23.8	12
2002	21.4	22	25	27.4	27.4	24.9	24.6	25.1	24.1	24.3	21.9	21.4		24.1	12
2003	21	22.6	25.6	26.9	27.8	26.2	25.6	25.1	25	24.9	24.5	23.1		24.9	12
2004	23.2	23.6	24.4	25.2				28.5	28.2	27.4	27.8	26.8		26.1	9
2005	26.3	29.1	32.2	31.7	31.5	31.4	30.6	31	30.6	29.2	28.2	28.2		30	12
2006	26.8	26	27.2	28.2	28.1	27.9	28.2	28.7	27.9	27.4	28	28		27.7	12
2007	27	28	27.7	28	28.1	27	27.5	27.7	28.6	28.2	28.2	27.8		27.8	12
2008	28.1	29.4	29.8	32.2	31.8	28.9	29	29.1	29	27.8	25.6	26		28.9	12
2009	25.6	27.1	28.8	31.4	32	30.9	31.4	32.3			27.6	26.9		29.4	10
2010	25.2	28	29	32.5	32.7	30.4	29.6	29.2	29.4	31.4	25.4	25		29	12
2011	26.2	28	29.5	31.8	32.8	30	29	29.4	29	27.7	27.3	25.9		28.9	12
2012	26.9	29	30	30.9	31.1	29	29.2	29.5	29.3	28	25.8	27.8		28.9	12
2013	27.5	29.4	29.1	32.8	32	29.8	29	29.1	28.5	28.6	26.5	25.8		29	12
2014	24.2	28.8												26.5	2
MÍNIMA	21	17.2	20.3	23.9	19.8	24.2	23.5	23.5	23.5	23.8	20.8	21.2		19.1	1
MÁXIMA	28.1	29.4	32.2	32.8	32.8	31.4	31.4	32.3	30.6	31.4	28.2	28.2		30	12
MEDIA	24.3	25.2	26.4	27.7	28.1	26.9	26.7	26.8	26.2	26	25.2	24.8		25.9	9.5
DESV.ST	2.1	2.8	2.3	2.4	2.7	2	2	2.1	1.9	1.8	1.9	2		2.1	3.8
