COMISIÓN NACIONAL DEL AGUA
COORDINACIÓN GENERAL DEL SERVICIO METEOROLÓGICO NACIONAL
BASE DE DATOS CLIMATOLÓGICA NACIONAL 

ESTADÍSTICA MENSUAL
EMISIÓN   : 25/10/2024 

DATOS DISPONIBLES EN LA BASE DE DATOS A: OCTOBER DE 2024; 
CON LA INFORMACIÓN SUMINISTRADA POR LAS UNIDADES ADMINISTRATIVAS 

 ESTACIÓN  : 7233 
 NOMBRE    : TILTEPEC 
 ESTADO    : CHIAPAS 
 MUNICIPIO : JIQUIPILAS 
 SITUACIÓN : SUSPENDIDA 
 CVE-OMM   :   
 LATITUD   : 16.39444444 ° 
 LONGITUD  : -93.86805556 ° 
 ALTITUD   : 680 msnm 


LLUVIA MÁXIMA 24 H.
AÑO	ENE	FEB	MAR	ABR	MAY	JUN	JUL	AGO	SEP	OCT	NOV	DIC	ACUM	PROM	MESES
1977		0	2	0.2	20	26	45	14	40	19	0	5.5	171.7	15.6	11
1978	3	20	20	0	60	80	31	40	120	26	0		400	36.4	11
1979					2.7								2.7	2.7	1
1980		0							30			0	30	10	3
1981	0	0	3.3	3.1	4.1	90	110	90	60			0	360.5	36	10
1982	0	5	0	0	20.1			20	30	20.8	0	0	95.9	9.6	10
1983	0	0	60.1	0	0	18.5	30	20	0				128.6	14.3	9
1987	0	2.58	7.4	0	18.4	11	87.4	19	10.4	4	0		160.18	14.6	11
1988	0	3	0	0		36	29.3	18		19		0	105.3	11.7	9
MÍNIMA	0	0	0	0	0	11	29.3	14	0	4	0	0	2.7	2.7	1
MÁXIMA	3	20	60.1	3.1	60	90	110	90	120	26	0	5.5	400	36.4	11
MEDIA	0.5	3.8	13.3	0.5	17.9	43.6	55.5	31.6	41.5	17.8	0	1.1	161.7	16.8	8.3
DESV.ST	1.2	6.8	21.8	1.2	20.5	33.3	34.7	27.1	39.7	8.2	0	2.5	135.9	11.7	3.7

LLUVIA TOTAL MENSUAL
AÑO	ENE	FEB	MAR	ABR	MAY	JUN	JUL	AGO	SEP	OCT	NOV	DIC	ACUM	PROM	MESES
1977		0	2.3	0.2	52.8	98.9	120	67.7	154	19	0	8.4	523.3	47.6	11
1978	3	20	20	0	122	211.5	150.9	70	202	100	0		899.4	81.8	11
1979					2.7								2.7	2.7	1
1980		0							142.8			0	142.8	47.6	3
1981	0	0	3.3	3.1	17.9	385.11	214.5	305.51	140			0	1069.42	106.9	10
1982	0	5	0	0	57.1			67.9	82.3	31.3	0	0	243.6	24.4	10
1983	0	0	80.1	0	0	32.5	205.4	157.6	0				475.6	52.8	9
1987	0	2.58	7.4	0	23	31.1	209.9	65.7	34	4	0		377.68	34.3	11
1988	0	3	0	0		240	246.7	183		26.1		0	698.8	77.6	9
MÍNIMA	0	0	0	0	0	31.1	120	65.7	0	4	0	0	2.7	2.7	1
MÁXIMA	3	20	80.1	3.1	122	385.11	246.7	305.51	202	100	0	8.4	1069.42	106.9	11
MEDIA	0.5	3.8	16.2	0.5	39.4	166.5	191.2	131.1	107.9	36.1	0	1.7	492.6	52.9	8.3
DESV.ST	1.2	6.8	29	1.2	42.7	138.6	46.6	91.1	71.9	37.2	0	3.8	349.9	31.8	3.7

EVAPORACIÓN MENSUAL
AÑO	ENE	FEB	MAR	ABR	MAY	JUN	JUL	AGO	SEP	OCT	NOV	DIC	ACUM	PROM	MESES
1977		52.1	170.7	173.8	173.2	135.1	71.7	154.5	111.7	142.81	126.8	131	1443.41	131.2	11
1978	127.7	140.2	146.7	192.3	212	156	171.4	157	110.9	139.1	119		1672.3	152	11
1980		95.9							128.6			87.2	311.7	103.9	3
1981	65.9	68.7	81.1	90.9								85.5	392.1	78.4	5
1982	79.2	78.6	93.4	40.2				129.5	124.4	114.1	98.38	104.08	861.86	95.8	9
1983	120.7	96.4	106.8	114.7	116.8	121.9	136.9	147.7	66.86				1028.76	114.3	9
1987	69.22	102.29	161.15	85.77	125.34	90.87	124.92	142.4	105.57	96.93	86.49		1190.95	108.3	11
1988	78.58	78.55	87.33	86.32		85.11				105.12		86.94	607.95	86.8	7
MÍNIMA	65.9	52.1	81.1	40.2	116.8	85.11	71.7	129.5	66.86	96.93	86.49	85.5	311.7	78.4	3
MÁXIMA	127.7	140.2	170.7	192.3	212	156	171.4	157	128.6	142.81	126.8	131	1672.3	152	11
MEDIA	90.2	89.1	121	112	156.8	117.8	126.2	146.2	108	119.6	107.7	98.9	938.6	108.8	8.2
DESV.ST	26.9	26.4	37.5	53.6	44.4	29.9	41.3	11	22	20.4	18.5	19.5	488.7	23.9	3

TEMPERATURA MÁXIMA PROMEDIO
AÑO	ENE	FEB	MAR	ABR	MAY	JUN	JUL	AGO	SEP	OCT	NOV	DIC	ACUM	PROM	MESES
1977		34.2	30.7	30.6	31.8	30.9	31.7	31.4	31.4	30.9	30.1	30.4		31.3	11
1978	30.8	28.4	29	32.5	31.6	29.8	29.3	29.1	28.9	28.7	30.3			29.9	11
1979					31.4									31.4	1
1980		33							30.8			30.7		31.5	3
1981	30.7	31.7	31.2	32.5	30.2	30.3	32.4	30.1	29.9			31.6		31.1	10
1982	31.4	32.2	30.1	32.6	30.9			31.9	31.1	30.8	30	30.3		31.1	10
1983	30.7	31	30.5	30.3	30.6	31.2	31.3	31.4	32.2					31	9
1987	32.2	31.9	33.9	32.5	32.9	34.6	36.3	35.1	36.3	36.8	36.8			34.5	11
1988	28.1	28.2	28.3	38		37.7	37.9	38.2		33.2		36.2		34	9
MÍNIMA	28.1	28.2	28.3	30.3	30.2	29.8	29.3	29.1	28.9	28.7	30	30.3		29.9	1
MÁXIMA	32.2	34.2	33.9	38	32.9	37.7	37.9	38.2	36.3	36.8	36.8	36.2		34.5	11
MEDIA	30.6	31.3	30.5	32.7	31.3	32.4	33.1	32.5	31.5	32.1	31.8	31.8		31.8	8.3
DESV.ST	1.4	2.1	1.8	2.5	0.9	3.1	3.3	3.1	2.4	3.1	3.3	2.5		1.5	3.7

TEMPERATURA MÁXIMA EXTREMA
AÑO	ENE	FEB	MAR	ABR	MAY	JUN	JUL	AGO	SEP	OCT	NOV	DIC	ACUM	PROM	MESES
1977		40.5	35	37	36	34.5	34	35	35	35	37.5	34		35.8	11
1978	37	33	34	37.5	38.5	37	36	34	37	34	35			35.7	11
1979					40									40	1
1980		35							39			40		38	3
1981	35	37	39	40	32.5	33.5	36	33	34			37.5		35.8	10
1982	37	36	35	35	35.5			35	35	35	34	34		35.1	10
1983	34	34	35	33	34	36.5	34.5	34	34					34.3	9
1987	34	34.5	37.5	35.5	37	37	37.5	37.5	37.5	37	38			36.6	11
1988	29.5	31.5	29.5	39.5		38.5	39.5	39.5		35		38.5		35.7	9
MÍNIMA	29.5	31.5	29.5	33	32.5	33.5	34	33	34	34	34	34		34.3	1
MÁXIMA	37	40.5	39	40	40	38.5	39.5	39.5	39	37	38	40		40	11
MEDIA	34.4	35.2	35	36.8	36.2	36.2	36.2	35.4	35.9	35.2	36.1	36.8		36.3	8.3
DESV.ST	2.8	2.7	3	2.5	2.6	1.8	2	2.3	1.9	1.1	1.9	2.7		1.7	3.7

TEMPERATURA MÍNIMA PROMEDIO
AÑO	ENE	FEB	MAR	ABR	MAY	JUN	JUL	AGO	SEP	OCT	NOV	DIC	ACUM	PROM	MESES
1977		11.5	16.9	18.5	20.1	20.1	20.2	20.1	20.4	19.4	16.7	16.2		18.2	11
1978	16	15.6	15.4	17	21	20.1	20	18.4	19.6	18	18			18.1	11
1979					20.9									20.9	1
1980		19.1							20			18.3		19.1	3
1981	17	19.3	18.5	18.8	18.1	19.4	20	20.2	19.5			21.7		19.2	10
1982	20	18.8	17.7	19.6	19.8			19.7	20.4	20.3	18.6	18.8		19.4	10
1983	19	19.8	19.2	19.2	19.2	19.9	19.8	19.9	19.2					19.5	9
1987	19	16.6	13.4	15.8	15.3	17.3	17.2	16.9	17.8	16	11.8			16.1	11
1988	12	12.4	12.8	17.8		18.2	17.1	17.5		14.4		13		15	9
MÍNIMA	12	11.5	12.8	15.8	15.3	17.3	17.1	16.9	17.8	14.4	11.8	13		15	1
MÁXIMA	20	19.8	19.2	19.6	21	20.1	20.2	20.2	20.4	20.3	18.6	21.7		20.9	11
MEDIA	17.2	16.6	16.3	18.1	19.2	19.2	19	19	19.6	17.6	16.3	17.6		18.4	8.3
DESV.ST	2.9	3.2	2.5	1.3	2	1.2	1.5	1.4	0.9	2.4	3.1	3.2		1.8	3.7

TEMPERATURA MÍNIMA EXTREMA
AÑO	ENE	FEB	MAR	ABR	MAY	JUN	JUL	AGO	SEP	OCT	NOV	DIC	ACUM	PROM	MESES
1977		7	12	14	16.5	18.5	18	18	18	15	11	10		14.4	11
1978	12	10	8	10	18	17	18	10	14	14	12			13	11
1979					18									18	1
1980		15							14			10		13	3
1981	9	13	13	10	10	14	15	15	16			15		13	10
1982	18	17	10	15	15			17.5	18	18	15	11		15.4	10
1983	15	17	17	16.5	17	17	18	19	16.5					17	9
1987	15.5	14	10	13.5	13.5	15.5	16	14.5	17	12.5	11			13.9	11
1988	10	11	11.5	16.5		16.5	15.5	16		13		11.5		13.5	9
MÍNIMA	9	7	8	10	10	14	15	10	14	12.5	11	10		13	1
MÁXIMA	18	17	17	16.5	18	18.5	18	19	18	18	15	15		18	11
MEDIA	13.2	13	11.6	13.6	15.4	16.4	16.8	15.7	16.2	14.5	12.2	11.5		14.6	8.3
DESV.ST	3.5	3.5	2.9	2.7	2.9	1.5	1.4	3	1.7	2.2	1.9	2.1		1.8	3.7

TEMPERATURA MEDIA MENSUAL
AÑO	ENE	FEB	MAR	ABR	MAY	JUN	JUL	AGO	SEP	OCT	NOV	DIC	ACUM	PROM	MESES
1977		22.9	23.8	24.6	26	25.5	26	25.8	25.9	25.1	23.4	23.3		24.8	11
1978	23.4	22	22.2	24.8	26.3	25	24.6	23.8	24.2	23.4	24.1			24	11
1979					26.1									26.1	1
1980		26							25.4			24.5		25.3	3
1981	23.9	25.5	24.9	25.6	24.1	24.9	26.2	25.1	24.7			26.6		25.1	10
1982	25.7	25.5	23.9	26.1	25.4			25.8	25.8	25.6	24.3	24.6		25.3	10
1983	24.9	25.4	24.9	24.8	24.9	25.5	25.6	25.6	25.7					25.3	9
1987	25.6	24.2	23.6	24.1	24.1	26	26.8	26	27	26.4	24.3			25.3	11
1988	20	20.3	20.6	27.9		28	27.5	27.9		23.8		24.6		24.5	9
MÍNIMA	20	20.3	20.6	24.1	24.1	24.9	24.6	23.8	24.2	23.4	23.4	23.3		24	1
MÁXIMA	25.7	26	24.9	27.9	26.3	28	27.5	27.9	27	26.4	24.3	26.6		26.1	11
MEDIA	23.9	24	23.4	25.4	25.3	25.8	26.1	25.7	25.5	24.9	24	24.7		25.1	8.3
DESV.ST	2.1	2	1.5	1.3	0.9	1.1	1	1.2	0.9	1.2	0.4	1.2		0.6	3.7
