COMISIÓN NACIONAL DEL AGUA
COORDINACIÓN GENERAL DEL SERVICIO METEOROLÓGICO NACIONAL
BASE DE DATOS CLIMATOLÓGICA NACIONAL 

ESTADÍSTICA MENSUAL
EMISIÓN   : 25/10/2024 

DATOS DISPONIBLES EN LA BASE DE DATOS A: OCTOBER DE 2024; 
CON LA INFORMACIÓN SUMINISTRADA POR LAS UNIDADES ADMINISTRATIVAS 

 ESTACIÓN  : 7039 
 NOMBRE    : EL BOQUERON 
 ESTADO    : CHIAPAS 
 MUNICIPIO : SUCHIAPA 
 SITUACIÓN : OPERANDO 
 CVE-OMM   :   
 LATITUD   : 16.64416667 ° 
 LONGITUD  : -93.15722222 ° 
 ALTITUD   : 500 msnm 


LLUVIA MÁXIMA 24 H.
AÑO	ENE	FEB	MAR	ABR	MAY	JUN	JUL	AGO	SEP	OCT	NOV	DIC	ACUM	PROM	MESES
1949	0	0	1	0	42	20	30	27	25	20	0	0	165	13.8	12
1950	0	0	1	6	37	42	29	22	34	9	0	0	180	15	12
1951	0.01	0	0	0	37	25	25	22	42	12.4	45	0	208.41	17.4	12
1952	0	0	0.01	0	30	34.5	25.5	35.5	27.5	30.5	1.5	2	187.01	15.6	12
1953	0	0.01	0	0	2.5	32.5	15	31.5	26.5	28	0.01	0.01	136.03	11.3	12
1954	0	0.01	0	11	32	23	53.5	48.5	56	57.5	0	0	281.51	23.5	12
1955	0	0.01	0	0	24	22	40	31.5	27.5	41.5	3.5	23.5	213.51	17.8	12
1956	0	0	0.01	10	50	126.6	25	21.5	53	20	5.5	0	311.61	26	12
1957	0	0.5	15.5	30	20	30	18	29.5	34	2	0.01	4.6	184.11	15.3	12
1958	0.01	0.01	0	7	13	52	120	18	50	67	6	2	335.02	27.9	12
1959	0.01	0.01	1.5	9.5	20	64	61	32	64	32.5	3.3	1.5	289.32	24.1	12
1960	0.01	0	0	17.5	35	48	37.5	135	45.5	45.5	0.01	0.01	364.03	30.3	12
1961	0.01	1	15	6.5	4	37	29.5	37.5	55	11	54.5	2.5	253.51	21.1	12
1962	0	0	0.01	22.5	26.5	32.5	56	62	30	42	3.5	0	275.01	22.9	12
1963	3.5	20	5.5	2.2	8.8	55	63.5	27	56.5	0	48.5	0	290.5	24.2	12
1964	0.01	0	0.01	2	76.5	49.5	62	65.5	41.5	9.5	1.5	1.6	309.62	25.8	12
1965	0	6	1	1.5	29.5	63.3	24.5	46.6	56.5	23	19	3	273.9	22.8	12
1966	1	0	0	53.5	48.3	65	47.2	73.3	50	21.5	1.2	1.2	362.2	30.2	12
1967	2	0	1	12	16	58.5	13	17.5	51	10.7	40	16.5	238.2	19.9	12
1968	5	0	0	3	28.5	50.5	35	20	35.5	43.5	0.5	1	222.5	18.5	12
1969	7	0	0	41.5	9.2	24.5	55	31.5	25	38.7	4	0	236.4	19.7	12
1970	0	0	0	0	12.5	42.4	45	35.4	60.5	22	0	0	217.8	18.1	12
1971	0	0	1.5	0	27	49.5	55.4	92	65	60	6	0.01	356.41	29.7	12
1972	3.4	0	0	4.5	14.2	48	36.5	42	23.5	6.5	24.5	2.3	205.4	17.1	12
1973	0	0	0	1.5	36.9	76.1	52.8	52	32	34.3	27.7	0	313.3	26.1	12
1974	0.2	2.1	0.4	2.6	31.6	38	61.6	28.5	91.5	2	8	0	266.5	22.2	12
1975	0.7	0	0	0.1	43.2	52.6	58.8	22.4	68.1	10.5	4	0	260.4	21.7	12
1976	0	2.1	0	30.2	2.4	42.8	52.4	60	57.1	24.3	3.4	0	274.7	22.9	12
1977	0	0	0	23.9	8.5	77	15	41.1	29.6	30.1	8.4	3.8	237.4	19.8	12
1978	3.4	0	0	7.7	51	57	60	26	32.3	12	0.3	8.3	258	21.5	12
1979	0.5	0	0.3	38.5	32.5	13.6	25.8	57	70	32	2	5.5	277.7	23.1	12
1980	9	0	0	0.3	40.5	40	35.5	71.5	39	2	1	0	238.8	19.9	12
1981	0	0	0	21	35.5	60	31	30	43.9	14.5	0	0	235.9	19.7	12
1982	0	0	2.5	4.9	16	41.5	69.5	16	32	30.4	1.3	4.3	218.4	18.2	12
1983	0	17.4	45.5	0	39	38.5	26.5	74.9	35.8	20.2	0	2.4	300.2	25	12
1984	0	0	2	0	15.5	42.4	32.6	32.9	75.5	7	0	0	207.9	17.3	12
1985	0	0	5.3	25.5	80.8	57	92	19.2	73.2	15.5	20	0	388.5	32.4	12
1986	6	0	0	0	58	40	43.7	32	31.3	8	3.5	3.5	226	18.8	12
1987	0	0	11.8	9.4	7	69.4	34.3	41.7	62.6	3.2	2		241.4	21.9	11
1988	0	3.5	0	0	4.1	40.8	57	81.5	34.3	21	0	0	242.2	20.2	12
1989	0	0	0	1.2	45	50	45.4	63.3	74.5	5.8	1.5	0	286.7	23.9	12
1990	0	0	0	16.1	35.2	40.5	47	61.1	36.1	15	6	9.5	266.5	22.2	12
1991	0	0	0	0	27	73.5	38.1	39.5	22.3	48.2	1.2	1.5	251.3	20.9	12
1992	2	0	4.5	22	28	77.8	31.1	25.4	49.5	15.3	0	10.5	266.1	22.2	12
1993	0	0	0	0	5.5	58.3	55.5	38.1	69.4	30.1	0	0	256.9	21.4	12
1994	2.1	2.5	0	0	45.5	70	56.5	43.5	18	11.5	9	0	258.6	21.6	12
1995	0	0	0	64.9	58.6	65	19.7	100	19.2	39.7	0.1	6.3	373.5	31.1	12
1996	0	0	0	47.9	41.7	145	45.7	55.7	41	19.6	8.8	0.01	405.41	33.8	12
1997	0	0	0	36.6	49.3	64.5	33.3	21.5	84.5	55	46.2	3	393.9	32.8	12
1998	0	4	0.1	0	4.4	143.8	35.6	28.9	75.6	19.2	20.5	0.01	332.11	27.7	12
1999	0.1	0.01	0.01	25.4	42.5	54.2	46.5	87	62.6	3.4	1.4	9.7	332.82	27.7	12
2000	0.01	0.1	0.01	0.01	30.1	60.5	41	34.9	35.5	23.8	0	0.01	225.94	18.8	12
2001	0	4.2	0	0.4	75	19.5	40	37.6	84.4	19.8	0.2	5.2	286.3	23.9	12
2002	0	2.3	7.1	79.3	9.7	42.5	68.5	15.1	43.3	14.8	3.6	4.2	290.4	24.2	12
2003	0	0	0	0	42	64.5	48.4	20	46.3	61	10	0	292.2	24.4	12
2004	3.3	0	0.3	6.8	30	39	40.3	26	46.5	21	0.5	0.3	214	17.8	12
2005	0	0	0	2.9	32.5	61	69.5	40	27.1	48	0.3	0	281.3	23.4	12
2006	0	0.1	0	11.7	55.5	44.5	72.3	25.2	49.3	19.4	7.4	0.1	285.5	23.8	12
2007	1.4	0	0.7	23	26.8	51.8	93.7	47	22.5	57	1.5	0	325.4	27.1	12
2008	0	0	0	4.7	50	38.5	29	67	28	8.5	0.3	4.1	230.1	19.2	12
2009	0	0	0.7	4.8	33.1	68.5	48	30	38.5	38.5	4	6.3	272.4	22.7	12
2010	0.5	0.5	0	48	25.5	56.5	41	47.5	61.5	8.5	6.8	0	296.3	24.7	12
2011	0	0.5	2.4	4.8	5.7	49	44.4	70	32.5	25.6	4.12	0.2	239.22	19.9	12
2012	0.2	7.2	0	16.7	33.9	26.3	48.6	54.5	29.9	9.8	0	6.2	233.3	19.4	12
2013	2.3	0	0	0.5	60.6	53.6	72.4	32.5	91.6	26.5	5.3	5.2	350.5	29.2	12
2014	2.2	0.1	0.3	7	75.6	63.3	57.4	48	57	30	4.3	0	345.2	28.8	12
2015	0	0	0	29	45.5	29.5	40	40.1	37.5	86	2.7	0.8	311.1	25.9	12
2016	0	0	2	0	25.7	45	47.5	68.2	26.8	12.5	3	0	230.7	19.2	12
2017	3.3	0	0	24.5	44.5	117.5	37	55.3	61.5	82	0.5	0	426.1	35.5	12
2018	0.9	0	1	3	26.4	61.7	22.9	49	98.9	27.7	1	0.01	292.51	24.4	12
2019	0	0	0	0	32	33.4	16.3	38.5	58	63	1.7	3.3	246.2	20.5	12
2020	0.8	0	7.3	1.6	27.9	46	28.7	70.5	24.7	14.7	22.6	0	244.8	20.4	12
2021	7.4	0	0.4	0	74.5	44.8	76.5	31.2	21	12.1	0	2.8	270.7	22.6	12
MÍNIMA	0	0	0	0	2.4	13.6	13	15.1	18	0	0	0	136.03	11.3	11
MÁXIMA	9	20	45.5	79.3	80.8	145	120	135	98.9	86	54.5	23.5	426.1	35.5	12
MEDIA	0.9	1	1.9	12.2	32.8	52.6	45	43.9	46.8	25.9	7.2	2.3	272.6	22.7	12
DESV.ST	1.9	3.3	6	17	19.1	24.7	19.6	22.4	19.6	19.4	12.5	4.1	58	4.8	0.1

LLUVIA TOTAL MENSUAL
AÑO	ENE	FEB	MAR	ABR	MAY	JUN	JUL	AGO	SEP	OCT	NOV	DIC	ACUM	PROM	MESES
1949	0	0	1.5	0	69.6	144.5	91.5	66.9	167.7	101	0	0	642.7	53.6	12
1950	0	0	1	6	130	54	115	66	182	25	0	0	579	48.2	12
1951	0.01	0	0	0	77.04	148.04	246.01	112.04	279.11	32.87	69.5	0	964.62	80.4	12
1952	0	0	0.02	0	140	300.06	153.6	227.57	202.06	84.05	1.54	2	1110.9	92.6	12
1953	0	0.02	0	0	5.52	186.09	93.1	173.5	70.04	67.55	0.03	0.02	595.87	49.7	12
1954	0	0.01	0	11.04	168.71	227.77	222.52	166.54	164.38	184.56	0	0	1145.53	95.5	12
1955	0	0.01	0	0	42.63	90.57	451.03	211.56	135.59	119.57	6.52	24.52	1082	90.2	12
1956	0	0	0.01	12	202.53	229.68	89.1	83.03	232.02	40.02	5.52	0	893.91	74.5	12
1957	0	0.5	15.5	52.02	58.01	156.08	85.56	102.58	182.05	3.01	0.01	4.6	659.92	55	12
1958	0.02	0.01	0	11.03	13.03	243.52	367.57	110.02	261.55	118.53	7.06	3	1135.34	94.6	12
1959	0.01	0.01	1.51	15.04	29.04	330.12	168.24	95.21	178.91	198.07	3.39	1.51	1021.06	85.1	12
1960	0.01	0	0	17.51	37.51	270.54	138.14	407.79	224.04	184.57	0.02	0.01	1280.14	106.7	12
1961	0.01	1	15.01	8.01	17.52	207.02	212.09	162.56	182.05	22.02	71.01	2.5	900.8	75.1	12
1962	0	0	0.01	30.03	34.01	247.53	137.06	199.56	250.71	74.06	3.51	0	976.48	81.4	12
1963	3.51	20	6.5	2.21	16.41	224.76	293.65	61.65	255.66	0	72.01	0	956.36	79.7	12
1964	0.01	0	0.01	2	141.12	279.22	178.37	153.54	183.04	20.62	1.52	1.62	961.07	80.1	12
1965	0	7.5	1	1.51	98.82	369.74	130.36	176.98	115.83	129.93	19	5.6	1056.27	88	12
1966	1	0	0	121.51	68.63	301.23	244.95	195.1	249.05	58.42	1.21	1.2	1242.3	103.5	12
1967	2	0	1	12.01	16.01	325.34	39.91	136.12	167.37	40.31	40	16.51	796.58	66.4	12
1968	5	0	0	3	66.54	256.72	101.53	75.25	156.04	91.73	0.51	1.01	757.33	63.1	12
1969	7	0	0	42.2	12.7	79.2	302.1	279.5	141.8	59.2	5	0	928.7	77.4	12
1970	0	0	0	0	13.5	218.8	241.5	189	284.5	32.5	0	0	979.8	81.7	12
1971	0	0	2.3	0	34.51	257.63	194.14	232.94	324.03	121.55	16.52	0.01	1183.63	98.6	12
1972	3.4	0	0	5.7	28.2	199.4	237.3	83.9	61.2	10	45.4	5.9	680.4	56.7	12
1973	0	0	0	1.5	64.9	257.5	208.4	311.1	166.4	97.81	31.2	0	1138.81	94.9	12
1974	0.2	3.4	1	2.6	86.1	215.8	177.6	71.9	241.8	2.11	9.3	0	811.81	67.7	12
1975	0.7	0	0	0.1	62.2	249.7	168.4	133.7	249.4	34.4	6.2	0	904.8	75.4	12
1976	0	2.1	0	31.6	4	152.6	222.5	184.11	185.8	51.3	13.1	0	847.11	70.6	12
1977	0	0	0	47.2	38.9	185.6	65.7	176.91	118.4	48.3	9.7	3.8	694.51	57.9	12
1978	3.4	0	0	7.7	83.4	301	253	146.9	136.2	36.11	0.3	8.3	976.31	81.4	12
1979	0.5	0	0.3	60	61	55.7	107.31	269.4	318.8	62.5	2	5.5	943.01	78.6	12
1980	9	0	0	0.3	127	112.4	227.5	170.9	164.5	3.8	1	0	816.4	68	12
1981	0	0	0	21	162	322.3	168.7	179	210.7	51.7	0	0	1115.4	93	12
1982	0	0	2.5	6.7	64.9	161.6	173.6	52.9	177.9	87.4	1.3	4.3	733.1	61.1	12
1983	0	31.3	45.5	0	61.5	226	157	227.2	176.71	37.7	0	2.4	965.31	80.4	12
1984	0	0	2	0	46.4	68.7	118.2	112.6	311.7	15	0	0	674.6	56.2	12
1985	0	0	5.3	25.5	91.4	314.6	201.1	68.4	132.3	42.8	24.6	0	906	75.5	12
1986	6	0	0	0	108	56.1	159.1	115.9	147.7	31.81	3.5	3.5	631.61	52.6	12
1987	0	0	11.8	11.9	13.7	254.3	115.6	101.9	188.9	3.2	2		703.3	63.9	11
1988	0	3.5	0	0	5.6	304.1	192.2	429.7	176.5	63.9	0	0	1175.5	98	12
1989	0	0	0	1.2	107.8	167.1	130.4	221.6	334.3	24	1.5	0	987.9	82.3	12
1990	0	0	0	22.4	132.3	251.5	214.6	148.4	124.8	15	7	17.8	933.8	77.8	12
1991	0	0	0	0	64.4	181.4	81.3	147.2	105	121.8	1.2	1.5	703.8	58.6	12
1992	2	0	4.5	32.5	58.1	309.4	137.61	59.1	154.4	29.1	0	11.5	798.21	66.5	12
1993	0	0	0	0	9.5	289	165.5	180.5	206.7	37.7	0	0	888.9	74.1	12
1994	2.1	2.5	0	0	107.4	152.6	131.31	211.6	42.9	33.9	13	0	697.31	58.1	12
1995	0	0	0	75	152.1	203.7	113.61	377.4	139.7	83.71	0.1	10.5	1155.82	96.3	12
1996	0	0	0	106.6	112.6	534.2	251	171.71	220.6	22.8	9.8	0.01	1429.32	119.1	12
1997	0	0	0	64.1	120	240.8	138	53.8	313.91	91.3	58.21	4.11	1084.23	90.4	12
1998	0	4.12	0.11	0	4.4	213.9	195.41	130.82	388.9	84.29	71.2	0.15	1093.3	91.1	12
1999	1.22	0.13	0.05	25.5	142.6	276.41	172.62	340.71	298.31	13.8	2.15	9.91	1283.41	107	12
2000	0.02	0.3	0.01	0.01	180.22	248.92	106.91	156.03	200.1	74.73	0	0.15	967.4	80.6	12
2001	0	6.9	0	0.4	207.2	96.3	202.01	185.01	248.92	44	0.2	8.1	999.04	83.3	12
2002	0	2.3	7.1	79.3	16.11	264.81	162.6	52.12	259.11	38.14	7.2	4.2	892.99	74.4	12
2003	0	0	0	0	128.51	280.8	145.5	123.82	227.11	164.52	25.1	0	1095.36	91.3	12
2004	3.3	0	0.3	13.8	129.2	163.01	157.01	63.11	217.51	64.02	0.5	0.3	812.06	67.7	12
2005	0	0	0	2.9	132	248.51	274.31	247.81	59.81	147.4	0.5	0	1113.24	92.8	12
2006	0	0.2	0	11.7	166.4	207.1	257.2	93.7	218.5	69	9.8	0.1	1033.7	86.1	12
2007	1.4	0	0.7	36.5	35.3	264.1	243.8	318.2	118.7	215.3	1.5	0	1235.5	103	12
2008	0	0	0	8.2	117.2	239.8	267	211.7	123.7	28.2	0.3	4.1	1000.2	83.3	12
2009	0	0	0.7	4.8	62.4	254.4	116.8	132.2	104.6	172.8	10.8	8.9	868.4	72.4	12
2010	0.6	0.7	0	50.7	63.4	240.5	272.8	400.4	246.7	8.5	7.2	0	1291.5	107.6	12
2011	0	1.5	2.4	5.8	10.7	222.8	284.91	316.8	237.1	50.3	4.12	0.2	1136.63	94.7	12
2012	0.2	7.2	0	19.9	72.3	161	240.5	351.5	111.2	14.4	0	10.2	988.4	82.4	12
2013	2.3	0	0	0.5	119.2	265.3	156.3	155.4	392.4	91.6	10.1	6.2	1199.3	99.9	12
2014	2.4	0.1	0.3	7.3	116.7	337.1	197.9	142.1	392.4	57.53	4.7	0	1258.53	104.9	12
2015	0	0	0	40.4	187.2	114.3	119.5	144	147.6	150.6	5.5	0.9	910	75.8	12
2016	0	0	3.4	0	98.5	141.3	138.4	186.7	183.9	24.3	3.6	0	780.1	65	12
2017	3.5	0	0	28.9	145.3	318.2	222.9	177.4	343.6	101.3	0.6	0	1341.7	111.8	12
2018	0.9	0	1	4.8	40.8	283.4	25.01	146.81	355.3	106.6	1	0.01	965.63	80.5	12
2019	0	0	0	0	130	119.6	65.9	135.4	185.2	213	1.71	3.3	854.11	71.2	12
2020	0.8	0	7.3	1.6	62.7	246.9	112.3	193.9	109.7	41.6	30.6	0	807.4	67.3	12
2021	7.4	0	0.4	0	120.7	264.7	116.4	124.3	138.1	34	0	2.8	808.8	67.4	12
MÍNIMA	0	0	0	0	4	54	25.01	52.12	42.9	0	0	0	579	48.2	11
MÁXIMA	9	31.3	45.5	121.51	207.2	534.2	451.03	429.7	392.4	215.3	72.01	24.52	1429.32	119.1	12
MEDIA	1	1.3	1.9	16.6	81.6	224.5	176.3	172.9	201.4	67.9	10.4	2.8	958.7	80	12
DESV.ST	1.9	4.5	6.1	25.3	54.5	83.4	75.2	90.2	80.7	54.5	18.4	4.7	195.9	16.2	0.1

EVAPORACIÓN MENSUAL
AÑO	ENE	FEB	MAR	ABR	MAY	JUN	JUL	AGO	SEP	OCT	NOV	DIC	ACUM	PROM	MESES
1951	150.4	166.8	245.8	263.3	252.7	206.7	191.45	241.2	171.48	172.1	146.6	153.7	2362.23	196.9	12
1952	147.19	180.7	264.9	259.9	247.96	130.9	156.4	127.4	117.4	101.6	132.7	141.3	2008.35	167.4	12
1953	167.6	146.6	228.21	273.3	274	230.1	143.2	150.53	128.4	144.7	149.5	160.4	2196.54	183	12
1954	172.4	173.5	227.15	236	248.6	163.4	136.6	145.9	110.8	94.8	118.6	119	1946.75	162.2	12
1955	141	143.3	230.2	249.6	272.7	183.17	119.2	124.1	91.7	102.6	140.4	108.4	1906.37	158.9	12
1956	118.5	107.6	163.9	226.7	175.5	124.8	127.4	171.1	132.65	130.32	132	137.1	1747.57	145.6	12
1957	143.7	171.7	225.2	217.8	237.6	153	151.2	174.8	134.3	171.1	139.29	145	2064.69	172.1	12
1958	141.2	163.4	237.3	249.5	262.6	173.94	137.5	146.6	117.1	147.3	123.76	135	2035.2	169.6	12
1959	139.8	178.4	222.6	212.5	218.6	136.4	137.2	150.3	132.1	100	100.5	100	1828.4	152.4	12
1960	123.7	150.6	208.7	210.9	228.9	138.2	134.4	122.5	109.5	102.9	106.8	105.1	1742.2	145.2	12
1961	116.2	133	192.4	206.6	220.4	147.2	130.3	104.83	114.13	118.3	90.4	102.1	1675.86	139.7	12
1962	113.1	153.3	204.2	181.4	214.9	121.6	149.9	142	107	99.9	103.1	103.3	1693.7	141.1	12
1963	122.7	143	199.7	211.9	212.7	138	121.6	132.9	99.6	135.8	96.6	102.6	1717.1	143.1	12
1964	125	155.7	216.6	223.2	221.9	127.8	123.4	139	110.9	119	110.6	103.4	1776.5	148	12
1965	125.9	145.6	201	215.5	200.5	119.1	124	129.6	124.5	90.2	99.4	92.7	1668	139	12
1966	112.4	154.3	184.1	175.3	180.9	156.7	122.7	117.8	95	85.1	105.4	94	1583.7	132	12
1967	113.3	137.2	206.4	211.5	223.3	126.2	160.3	150.7	108.3	114.3	103.2	108.3	1763	146.9	12
1968	117	145.6	191.9	222.9	192.7	152	144.48	154.6	124.1	114.9	114.5	113.7	1788.38	149	12
1969	129.3	160.6	200.4	214.1	235.5	191.8	142.5	97.2	102.5	110.2	104.3	103.5	1791.9	149.3	12
1970	123	138.5	212.3	231.5	224.1	158.5	116.3	114.5	97.6	102.3	101.6	105	1725.2	143.8	12
1971	129.27	151.55	195.52	217.64	208.01	153.41	157.98	139.96	102.96	113.47	96.59	111.09	1777.45	148.1	12
1972	134.5	162.1	145.9	218.4	220.2	122.2	158.7	142.6	135.4	142.1	109.3	110	1801.4	150.1	12
1973	123.6	128.9	220.9	208.3	202.1	131.31	133.12	106.72	99.3	99.8	104.9	92.4	1651.35	137.6	12
1974	128.5	126.1	186.5	206.2	202.7	123.4	132.2	145.3	92.6	102.9	100.1	98.7	1645.2	137.1	12
1975	115.5	145.4	194.9	222.8	202.4	142.7	118.6	125.1	99.4	102.3	101.5	106.5	1677.1	139.8	12
1976	118.9	134.7	219.5	129.9	216.9	155.7	168.7	173.3	143.1	127.9	107.6	104.4	1800.6	150.1	12
1977	133	143.8	223.1	195.7	215.6	166.9	181	151.2	133.5	131.1	121.6	118.4	1914.9	159.6	12
1978	130.9	138.5	197.5	229.2	229	156.3	141	153.6	123.8	120.9	123.7	123.1	1867.5	155.6	12
1979	133.2	142.8	206.2	204.53	203.2	149.6	165.4	136.9	85.6	119.8	112.6	104.8	1764.63	147.1	12
1980	128.3	155	206	179.9	192.6	164	161.19	137.98	110.08	128.82	123.8	119.9	1807.57	150.6	12
1981	124.6	148.1	190.7	230.1	153.7	92.5	140	126.6	119.8	119.7	124.1	122.6	1692.5	141	12
1982	146.1	147.8	169.63	190.3	171.3	146.3	165.8	167.4	111.22	122.4	106.5	100.42	1745.17	145.4	12
1983	122.8	106.2	181.5	200.5	200.74	158.4	151.2	137.2	110	112.8	115.67	116.4	1713.41	142.8	12
1984	124.82	149.49	183.59	216.86	88.21	63.82	138.73	132.23	100.61	122.69	113.68	119.53	1554.26	129.5	12
1985	134.08	137.14	198.68	210.07	188.11	106.74	143.09	123.73	121.26	129.79	112.1	120.73	1725.52	143.8	12
1986	122.96	137.68	196.18	222.6	191.3	167.28	161.54	155.46	140.3	120.23			1615.53	161.6	10
1988	123.31	165.18	203.01	237.05	237.85	144.8	153.32	104.95	113.23	124.7	113.23	121.75	1842.38	153.5	12
1989	129.82	159.21	192.98	195.38	198.28	135.35	166.99	136.61	109.94	107.94	119.71	111.55	1763.76	147	12
1990	138.77	139.2	195.09	199.19	207.21	149.44	162.08	151.06	137.1	144.38	127.78	112.49	1863.79	155.3	12
1991	136.2	140.12	217.68	220.66	175.07	169.29	159.22	167.51	133.66	131.96	116.55	113.26	1881.18	156.8	12
1992	116.62	141.45	222.59	216.95	193.77	157.44	159.79	156.54	133.97	131.88	114.75	120.65	1866.4	155.5	12
1993	144.35	162.06	201.55	224.57	209.04	158.24	155.68	142.81	117.08	122.9	125.97	128.84	1893.09	157.8	12
1994	133.96	156.16	205.9	216.71	195.39	162.41	177.31	143.79	143.09	136.53	141.81	133.32	1946.38	162.2	12
1995	133	147.68	204.79	195.45	172.67	132.43	124.98	99.26	99.09	79.54	107.71	90.1	1586.7	132.2	12
1996	113.96	146.01	190.78	185.34	158.96	104.9	124.67	121.66	119.13	114.77	103.64	98.51	1582.33	131.9	12
1997	120.48	141.54	182.91	175.99	153.97	124.31	136.09	146.24	119.12	89.59	80.57	85.11	1555.92	129.7	12
1998	114.99	144.58	204.25	211.91	211.67	174.21	130.62	125.76	95.58	89.63	81.56	90.37	1675.13	139.6	12
1999	117.04	141.2	211.47	221.14	177.69	119.44	110.78	136.42	67.71	84.22	90.1	94.39	1571.6	131	12
2000	49.36	79.11	212.73	199.36	133.72	105.7	143.24	115.62	95.92	110.28	119.95	59.2	1424.19	118.7	12
2001	122.76	134.5	194.37	214.32	199.68	147.09	125.21	121.42	102.08	113.59	107.56	91.91	1674.49	139.5	12
2002	123.8	133.43	187.51	202.49	215.64	115.66	144.93	148.5	87.35	113.81	98.95	105.2	1677.27	139.8	12
2003	118.2	158.5	212.34	205.78	185.61	108.4	150.5	135.28	109.68	98.18	108.2	104.47	1695.14	141.3	12
2004	123.06	154.63	188.99	208.65	171.44	130.51	143.48	153.55	117.17	118.46	124.14	123.31	1757.39	146.4	12
2005	136.28	149.66	203.31	210.45	176.81	129.91	107.16	113.73	118.18	97.18	117.38	109.62	1669.67	139.1	12
2006	128.8	147.09	198.11	221.23	166.35	124.55	118.18	132.67	105.93	102.17	103.88	109.03	1657.99	138.2	12
2007	123.19	159.09	211.6	216.17	208.52	145.99	135.81	113.4	114.01	98.72	103.37	110.05	1739.92	145	12
2008	123.42	155.02	193.41	206.41	196.83	103.04	106.96	112.8	83.41	96.23	98.46	70.94	1546.93	128.9	12
2009	83.67	101.38	146.55	150.84	180.75	131.49	161.83	162.77	137.25	126.55	91.39	100.62	1575.09	131.3	12
2010	117.16	139.11	197.55	207.77	211.61	147.68	132.63	109.72	102.2	139.53	101.32	102.05	1708.33	142.4	12
2017	120.83	155.98	196.53	195.32	160.71	102.56	128.07	119.33	97.62	102.43	101.97	88.82	1570.17	130.8	12
2018	100.11	141.99	203.73	190.62	194.11	111.17	160.11	142.44	115.61	99	86.07	81.47	1626.43	135.5	12
2019	99.67	139.11	187.17	210.75	180.76	138.3	139.9	141.7	124.35	87.7	85.26	88.54	1623.21	135.3	12
2020	105.98	140.94	200.77	216.71	167.87	120.94	146.03	134.57	116.25	102.84	104.69	96.05	1653.64	137.8	12
2021	110.92	144.29	195.79	213.07	168.02	116.48	146.31	131.35	110.7	128.8	104.72	108.01	1678.46	139.9	12
MÍNIMA	49.36	79.11	145.9	129.9	88.21	63.82	106.96	97.2	67.71	79.54	80.57	59.2	1424.19	118.7	10
MÁXIMA	172.4	180.7	264.9	273.3	274	230.1	191.45	241.2	171.48	172.1	149.5	160.4	2362.23	196.9	12
MEDIA	125.1	145.7	202.2	211.7	200.7	140.5	142.8	137.7	113.8	115.1	110.7	108.8	1751.3	146.4	12
DESV.ST	17.2	17	19.8	23.1	32.4	27.5	18.3	22.6	17.5	19.4	15.2	18	159.7	13.4	0.2

TEMPERATURA MÁXIMA PROMEDIO
AÑO	ENE	FEB	MAR	ABR	MAY	JUN	JUL	AGO	SEP	OCT	NOV	DIC	ACUM	PROM	MESES
1949			38.6	37	37.8	34.7	35.2	35.9	36.1	34.1	28.9	31.9		35	10
1950	33.1	32.6	36.7	36.9	38	35.7	35.9	35.3	32.5	30	30.2	29.9		33.9	12
1951	31.6	30.6	35	37.5	37.2	35.8	33.5	37.1	33.5	31.7	31.3	33.2		34	12
1952	34.1	33.3	38.5	37.6	37.3	30.9	32.8	32.5	31.9	30.2	32.7	31.9		33.6	12
1953	33.3	34.7	37.5	39.3	38.5	35.8	33.2	34	32.5	32.4	33.1	34.4		34.9	12
1954	34.4	33.1	36	37.8	36.8	35.2	33.1	33.5	31.6	30.7	30.3	30.7		33.6	12
1955	32.1	33.3	37.2	38.7	39.6	37.8	31.9	33	30.3	29.5	31.5	29.9		33.7	12
1956	30.2	34.6	34.6	36.8	33.9	31	32.1	33.5	30.2	29.9	30	30.2		32.2	12
1957	30.9	33.8	35.6	36.7	38.3	33.6	32	32.9	30.9	31.4	31.3	29.1		33	12
1958	28.2	32.9	36.7	36.5	36.1	32.9	30.9	31.8	30.4	29.9	30.7	28.3		32.1	12
1959	28.7	33.5	32.7	32.3	34.5	31.5	30.8	30.5	29.2	28.9	26.6	27.2		30.5	12
1960	28.9	30.3	31.5	33.5	34.6	31.6	30.2	29.5	28.3	28.8	28	27.1		30.2	12
1961	26.7	30.2	33.3	34.2	34.2	31.4	30	30.2	29.3	28	27.3	29.4		30.4	12
1962	27.5	32.9	33.1	32.1	33.8	31.1	31.4	31.1	29.1	28.5	27.8	27.9		30.5	12
1963	28.6	28.9	32.1	34.2	33.3	32.4	30.3	30.2	28.2	28.1	27.5	25.8		30	12
1964	27.2	31.1	34.2	35.2	34.2	30.1	29.7	30.8	29.4	26.8	29	28		30.5	12
1965	28.8	30.3	32	34	34.1	30.2	30.2	30.1	30.4	27	28.7	28.2		30.3	12
1966	26.9	29.4	30.5	33.7	33.5	32	30.6	30	29.1	27.9	26.9	26.9		29.8	12
1967	27.5	28.8	32.1	33.5	34.3	30.6	31.9	31.8	29	27	27.4	28.5		30.2	12
1968	27.7	26.8	29.2	33.3	32.8	30.3	30.2	31	30.2	28.6	28.7	27.7		29.7	12
1969	28.5	30.8	29.5	33.7	33.3	33.3	30.5	28.9	28.3	28.3	26.7	27		29.9	12
1970	27.3	26.5	32.1	34.6	31.3	30.8	29.5	30	28	27.9	25.9	27.6		29.3	12
1971	28.4	29.8	28.5	29	31.8	29.4	28.6	29	28.8	28.6	27.3	27.7		28.9	12
1972	28.6	28	31.4	34.3	33.9	29.9	30.7	29.7	31.1	31.2	30.5	28.1		30.6	12
1973	27.4	27.9	34.7	34.3	35.6	32.8	32.3	30	30.6	29.5	30	28.7		31.1	12
1974	31.3	29.6	34.5	35.4	35.8	31.6	32.5	33.3	29.5	27.8	30	30.6		31.8	12
1975	29.8	32.5	35.2	36.9	35.7	32.2	32.1	32.4	29.8	29.5	29.3	29.3		32.1	12
1976	27.2	29.1	35.5	35.4	35.7	30.9	32	31.3	31.4	30.1	27.7	27.1		31.1	12
1977	29.3	30.3	34.3	33	35.4	32.5	32.7	32.4	32.1	31.2	31.2	32.5		32.2	12
1978	30.4	31.4	33.6	36.2	36.6	32.4	31.9	32.1	30.9	30.3	31.9	31.2		32.4	12
1979	29.5	30.3	34.6	35.4	35	32.2	33.3	32.1	29	29.2	28.5	29		31.5	12
1980	31.6	32.2	35.6	32.9	36.3	33.5	32.6	31.9	30.2	30.7	29.3	28.2		32.1	12
1981	29.8	28.9	32.4	35.9	35.3	31.4	31.2	31.8	31.3	30.2	30.4	31		31.6	12
1982	32.5	31.9	33.3	36.4	35.5	32.3	31.7	32.5	30.6	29.4	31.7	28.9		32.2	12
1983	29.5	31.1	33.1	37	37.6	34	31.8	32.5	30.6	30.6	31.7	31.2		32.6	12
1984	30.3	31.4	31.6	36.5	34.8	32	30.5	31	28.8	31.5	31.5	33.1		31.9	12
1985	32.1	33.3	34.7	35.8	36.4	31.5	31.5	31.2	30.8	31.6	31.7	29.9		32.5	12
1986	28.7	32.6	31.6	35.1	34.4	32.3	30.7	31.1	30.6	31.4	31.7	32.1		31.9	12
1987	30.6	32.5	32.3	31.6	35.4	32.5	31.2	32.3	31.6	28.7	31.1			31.8	11
1988	29.1	33.1	33.7	35.4	36.2	32.8	32	30.4	29.9	29.6	32.7	31.8		32.2	12
1989	32.6	31.7	32.3	34.6	34.5	32	32.6	31.9	28.4	29.1	30.9	30.6		31.8	12
1990	31.6	31.1	31.3	35.7	36	32.7	31.3	32	31	31.8	29.9	31.3		32.1	12
1991	34.2	32.3	36.5	37.4	35.2	34.8	33	32.9	31	30.5	28.5	29.5		33	12
1992	29.8	29.9	33.5	34.3	33.7	31.7	32	31.7	30.6	30.3	31.2	32.2		31.7	12
1993	31.3	32.9	32.7	35.1	35.9	33.4	31.7	31.2	30	30.2	31.4	30.8		32.2	12
1994	30.9	31.7	33.3	35.9	35.3	33.3	32.9	31.5	31.5	33	33.6	32.3		32.9	12
1995	31.3	32.6	33.8	34.8	35.9	33	32.1	30.8	30.3	29.6	32	30.7		32.2	12
1996	29.5	32.6	33	34.2	35	31.7	31.4	30.7	31.8	31.3	30	31.3		31.9	12
1997	31.6	31.6	34.6	33.5	34	32.5	32.1	33.3	31.5	29.6	30.2	29.3		32	12
1998	30.9	33.8	34.1	35.9	37.6	36.5	32	31.9	29.7	29.5	30.2	29.8		32.7	12
1999	30.4	32.5	33.9	36.4	35.5	31.4	30.2	30.5	29.6	29	28.9	29.2		31.5	12
2000	31	34.1	36.8	36.4	34.4	32.4	32.9	31.8	32.1	31	33.1	31.8		33.1	12
2001	31.4	32.8	34.5	37.2	36.2	34.5	34.7	34.6	32.6	31.7	32.2	31.5		33.7	12
2002	32.7	30.3	35.7	37.5	37.2	33.5	34.2	34.7	32.2	34.1	31.4	32		33.8	12
2003	30.1	35.2	36.6	37.3	36.3	34	33.8	33.9	33.5	32.2	31.6	29.5		33.7	12
2004	30.9	32.5	33.7	36.1	34.2	34	34.1	34.6	33	33.9	33.2	31		33.4	12
2005	31.5	32.6	36.4	35.8	36.1	34.5	33.2	32.9	32.6	30.1	30.8	31.8		33.2	12
2006	31.7	33.1	34.9	36.3	35.1	32.1	33	33.7	32.9	32.3	31.1	31.4		33.1	12
2007	30.7	33.3	35	37.1	35.9	34.9	34.7	32.3	32.1	29.5	30.6	32.4		33.2	12
2008	31.8	34	33.6	36.5	37	31.4	32.1	32.7	31	29.5	31.2	31.2		32.7	12
2009	31.3	32.2	32.8	35.8	36	33.7	34.6	33.6	33.9	33.6	29.8	31.3		33.2	12
2010	29.5	31.2	33.1	36.4	37.3	34	32.5	31.3	30.8	31.5	30.9	29.5		32.3	12
2011	31.7	32.3	34	36.7	37.7	34	32.5	32.5	30.4	28.7	31.1	30.2		32.6	12
2012	31.8	32.1	34.1	35.4	35.1	32.4	32.3	31.4	32.1	32	30.8	32.2		32.6	12
2013	30.1	33.9	32.6	37.1	35.2	33	32.4	33	30.5	32.1	29.7	29.7		32.4	12
2014	28.4	33	35	35.9	33.3	31.7	33.4	33.9	31	30	30.1	30		32.1	12
2015	29.4	30.5	32.7	36.7	36	33.2	34.2	34.7	32.8	32.6	32.8	33		33.2	12
2016	29.8	29.8	35.5	36.9	37.3	33.1	34.3	33.4	32.4	31.9	30.7	32.9		33.2	12
2017												33		33	1
2018	27.7	34.2	35.2	35.6	35.8	32.7	35.2	33.4	32.6	32.1	32.6	31.5		33.2	12
2019	31.2	35.1	34	36.6	37.3	33.9	34.7	34.6	33.3	33.1	33.2	33		34.2	12
2020	33.6	34.2	36.6	39.1	37.4	32.5	34.3	32.5	32.2	30.6	30.8	30.6		33.7	12
2021	32	33.3	33.8	38	35.1	33.6	33.9	33.3	32.5	35.2	32.7	35.3		34.1	12
2022	32.8	32.8	35.5	38.9	36.6	32.2	34.4	33.9	31.4	32.2	32.5	31		33.7	12
2023	33.8	34.7	36.9	37.9	37.8	37.6	34.4	34	33.5	32.6	30.9	31		34.6	12
MÍNIMA	26.7	26.5	28.5	29	31.3	29.4	28.6	28.9	28	26.8	25.9	25.8		28.9	1
MÁXIMA	34.4	35.2	38.6	39.3	39.6	37.8	35.9	37.1	36.1	35.2	33.6	35.3		35	12
MEDIA	30.4	31.8	34	35.7	35.6	32.8	32.3	32.2	31	30.4	30.4	30.3		32.3	11.8
DESV.ST	1.9	1.9	2	1.8	1.6	1.7	1.5	1.6	1.6	1.8	1.8	2		1.4	1.3

TEMPERATURA MÁXIMA EXTREMA
AÑO	ENE	FEB	MAR	ABR	MAY	JUN	JUL	AGO	SEP	OCT	NOV	DIC	ACUM	PROM	MESES
1949			41	42.5	41	39.5	40	39.5	40.5	38	34	35		39.1	10
1950	36.5	36.5	39.5	41	41.5	38.5	37.5	37.5	36.5	34.5	34.5	34.5		37.4	12
1951	38.5	37.5	38.5	40	40	40	39.5	40	38.5	35.5	36.5	36		38.4	12
1952	36.5	38.5	40.5	41	41.5	39	37.5	36.5	35	34.5	35.5	34		37.5	12
1953	35.5	37.5	39.5	41.5	40.5	40.5	37	36	35	38.5	36.5	36.5		37.9	12
1954	36	36.5	40	40	39.5	38	34.5	35	33	34	32.5	33.5		36	12
1955	34.5	37	40	41	42.5	39.5	38.5	36.5	34.5	32.5	34.5	33.5		37	12
1956	35	38	39	39	39	34.5	35	37	40	33	34	33		36.4	12
1957	34	37	39	38.5	40.5	38	34.5	36	34	35	35	33		36.2	12
1958	34	37	38.5	40	41	36	35	35.5	33.5	31.5	33	31		35.5	12
1959	34	35.5	39	38	38	35	33	32	34	32	32	33		34.6	12
1960	34.5	36.5	38	39	39.5	37	33	32	31.5	32	31	32		34.7	12
1961	32	35	39	38	37	35	33.5	34	32	33	32	33.5		34.5	12
1962	34	36.5	37.5	37.5	38.5	37	35	35	30.5	31	31.5	31		34.6	12
1963	33.5	33.5	36.5	38.5	38	35.5	38.5	33	32.5	31.5	32.5	31.5		34.6	12
1964	33.5	36.5	38.5	39	39.5	33.5	33.5	33.5	31.5	31.5	33	31.5		34.6	12
1965	34	35.5	38	37.5	37	36	32.5	33	33	32	31.5	33		34.4	12
1966	34.5	36.5	38	37.5	37.5	36.5	34	33	32.5	32	32.5	32.5		34.8	12
1967	33	34	37	37.5	38	37.5	38	39.5	32.5	31.5	32.5	32.5		35.3	12
1968	31.5	33.5	36.5	37.5	36.5	33.5	33.5	36.5	34.5	32.5	34	33		34.4	12
1969	33.5	36.5	36.5	39.5	40	38	33	34	31.5	31.5	32.5	33		35	12
1970	34	36	39	38.5	39	36	33	33	31.5	32	30	31		34.4	12
1971	33	34.5	35.5	37.5	36	33	32.5	32.5	31.5	31.5	31	32		33.4	12
1972	33.5	33.5	35	37.5	37.5	37	34	32.5	33.5	35.5	33	33		34.6	12
1973	32.5	35	40	40	40.5	38	36	32.5	33	33	33.5	33.5		35.6	12
1974	34.5	36	39	38.5	40	37.5	35.5	36.5	35.5	31.5	33.5	35		36.1	12
1975	34.5	36.5	38	40	39	35	37.5	34.5	34	34	32.5	33		35.7	12
1976	34.5	34.5	38	40	39.5	36.5	35	34	33.5	35	34.5	33		35.7	12
1977	35	36.5	38.5	38.5	40	35.5	36	36	34.5	35.5	35.5	37		36.5	12
1978	38	37	38.5	38.5	39.5	38	34	34	35.5	37	35	35.5		36.7	12
1979	36.5	38	38.5	39	38	36.5	36	35.5	33	32	35	34		36	12
1980	34.5	37	39	39	39.5	36.5	35	34	35	36	34	33		36	12
1981	34	36	39	39	40	35	33	34.6	33	33	34	36		35.5	12
1982	35	37	38	39	39	36	35	35	34	33	34.5	34		35.8	12
1983	34	35	37	40	41	38	34	35	33	36	37.5	35		36.3	12
1984	34	37	39	39	39	34	33.5	33	32	35	34.5	37.5		35.6	12
1985	36	38	37	38.5	39.5	37	34.5	33	33	33.5	35	36		35.9	12
1986	34	36	36.5	39	39	35.5	33	34	33.5	35	35	36		35.5	12
1987	34	38	40	38	38	36.5	33	35	34	33.5	36			36	11
1988	34	37	36.5	39	40	38.5	35.5	33.5	34	34.5	35	36		36.1	12
1989	35.5	36	38	38	39	35.5	36	34.5	33	34	35	37.5		36	12
1990	37	38	40	38.5	40	35	34	35	33.5	38	35	36.5		36.7	12
1991	36.5	39.5	40	41	39	39	38	35	33.5	34	34	33		36.9	12
1992	35	35.5	37	39	37	36	36	33.5	33	33.5	36	35		35.5	12
1993	36	37	38	38.5	39	40	35	34	33	35	35	34		36.2	12
1994	34	39	38	40	38	36	35	34	36	37	38	36		36.8	12
1995	36	39	39.5	39.5	39	37	34.5	34	33.5	34.5	35	36		36.5	12
1996	37	38	39	40	38	35	35	34	35	37	35.5	35		36.5	12
1997	36	37	38	37	38	35.5	35	35.5	34.5	36	35	36		36.1	12
1998	35	40.5	40	41	41.5	40	36	35.5	34	33.5	33.5	34		37	12
1999	35	35.5	37	40	39.5	37.5	33	34	32.5	34.5	33	33		35.4	12
2000	33	35.5	40	40	38	35	34	34.5	34	35	37	36		36	12
2001	37	38	40	40	40	37.5	37	39	36	36	36.5	37		37.8	12
2002	38	37	40	40	40.5	37.5	36.5	37	35	37.5	36.5	37.5		37.8	12
2003	37	39	41	41.5	41.5	36.5	37	37	35.5	36	38	35.5		38	12
2004	36	37.5	39	41	39	36.5	37	37	35	37	38	36.5		37.5	12
2005	35.5	37	39.5	41	39.5	39.5	36.5	36	36	34.5	35.5	36.5		37.2	12
2006	37	37.5	39.5	40	40	35	36.5	36	35.5	37	36	37		37.2	12
2007	36.5	39.5	39.5	40.5	40	39	37	36	34	35	35.5	35		37.3	12
2008	36.5	38	39.5	40.5	41	36	35	35	34	34	35.5	35		36.7	12
2009	36	37	37.5	40	39.5	39	38	36	37.5	37	35.5	36.5		37.5	12
2010	38.5	37	39.5	41	41	41	36	34	34	36	35.5	37		37.5	12
2011	37.5	38	38.5	39.5	40.5	38	35	35.5	33.5	33.5	35.5	35		36.7	12
2012	36	39	38	39.5	39.5	37.5	35.5	34	35	34.5	34.5	36		36.6	12
2013	38	38	40	40.5	40.5	36	35.5	36.5	34	35.5	36	36		37.2	12
2014	36	37	39	39.5	38	36	36	38.5	35	36	35	34.5		36.7	12
2015	36	37.5	37.5	40.5	39.5	37.5	37	38.5	35.5	37.5	37.5	38		37.7	12
2016	37.5	38	41	41.5	41.5	38.5	37	36.5	34.5	35	37	38		38	12
2017												33		33	1
2018	35.5	37.5	39.5	39	39	38	38	37	35.5	34.5	35.5	35		37	12
2019	37	39.5	39	40	41	37.5	37	37.5	36.5	35.5	38.5	36.5		38	12
2020	37	38.5	39.5	41.5	39.5	38.5	36.5	34.5	33.5	34	36.5	36		37.1	12
2021	37	37.5	38.5	41	39.5	36.5	35.5	35.5	34	37	36.5	37		37.1	12
2022	37.5	38	38.5	41	40	35	36	36.5	33.5	35	35	34.5		36.7	12
2023	36.5	38.5	39.5	40	41.5	41	37	37	36	35.5	36	36		37.9	12
MÍNIMA	31.5	33.5	35	37	36	33	32.5	32	30.5	31	30	31		33	1
MÁXIMA	38.5	40.5	41	42.5	42.5	41	40	40	40.5	38.5	38.5	38		39.1	12
MEDIA	35.3	37	38.6	39.5	39.4	37	35.5	35.2	34.2	34.5	34.7	34.7		36.3	11.8
DESV.ST	1.6	1.5	1.3	1.2	1.3	1.8	1.7	1.8	1.8	1.9	1.8	1.8		1.2	1.3

TEMPERATURA MÍNIMA PROMEDIO
AÑO	ENE	FEB	MAR	ABR	MAY	JUN	JUL	AGO	SEP	OCT	NOV	DIC	ACUM	PROM	MESES
1949			21.3	20.8	21.8	20.6	20.4	20.4	20	20.7	15.7	14.2		19.6	10
1950	16.5	16.2	18.9	19	20	14.9	15.3	18.6	20.4	19.1	15.3	10.9		17.1	12
1951	13.3	13.6	16.4	18.2	20.7	19.9	18.7	21.2	21.5	19.1	17.1	14.4		17.8	12
1952	14.4	14.7	15.8	19.7	19.7	20	21.7	19.6	21	21.2	17.4	15.1		18.4	12
1953	14.6	12.9	17.3	16.9	19.1	17.9	18.8	20.5	20	19.5	16.8	18.1		17.7	12
1954	14.9	16.1	15.8	20.1	20.2	20.4	19.9	20.3	19.9	18.8	15.4	14.1		18	12
1955	15.2	14	16.6	19.1	19	20.1	19.9	19.8	19.6	18.5	18.6	16.2		18	12
1956	13.1	16.1	15.6	17.6	18.2	17.9	18	18.1	18	17.2	15.1	14.5		16.6	12
1957	13.4	15.1	13.8	17.8	18.2	18.4	18.4	18.2	18.4	17.3	16	12.4		16.4	12
1958	12.9	13	16.3	17.9	19.1	19.3	18.4	18.2	18.4	18.5	16.8	14.1		16.9	12
1959	13.9	14.6	15.2	17.2	19.8	18.8	18	18.4	18.4	18	14.4	13.4		16.7	12
1960	13.6	11.2	15.4	17.4	19.3	18.9	18.4	18.4	18.2	18.6	16.1	13.4		16.6	12
1961	14.2	14.6	15.9	18.8	19.4	18.8	18.2	18.3	17.9	17.7	15.5	13.5		16.9	12
1962	12.5	14.5	15.9	18.3	19.4	18.7	18.2	18.3	18.3	18.3	13.6	13.9		16.7	12
1963	12.9	12.4	16.8	19.3	20.1	19.4	18.4	19	18.7	17.8	16.2	12.5		17	12
1964	12.9	13.7	17.8	19.1	19.9	18.5	18.6	18.2	18.4	15.9	15.8	14.4		16.9	12
1965	13	13.8	15.4	18.6	19.9	18.7	18.2	18	18.6	17.1	16	14.3		16.8	12
1966	12.8	14.1	15.8	18.8	20	19.3	19	18.7	18.5	17.9	14	12.1		16.8	12
1967	12.6	13.3	15.9	18	20.2	19	18.5	18.3	17.9	17.3	14.8	14.1		16.7	12
1968	13.9	12.6	14.7	19	19.8	19.2	18.5	18.8	18.7	17.8	14.5	14		16.8	12
1969	13.7	15.6	16.9	19.5	20.4	20.5	19.2	19	18.9	18	16.3	13.9		17.7	12
1970	14	13.3	15.5	19.4	18.8	19.6	18.8	18.5	18.1	18	13.5	13.6		16.8	12
1971	13.4	12.9	15.9	15.8	20.2	18.4	18.1	18	18.2	17.6	15.7	15.2		16.6	12
1972	14.8	13.2	14.6	18.8	20.3	19.3	18.4	18	18.5	18.7	18	14.6		17.3	12
1973	13.5	14.1	17	17.9	21.7	21.1	20.2	20.3	20.3	20.2	18.1	12.8		18.1	12
1974	16.6	15.2	18.9	19.5	20.4	19.7	19.3	20	19.8	18.6	17.7	16.3		18.5	12
1975	16.2	16.6	19.1	21	21.9	21.2	20.1	20	19.6	19.2	17.4	15.7		19	12
1976	14.5	15.4	18.8	20.9	21.9	21.5	20.6	20.5	20.5	19.8	17.5	16.3		19	12
1977	15.9	16.8	18.2	19.7	21.4	21.2	20.9	20.5	21	20.5	17.4	17.3		19.2	12
1978	15.3	16.2	18.1	20.4	21.8	21.4	20.6	20.5	20.6	19.2	18.6	17.6		19.2	12
1979	15.3	17.6	18.4	19.3	20.9	21.4	21.8	21.1	20.6	20.4	17.4	16.4		19.2	12
1980	15.3	16.1	18.4	20.2	21.1	20.8	20.4	20.1	20.1	19.8	18	15.9		18.9	12
1981	14.6	16.4	18.4	21	20.7	20.4	19.6	20.2	20.3	19.9	15.6	16.4		18.6	12
1982	15.8	16.6	18.3	21	21.7	21.2	19.3	20.4	20.6	19.5	18.2	17		19.1	12
1983	15.6	16.2	16.5	19.4	22.7	21.8	20.9	21	20.9	19.8	18.3	16.3		19.1	12
1984	15.6	16.7	17.2	19.9	20.7	19.9	20.6	20.5	20	19.6	16.3	15.1		18.5	12
1985	14.4	15.8	18.6	20	22.2	20.7	20.3	20.4	20.5	20.3	17.8	18.1		19.1	12
1986	15.1	17.3	16.4	20.7	22.2	21.4	20.6	20.9	21	19.6	19.4	16.9		19.3	12
1987	13.8	16.2	17	19.8	22	22.4	21.8	21.7	21.1	19.1	17.9			19.3	11
1988	16.8	16.3	18.7	21.6	22.6	21.7	21	21.1	20.6	19.5	19.2	16.4		19.6	12
1989	17.3	16.1	16.5	20.4	21.6	21	21.3	21	20.6	19.5	19.3	15.6		19.2	12
1990	17.5	16.7	17.4	21.2	21.4	21.6	20.9	20.6	20.9	20.5	18.6	16.4		19.5	12
1991	16.9	15.7	17	21.4	22.1	22.2	21.5	21.1	20.6	20.7	18.2	17.8		19.6	12
1992	16.9	17.9	20	21.7	21.8	21.8	21.4	21.4	21.3	20.5	19.4	17		20.1	12
1993	17.2	17.6	18.3	21.5	22.5	22.1	21.3	21.1	20.8	20.6	18.5	17.6		19.9	12
1994	16.2	17.6	18.5	21.5	23.2	20.7	20.2	20.3	20.4	20.4	18.8	17.9		19.6	12
1995	16.7	17.1	19	22.2	21.8	21.5	20.8	21.4	21.1	19.3	18.5	17.3		19.7	12
1996	14.1	15.6	16.5	19.8	21.1	20.8	20.4	20.3	20.8	19.6	18	17		18.7	12
1997	16.6	17	19.9	20.5	20.8	20.7	20.6	20.6	20.4	19.4	19.5	15.7		19.3	12
1998	16.9	15.6	17.9	20	21.4	23	21.2	20.9	20.5	20.9	19.6	16.1		19.5	12
1999	15.4	16.1	18.4	20.4	20.4	20.4	19.9	19.9	20.4	19.9	18.1	16.5		18.8	12
2000	17.2	20.6	20.4	21.4	22.1	21.3	20.7	21.4	21.6	20.7	20.3	17.8		20.5	12
2001	16.4	19.3	19.1	22.8	23.5	22	21.8	22.1	22	21.5	18.6	19.5		20.7	12
2002	17.2	18	19.4	23	23.7	22.3	22.1	22.4	22.1	22.1	18.3	16.7		20.6	12
2003	16.1	17.5	19.5	20.8	22.8	21.4	20.9	21	20.9	20.5	19.1	15		19.6	12
2004	16.8	16.9	20	20	21.4	21.2	20.7	21.3	21	21.2	17.8	16.2		19.5	12
2005	16.4	17.9	19.9	21	22.1	21.7	21.1	21.5	21.5	19.4	17.8	17.8		19.8	12
2006	17.3	16.3	18.5	20.5	21.2	20.8	21	20.9	20.8	21	18	17.8		19.5	12
2007	17.2	17.3	19.2	20.7	22.1	21.4	20.5	21.1	21	19.3	17	17		19.5	12
2008	16.2	17.7	17.8	21	21.6	20.8	20.5	20.9	21	19.7	15.7	15.6		19	12
2009	15.7	16.2	17.8	19.6	21.8	21.5	21.2	21.4	21.9	20.4	18.1	17.5		19.4	12
2010	15.8	17.6	17.6	21.1	22.9	22.4	21.4	21.5	21	18	17	14.7		19.2	12
2011	16	16.9	18.3	21.3	22.4	21.9	21.1	21.2	20.6	19.2	17.9	16.7		19.5	12
2012	16.6	18.8	19.2	19.6	22.9	21.3	20.5	21.2	21.2	20.6	17.2	17.3		19.7	12
2013	18.1	18.1	18	20.8	22.4	21.4	21.2	21.2	21.3	21.4	19.7	17.8		20.1	12
2014	15.9	18.6	20.2	21.3	22.2	21.7	21.2	21.1	21	20.4	17.6	16.9		19.8	12
2015	16.6	16.3	19.5	22.2	22.2	21.6	20.9	21.5	21.2	21	20.6	18.5		20.2	12
2016	16.5	16.1	19.7	22.2	23	21.7	21.4	21.6	21.1	20.6	19.3	18.6		20.1	12
2017												17		17	1
2018	15.1	17.6	20	21.1	21.9	20.5	21	20.3	20.8	20.6	19	16.3		19.5	12
2019	16.7	18.5	19.4	20.2	22.5	21.8	21.1	20.8	20.8	20	18	16.5		19.7	12
2020	16.7	17.7	19.4	22.5	21.9	21.1	21.3	21.1	20.9	19.9	18.8	16.8		19.8	12
2021	16.6	17.1	18.9	21	21.6	20.9	20.5	21	20.2	20.8	16.3	17.5		19.4	12
2022	16.1	15.9	18.1	20	21.3	20.3	20.6	20.5	20.3	19	18.8	17		19	12
2023	16.4	17.2	18.7	20.8	21.5	21.3	20.8	21.2	21	20.9	19.1	17.9		19.7	12
MÍNIMA	12.5	11.2	13.8	15.8	18.2	14.9	15.3	18	17.9	15.9	13.5	10.9		16.4	1
MÁXIMA	18.1	20.6	21.3	23	23.7	23	22.1	22.4	22.1	22.1	20.6	19.5		20.7	12
MEDIA	15.4	16	17.8	20	21.2	20.6	20.1	20.3	20.2	19.5	17.4	15.9		18.7	11.8
DESV.ST	1.5	1.8	1.6	1.5	1.3	1.4	1.3	1.2	1.1	1.2	1.6	1.8		1.2	1.3

TEMPERATURA MÍNIMA EXTREMA
AÑO	ENE	FEB	MAR	ABR	MAY	JUN	JUL	AGO	SEP	OCT	NOV	DIC	ACUM	PROM	MESES
1949			17.5	17	18.5	17.5	18	18.5	16.5	16.5	11.5	10.5		16.2	10
1950	14	10.5	15.5	14.5	18	10	10.5	10	18	13	11.5	8.5		12.8	12
1951	8.5	8.5	11.5	12.5	18	16.5	15.5	17.5	19	14.5	13	11		13.8	12
1952	10.5	9.5	11.5	18	17.5	14.5	15.5	15	18.5	18.5	13.5	11		14.5	12
1953	8	9.5	11.5	10.5	11.5	14.5	15.5	19	17.5	16.5	11.5	10		13	12
1954	11.5	11	11	16.5	18.5	19	17	18	18	15	10	10		14.6	12
1955	10.5	8.5	13.5	17	12	17.5	18	18	18	15	15	11.5		14.5	12
1956	7	13	11.5	12	16.5	16.5	16	16	16	12	10.5	11		13.2	12
1957	10	8.5	9	13.5	15.5	16.5	16	17	14	12	11	7		12.5	12
1958	8.5	8	11	13	13	17.5	16	16	16	15	14.5	8		13	12
1959	10	11	10	11.5	16.5	17	16.5	17	16	16	9.5	10		13.4	12
1960	8	6	12	12	15.5	17	17	17	16	17	12.5	10		13.3	12
1961	11	10.5	11	16.5	14	14	17	16.5	16.5	15.5	11	10.5		13.7	12
1962	8	11	13	15	17	17	16.5	15.5	16.5	16	11	10		13.9	12
1963	11	9.5	12.5	17	17	17.5	15	18	15	16	12.5	6		13.9	12
1964	8.5	10.5	14.5	17	17	17	17	17	16.5	13	12.5	12		14.4	12
1965	7	8.5	11	14	17.5	17	16.5	16.5	17	12.5	12	12		13.5	12
1966	8	8.5	12	15	17.5	18	17.5	16	17	14	10.5	8		13.5	12
1967	8	9	14	12.5	18	16.5	16	16.5	15	15	9.5	10.5		13.4	12
1968	9	9	10	15.5	17.5	18	16	17	17	13	10	10		13.5	12
1969	11.5	12	13	15	18	19	17.5	17.5	14	16	12.5	11		14.8	12
1970	9.5	8.5	10	17.5	13.5	17	17	16	16	11.5	10	10		13	12
1971	10.5	8.5	10.5	11	18	16	16	16.5	16	14.5	12.5	13		13.6	12
1972	12	9	10.5	16	17.5	17	16.5	16.5	16.5	16	15	9		14.3	12
1973	9	10.5	14	15	19.5	19	18.5	19	18	18.5	15	9		15.4	12
1974	14	12	13.5	13	19	18	17	18	18	15	12.5	14.5		15.4	12
1975	13	14.5	16	19	18.5	19	18	18.5	17	16.5	13	12.5		16.3	12
1976	10.5	13	14	17	19	20	19.5	18.5	17.5	17.5	14	10		15.9	12
1977	12	12	14.5	17	18	19.5	19.5	18.5	20	15.5	12.5	10.5		15.8	12
1978	12	11.5	15	16	18	18	19	18.5	18.5	15	16	15.5		16.1	12
1979	13	15.5	15	17.5	18	19	19	19	18	18	14	13		16.6	12
1980	12	13.5	11	17	19	19	19	18.5	19	16	15	11		15.8	12
1981	11	14	15	19	18	18.5	18	19	19	17	12	14		16.2	12
1982	13	14	11	18	20	20	13	19	18	16	15	10		15.6	12
1983	11	13	13	17	20.5	19	19	19	19	16.5	16	11.5		16.2	12
1984	12	12	11	16	18	19	19.5	19	19	18	13	13		15.8	12
1985	11.5	13	16	15.5	20	19	18	19.5	18.5	17	15	16		16.6	12
1986	10	13	12.5	17	19	18.5	19	19	19	16	15.5	15		16.1	12
1987	11	13	12	15	19.5	21	20.5	20.5	19.5	16.5	16			16.8	11
1988	12	13	16.5	18	20	20	19.5	19	19.5	17	17	13		17	12
1989	15	10	12	18.5	20	18.5	20	20	18	15	16.5	11		16.2	12
1990	15	14.5	13	19	19	18	20	19	17	17	13	13		16.5	12
1991	13	13	10	17.5	20	20	20	20	18	18	14	16		16.6	12
1992	15	15.5	17	18	18	20.5	20	20	20	17	16	15		17.7	12
1993	13	15.5	13	19	18.5	20	20	20	20	18.5	16	15		17.4	12
1994	13	16	14	19	21	17	18	18	18.5	18	16	14		16.9	12
1995	14	13.5	15	20	20.5	20.5	19.5	20.5	20	16	14	15		17.4	12
1996	8.5	11	11.5	17	19	20	18	19	20	17	13.5	14		15.7	12
1997	13.5	14.5	17	17	19.5	19	19	19	19	17	18	9		16.8	12
1998	10	10	14.5	16	19.5	20.5	20	18.5	19	18.5	16	12.5		16.2	12
1999	13.5	13	13.5	18.5	17.5	19	19	18.5	19	16	15	13		16.3	12
2000	15	19	17.5	18	20.5	20	20	20	20	18	17	14.5		18.3	12
2001	12.5	17.5	15	18.5	21	21	20	20	21	18.5	16	17		18.2	12
2002	11.5	14	16	20.5	22	21	21	21	20	20.5	12	14		17.8	12
2003	13.5	16	16	13.5	21	19.5	19.5	19.5	20	18	16	12		17	12
2004	14.5	14	16	17	19.5	19.5	18.5	20	19	19.5	13.5	13		17	12
2005	13	14.5	17.5	16.5	19.5	19.5	19.5	20	20	16	12	14.5		16.9	12
2006	12	12	16	18.5	19.5	18	19.5	19.5	19	18	11.5	11.5		16.2	12
2007	14	13.5	14.5	18	21	18.5	18.5	20	20	15	14	14.5		16.8	12
2008	11.5	15	12.5	17.5	18.5	19	19	19	18	15	13	12.5		15.9	12
2009	11.5	12	13	16	19	19.5	20	20	20	16	15.5	13.5		16.3	12
2010	11	13.5	12.5	17.5	20.5	20.5	19.5	20.5	18	17	12	11.5		16.2	12
2011	13	14.5	15	19	19	20	20	20	17	15.5	12.5	14		16.6	12
2012	12	16.5	17	16.5	19	19.5	19	20	19.5	18	14.5	13.5		17.1	12
2013	13.5	13.5	12	19	19	19	20	19	20	19.5	15	15		17	12
2014	11.5	14.5	15.5	16.5	19	21	19.5	20	19.5	17.5	15	14		17	12
2015	13	13.5	15.5	20	19.5	20	19	19.5	19.5	19	16	16.5		17.6	12
2016	10.5	11.5	16	19.5	19	20.5	19	20	20	18.5	15	16		17.1	12
2017												17		17	1
2018	11	15.5	18	17.5	19.5	18.5	19.5	19	19	19.5	15	12		17	12
2019	12	16	17.5	17	20.5	20	20	19	19	19	16	13		17.4	12
2020	14	15	14	20	20	19.5	20	20	20	18	17.5	14		17.7	12
2021	13.5	13	17	18	19.5	20	19	19.5	17	19.5	14	15		17.1	12
2022	13	13	16	16.5	19.5	19	19	19	18	18	16.5	15		16.9	12
2023	13	15	16	19.5	18.5	17	19	19	19	17.5	16	12.5		16.8	12
MÍNIMA	7	6	9	10.5	11.5	10	10.5	10	14	11.5	9.5	6		12.5	1
MÁXIMA	15	19	18	20.5	22	21	21	21	21	20.5	18	17		18.3	12
MEDIA	11.5	12.4	13.7	16.6	18.4	18.5	18.2	18.5	18.2	16.5	13.8	12.3		15.7	11.8
DESV.ST	2.1	2.6	2.3	2.3	2	1.9	1.9	1.7	1.6	1.9	2.1	2.4		1.5	1.3

TEMPERATURA MEDIA MENSUAL
AÑO	ENE	FEB	MAR	ABR	MAY	JUN	JUL	AGO	SEP	OCT	NOV	DIC	ACUM	PROM	MESES
1949			30	28.9	29.8	27.7	27.8	28.1	28	27.4	22.3	23		27.3	10
1950	24.8	24.4	27.8	28	29	25.3	25.6	27	26.4	24.6	22.8	20.4		25.5	12
1951	22.5	22.1	25.7	27.9	29	27.8	26.1	29.1	27.5	25.4	24.2	23.8		25.9	12
1952	24.2	24	27.1	28.6	28.5	25.4	27.2	26	26.4	25.7	25	23.5		26	12
1953	24	23.8	27.4	28.1	28.8	26.8	26	27.2	26.2	26	25	26.2		26.3	12
1954	24.6	24.6	25.9	29	28.5	27.8	26.5	26.9	25.8	24.8	22.9	22.4		25.8	12
1955	23.6	23.6	26.9	28.9	29.3	29	25.9	26.4	25	24	25	23		25.9	12
1956	21.6	25.4	25.1	27.2	26	24.4	25	25.8	24.1	23.5	22.6	22.4		24.4	12
1957	22.1	24.4	24.7	27.2	28.2	26	25.2	25.5	24.6	24.4	23.6	20.8		24.7	12
1958	20.6	23	26.5	27.2	27.6	26.1	24.6	25	24.4	24.2	23.8	21.2		24.5	12
1959	21.3	24	24	24.8	27.1	25.1	24.4	24.4	23.8	23.4	20.5	20.3		23.6	12
1960	21.2	20.8	23.4	25.4	27	25.2	24.3	24	23.2	23.7	22	20.2		23.4	12
1961	20.4	22.4	24.6	26.5	26.8	25.1	24.1	24.2	23.6	22.9	21.4	21.4		23.6	12
1962	20	23.7	24.5	25.2	26.6	24.9	24.8	24.7	23.7	23.4	20.7	20.9		23.6	12
1963	20.8	20.6	24.5	26.8	26.7	25.9	24.4	24.6	23.4	23	21.9	19.1		23.5	12
1964	20	22.4	26	27.2	27	24.3	24.1	24.5	23.9	21.4	22.4	21.2		23.7	12
1965	20.9	22	23.7	26.3	27	24.4	24.2	24	24.5	22	22.4	21.2		23.6	12
1966	19.9	21.8	23.1	26.2	26.8	25.6	24.8	24.4	23.8	22.9	20.4	19.5		23.3	12
1967	20	21	24	25.8	27.2	24.8	25.2	25	23.4	22.1	21.1	21.3		23.4	12
1968	20.8	19.7	22	26.1	26.3	24.8	24.4	24.9	24.4	23.2	21.6	20.9		23.3	12
1969	21.1	23.2	23.2	26.6	26.8	26.9	24.9	24	23.6	23.1	21.5	20.4		23.8	12
1970	20.6	19.9	23.8	27	25	25.2	24.1	24.2	23	23	19.7	20.6		23	12
1971	20.9	21.4	22.2	22.4	26	23.9	23.4	23.5	23.5	23.1	21.5	21.4		22.8	12
1972	21.7	20.6	23	26.5	27.1	24.6	24.5	23.9	24.8	25	24.2	21.4		23.9	12
1973	20.4	21	25.9	26.1	28.6	27	26.2	25.1	25.5	24.9	24	20.8		24.6	12
1974	24	22.4	26.7	27.4	28.1	25.6	25.9	26.6	24.6	23.2	23.9	23.5		25.2	12
1975	23	24.6	27.2	29	28.8	26.7	26.1	26.2	24.7	24.4	23.4	22.5		25.6	12
1976	20.9	22.2	27.1	28.1	28.8	26.2	26.3	25.9	26	25	22.6	21.7		25.1	12
1977	22.6	23.6	26.2	26.4	28.4	26.9	26.8	26.4	26.6	25.9	24.3	24.9		25.8	12
1978	22.9	23.8	25.9	28.3	29.2	26.9	26.2	26.3	25.8	24.8	25.2	24.4		25.8	12
1979	22.4	24	26.5	27.4	28	26.8	27.5	26.6	24.8	24.8	23	22.7		25.4	12
1980	23.5	24.2	27	26.5	28.7	27.1	26.5	26	25.1	25.2	23.6	22		25.4	12
1981	22.2	22.6	25.4	28.4	28	25.9	25.4	26	25.8	25	23	23.7		25.1	12
1982	24.1	24.2	25.8	28.7	28.6	26.8	25.5	26.4	25.6	24.4	25	23		25.7	12
1983	22.6	23.6	24.8	28.2	30.1	27.9	26.4	26.8	25.8	25.2	25	23.8		25.9	12
1984	23	24	24.4	28.2	27.8	26	25.6	25.8	24.4	25.6	23.9	24.1		25.2	12
1985	23.2	24.5	26.7	27.9	29.3	26.1	25.9	25.8	25.6	26	24.8	24		25.8	12
1986	21.9	25	24	27.9	28.3	26.8	25.6	26	25.8	25.5	25.5	24.5		25.6	12
1987	22.2	24.4	24.6	25.7	28.7	27.4	26.5	27	26.4	23.9	24.5			25.6	11
1988	23	24.7	26.2	28.5	29.4	27.2	26.5	25.8	25.2	24.6	26	24.1		25.9	12
1989	25	23.9	24.4	27.5	28	26.5	27	26.4	24.5	24.3	25.1	23.1		25.5	12
1990	24.6	23.9	24.4	28.5	28.7	27.2	26.1	26.3	26	26.1	24.2	23.9		25.8	12
1991	25.6	24	26.8	29.4	28.7	28.5	27.2	27	25.8	25.6	23.4	23.6		26.3	12
1992	23.4	23.9	26.8	28	27.8	26.8	26.7	26.5	26	25.4	25.3	24.6		25.9	12
1993	24.2	25.2	25.5	28.3	29.2	27.8	26.5	26.1	25.4	25.4	25	24.2		26.1	12
1994	23.5	24.6	25.9	28.7	29.2	27	26.5	25.9	26	26.7	26.2	25.1		26.3	12
1995	24	24.9	26.4	28.5	28.9	27.2	26.5	26.1	25.7	24.5	25.2	24		26	12
1996	21.8	24.1	24.8	27	28	26.2	25.9	25.5	26.3	25.5	24	24.1		25.3	12
1997	24.1	24.3	27.2	27	27.4	26.6	26.4	27	26	24.5	24.9	22.5		25.7	12
1998	23.9	24.7	26	28	29.5	29.8	26.6	26.4	25.1	25.2	24.9	23		26.1	12
1999	22.9	24.3	26.1	28.4	28	25.9	25	25.2	25	24.4	23.5	22.9		25.1	12
2000	24.1	27.4	28.6	28.9	28.2	26.9	26.8	26.6	26.9	25.9	26.7	24.8		26.8	12
2001	23.9	26	26.8	30	29.9	28.2	28.2	28.4	27.3	26.6	25.4	25.5		27.2	12
2002	25	24.1	27.6	30.2	30.5	27.9	28.2	28.6	27.2	28.1	24.9	24.4		27.2	12
2003	23.1	26.4	28	29	29.5	27.7	27.3	27.4	27.2	26.4	25.4	22.2		26.6	12
2004	23.9	24.7	26.9	28	27.8	27.6	27.4	28	27	27.5	25.5	23.6		26.5	12
2005	24	25.2	28.1	28.4	29.1	28.1	27.2	27.2	27	24.8	24.3	24.8		26.5	12
2006	24.5	24.7	26.7	28.4	28.1	26.5	27	27.3	26.9	26.6	24.6	24.6		26.3	12
2007	24	25.3	27.1	28.9	29	28.1	27.6	26.7	26.6	24.4	23.8	24.7		26.4	12
2008	24	25.9	25.7	28.8	29.3	26.1	26.3	26.8	26	24.6	23.4	23.4		25.9	12
2009	23.5	24.2	25.3	27.7	28.9	27.6	27.9	27.5	27.9	27	24	24.4		26.3	12
2010	22.6	24.4	25.4	28.8	30.1	28.2	27	26.4	25.9	24.8	24	22.1		25.8	12
2011	23.9	24.6	26.1	29	30	28	26.8	26.9	25.5	24	24.5	23.4		26.1	12
2012	24.2	25.5	26.6	27.5	29	26.9	26.4	26.3	26.6	26.3	24	24.8		26.2	12
2013	24.1	26	25.3	29	28.8	27.2	26.8	27.1	25.9	26.8	24.7	23.8		26.3	12
2014	22.1	25.8	27.6	28.6	27.8	26.7	27.3	27.5	26	25.2	23.9	23.4		26	12
2015	23	23.4	26.1	29.5	29.1	27.4	27.6	28.1	27	26.8	26.7	25.8		26.7	12
2016	23.1	23	27.6	29.5	30.1	27.4	27.8	27.5	26.8	26.2	25	25.8		26.6	12
2017												25		25	1
2018	21.4	25.9	27.6	28.4	28.8	26.6	28.1	26.9	26.7	26.4	25.8	23.9		26.4	12
2019	24	26.8	26.7	28.4	29.9	27.9	27.9	27.7	27	26.6	25.6	24.8		26.9	12
2020	25.1	26	28	30.8	29.6	26.8	27.8	26.8	26.6	25.2	24.8	23.7		26.8	12
2021	24.3	25.2	26.3	29.5	28.4	27.2	27.2	27.1	26.4	28	24.5	26.4		26.7	12
2022	24.4	24.3	26.8	29.4	29	26.2	27.5	27.2	25.9	25.6	25.6	24		26.3	12
2023	25.1	26	27.8	29.4	29.6	29.5	27.6	27.6	27.2	26.8	25	24.4		27.2	12
MÍNIMA	19.9	19.7	22	22.4	25	23.9	23.4	23.5	23	21.4	19.7	19.1		22.8	1
MÁXIMA	25.6	27.4	30	30.8	30.5	29.8	28.2	29.1	28	28.1	26.7	26.4		27.3	12
MEDIA	22.9	23.9	25.9	27.9	28.4	26.7	26.2	26.2	25.6	25	23.9	23.1		25.5	11.8
DESV.ST	1.5	1.6	1.6	1.4	1.1	1.2	1.2	1.2	1.2	1.4	1.5	1.7		1.2	1.3
