COMISIÓN NACIONAL DEL AGUA
COORDINACIÓN GENERAL DEL SERVICIO METEOROLÓGICO NACIONAL
BASE DE DATOS CLIMATOLÓGICA NACIONAL 

ESTADÍSTICA MENSUAL
EMISIÓN   : 25/10/2024 

DATOS DISPONIBLES EN LA BASE DE DATOS A: OCTOBER DE 2024; 
CON LA INFORMACIÓN SUMINISTRADA POR LAS UNIDADES ADMINISTRATIVAS 

 ESTACIÓN  : 7392 
 NOMBRE    : ZOOMAT 
 ESTADO    : CHIAPAS 
 MUNICIPIO : CHIAPA DE CORZO 
 SITUACIÓN : OPERANDO 
 CVE-OMM   :   
 LATITUD   : 16.72277778 ° 
 LONGITUD  : -93.015 ° 
 ALTITUD   : 420 msnm 


LLUVIA MÁXIMA 24 H.
AÑO	ENE	FEB	MAR	ABR	MAY	JUN	JUL	AGO	SEP	OCT	NOV	DIC	ACUM	PROM	MESES
2001						40	47	44.5	47	50.7	0	8	237.2	33.9	7
2002	0	0	6.5	7.5	5.8	67	43	47.3	59	71.7	20	2.5	330.3	27.5	12
2003	0	0	0	0	54.4	55.6	65	64.2	34.2	55.4	15.3	0	344.1	28.7	12
2004	2.6	0	0.01	2.5	44	53.6	34	15.8	50	25	6.5	0	234.01	19.5	12
2005	0	0	0	0	20	52.4	43	43	16.5	16	0.1	17	208	17.3	12
2006	0.5	16	0	37	82	47	53	44.5	45	81	20	0	426	35.5	12
2007	0	0.3	0	0	12	60	45.5	55.7	47	38.5	2	0.5	261.5	21.8	12
2008	0	0	0	25	88	53	44.5	50	65.5	13.5	1.5	3	344	28.7	12
2009	1.1	0	0	2	37	30.5	32.5	56.2	14.6	26.7	9	10.3	219.9	18.3	12
2010	4.3	0	0	18	38.6	75.4	73.4	91.8	0	0	0.2	0	301.7	25.1	12
2011	0	0.5	0.1	0	2.4	23.5	52.3	69.2	76.1	17	0	0.4	241.5	20.1	12
2012	0	0	2.8	0	26.5	41	56.6	68.9	39	10.7	0.6	4.4	250.5	20.9	12
2013	1.2	0	0	0	31	92.7	35.9	39.7	88.7	40.5	5.1	2.4	337.2	28.1	12
2014	0.6	0	0.6	0.4	74	88.2	11.4	109	95.2	31.8	5.1	0	416.3	34.7	12
2015	0	0	0	7.5	24.7	30	42.2	20	53.5	82	8.3	0.5	268.7	22.4	12
2016	0.2	0	2.6	0	23.2	19.1	21.9	57.8	72	41.1	1.2	1.4	240.5	20	12
2017	19	0	0	1.5	46.6	68.2			59.1	23.5	0	0	217.9	21.8	10
2018	1.4	0	11.05	4.3	15.7	50.3	15.2	21.05	74.28	36	12.6	0.4	242.28	20.2	12
2019	0.4	1.9	0	0	17.03	39.5	24.3	67.8	40				190.93	21.2	9
2020			2.7	1	47	105	30	49.5	32	7.4	10.4	0	285	28.5	10
2021	0	0	0	0	32.5	80.2	30.02						142.72	20.4	7
2022					24.5	54.9	16.1	90.74	39.5	79.34	45.65	0	350.73	43.8	8
2023	0.5	2.6	0	3.5	23.7	53.2	53.1	28.9	44.1	23.8	2.8	0	236.2	19.7	12
2024	0	7.6	0	3.4	66.8								77.8	15.6	5
MÍNIMA	0	0	0	0	2.4	19.1	11.4	15.8	0	0	0	0	77.8	15.6	5
MÁXIMA	19	16	11.05	37	88	105	73.4	109	95.2	82	45.65	17	426	43.8	12
MEDIA	1.5	1.4	1.2	5.2	36.4	55.7	39.5	54.1	49.6	36.7	7.9	2.4	266.9	24.7	10.8
DESV.ST	4.1	3.8	2.7	9.5	23.5	22	16.2	24	23.5	25	10.8	4.4	80	6.9	2.1

LLUVIA TOTAL MENSUAL
AÑO	ENE	FEB	MAR	ABR	MAY	JUN	JUL	AGO	SEP	OCT	NOV	DIC	ACUM	PROM	MESES
2001						142.91	204.64	194.1	250.62	81.52	0	11.12	884.91	126.4	7
2002	0	0	6.5	7.5	12.9	370.23	188.04	119.52	296.52	117.94	26.3	2.5	1147.95	95.7	12
2003	0	0	0	0	141.4	182.11	202.31	216.83	217.5	146.71	33.93	0	1140.79	95.1	12
2004	2.61	0	0.01	2.53	108.92	138.62	182.15	57.46	195.14	41.68	6.5	0	735.62	61.3	12
2005	0	0	0	0	59.4	171.4	270.8	250.3	55.7	34	0.1	18.5	860.2	71.7	12
2006	0.5	16	0	42.6	273.2	66.3	211.9	195.7	260.1	125.7	28.1	0	1220.1	101.7	12
2007	0	0.3	0	0	26.5	168.8	131.3	327.5	152.3	245.7	2	0.5	1054.9	87.9	12
2008	0	0	0	27	155	265.7	326	172.7	216.4	28.5	1.5	3	1195.8	99.7	12
2009	1.62	0	0	2	47	168.5	105.49	195.2	90.7	161.3	17.7	14.2	803.71	67	12
2010	4.3	0	0	39.2	75.6	306	220.9	406.8	0	0	0.3	0	1053.1	87.8	12
2011	0	0.5	0.1	0	4.7	54.9	117.6	360.1	262	58.2	0	0.6	858.7	71.6	12
2012	0	0	2.8	0	48.8	90.91	127	386.43	168.3	37.9	0.61	6.4	869.15	72.4	12
2013	1.23	0	0	0	82.52	293.3	112.6	181.7	370.3	77.1	8.5	2.5	1129.75	94.1	12
2014	0.6	0	0.6	0.4	134.29	305.92	60.3	194.2	421.08	88	5.1	0	1210.49	100.9	12
2015	0	0	0	10.7	58.6	96.3	80.3	78.3	138.8	124.17	13.8	0.6	601.57	50.1	12
2016	0.2	0	3.8	0	69.7	87.5	93.4	215.43	277.5	75.3	1.8	1.4	826.03	68.8	12
2017	20.6	0	0	2.2	156.8	183.95			386.42	45.6	0	0	795.57	79.6	10
2018	1.4	0	11.45	6.4	46.5	171.35	28.9	88.56	429.98	134.1	13.6	0.4	932.64	77.7	12
2019	0.4	1.9	0	0	57.58	195.1	64.73	264.5	190.53				774.74	86.1	9
2020			2.7	2.1	112.44	433.8	89.8	228.7	149.9	26.1	19.9	0	1065.44	106.5	10
2021	0	0	0	0	93.94	320.9	92.27						507.11	72.4	7
2022					24.5	318.1	70.1	265.74	233.3	993.51	53.57	0	1958.82	244.9	8
2023	0.5	2.6	0	3.7	32.5	99.2	239.96	150.5	115.7	67.3	6.3	0	718.26	59.9	12
2024	0	8	0	4.95	74.6								87.55	17.5	5
MÍNIMA	0	0	0	0	4.7	54.9	28.9	57.46	0	0	0	0	87.55	17.5	5
MÁXIMA	20.6	16	11.45	42.6	273.2	433.8	326	406.8	429.98	993.51	53.57	18.5	1958.82	244.9	12
MEDIA	1.6	1.4	1.3	6.9	82.5	201.4	146.4	216.7	221.8	129.1	11.4	2.9	934.7	87.4	10.8
DESV.ST	4.5	3.8	2.8	12.6	60.5	105.2	77.8	95.8	113.7	206.2	14.2	5.3	338.5	40.1	2.1

EVAPORACIÓN MENSUAL
AÑO	ENE	FEB	MAR	ABR	MAY	JUN	JUL	AGO	SEP	OCT	NOV	DIC	ACUM	PROM	MESES
2002	34.37	63.88		152.33	155.14					65.74	39.86	32.14	543.46	77.6	7
2003										54.38	34.01	32.5	120.89	40.3	3
2004											38.65	51.3	89.95	45	2
2005	47.91	74.96	117.61										240.48	80.2	3
2006						54.26					34.19	29.19	117.64	39.2	3
2007	44	75.98	111.86	114.49	111.69	84.1	78.86	54.7	48.98	49.02	37.79	41.31	852.78	71.1	12
2008	50.91	70.03	104.96	123.52		43.9	58.09	65.94	50.2		43.58	35	646.13	64.6	10
2009		66.34	108.23	130.54									305.11	101.7	3
2012			81.61	111.49	79.3	69.82	82.29	66.39	76.99	54.99	40.39	37.59	700.86	70.1	10
2013		14.18	96.08	122.38	102.64	38.07	52.48	57.2	32.88	35.19	27.49	23.27	601.86	54.7	11
2014	28.77	48.87	64.16	80.47	39.95	23.71	38.61	34.66	19.25	28.96	15.62	8.05	431.08	35.9	12
2015	16.83	25.39	40.56	68.21	73.1	46.69	33.69	26.3	35.75	18.28	18.95	6.27	410.02	34.2	12
2016	10.84	27.86	62.98	97.97	64.42	46.44	60.77	57.18	37.72	39.79	30.41		536.38	48.8	11
2017						28.57			57.37	42.87	39.17	33.17	201.15	40.2	5
2018	42.07	59.2	111.04	108.03	96.7	47.78	76.77	65.2	67.37	34.28	31.55	40.58	780.57	65	12
2019	39.04	55.47	107.07	138.66	114.01	69.51							523.76	87.3	6
2020			135.14	156.33	137.04	76.89	95.33	70.83	78.38	44.65	39.63	32.85	867.07	86.7	10
2021	49.01	73.96	128.5	151.37	115.27	76.67	79.42						674.2	96.3	7
2022						107.72	96.57	84.15	56.24	18.55	28.06	25.71	417	59.6	7
2023	36.88	67.18	109.68	159.38	150.67	91.9	116.12	85.69	64.32	46.12	31.39	29.57	988.9	82.4	12
2024	39.62	73.77	134.72	157.8	152.42								558.33	111.7	5
MÍNIMA	10.84	14.18	40.56	68.21	39.95	23.71	33.69	26.3	19.25	18.28	15.62	6.27	89.95	34.2	2
MÁXIMA	50.91	75.98	135.14	159.38	155.14	107.72	116.12	85.69	78.38	65.74	43.58	51.3	988.9	111.7	12
MEDIA	36.7	56.9	100.9	124.9	107.1	60.4	72.4	60.7	52.1	41	33.2	30.6	505.1	66.3	7.8
DESV.ST	12.5	20.4	27.5	28.6	36.1	24.2	24.5	18.1	18.3	14	7.8	11.7	260.6	23.1	3.7

TEMPERATURA MÁXIMA PROMEDIO
AÑO	ENE	FEB	MAR	ABR	MAY	JUN	JUL	AGO	SEP	OCT	NOV	DIC	ACUM	PROM	MESES
2001						31.3	30.1	29.5	27	26.9	26.6	25.6		28.1	7
2002	26.5	27.6	33.4	36	35.5	29.5	29	30.1	27.8	29	26.6	26.6		29.8	12
2003	27	32	34.6	35.9	34.5	29.4	29.7	29.8	28.8	27.4	26.7	24.4		30	12
2004	27.3	29.4	32.7	35.7	32	29.4	29.3	29.9	29	28.5	27.9	26.4		29.8	12
2005	27.6	30.5	33.3	33.7	33.7	31.2	28	28.4	28.6	27.1	27.1	27.1		29.7	12
2006	28.5	29.7	32.1	34	31.5	27.2	27.8	28.4	27.7	27.5	25.4	25.7		28.8	12
2007	25.6	29.5	32.3	34.6	33.8	30.7	29.3	27	26.7	24.7	25.3	26.5		28.8	12
2008	27.2	30.5	31.9	34.6	34.1	27.3	27	27.9	26.9	26	26.8	26.2		28.9	12
2009	27.3	30.3	32.3	35.2	34.4	30.9	30	30.5	29.3	28.4	25.4	26.4		30	12
2010	26.1	28.7	31.7	34.7	35.4	29.9	26.7	26.3	26.8	28.2	26.5	27.7		29.1	12
2011	31	32.5	32.6	33	35.1	32.3	29.8	28	26	26.5	30.7	28.3		30.5	12
2012	29.5	33.3	33.9	33.9	34	29.4	28.7	28.8	29.2	30.5	29.2	29.9		30.9	12
2013	28.6	32.5	31.9	35	33.5	28.9	28	28.7	27.8	29.5	27.7	26.6		29.9	12
2014	26.7	32.4	33.7	34	30.5	27.8	29.4	29.3	27.5	27	27.3	26.2		29.3	12
2015	26.4	29.8	32.5	35.4	33.3	29.8	28.4	30.3	28.2	28.6	29.5	28.1		30	12
2016	28.2	28.9	32.4	34.6	33.9	27.5	28.9	28.5	28.2	29.6	27.8	28.7		29.8	12
2017	29.3	33.6	33.3	33.6	32.4	27.2			27.2	27.4	28.8	28.1		30.1	10
2018	26.7	31.8	33.7	33.5	32.7	27.9	30.1	28.8	28.3	27.9	27.7	26.9		29.7	12
2019	28.6	32.7	32.8	35.5	34.3	29.7	29.4	31.5	31.1					31.7	9
2020			35.8	37.3	33.9	28.9	30.1	29.2	28.8	29.3	29.1	28.3		31.1	10
2021	30.2	33.5	34.6	35.7	31.9	29.1	29.9							32.1	7
2022	29.5	31.3	32	37.9	34.8	28.3	30.5	29.5	27.4	27	27.4	27.3		30.2	12
2023	29	32	35	37.1	36.4	35.4	30.2	30.1	30	28.7	27.5	27.8		31.6	12
2024	29.7	32.4	37.6	36.1	38.4									34.8	5
MÍNIMA	25.6	27.6	31.7	33	30.5	27.2	26.7	26.3	26	24.7	25.3	24.4		28.1	5
MÁXIMA	31	33.6	37.6	37.9	38.4	35.4	30.5	31.5	31.1	30.5	30.7	29.9		34.8	12
MEDIA	28	31.1	33.3	35.1	33.9	29.5	29.1	29.1	28.1	27.9	27.5	27.1		30.2	11
DESV.ST	1.5	1.7	1.4	1.3	1.7	1.9	1.1	1.2	1.2	1.4	1.4	1.2		1.4	2

TEMPERATURA MÁXIMA EXTREMA
AÑO	ENE	FEB	MAR	ABR	MAY	JUN	JUL	AGO	SEP	OCT	NOV	DIC	ACUM	PROM	MESES
2001						34	32.5	32.5	30.5	31	29	28		31.1	7
2002	31.5	34	39.5	38.5	38.5	34	31.5	32	31.5	31	31	29.5		33.5	12
2003	30.5	36	37.5	39.5	39.5	33	32.5	33	31	30	29.5	28		33.3	12
2004	31	35	37	40	38	32	31.5	32	33	30	31	29.5		33.3	12
2005	31	35	37	38.5	36.5	35	31.5	31.5	31.5	29	30	31		33.1	12
2006	32	35	37	37	36.5	30	32	31	29	31	29	29		32.4	12
2007	29	34	35.5	37	37.5	34.5	31.5	30.5	28.5	28.5	29	28		32	12
2008	30	33.5	37	38.5	39	30	29.5	30	30	28	29.5	29.5		32	12
2009	31	34	36	39	37.5	36	33	33	32	31.5	29	30		33.5	12
2010	32	34	38	39	39	37	29	28	29	31.5	29	32		33.1	12
2011	37	37	36	35	39	37	31	30	30	31	32	30		33.8	12
2012	34	35	37	38	38	33	31	31	32	33	33	33		34	12
2013	34	36	38	38	37	32	30	31	31	33	33	31		33.7	12
2014	34	36	38	38	37	30	31	32	30	33	31	29		33.2	12
2015	31	36	38	38	39	31	31	39	32	33	32	31		34.2	12
2016	33	34	38	38	39	29	31	31	30	34	31	32		33.3	12
2017	32	36	37	38	37	31			29	30	32	31		33.3	10
2018	33	36	39	37	36	31	33	32	31	30	32	30		33.3	12
2019	32	36	38	38	39	34	38	34	35					36	9
2020			39	40	38	34	32	32	32	33	33	33		34.6	10
2021	35	37	39	40	36	36	32							36.4	7
2022	32	33	34	41	37	34	36	33	30	31	30	29		33.3	12
2023	32	38	38	40	41	38	32	33	33	31	31	32		34.9	12
2024	35	36	40	40	41									38.4	5
MÍNIMA	29	33	34	35	36	29	29	28	28.5	28	29	28		31.1	5
MÁXIMA	37	38	40	41	41	38	38	39	35	34	33	33		38.4	12
MEDIA	32.4	35.3	37.5	38.5	38.1	33.3	31.9	32	31	31.1	30.8	30.3		33.7	11
DESV.ST	1.9	1.3	1.4	1.3	1.4	2.5	1.9	2.1	1.6	1.6	1.4	1.6		1.5	2

TEMPERATURA MÍNIMA PROMEDIO
AÑO	ENE	FEB	MAR	ABR	MAY	JUN	JUL	AGO	SEP	OCT	NOV	DIC	ACUM	PROM	MESES
2001						19.4	19.8	20.1	19.7	19.1	16.7	17.1		18.8	7
2002	15.3	15.3	17.2	19.6	20.6	19.8	19.8	20	19.8	19.6	16.8	15.3		18.3	12
2003	14.8	16.6	18.5	18.6	21.2	20.2	19.8	19.9	19.9	19.5	18.2	14.1		18.4	12
2004	15.9	15.9	18.6	18.9	20.2	20.4	19.8	20.3	20.3	20.2	17.4	15.4		18.6	12
2005	14.8	16.7	19	19.5	20.5	20.6	19.9	20	19.9	19.1	16.8	16.8		18.6	12
2006	15.8	15.5	17.6	19.4	20.1	20.7	20.4	20.4	20.4	20.2	17.3	17		18.7	12
2007	16.2	16.6	18	20	20.9	20.6	20.1	19.9	19.9	18.6	16.8	16.4		18.7	12
2008	15.7	17.6	17.4	19.7	20.8	20.1	19.6	20	20	18.5	15.6	15.7		18.4	12
2009	15.5	15.9	17	19	20.5	20.4	19.7	20.2	19.8	19.8	17.1	16.9		18.5	12
2010	14.1	16	16.2	20	21.6	20.8	20.6	20.1	19.6	18.2	16.1	13.9		18.1	12
2011	15.7	15.8	17.4	21	21.1	20.1	20	19.6	19.8	17.7	18.3	15.7		18.5	12
2012	15.6	17.3	17.9	17.7	21	20	19.4	19.7	19.4	18.2	16.3	16.1		18.2	12
2013	16.2	16.9	16.3	19	20.2	20.3	20.1	20.2	20	20	18.4	16.6		18.7	12
2014	15.2	17.4	18.5	19.5	20.1	20.3	20	20.2	20.1	19.3	16.9	15.8		18.6	12
2015	15.6	15.6	17.8	21.2	20.9	20.3	20	20.4	20.4	20.3	19.6	18.4		19.2	12
2016	16.2	15.4	18.8	20.7	21.8	20.4	20.2	20.7	20.4	19.7	18.3	18		19.2	12
2017	16.1	17.7	19.1	19.2	21.4	20.9			20.6	20.4	18.3	15.8		19	10
2018	14.7	17.4	19.4	19.7	20.7	20.2	19.7	19.9	20.1	20.1	18.6	16.4		18.9	12
2019	16.4	17.8	18.6	18.5	21.1	20.9	20.6	20.2	20.4					19.4	9
2020			18.9	21.3	21	20.4	20.6	20	20.3	19.4	19.2	17.2		19.8	10
2021	17.7	16.8	18.5	20.3	21	20.8	20.5							19.4	7
2022	17.2	15.3	18	21.1	21.3	20.5	20.1	20.4	20.8	20.1	19.1	18		19.3	12
2023	16.5	17.7	20.2	20.7	21.8	21.5	21	21.6	21.7	21.2	19.3	17.9		20.1	12
2024	18.4	17.1	20.8	20.8	23.4									20.1	5
MÍNIMA	14.1	15.3	16.2	17.7	20.1	19.4	19.4	19.6	19.4	17.7	15.6	13.9		18.1	5
MÁXIMA	18.4	17.8	20.8	21.3	23.4	21.5	21	21.6	21.7	21.2	19.6	18.4		20.1	12
MEDIA	15.9	16.6	18.2	19.8	21	20.4	20.1	20.2	20.1	19.5	17.7	16.4		18.9	11
DESV.ST	1	0.9	1.1	1	0.7	0.4	0.4	0.4	0.5	0.9	1.2	1.2		0.6	2

TEMPERATURA MÍNIMA EXTREMA
AÑO	ENE	FEB	MAR	ABR	MAY	JUN	JUL	AGO	SEP	OCT	NOV	DIC	ACUM	PROM	MESES
2001						18.5	18.5	19	15.5	12	13	15.5		16	7
2002	10.5	10	14.5	14.5	19	18.5	18	18.5	18.5	18.5	11.5	11		15.2	12
2003	13	14.5	13.5	12.5	19	14.4	18	18.5	19	18	15	11.5		15.6	12
2004	13	12.5	16	15.5	17.5	19	18.5	18	18.5	17.5	13.5	12.5		16	12
2005	12	13	16	14	18.5	19	18	19	18	17	12	14		15.9	12
2006	11	10.5	15	17	17.5	19	19	19	19	17	11	12		15.6	12
2007	14	13	11.5	17	19.5	18.5	18.5	19	19	15	14	15		16.2	12
2008	11.5	14	13	15.5	19	18	18.5	18	17	15	13	12		15.4	12
2009	14	12	12.5	15	19	19	18	19	2	16	14	13		14.5	12
2010	10	12	12	14	20	18	18	19	17	17	12	12		15.1	12
2011	12	14	16	20	18	19	20	19	18	14	17	13		16.7	12
2012	12	17	15	14	19	19	15	18	16	8	14	13		15	12
2013	13	13	11	15	17	19	19	19	19	18	14	15		16	12
2014	11	14	13	14	17	17.3	19	19	19	17	14	14		15.7	12
2015	13	13	14	17	19	18	19	19	19	19	15	17		16.8	12
2016	13	12	15	18	19	19	19	20	19	17	14	16		16.8	12
2017	13	14	16	2	17	19			20	19	15	1		13.6	10
2018	11	14	18	14	19	19	18	19	18	19	14	12		16.2	12
2019	13	15	16	1	19	20	19	19	19					15.7	9
2020			14	19	19	19	19	18	19	17	17	14		17.5	10
2021	14	12	15	17	19	19	18							16.3	7
2022	13	14	16	16	20	18	18	16	18	17	17	15		16.5	12
2023	12	15	17	18	17	18	19	20	19	16	16	12		16.6	12
2024	16	11	17	18	21									16.6	5
MÍNIMA	10	10	11	1	17	14.4	15	16	2	8	11	1		13.6	5
MÁXIMA	16	17	18	20	21	20	20	20	20	19	17	17		17.5	12
MEDIA	12.5	13.2	14.7	14.7	18.7	18.5	18.4	18.7	17.6	16.4	14.1	12.9		15.9	11
DESV.ST	1.4	1.6	1.9	4.6	1.1	1.1	0.9	0.8	3.6	2.6	1.7	3.2		0.8	2

TEMPERATURA MEDIA MENSUAL
AÑO	ENE	FEB	MAR	ABR	MAY	JUN	JUL	AGO	SEP	OCT	NOV	DIC	ACUM	PROM	MESES
2001						25.4	25	24.8	23.4	23	21.6	21.4		23.5	7
2002	20.9	21.5	25.3	27.8	28	24.6	24.4	25	23.8	24.3	21.7	21		24	12
2003	20.9	24.3	26.6	27.2	27.9	24.8	24.8	24.9	24.4	23.4	22.4	19.2		24.2	12
2004	21.6	22.6	25.7	27.3	26.1	24.9	24.6	25.1	24.6	24.4	22.6	20.9		24.2	12
2005	21.2	23.6	26.1	26.6	27.1	25.9	24	24.2	24.2	23.1	22	22		24.2	12
2006	22.1	22.6	24.9	26.7	25.8	24	24.1	24.4	24	23.9	21.4	21.4		23.8	12
2007	20.9	23	25.1	27.3	27.3	25.6	24.7	23.4	23.3	21.6	21	21.4		23.7	12
2008	21.4	24	24.6	27.1	27.5	23.7	23.3	24	23.4	22.2	21.2	21		23.6	12
2009	21.4	23.1	24.6	27.1	27.4	25.6	24.9	25.4	24.6	24.1	21.2	21.6		24.2	12
2010	20.1	22.4	24	27.4	28.5	25.4	23.6	23.2	23.2	23.2	21.3	20.8		23.6	12
2011	23.4	24.1	25	27	28.1	26.2	24.9	23.8	22.9	22.1	24.5	22		24.5	12
2012	22.6	25.3	25.9	25.8	27.5	24.7	24	24.2	24.3	24.4	22.8	23		24.5	12
2013	22.4	24.7	24.1	27	26.9	24.6	24	24.4	23.9	24.8	23	21.6		24.3	12
2014	21	24.9	26.1	26.8	25.3	24	24.7	24.8	23.8	23.1	22.1	21		24	12
2015	21	22.7	25.1	28.3	27.1	25	24.2	25.4	24.3	24.5	24.6	23.2		24.6	12
2016	22.2	22.1	25.6	27.6	27.9	24	24.5	24.6	24.3	24.6	23	23.4		24.5	12
2017	22.7	25.6	26.2	26.4	26.9	24			23.9	23.9	23.6	22		24.5	10
2018	20.7	24.6	26.6	26.6	26.7	24	24.9	24.4	24.2	24	23.1	21.6		24.3	12
2019	22.5	25.2	25.7	27	27.7	25.3	25	25.9	25.8					25.6	9
2020			27.3	29.3	27.4	24.6	25.4	24.6	24.6	24.4	24.1	22.8		25.4	10
2021	24	25.1	26.6	28	26.4	25	25.2							25.8	7
2022	23.4	23.3	25	29.5	28	24.4	25.3	25	24.1	23.6	23.2	22.6		24.8	12
2023	22.8	24.9	27.6	28.9	29.1	28.4	25.6	25.9	25.9	25	23.4	22.9		25.9	12
2024	24	24.8	29.2	28.5	30.9									27.5	5
MÍNIMA	20.1	21.5	24	25.8	25.3	23.7	23.3	23.2	22.9	21.6	21	19.2		23.5	5
MÁXIMA	24	25.6	29.2	29.5	30.9	28.4	25.6	25.9	25.9	25	24.6	23.4		27.5	12
MEDIA	22	23.8	25.8	27.4	27.5	25	24.6	24.6	24.1	23.7	22.6	21.8		24.6	11
DESV.ST	1.1	1.2	1.2	0.9	1.1	1	0.6	0.7	0.7	0.9	1.1	1		0.9	2
