COMISIÓN NACIONAL DEL AGUA
COORDINACIÓN GENERAL DEL SERVICIO METEOROLÓGICO NACIONAL
BASE DE DATOS CLIMATOLÓGICA NACIONAL 

ESTADÍSTICA MENSUAL
EMISIÓN   : 25/10/2024 

DATOS DISPONIBLES EN LA BASE DE DATOS A: OCTOBER DE 2024; 
CON LA INFORMACIÓN SUMINISTRADA POR LAS UNIDADES ADMINISTRATIVAS 

 ESTACIÓN  : 7119 
 NOMBRE    : MOTOZINTLA (SMN) 
 ESTADO    : CHIAPAS 
 MUNICIPIO : MOTOZINTLA 
 SITUACIÓN : OPERANDO 
 CVE-OMM   :   
 LATITUD   : 15.36416667 ° 
 LONGITUD  : -92.24805556 ° 
 ALTITUD   : 1260 msnm 


LLUVIA MÁXIMA 24 H.
AÑO	ENE	FEB	MAR	ABR	MAY	JUN	JUL	AGO	SEP	OCT	NOV	DIC	ACUM	PROM	MESES
1922		0	4.7	9.5	8.7	21	10.5	16.2	18	22.2	10	0.01	120.81	11	11
1923	0	0.01	0	55	38.5	28.7	38	23.7	18.2	7.6	0	0	209.71	17.5	12
1924	0	9	0.01	0	6	18	21	16	29	11	0	0	110.01	9.2	12
1926	0.01	0.01	0.01	2.8	9.4	29.8	16.5	12.5	16.7	16.2	0.01	0	103.94	8.7	12
1927	0.01	0.01	0.01	8.7	20.5	31.3	6.4	14.8	18.2	30.8	23.2	0.3	154.23	12.9	12
1928	0.01	0.01	3.7	0.3	20.5	30.2	16.8	22.3	19.3	13.9	5.8	5.9	138.72	11.6	12
1929	0.01	0.01	0.3	1	23.4	21.5	19.3	15.5	20.8	12.1	8.5	0.01	122.43	10.2	12
1930	0.01	1.2	0.01	16	16.2	20.2	26.2	15.5	20.5	25.1	0	0.01	140.93	11.7	12
1931	0	0.01	0.01	6	17.6	20.2	20.2	22.3	27.5	20.6	0.01	19.8	154.23	12.9	12
1933	0.3	0.01	0.01	12.3	19.9	22.8	19.8	29.2	61.3	15	1	2	183.62	15.3	12
1934	1	0.01	0.01	7.2	20.1	30	20.2	18.1	20.3	21.5	4.2	0.01	142.63	11.9	12
1935	0.5	0.2	1.2	7.3	23.2	23	26.5	25	39	19.5	0.01	0	165.41	13.8	12
1936	0	0.01	29	6	1.3	52	19.8	19.3	22.5	16.2	2	0.01	168.12	14	12
1937	2	0.3	0.01	14.6	19.7	40.5	22.4	12.5	22.7	29.7	0	0.3	164.71	13.7	12
1938	0	15.8	6	5	20.5	23.2	22.3	18.7	22.9	13	11.8	0.01	159.21	13.3	12
1939	0.01	0.01	0.01	8.6	18.8	23.3	19.2	27.7	20.2	20.7	0		138.53	12.6	11
1940	0	0	0.01	0.01	20.1	21.2	10.8	21.7	23.3	19.5	18.1	22.6	157.32	13.1	12
1941	0.01	1.2	1.3	6.5	50.7	18.1	13.8	49.9	24.5	12.1	23.5	4.1	205.71	17.1	12
1942	11												11	11	1
1943	0.01	0	0.01										0.02	0	3
1944	0	0.01	39.9	4.9	22.8	21.2	12.5	21.2	79	17.5	0.2	12.2	231.41	19.3	12
1945	0	0	0.01	0.01	14.1	20.5	32.3	17.5	25.5	41	2	0	152.92	12.7	12
1946	0.01	1.6	0.01	23.8	20.1	22.5	22.5	17	18.8	33	9.3	0	168.62	14.1	12
1947	0.4	0.7	0.01	16.7	30.6	25.8	27.3	24.4	30.5	18.5	18.2	1.9	195.01	16.3	12
1948	0.1	3.5	0	0.7	22.5	18.3	21	12.1	23	8.3	5	0.01	114.51	9.5	12
1949	0	0.01	0	26.2	14.8	15.2	15.3	13.2	46	38.3	0.01	0.01	169.03	14.1	12
1950	4.8	0.01	0.01	2.5	33.5	22	19	14.2	18	19.2	16.7	0.01	149.93	12.5	12
1951	0	0	0.01	0.2	28.5	15.1	15	25.8	30.5	13	1.5	0.01	129.62	10.8	12
1952	0	0	3.7	6.2	32	23.8	16.8	18.7	10	22	8.6	0.01	141.81	11.8	12
1953	0	0	0.01	16.5	18.2	32	42	21.2	22	52.4	0.01	5.5	209.82	17.5	12
1954	0	0	0	18	20.5	57.2	22.4	23.7	24.2	24.8	2.5	0	193.3	16.1	12
1955	0.01	1.8	0.01	3	9.5	25.1	26.5	23.2	27	76.5	6	4	202.62	16.9	12
1956	0.01	16	1.8	2	24.7	37.2	21.7	20.2	37	15	4.8	0.01	180.42	15	12
1957	1	0.01	7	21.5	4	20.5	13.5	13	23.5	10.2	3	2.7	119.91	10	12
1958		5.8	7	15	22	35	22	74	29	16	7.6	10	243.4	22.1	11
1959	0.3	0	0	3.2	16	42.6	14.7	33.5	24.2	45.2	1	0	180.7	15.1	12
1960	0.01	0.01	0.01	11	17.8	39.2	46.6	28	19.8	65	1.5	0	228.93	19.1	12
1961	0.3	2	13	18.7	30.5	21.8	26	33.5	33.3	28.6	36	1.3	245	20.4	12
1962	0.01	0	0.5	16	16	50.2	36	29.5		3.3	1.2	9.5	162.21	14.7	11
1963	0.01	0.01	0.01	3	12.2	25.5	28.5	24.5	75	4.5	46.2	0	219.43	18.3	12
1964	0.01	0	0.01	12	17.5	34	24	34	0	23.2	5	3.1	152.82	12.7	12
1965	0.01	1.6	0	1.7	28	35.5	44	23.5	41.5	20	12	0.01	207.82	17.3	12
1966	0	6		32.5	15.3	24.5	27.5	14.5	19.8	17.5	1	0	158.6	14.4	11
1967	1	0	0	0.5	0.5	22.5	31.5	29	42.5	32.5	5	8	173	14.4	12
1968	2	3	0	3	29.5	33	22.5	14	17	26	3.5	6	159.5	13.3	12
1969	0	0	1.5	11	21	39		37.5	36	19.5	1.5	0	167	15.2	11
1970	31.5	0	3.5	0	22.5	32	65.5	27	35	36	4	0	257	21.4	12
1972	1.5	0	0	8	26	43.5	34.5	32	25.5	10	16	0	197	16.4	12
1973	0	0	0	23	70.5	26	21	68	18	21.5	21	0	269	22.4	12
1974	0	0	5.8	1	33	42.5	20.5	24.5	43	12	0	0	182.3	15.2	12
1975	0.5	0	0	0	24.5	20.5	26	25	42.5	35	1.5	2.5	178	14.8	12
1976	0.5	0	0	7.4	24.6	31.5	34	13.5	21	14.5	14	0	161	13.4	12
1977	0	0	0	18	26		55.8		29	18	12	17.6	176.4	17.6	10
1978	1.5	0	0	13.8	33.8	28	26.6	25.6	0	26.6	12.5	0	168.4	14	12
1979	0	0	0	0	0	12.8	25.5	48	25	14		1.5	126.8	11.5	11
1980	0	0	0	8	10	16	16	16	36	140.7	3	0	245.7	20.5	12
1981	0	0	0	0	8	5.5	4.5	5	32	3	0	0	58	4.8	12
1982	0	0	0	10	20.5	12.4	5.8	14	4	17	0	0	83.7	7	12
1983	0	20	4	0	0	9	5			3	4	0	45	4.5	10
1984	0	0	0	18	10.3	9.5	12.9	12.5	14	6	0	0	83.2	6.9	12
1985	0	0	2	0	6	10	8.5	20.5	20.3	13	1.5	0	81.8	6.8	12
1986	0	9	0		100					53	60.2	0	222.2	31.7	7
1987	0	0	7	0	20.4	22	17.2	17.5	20	3	0	0	107.1	8.9	12
1988	3	3	1	4	5	20.5	12	20	23	8.5	7.6	0	107.6	9	12
1989	0	0	5	0	16.5	28	22	25	38	17.5	14.5	16	182.5	15.2	12
1990	14	5	0	20.5	17	54	14	19	20	8	12	0	183.5	15.3	12
1991	0	0	0	0	13	20	7	22	30	18	1	12.3	123.3	10.3	12
1992	0	6.5	5.4	5	35	20	20.1	24	10.5	9.4	1.5	33	170.4	14.2	12
1993	9	0	16	17	30	30		33	50	20	1	0	206	18.7	11
1994	3	0	0	0	34	28	29	46	24	16	10.4	0	190.4	15.9	12
1995	0	0	8	22	35	23	40	112.3	30	17	2	10	299.3	24.9	12
1996	0	0	0	30	29	44	26	22	16	26	2	11	206	17.2	12
1997	10	14.5	0.01	2	22	20	22	39	41	60	155	13.5	399.01	33.3	12
1998	0	0	0	0	22	22	23	28	175	30	31	21.5	352.5	29.4	12
1999	0	0.01	0	20	20	22	25	35	19	15	0	3	159.01	13.3	12
2000	0	0	0	4	27	40	24	20	21	11	1	0	148	12.3	12
2001	0	0.01	0	0	13	17	20	17.5	20	25	0	28	140.51	11.7	12
2002	0	0	0	0	22	25	11	26	36	37	13	10	180	15	12
2003	15	15	0	3	24	30	18	38	40	30.5	14	0	227.5	19	12
2004	0	0	16	5	15	34	24.5	15	29	18	0.5	11	168	14	12
2005	13	0	20	20	21	111.5	21	37	18.5	320	11	15	608	50.7	12
2006	13	0	14	21	32	76	23	36	17	37	6	0	275	22.9	12
2007	11	0	2	28	24	31	34	21.2	32	33.3	0	0	216.5	18	12
2008	0	12	0	2.5	15.5	48.5	49	19.1	54	22	0	0	222.6	18.6	12
2009	0	0	0	20.2	24.2	28.5	25	22.5	44.8	57.5	9.7	67	299.4	25	12
2010	1.2	3.5	0	24.4	64.8	38	26.8	34	32.1	4	0	0	228.8	19.1	12
2011	0	3.3	4	1.7	29.5	26.6	35.3	28	35	49.8	0.01	1.6	214.81	17.9	12
2012	0.01	14.3	17	8	25.2	17.1	26.5	44	24.1	25	2	3.3	206.51	17.2	12
2013	10	2.4	1.2	2.7	66	17.1	41	28.2	102.9	25	25.3	0	321.8	26.8	12
2014	0.1	0	0.1	0	25.4	95.7	3	13	33	40.7	20	3.2	234.2	19.5	12
2015	0.1	0	0	0	25.9	24							50	8.3	6
2016	15	0	7	34	59	26	12	38		17	9	4	221	20.1	11
2017	0	0	0	7	23	40	22	18	23		10	1	144	13.1	11
2018			2	17.2	14.6	40	6.1	24					103.9	17.3	6
2019					23	26	44	21	21				135	27	5
2021							39	21.2	29	22	0	0	111.2	18.5	6
2022	0	0	4.1	0	7.2	5.2	10	25	20	44	0	0	115.5	9.6	12
2023	0	0											0	0	2
MÍNIMA	0	0	0	0	0	5.2	3	5	0	3	0	0	0	0	1
MÁXIMA	31.5	20	39.9	55	100	111.5	65.5	112.3	175	320	155	67	608	50.7	12
MEDIA	1.9	1.9	2.9	9.4	23.1	29.2	23.2	25.7	30	27.6	9	4.5	175.5	15.4	11.2
DESV.ST	4.9	4.3	6.4	10.2	15.1	16.2	11.4	14.4	21.8	36.3	18.6	9.5	80.2	6.8	2.1

LLUVIA TOTAL MENSUAL
AÑO	ENE	FEB	MAR	ABR	MAY	JUN	JUL	AGO	SEP	OCT	NOV	DIC	ACUM	PROM	MESES
1922		0	10.11	9.5	31.85	46.81	29.1	101.82	76.71	133.91	34.94	0.01	474.76	43.2	11
1923	0	0.01	0	55.03	98.03	229.91	177.32	114.72	77.73	23.82	0	0	776.57	64.7	12
1924	0	14.02	0.01	0	29.02	139.54	129.04	88.54	97.06	50.03	0	0	547.26	45.6	12
1926	0.03	0.03	0.01	4.05	33.12	167.33	107.93	90.36	106.42	59.65	0.02	0	568.95	47.4	12
1927	0.03	0.05	0.02	29.94	40.76	167.54	44.39	44.79	142.51	65.22	33.43	0.31	568.99	47.4	12
1928	0.03	0.02	4.26	0.33	87.43	172.7	107.35	130.86	124.36	45.05	10.17	5.91	688.47	57.4	12
1929	0.02	0.01	0.3	1.05	82.16	129.15	144.33	116.65	168.03	53.44	17.7	0.03	712.87	59.4	12
1930	0.02	1.22	0.03	30.95	58.72	143.24	108.88	74.06	173.43	120.76	0	0.01	711.32	59.3	12
1931	0	0.03	0.03	7.55	51.18	252.83	261.82	178.25	205.21	92.84	0.02	24.22	1073.98	89.5	12
1933	0.33	0.01	0.02	12.8	85.67	206.53	115.01	169.12	230.42	65.93	1.21	3.01	890.06	74.2	12
1934	1	0.01	0.05	14.36	64.16	181.71	128.01	102.81	160.91	66.65	5.43	0.03	725.13	60.4	12
1935	0.51	0.2	1.41	8.52	118.22	146.93	109.81	145.95	144.51	97.92	0.01	0	773.99	64.5	12
1936	0	0.02	29.04	10.75	3.37	220.22	210.12	110.15	128.12	71.04	2.55	0.03	785.41	65.5	12
1937	4.83	0.32	0.06	23.92	119.12	163.82	91.02	106.33	109.41	111.45	0	0.32	730.6	60.9	12
1938	0	15.83	6.41	13.65	75.53	232.01	136.64	124.35	188.33	56.92	34.34	0.01	884.02	73.7	12
1939	0.01	0.03	0.07	10.53	36.17	191.75	99.33	95.46	140.62	46.96	0		620.93	56.4	11
1940	0	0	0.03	0.05	56.94	147.35	58.53	89.05	174.26	72.65	31.05	23.21	653.12	54.4	12
1941	0.01	1.2	1.42	15.45	95.54	96.03	78.5	151.25	168.73	41.64	29.33	5.12	684.22	57	12
1942	44.35												44.35	44.4	1
1943	0.01	0	0.03										0.04	0	3
1944	0	0.01	42.14	9.41	39.93	146.92	71.92	154.95	250.46	23.14	0.21	12.2	751.29	62.6	12
1945	0	0	0.05	0.01	60.82	169.92	146	77.83	99.63	88.02	2.01	0	644.29	53.7	12
1946	0.01	1.61	0.01	31.42	60.07	112.34	82.24	115.06	158.86	108.32	11.23	0	681.17	56.8	12
1947	0.44	1.23	0.01	35.7	170.64	151.93	142.3	126.55	192.52	88.23	61.31	2.32	973.18	81.1	12
1948	0.14	3.52	0	0.86	58.38	154.43	224.62	97.53	85.03	29.25	14.12	0.02	667.9	55.7	12
1949	0	0.01	0	27.28	47.66	117.8	77.34	83.07	151.53	119.33	0.01	0.01	624.04	52	12
1950	5.91	0.01	0.03	2.52	136.44	124.56	103.64	69.76	99.05	89.45	16.71	0.01	648.09	54	12
1951	0	0	0.01	0.53	66.34	101.4	132.03	126.85	233.64	34.06	1.53	0.04	696.43	58	12
1952	0	0	3.72	6.43	163.56	176.94	108.87	118.22	70.35	81.03	20.62	0.02	749.76	62.5	12
1953	0	0	0.01	16.53	44.95	188.54	122.81	71.03	168.4	179.63	0.05	5.51	797.46	66.5	12
1954	0	0	0	55.12	108.6	253.27	149.73	130.44	133.16	126.83	2.5	0	959.65	80	12
1955	0.02	1.84	0.02	3	28.85	169.12	242.7	119.83	125.53	192.34	7.53	7.02	897.8	74.8	12
1956	0.02	16.02	1.83	3.83	136.51	240.45	72.22	69.56	200.74	49.65	7.21	0.01	798.05	66.5	12
1957	1.01	0.03	13.7	27.5	19.82	137.43	101.42	88.25	193.72	13.53	3.21	2.72	602.34	50.2	12
1958		5.81	11.82	21.02	63.45	236.12	130.05	274.01	194.33	79.84	25.72	10.01	1052.18	95.7	11
1959	0.3	0	0	4.95	44.97	189.96	98.32	150.12	70.84	149.74	1.04	0	710.24	59.2	12
1960	0.02	0.03	0.01	21.13	58.86	164.25	189.94	105.31	146.95	156.02	2.85	0	845.37	70.4	12
1961	0.33	3.23	13.04	23.02	98.49	145.12	191.95	125.02	154.21	65.05	125.33	1.33	946.12	78.8	12
1962	0.02	0	0.52	59.02	59.02	229.03	145.36	117.78		13.35	1.23	9.5	634.83	57.7	11
1963	0.02	0.03	0.02	5.72	33.57	191.35	180.15	98.96	285.32	9.62	63.75	0	868.51	72.4	12
1964	0.01	0	0.04	12.03	58.73	91.49	181.83	104.89	0	68.13	11.9	6.14	535.19	44.6	12
1965	0.04	1.6	0	1.7	46.21	271.55	158.44	180.32	240.43	106.76	12.13	0.02	1019.2	84.9	12
1966	0	6.01		65.9	51.09	239.93	124.27	105.82	125.42	90.64	1	0	810.08	73.6	11
1967	1	0	0	0.5	0.5	96.33	89.54	173.45	158.41	78	8.01	8.5	614.24	51.2	12
1968	2.51	3	0	3	96.11	239.33	130.33	68.34	155.4	131.72	3.5	10	843.24	70.3	12
1969	0	0	1.5	24.5	58	266.5		305	191.5	102	2.5	0	951.5	86.5	11
1970	33.5	0	3.5	0	62	222.5	295	140	298	156.5	4	0	1215	101.2	12
1972	1.5	0	0	8	119.5	177	120.5	124.5	162	22.5	29	0	764.5	63.7	12
1973	0	0	0	36	122.5	150	118	359.5	94	129.2	49	0	1058.2	88.2	12
1974	0	0	127.6	10	125.2	207.3	82	81.5	187.4	33.8	0	0	854.8	71.2	12
1975	1.5	0	0	0	62.6	171.5	137.6	176.4	227.8	126.8	3	3	910.2	75.8	12
1976	0.5	0	0	13.7	68.7	261.4	125.7	81.3	126.4	57.3	54.7	0	789.7	65.8	12
1977	0	0	0	42.7	104.7		114.9		150.4	49.1	12	25.6	499.4	49.9	10
1978	1.5	0	0	25.3	130.4	328.6	461.9	358	0	391.4	27	0	1724.1	143.7	12
1979	0	0	0	0	0	198.8	330.6	267.4	279	192		1.5	1269.3	115.4	11
1980	0	0	0	13	94	112	187	80	223.5	316.2	8	0	1033.7	86.1	12
1981	0	0	0	0	32	82.6	46.9	61.4	65	12	0	0	299.9	25	12
1982	0	0	0	10	44	41.9	23	31	34.5	46	0	0	230.4	19.2	12
1983	0	30	4	0	0	19	6			3	4	0	66	6.6	10
1984	0	0	0	23	99	82.7	95.2	53.5	73.1	14.5	0	0	441	36.8	12
1985	0	0	2	0	14.5	32	22.5	97.8	51.4	13.1	1.5	0	234.8	19.6	12
1986	0	14	0		250					53	87.7	0	404.7	57.8	7
1987	0	0	7	0	59.5	206.4	204	128.7	124.9	4.5	0	0	735	61.2	12
1988	3	3	1	7.3	9	166.8	80.3	197.9	203	30.8	7.6	0	709.7	59.1	12
1989	0	0	8.5	0	65.2	174.6	117.8	152.3	278.1	107.7	21.5	29.5	955.2	79.6	12
1990	14	6.3	0	30	25.5	180.6	101.7	58.3	165.9	36	13.5	0	631.8	52.6	12
1991	0	0	0	0	33	102.1	23	113.4	98	70.5	1	12.3	453.3	37.8	12
1992	0	6.5	10.4	17	81.8	172.2	104.1	164.5	25.5	25.8	1.5	60	669.3	55.8	12
1993	9	0	24	39	66.5	184.7		229.5	188	74.5	1	0	816.2	74.2	11
1994	3	0	0	0	90	120	101	150	107.5	62.5	23.9	0	657.9	54.8	12
1995	0	0	8	34	142.5	161	245.5	233.9	169.9	86	2	25	1107.8	92.3	12
1996	0	0	0	84	83.5	233	133.01	85.9	84.3	41.12	3	11	758.83	63.2	12
1997	10	14.5	0.01	4	86	107.61	93.01	230.5	433	396.5	172.51	14.5	1562.14	130.2	12
1998	0	0	0	0	44.02	142	113.51	200.91	453.1	193.53	122.11	22.5	1291.68	107.6	12
1999	0	0.01	0	20.11	57.01	180.01	143.02	234.5	158.02	102.53	0	3	898.21	74.9	12
2000	0	0	0	4	127	178.5	57	143	122	33	1	0	665.5	55.5	12
2001	0	0.01	0	0	60.01	79.01	114	135.01	97.03	84.01	0	36.01	605.09	50.4	12
2002	0	0	0	0	56.32	123.51	58.02	121.5	233.41	82.2	13.02	10	697.98	58.2	12
2003	15	15	0	3	90.02	168.02	110.3	204.51	215.61	84.51	19	0	924.97	77.1	12
2004	0	0	16.11	5.4	46	108.05	117.1	60.53	133.92	105.5	0.51	11	604.12	50.3	12
2005	13	0	35	20	88.51	257.5	109.01	189.01	147.52	523.01	15	15	1412.56	117.7	12
2006	17	0	17.8	38	160.01	289.91	149.31	178.01	118.5	131.02	8	0	1107.56	92.3	12
2007	11.01	0	2	74.21	82.71	176.64	132.8	170.1	136.1	161.5	0	0	947.07	78.9	12
2008	0	12	0	2.51	60.4	303.2	371.5	152.9	213.01	91.51	0	0	1207.03	100.6	12
2009	0	0	0	24.4	127	132.3	92.6	95.1	197.6	118.5	19.3	105.8	912.6	76	12
2010	1.2	5.7	0	62.8	216.2	258	274.6	262.91	251.04	6.5	0	0	1338.95	111.6	12
2011	0	8.2	4.01	5.91	88.11	195.5	162.7	176.11	218.41	186.02	0.02	1.61	1046.6	87.2	12
2012	0.02	19.13	26	12.32	81.42	129.22	116.11	147.92	138.72	91.03	2.02	3.31	767.22	63.9	12
2013	10	2.4	1.2	2.7	158.03	129.22	150.5	178	221.4	84.3	36.8	0	974.55	81.2	12
2014	0.1	0	0.1	0	113	205	3	51.69	218	249.7	59.3	12.5	912.39	76	12
2015	0.1	0	0	0	86.8	115.8							202.7	33.8	6
2016	417	0	13.5	43.1	90.8	170.7	73.3	153.8		19.4	18	4	1003.6	91.2	11
2017	0	0	0	7	88.5	235.3	78.2	98.8	137		10	1.1	655.9	59.6	11
2018			2	18.8	29.8	143.4	15.1	179.6					388.7	64.8	6
2019					47.7	104.9	87.4	77.8	127				444.8	89	5
2021							134.05	113.03	154.46	159.94	0	0	561.48	93.6	6
2022	0	0	4.1	0	10.24	17.84	72.43	160.85	161.34	348.13	0	0	774.93	64.6	12
2023	0	0											0	0	2
MÍNIMA	0	0	0	0	0	17.84	3	31	0	3	0	0	0	0	1
MÁXIMA	417	30	127.6	84	250	328.6	461.9	359.5	453.1	523.01	172.51	105.8	1724.1	143.7	12
MEDIA	6.7	2.3	4.9	15.8	75.1	167.2	127.9	136.7	159.6	98.4	16	6	759.6	66.2	11.2
DESV.ST	43.5	5.3	15.1	18.7	45.5	62.7	75.3	64.5	75.6	89.5	29	14.3	304.6	24.3	2.1

EVAPORACIÓN MENSUAL
AÑO	ENE	FEB	MAR	ABR	MAY	JUN	JUL	AGO	SEP	OCT	NOV	DIC	ACUM	PROM	MESES
1964										2			2	2	1
1973											74.1	102.4	176.5	88.2	2
1974	89.7	59.9	65.9	122.8	106.7	74.6	85.8	102.4	44.9	44.8	57.1	55.6	910.2	75.8	12
1975	50.3	36.9	41	53.2	57.2	38.8	39.1	102.6	42.2	39.2	50.9	43.6	595	49.6	12
1976	41.4	76	61.7	62.1	50.9	41.6	47.6	76.2	44.5	64.1	40	42.6	648.7	54.1	12
1977	44	42.1	44.1	44.8	45.7		83.4		75.9	42.9	44	45.7	512.6	51.3	10
1978	53.6	41.2	61.5	80	57.9	45.8	46.4	49.3		47.8	40.2	38.8	562.5	51.1	11
1979	39	37	41.2	41.1	44.2	42.9	41.8	41.9	40.8	71.9		58.9	500.7	45.5	11
1980	62	43.8	63.5	72.2	147.5	44.8	127.3	69.1	76.3	70.1	136.2	71.5	984.3	82	12
1981	68.37	63.58	67.43	88.37	96.17	138.42	106.65	124.68	95.94	75.55	59.24	45.3	1029.7	85.8	12
1982	38.81	34.92	55.07	58.27	81.91	70.27	76.72	74.77	84.06	75.33	50.32	63.82	764.27	63.7	12
1983	47.97					80.88	58.4			35.68	65.42	46.84	335.19	55.9	6
1984	41.36	37.87	48.35										127.58	42.5	3
1985										59.45	49.76	34.82	144.03	48	3
1986	38.92				150.2						145.42		334.54	111.5	3
1987					177.97	139.42	133.7	133.4	123.09	109.56	126.01	144.29	1087.44	135.9	8
1988	135.5	153.88	154.68	163.75	178.97	135.46	152.06	119.38	100.11	129.5	139.1	128.96	1691.35	140.9	12
1989	158.24	158.23	92.45	115.31	160.56	129.01	171.3	128.53	131.69	127.18	135.01	130.18	1637.69	136.5	12
1990	157.71	139.82	210.88	168.14	156.91	131.43	142.58	145.19	101.77		143.62	123.91	1621.96	147.5	11
1991	133.44	148.27	191.37	190.21	168.55	135.29	120.81	142.26	97.45	104.93	127.23	128.38	1688.19	140.7	12
1992	130.97	154.76	179.4	146.23			132.06			105.34	141.83	119.92	1110.51	138.8	8
1993	140.66	148.09	172.82	130.31	174.42	125.81		95.88	113.32	107.24	125.74	117.8	1452.09	132	11
1994	133.87	151.17	182.67	148.45	158.45	108.92	118.79	123.11	116.77	112.88	122.11	121.08	1598.27	133.2	12
1995	140.2	150.74	157.03	156.78	156.52	127.63	108.4	112.98	103.36	107.45	126.79	114.21	1562.09	130.2	12
1996	126.42	149.4	195.66	160.51	132.65	128.05	99.04	114.14	118.19	114.63	118.2	121.39	1578.28	131.5	12
1997	135.78	131	142	155	141.82	104.1	124.24	119.86	99.56	93.95	110.99	115.45	1473.75	122.8	12
1998	130.22	142.97	154.69	153.34	149.63	144.02	134.78	147.08	82.13	130.69		95.62	1465.17	133.2	11
1999	117.61	144.11	189.78	181.25	186.42	99.43	124.53	103.68	85.1	100.57	110.09	97.34	1539.91	128.3	12
2000	121.68	140.33	184.18	172.01	116.68	107.79	120.54	118.9	84.12	110.85	113.51	109.44	1500.03	125	12
2001	112.97	139.51	182.44	181.94	157.78	132.38	138.33	149.77	88.13	103.32	109.65	98.35	1594.57	132.9	12
2010												53	53	53	1
2011	84	117.2	160.1	162	163.2	135.7	83.1	95.2	56.48	35.84	51.69	67.5	1212.01	101	12
2012	81.43	126.23	153.91	161.83	138.54	121.21	145.64	123.8	124.72	103.91	84	80.33	1445.55	120.5	12
2013	79.37	122.16	153.44	184.11	159.11	104.71	129.39	93.75	11.82	93.57	64.97	16.34	1212.74	101.1	12
2014	80.15	83.82				32.73	100.37	69.73	47.66				414.46	69.1	6
2021							58.12	131.7	98.23	71	98.65	111.71	569.41	94.9	6
2022	116.71	109.4	146.4	124.9	125.8	146.54	149.58	95.67	69.55	68.44	117.35	105.13	1375.47	114.6	12
2023	118.37	103.05											221.42	110.7	2
MÍNIMA	38.81	34.92	41	41.1	44.2	32.73	39.1	41.9	11.82	2	40	16.34	2	2	1
MÁXIMA	158.24	158.23	210.88	190.21	186.42	146.54	171.3	149.77	131.69	130.69	145.42	144.29	1691.35	147.5	12
MEDIA	95.3	106.2	126.9	128.8	130.1	102.4	106.7	107.3	84.2	82.6	96.1	86.4	966.7	96.9	9.3
DESV.ST	40.5	46	58.9	48.2	44.7	38.1	36.8	28.7	30.2	32.8	36.8	35.8	565.1	38.2	3.9

TEMPERATURA MÁXIMA PROMEDIO
AÑO	ENE	FEB	MAR	ABR	MAY	JUN	JUL	AGO	SEP	OCT	NOV	DIC	ACUM	PROM	MESES
1922		21.7		27.8	28.6	31.3	30.5	28.5	27.8	27.5	28.2	28.5		28	10
1923	27.3	26	27.9	27.5	28.2	27.8	27.9	27.6	27	25.1	25.9	26		27	12
1924	25.8	25.5	27.9	29.3	29.1	27.6	29.6	30	28.7	30.2	28.6	28.3		28.4	12
1926	33	28.1	29.8	30.9	30.2	28	27.3	27.5	26.9	27.4	26.6	27.7		28.6	12
1927	25.4	28.3	29.5	29	29.3	27.7	28	28.5	26.5	26.4	25	28.8		27.7	12
1928	27.7	30.6	32.2	28.9	28.6	27.7	28.5	28.7	28.1	27.9	28	28		28.7	12
1929	29.5	30.4	31.2	32.4	29.8	29.4	29	28.9	27.9	26.6	28	27		29.2	12
1930	28.6	29.6	32.8	31.2	30.4	27.2	27.2	30.2	28.7	27.6	27.6	27.8		29.1	12
1931	27.9	29.3	30.2	30.4	30.4	28.7	27.8	28.3	28.8	27.4	27.7	28.5		28.8	12
1933	28.2	30.3	31.7	32.5	31.2	27.8	28.7	28.2	27.4	26.8	27.1	28.6		29	12
1934	26.7	27.6	28	31.5	29.1	27.2	28	28.6	28.4	26.8	27.2	26.9		28	12
1935	26.1	26.7	30.1	30.8	29.1	27.8	28.3	27.5	28.2	26.3	26.7	27.6		27.9	12
1936	28.6	30	30.5	31	31.4	28.2	27.2	27.7	28.3	27	25.8	26.5		28.5	12
1937	28.9	29	30.1	30.2	28.9	28.2	28.2	28.4	27.7	27.1	26.8	26.9		28.4	12
1938	26.5	28.6	29.4	29.6	29.6	26.9	27.9	27.4	26.1	25	25.6	26.7		27.4	12
1939	27.5	28.5	29.7	30.5	30.7	27.3	28.3	28.6	26.9	27.5	24.8			28.2	11
1940	26.7	28.2	29.7	31.4	31.7	28.3	29.3	29.1	27.1	26.8	26.3	27		28.5	12
1941	26.9	28.6	30.6	31.7	31.1	29.6	27.8	30.1	27.3	28	26.2	27.8		28.8	12
1942	30.7													30.7	1
1943	27	30.6	30.5											29.4	3
1944	27.2	29.3	29.3	29.9	30.8	27.1	29.3	27.5	27	26.9	28.8	26.7		28.3	12
1945	27.7	28.7	30.3	30	29.7	29.1	28	28.2	27.7	27.7	28.2	28.1		28.6	12
1946	27.8	29.3	30.3	31.1	29.7	28.5	30.4	28.4	27.2	26.5	28.1	27.6		28.7	12
1947	27.8	28.1	29.8	29.7	29.3	27.5	28.1	27.6	27.3	27.9	27	26.9		28.1	12
1948	27.9	29.4	29.5	30.8	30.7	28.5	27.8	28.8	28.3	28.1	28.7	28.7		28.9	12
1949	28.3	30.1	30.1	30	30.9	28.5	28.5	29.5	27.4	27.4	26.2	27.6		28.7	12
1950	28.5	29	29.9	30.2	29	27.5	27.7	29.1	27.9	26.1	26.5	26.9		28.2	12
1951	28	28.5	29.3	30.6	29.5	28.8	27.8	28.8	26.7	27.5	28.3	28.2		28.5	12
1952	28.8	28.6	30.2	31	28.8	27.9	28.4	28.4	27.7	25.7	28.1	28		28.5	12
1953	27.9	29.5	30.2	31	29.7	28.2	28.5	29.8	27.9	26.4	27.7	27.9		28.7	12
1954	28.7	29.1	30.1	30.3	28.6	27.6	27.7	28.4	26.7	25.7	27.6	27.5		28.2	12
1955	28	28.4	29.7	30.3	30.5	28.6	26.3	27.7	26.5	25.9	27.6	26.8		28	12
1956	26.3	29	29.8	30.7	28.4	26.9	28.2	30.2	26.8	28.8	28	28.6		28.5	12
1957	26.7	30.3	29.4	30.2	31.2	28.2	28.5	29.5	27.3	27.4	28.9	26.3		28.7	12
1958		27.7	30.1	30.8	30.8	27.9	27.8	28.7	27.3	28.2	27.9	26.9		28.6	11
1959	27.3	30	29.5	31	31	27.6	28.4	27.8	28.4	26.7	26.3	26.4		28.4	12
1960	27.4	27.9	28.9	29.3	29.6	27.8	27.6	27.7	27	26.9	26.5	24.9		27.6	12
1961	25.7	26.5	29.4	29.3	29.6	27.2	26.2	27.6	25.4	25.4	23.2	25.2		26.7	12
1962	24.9	27	27.6	27.5	27.6	25.3	25.6	25.6		25.7	25	25.8		26.1	11
1963	25.8	26.3	28.4	29.1	30.2	27.5	26.3	27.1	24.7	24.9	24.8	24.3		26.6	12
1964	25.5	26.2	29.1	29.4	28.8	26.3	25.4	26.5	25	23.8	24.4	23.3		26.1	12
1965	24.6	26.1	27.8	27.9	28.7	25.9	26	24.6	25.4	22.9	24.2	24.3		25.7	12
1966	24.1	25.6		27.2	26.8	25.9	25.4	25.7	24.9	24.4	22.4	23.5		25.1	11
1967	23	25.4	27	28.3	28.3	32.5	27.9	27.4	29.2	28.1	31	30.4		28.2	12
1968	30.8	29.8	30.3	30.3	30.7	30.9	31.1	29.7	30	30.9	29.6	30.4		30.4	12
1969	33.5	34.2	33.2	35.3	36.2	33.3		33.5	33.6	34.8	34.9	34.5		34.3	11
1970	34.2	34.2	37.4	39.1	37.7	36	34.4	34.8	32.4	33.8	33	33.6		35	12
1972	34.6	36.1	37.4	37.9	36.4	35.4	37.6	36.2	37.3	36.7	38.3	39.2		36.9	12
1973	39.6	39.2	39.8	39.4	38.3	34.8	35.4	36.1	38.3	37.8	38.9	36.7		37.9	12
1974	38.5	39.4	39.4	40	39	37.9	39	39.1	38.6	37.3	38.1	38.2		38.7	12
1975	37.7	37.9	40.1	39.9	40	38.9	38.6	38.4	38.5	38.7	38.3	35.7		38.6	12
1976	36.5	40	41.5	41.5	41.4	38.7	40.6	40.8	40.4	39.9	41.2	42.2		40.4	12
1977	42.4	41.4	42.2	41.5	41.1		42		41.7	42.3	42.9	40.4		41.8	10
1978	40.8	42	41.6	41.7	41.6	34.5	34.6	39.3	36.9	35.1	37.6	36		38.5	12
1979	36.5	40.8	39.7	40.2	38.2	38.1	39		40.1	34.8		40.8		38.8	10
1980	41.4	42.5	41.6	36.6	42.2	40.4	31.7	36.4	26.6	35.3	35.1	34.2		37	12
1981	25.1	24.8	25.9	28.4	28.7	27.5	28.8	27	29.2	29.1	28.4	28.4		27.6	12
1982	29.6	28.9	29.7	30.2	27.8	27	27.9	28.8	29.5	28.7	28.4	27.2		28.6	12
1983	28.1	28.8	29.5	29.6	29	26.6	27.8			29.6	29.2	27.5		28.6	10
1984	29	27.6	28.6	30.1	27.6	26.9	26.7	28.1	27.6	28.5	28	27		28	12
1985	28	29.2	28.6	28.4	28.6	28.4	28.5	29	27.9	28.1	27.7	27.9		28.4	12
1986	28.3	27	28.1		24.4					24.5	28.3	26.5		26.7	7
1987	26.8	26.9	28	27.6	28.8	28.2	28	26	25.2	23.3	23.8	23.5		26.3	12
1988	21.8	27.1	28.1	29.4	30.5	29.5	28	27.2	26.7	25.8	27.9	25.4		27.3	12
1989	27.3	26.2	22.5	23	28.5	26.9	27.7	27.1	25.2	25.4	26.7	24.8		25.9	12
1990	26.7	26.1	26.5	29.5	29.4	27.8	27.4	28.1	26.1	26.5	25.4	25.6		27.1	12
1991	26.4	26.5	28.5	29.1	29.4	28.6	28.8	29.2	27.1	25.7	25.2	25.6		27.5	12
1992	25.8	26.9	29	30	31.6	30	27.6	27.9	26.6	27.5	26	27.1		28	12
1993	27.7	28	28.4	29.6	30.4	28.1		26.8	26.1	26.1	25.9	25.8		27.5	11
1994	26.2	27.4	28.9	31	30.7	28.8	29.8	28	27.6	27.4	26.9	26.7		28.3	12
1995	26.2	29.8	30.3	31.6	30.6	30.1	29.4	28	29.1	27.2	27.6	27.7		29	12
1996	26.7	28.1	28.8	29.6	30.3	30	28.7	29.4	29.1	28.7	27.5	27.3		28.7	12
1997	27	28.4	29	30.3	30.8	29.9	31.3	31.8	32.7	31.9	30.5	29.8		30.3	12
1998	29.4	30.3	31.9	32.3	33.2	31.2	29.6	29.5	27.7	27.3	26	25.6		29.5	12
1999	26.2	28.2	29.9	30.1	30.8	29	28.4	29.2	27.8	26.3	25	26.3		28.1	12
2000	27.2	28.1	30	30.9	30	29.4	29.4	28.2	27.6	26.9	28.4	25.9		28.5	12
2001	25.6	27.8	27.5	29.6	29	27.9	27.7	27.6	26	26.3	25.4	25.2		27.1	12
2002	26	26.4	27.9	29.3	30.1	26.5	27.6	29.3	28.2	27.1	26.3	26.1		27.6	12
2003	25.7	27.2	28.3	29.4	29.2	27.4	28.5	28.1	27.7	27.4	27.5	25.7		27.7	12
2004	26.2	27.4	29.2	29.6	29.3	28.9	28.7	29.4	27.8	27.8	27.1	26.1		28.1	12
2005	26.1	28.4	28.3	29.5	29.2	27.7	27.8	27.9	27.3	25.5	25.7	26.6		27.5	12
2006	27.2	27.1	28.1	28.5	27.8	27.1	27.3	28	27.5	27.4	26.5	26		27.4	12
2007	26.3	27.4	28.6	29.3	28.8	28.1	30.1	29	27	27.3	35.2	27.1		28.7	12
2008	28.5	29.2	30.1	32.9	31.4	27.9	31.3	30	29.2	26.5	26.6	27.2		29.2	12
2009	28	27.3	28.4	31.2	31.1	31.2	32	32.2		29.9	30.1	27.1		29.9	11
2010	27.6	28.9	29.3	29.3	28.3	26.8	26.7	26.7	26.6	26.1	26.4	24.3		27.2	12
2011	25.3	25.7	27.9	28.9	29.7	28.3	28.5	28.9	27.5	26.6	27.6	26.3		27.6	12
2012	25.1	26.5	28.7	30.4	28.9	28.2	29.2	28.7	28.9	28.2	26.1	26.2		27.9	12
2013	27.5	27.7	30.8	33	30.9	28.2	28.8	29.1	27.4	28.3	25.6	24.6		28.5	12
2014	25.3	26.5	30.5	29.7	30.1	29	29	29.3	28.4	28.7	26.6	26		28.3	12
2015	24.5	24	30.3	30.7	29.5	27.4								27.7	6
2016		26.5	28.6	29.8	30	30.2	29.8	29.9		30.2	29.7	31.1		29.6	10
2017	30.9	32	32.4	34.7	33.4	34.4	34	34.1	34.5		32.2	29.9		33	11
2018			32.5	35.1	36.5	33.2	37.2	33.7						34.7	6
2019					37.2	36.9	37.7	37.4	37.3					37.3	5
2021							32.4	32.7	31	32.2	32.7	32.4		32.2	6
2022	31.8	31.8	35.5	35.4	34.1	32.8	32.3	33.1	30.4	31.2	31.1	30.4		32.5	12
2023	30	30.4												30.2	2
MÍNIMA	21.8	21.7	22.5	23	24.4	25.3	25.4	24.6	24.7	22.9	22.4	23.3		25.1	1
MÁXIMA	42.4	42.5	42.2	41.7	42.2	40.4	42	40.8	41.7	42.3	42.9	42.2		41.8	12
MEDIA	28.5	29.3	30.6	31.2	31	29.4	29.6	29.6	28.9	28.4	28.4	28.3		29.6	11.2
DESV.ST	4	4	3.7	3.5	3.5	3.2	3.5	3.2	3.8	3.7	4	3.9		3.5	2.2

TEMPERATURA MÁXIMA EXTREMA
AÑO	ENE	FEB	MAR	ABR	MAY	JUN	JUL	AGO	SEP	OCT	NOV	DIC	ACUM	PROM	MESES
1922		26		29.7	30.1	35	37	31	32	30	33	31		31.5	10
1923	33	30	32	31	31	30	31	30	29	28	28	28		30.1	12
1924	28	28	31	31	35	30	33	33	32	33	38	39		32.6	12
1926	36	31.9	31.8	33	33.4	32	30.8	29	29	29.6	30.2	30		31.4	12
1927	29.4	31	32.6	31	33.2	32.8	30.3	31.8	30.3	29	30	32.5		31.2	12
1928	32.6	32.8	33	30.4	30.4	30.8	30.2	31	30.2	30.8	32.8	32.4		31.4	12
1929	32.4	33.5	35	35.2	33.8	32.3	30.7	30.8	30.7	29.5	32	30		32.2	12
1930	31.7	33	35	34.7	34.5	29	28.4	33.3	30.8	30.4	31.8	31.8		32	12
1931	31.8	31.3	33.4	33.1	32.5	31.8	29.9	30.7	30.8	30.4	31.3	30.8		31.5	12
1933	31	32.6	34.8	35	34	31	30.6	31.8	31	29.4	31.2	30.9		31.9	12
1934	30.1	31.2	32	34	32	31	31	30.4	39.7	29.4	31	31.8		32	12
1935	30.2	31.4	33	34.2	31.4	31	30.3	30	30.2	30	30.1	31		31.1	12
1936	31	32	32.1	34	33	36	30	30.2	31.2	30	30	30		31.6	12
1937	31	31.3	32	32.8	32	30	31	30.1	30	29.1	31	29.9		30.9	12
1938	30	30.4	31	32	32.8	29.2	29.8	29.6	28.8	28	29.2	30.4		30.1	12
1939	30.1	30.2	32.3	33.2	33.1	30	31.2	31.2	30	30.8	30			31.1	11
1940	31.2	31.2	33.4	33.6	33.4	31.7	32.1	31.8	32.2	30.1	29.9	30.5		31.8	12
1941	30.5	31.1	34.7	33.6	33.8	31.8	29.8	32.6	29.2	31	30.6	32.2		31.7	12
1942	34.8													34.8	1
1943	31.7	33.4	33											32.7	3
1944	31.1	31.5	32	32.2	33.5	31	31.5	29.7	29.1	29	31.2	30.7		31	12
1945	31	31	32	32	32.9	33.2	30	30	30	31	30.5	30		31.1	12
1946	30.5	31.1	34.2	34.2	31.1	32.2	32.6	30.8	31	29	30.6	30.5		31.5	12
1947	31.8	31.4	32.2	32.2	33	29.9	30	30.8	29.5	30.4	30	29.4		30.9	12
1948	31	32.2	32.8	34.5	32.7	32.6	30	30.1	31.8	30.2	31	31.2		31.7	12
1949	30	32.7	32.8	33.5	35.5	31	31.3	32	29.5	30	30.3	30.8		31.6	12
1950	31.5	32.8	33.2	33.2	32.5	30.8	30	32.2	31	28.8	29	30		31.2	12
1951	31	32.6	33	34	34.2	32	31	31.3	29.8	30	31.5	31		31.8	12
1952	31.2	32.8	33.8	33.8	33	32.6	30	30.2	31	30	30	31.2		31.6	12
1953	31.3	32.8	33	35	33.5	30.3	32.2	33.1	30	30.2	31	33		32.1	12
1954	31.8	31.2	34	33	32.5	29.2	29.2	30	29.4	28.8	30.6	30		30.8	12
1955	30.5	31.8	32	35.2	33	31.6	29	30	30	30.6	30	30		31.1	12
1956	30	31.4	33.2	33.8	31.3	29.3	31	33.7	30	31.6	32	31		31.5	12
1957	30	32.7	32	33.6	34	32.2	31.2	31.4	31	31.9	31.2	30.8		31.8	12
1958		31.2	31.7	33	35	30.8	30.2	30.8	29.7	30.2	30.1	30		31.2	11
1959	30.2	31.8	32	32.7	33.4	32	31	30	30.8	29.3	30	29.3		31	12
1960	30.7	30.7	31.2	31.2	33.8	30	30	30.4	29.4	29.8	28.4	28.2		30.3	12
1961	28	30	32.5	31.2	32.8	31	29	30.4	27.2	28.2	26	27		29.4	12
1962	29	28.2	29	30	30	29	28	28		28	28	29		28.7	11
1963	28	29	30.2	31	32.8	31	29	29.8	28.2	27.2	29	28		29.4	12
1964	28	28	31	31	32.8	28.5	27.5	28.5	27.5	27	27	25		28.5	12
1965	27.2	29.5	30	29.6	31	30.2	29	27.5	28.5	25.8	28	28		28.7	12
1966	28.8	28		31.5	30	30.2	27.2	29.5	27	27	26	27		28.4	11
1967	27	28	28	31	30.5	45	30.5	33	33	33.5	35	35		32.5	12
1968	34	34	36	36	35	35	39	38	33	34.5	33	34		35.1	12
1969	39	37	44	42	45	38.5		36.5	37	36.5	38	36.5		39.1	11
1970	37	37	39.5	40	40.5	40	38	39.5	35	38	36	35		38	12
1972	38.5	39	40	44	41	41	41	40	39	42	41	41		40.6	12
1973	41	43	43	43	43	40	40	40	41	40	42	40		41.3	12
1974	40	42	42	43	41	41	41	41	41	40.5	41	40		41.1	12
1975	40.5	41	41.5	42	43	42	41.5	40	41	40	40	39		41	12
1976	43	42	44	44	44	42	43	44	43	42	45	44		43.3	12
1977	45	43.5	45	45	44		45		44	47	47	43		44.9	10
1978	44	45	45.5	46	46	36	38.6	44	40	38.6	43	39.8		42.2	12
1979	42.3	45	42.8	44	42	42	42.5		43.8	37.3		44		42.6	10
1980	45	49	45.5	38.5	45	46	34.5	40	38.5	40	38	38.5		41.5	12
1981	28.5	28.5	34	33.5	36.5	34	33.5	32.5	33.5	33.5	33	33.5		32.9	12
1982	33.5	34	33.5	33.5	33	33.5	32	33	39	31.5	33.5	33.5		33.6	12
1983	31.5	31.5	31.5	33.5	31.5	31	31.5			33	31.5	31		31.8	10
1984	33	31.5	31.5	33.5	39	31	30.5	31.5	31.5	32	31.5	31.5		32.3	12
1985	31.5	31.5	32	30.5	32	31.5	31.5	33	31.5	31.5	31.5	31.5		31.6	12
1986	31.5	30	31.5		29					32	29.5	29.5		30.4	7
1987	31	32.5	31.5	31	31.5	31	30	29	29	29	29	29		30.3	12
1988	28	31	31	32	33	34	30	29	28	29	32	29		30.5	12
1989	30	29.5	24.5	25	32.5	31	31	30	28.5	29	30	28.5		29.1	12
1990	29	30	30	33	32.5	30	31	31	28.5	33	28	30		30.5	12
1991	29.5	31	32	32	32	32	32.5	31.5	29.5	29	29	29.5		30.8	12
1992	30	29.5	31	33	34	31.5	29	31	31.5	30	28.5	29.5		30.7	12
1993	31	30	30.5	32	32	33.5		30	28.5	29	28.5	28		30.3	11
1994	28	30	32	32.5	33	33	32	30	29.5	29	29	29		30.6	12
1995	28.5	33	34	35	34	33	32	31	32	29.5	30.5	32.5		32.1	12
1996	31	33	33	32	33	33	31	32	31	32.5	30	30		31.8	12
1997	30	31	31	32	32.5	32	34	35	35	36	34	33		33	12
1998	32	32.5	34.5	35	35.5	33	32	31.5	31	30	29	28		32	12
1999	30.5	33	34	34	34	32	32	32	30	29	29	30		31.6	12
2000	30	30	34	34	33	35	31	31	30	31	31	30		31.7	12
2001	29	32	32	32	32	32	30	34	29	30	27	28		30.6	12
2002	29	31	33	32	33	30	30	32	35	30	33	29		31.4	12
2003	30	30	31	33.5	32	30	31	32	30	30	30	29		30.7	12
2004	29	31	31	32	32	32	31	32	30	30	31	30		30.9	12
2005	30	31	31	32	31	30	30	30	30	29	28	29		30.1	12
2006	30	30	30	31	32	29	29	30	29	30	30	29		29.9	12
2007	30	29	31	31	32	30	38	33	30	33	46	36		33.2	12
2008	39	33	37	41	44.5	31	38.5	36	35	31	30	29		35.4	12
2009	33	33	30	38	38.5	38	37	38		33	39	33		35.5	11
2010	32	32	30	32	33	30	29.5	30	29	31	29	28		30.5	12
2011	27	29	30	34	32	33	32	32	30	30	30	32		30.9	12
2012	28	30	32	35	35	30	32	32	39	34	31	28		32.2	12
2013	30	31	44	38	36	30	33	33	30	34	28	27		32.8	12
2014	28	29	37	32	35	31	31	31	31	32	31	33		31.8	12
2015	34	29	34	35	33	31								32.7	6
2016		30	34	33	34	34	33	33		34	32	33		33	10
2017	33	34	34	36	37	39	37	37	37		36	34		35.8	11
2018			39	39	39	38	39	38						38.7	6
2019					40	42	42	41	41					41.2	5
2021							36	36	35	36	36	36		35.8	6
2022	35	35	38	40	38	38	37	37	33	36	35	34		36.3	12
2023	33	33												33	2
MÍNIMA	27	26	24.5	25	29	28.5	27.2	27.5	27	25.8	26	25		28.4	1
MÁXIMA	45	49	45.5	46	46	46	45	44	44	47	47	44		44.9	12
MEDIA	32	32.4	33.8	34.3	34.5	33	32.6	32.6	32.1	31.7	32	31.7		32.9	11.2
DESV.ST	4.1	4.1	4.2	3.9	3.9	3.9	4	3.6	4.1	3.8	4.4	3.9		3.6	2.2

TEMPERATURA MÍNIMA PROMEDIO
AÑO	ENE	FEB	MAR	ABR	MAY	JUN	JUL	AGO	SEP	OCT	NOV	DIC	ACUM	PROM	MESES
1922		12.5		17.2	18.6	17.4	15.5	12	11.5	10.8	10.1	7.9		13.3	10
1923	6.9	7.3	8.2	9.3	10.4	10.2	9.2	9	9.1	9.8	6.8	6.2		8.5	12
1924	6.3	6.9	8.4	9.8	10.9	9.8	9.5	9.5	9.4	9	18	22.4		10.8	12
1926	5.2	12.5	15.3	17.5	18	18.5	17.7	17.5	17	17.5	14	13.6		15.4	12
1927	11.8	14.4	15	17.3	18.4	17.9	17.4	17.1	17.6	16.6	14.9	13.3		16	12
1928	11.7	13.8	13.8	21.1	21	19.9	17.6	17.3	18.1	16.6	15.5	13.4		16.7	12
1929	13.2	12.9	15.9	16.9	18.2	18.1	17.1	17.1	17.9	17.2	16.5	13.8		16.2	12
1930	12	13.7	15.3	15.9	18.9	18	17.4	16.8	17.9	18.2	14.8	13.3		16	12
1931	12.7	14.3	15.6	17.1	18.2	19.1	18.4	17.5	18.1	18.1	12.3	14.5		16.3	12
1933	13	12.7	14.3	16.3	18.6	18	17.6	17.5	17.9	16.5	11.7	13.6		15.6	12
1934	15	15.5	15.7	15.2	16.8	16.6	15.8	16.2	16.8	16	14.7	13.6		15.7	12
1935	10.6	11.2	13.2	16.2	17.6	16.8	16.6	16.4	16.4	16.6	13.5	11.6		14.7	12
1936	12.6	13.9	16.2	15.9	17	17.6	16.8	16.3	16.4	16.9	15.1	11.9		15.6	12
1937	13	13.4	15.2	17.2	17.4	17.1	16	16.5	16.6	16.6	12.7	12.2		15.3	12
1938	11.8	13.2	14.8	15.6	16.9	16.7	16	16	16.9	15.8	14.5	11		14.9	12
1939	12.6	13	13.5	16.1	16.7	16.8	15.6	15.9	16.6	15.9	12.2			15	11
1940	11.6	11.7	14.8	16.6	17.3	17.3	16.3	16	16.5	16	14.3	13.3		15.1	12
1941	12.2	12.9	15.8	17.3	17.4	17.4	16.7	16.1	16.9	16.3	14.5	14.9		15.7	12
1942	14.9													14.9	1
1943	11.9	14.2	14.6											13.6	3
1944	10.4	12	15.1	16.6	16.9	17.5	16.4	16.8	16.5	15.1	12.3	10.9		14.7	12
1945	11	13	14.6	16.3	17.3	17.6	16.4	16.8	17.2	16	14.5	12.1		15.2	12
1946	13	12.7	14	15.3	18	16.8	15.8	15.8	16.4	16.1	15.1	13.1		15.2	12
1947	13.9	13.7	15.9	17.5	17.8	17.7	17.2	16.2	16.9	17.3	15.8	13.9		16.1	12
1948	12.2	13.3	16.1	15.8	17.7	17.5	17	16.3	16.8	16.5	15.7	13.4		15.7	12
1949	11.5	12.2	14.6	17.1	17.2	17.3	15.8	16.5	16.7	16.5	12	11.6		14.9	12
1950	12.4	12.2	15.4	15.5	17.4	17.2	15.9	16.1	17.1	16	13	9.9		14.8	12
1951	11	10.8	14.1	16.1	17.6	17.4	16.9	17.1	17.6	16.3	14.9	12.6		15.2	12
1952	11.5	12.9	14.8	16.9	17.5	17.9	16.9	16.7	17.5	15.7	14.3	11.4		15.3	12
1953	11	12.8	14	17.4	18.2	17.9	17	16.8	17.4	16.9	15.1	13.1		15.6	12
1954	11.2	11.6	14.8	15.9	17.4	17.3	16.4	16.3	17	15.6	12.9	11		14.8	12
1955	10.9	11.7	13.3	15.8	16.2	17.1	17	16.5	16.7	16.7	14.2	12.7		14.9	12
1956	9.1	12.7	13.8	16.1	16.5	17	15.4	15.9	16.8	16.2	13.7	12.3		14.6	12
1957	11.9	12.8	14.3	16.1	17.7	18	16.7	15.8	17.1	15.1	13.6	11.1		15	12
1958		12.1	15.5	16.8	17.3	17.6	16.6	16.3	16	16.6	15.1	13.1		15.7	11
1959	12	11.6	14.7	15.9	16.4	16.9	16	15.7	15.8	16.1	13.4	11.8		14.7	12
1960	11.7	11.6	13.2	15.5	17.6	17.3	16.8	17	17.3	16.8	14.5	12.2		15.1	12
1961	12.3	13.1	14.4	16.7	17.3	16.5	16.1	14.8	16.2	16	14.1	12.7		15	12
1962	11.5	11.8	14.6	15.9	15.9	17	16.4	16.6		16.7	12.7	11.4		14.6	11
1963	11.3	12	14.9	15	16.5	17.1	16.5	16.3	17.3	15.8	15.1	11.9		15	12
1964	11.7	11.7	15.1	17.1	16.4	15.1	15.9	15.3	15.4	14.9	13.2	11.9		14.5	12
1965	9.6	12.1	12.7	14.6	16.2	16.2	15.1	15.2	15.9	15.2	13.8	12.7		14.1	12
1966	11.5	13.2		16	16.5	17.1	16.7	16.3	16.4	15.7	12.6	10		14.7	11
1967	10.7	12.3	14.4	14.8	16.1	16.4	15.5	14.5	14.3	13.8	13.6	13.5		14.2	12
1968	11.6	11.7	11.5	11.8	11.1	12.1	11.1	12	11.9	11.5	10.8	10.2		11.4	12
1969	9.7	11.3	12.4	16.6	18.1	17.6		15.7	15.5	16.4	13.9	10.9		14.4	11
1970	10.4	10.8	11.1	10.8	13.1	16.4	16.2	16.1	15.3	15.9	12.4	9.3		13.2	12
1972	11.2	11.5	13.4	16.4	16.3	16.5	17.2	15.5	15.4	14.9	15.6	12.7		14.7	12
1973	10.5	11	14.7	16.5	17.4	17.4	16.4	16.8	14.6	14.2	12.6	11		14.4	12
1974	9.3	10.4	10.9	12	15.8	15.1	15.2	14.6	14.2	13.5	11.3	8.6		12.6	12
1975	9.3	10.4	11.9	13.4	13.9	14.1	13.1	13.2	13.5	13.9	11.5	8.4		12.2	12
1976	10.2	10	12.1	14.4	14.1	15.2	13.1	12.8	12.7	12.5	12.2	11.3		12.6	12
1977	9.8	10.5	10.6	11.7	13.3		12.4		11.9	11.6	11.8	10.4		11.4	10
1978	10.2	8.4	11.9	13.5	14.3	11.2	11.5	12.5	12.2	11.6	12.1	11.1		11.7	12
1979	11.2	12.3	11.5	11.3	11.6	11.3	11.8		11.6	11.2		10.2		11.4	10
1980	11.8	10.7	11.9	13.6	11.2	11.9	15.3	16.5	8.6	15.4	13.3	11.6		12.7	12
1981	7	7.2	8.5	10.5	10.4	9.9	11.2	9.6	11.1	11.9	11.5	10.8		10	12
1982	10.2	10.8	12.6	11.9	11.2	10.3	10.3	10	10.9	9.9	9.8	9.1		10.6	12
1983	9.4	9.8	10.7	12.6	11.6	10.6	9.9			11.1	11.4	10		10.7	10
1984	10.1	9.8	9.7	11.9	10.4	9.4	9	9.4	9.4	10.1	9.5	8.8		9.8	12
1985	9.5	10.1	9.3	10.2	10.5	9.6	10	9.6	9.7	9.8	9.3	9.7		9.8	12
1986	9.6	12.4	9.5		15.2					16.3	14.3	13.2		12.9	7
1987	11.1	12.4	14.9	14.8	16	16.8	15.8	15.8	15.7	14	13.6	12.9		14.5	12
1988	12.6	13.4	14.7	16.4	16.5	16.7	15.4	16	16	15.3	14.2	12.3		15	12
1989	11.7	11.6	12.2	12.3	16.3	16.5	15.5	16.4	16.7	15.5	15.2	12.4		14.4	12
1990	12.2	13	14.5	15.7	17.7	16.7	16.1	15.9	16.7	15.7	15.2	12.5		15.2	12
1991	13.1	12.7	15.4	17.2	17.3	17.7	16	15.7	16.3	16	13.9	13.6		15.4	12
1992	13.5	12.9	14.7	16.5	17.2	15.1	15.2	15.2	13.5	15.1	14.9	15.3		14.9	12
1993	12.4	12.4	14.5	16.2	17.1	16.2		15.5	16.1	16	13.5	12.1		14.7	11
1994	12.5	13.1	14.8	15.9	17.1	15.8	15.3	15.5	15.7	15.3	14.9	13.9		15	12
1995	13	13.3	14.3	17	16.1	16.4	15.7	16.5	16.5	15.7	14.1	14		15.2	12
1996	11.7	11.5	12.6	15.4	15.9	15.7	15	14.9	15.3	15	13.3	11.8		14	12
1997	11.3	12.2	14	15.7	15.3	16.3	15.8	16.8	18	17.7	17.8	16.6		15.6	12
1998	15.1	16.8	17.3	17.2	17.9	17.2	16.1	16.5	16.6	17.1	14.8	13		16.3	12
1999	12.2	12.1	13	15.9	17	15.4	15.7	15.7	17.1	15.5	13.1	13		14.6	12
2000	10.5	12	13.5	14.6	15.5	15.8	14.6	15.5	16.4	16.4	15.2	12.2		14.3	12
2001	12.2	14	13.1	17.1	18.4	16.5	17	16.9	17.2	17.1	14.8	14.7		15.8	12
2002	13.2	15.3	16.1	16.1	18.2	17.8	16.9	16.6	17.6	16.8	15.1	14.2		16.2	12
2003	12.9	14.8	16.7	17.6	19	17.8	17.6	17	17.8	17.1	16.7	11.8		16.4	12
2004	13.1	15.8	16.2	17	18.6	17.9	17.2	17.2	17	17.1	14.3	13.8		16.3	12
2005	11.5	13.9	18.5	18.5	16.6	16.5	15.2	15	15.2	15.2	13.7	12.1		15.2	12
2006	12.2	11.9	12.3	14.3	15.4	15.2	15.2	15.1	15.1	15.4	13.4	13.6		14.1	12
2007	12.3	12	12.7	14.9	15.8	14.9	13.7	14.2	14.4	13.2	5.3	9.6		12.8	12
2008	7.8	7.2	7.4	8.1	10.5	13.9	10.1	9.1	12.4	13.4	6.9	7.6		9.5	12
2009	6.9	7.2	8.9	7.1	11	11.3	6.8	10.7		8.7	8.5	9.6		8.8	11
2010	9.2	12.3	12.1	14.6	15.5	15.8	15.7	15.3	14.6	13.2	10.8	8		13.1	12
2011	9.9	11.8	12.6	14.5	15.1	15.2	15	15.1	14.9	14.1	12.8	11.5		13.5	12
2012	10.1	11.5	11.8	12.8	15.3	14.6	13.5	14.8	14.2	13.9	10.1	9.5		12.7	12
2013	9.9	10.2	10.8	12.8	14.8	14.6	12.1	14.2	12.9	14	12.6	11.6		12.5	12
2014	10.5	10	11.1	13.6	14.6	15.2	14.8	14.5	15	13.3	13.4	13.7		13.3	12
2015	13.2	12.6	14.1	15.1	13.8	13.3								13.7	6
2016		11.5	14.2	14.3	15.1	14.6	14.2	15.2		14.7	13.6	12.7		14	10
2017	11	11.5	13	14.1	15.2	14.4	14.9	14.9	15		12.7	9.1		13.3	11
2018			11.7	13.5	15.2	14.2	13.2	13.4						13.5	6
2019					14.7	14.8	14	14.1	14.6					14.4	5
2021							13.3	13.3	13.8	14.3	12.7	13.7		13.5	6
2022	13.9	13.8	14.2	12.9	14.3	14.7	14.7	13.8	14.1	14.1	13.9	14.8		14.1	12
2023	14.8	14.7												14.8	2
MÍNIMA	5.2	6.9	7.4	7.1	10.4	9.4	6.8	9	8.6	8.7	5.3	6.2		8.5	1
MÁXIMA	15.1	16.8	18.5	21.1	21	19.9	18.4	17.5	18.1	18.2	18	22.4		16.7	12
MEDIA	11.3	12.1	13.5	15	15.9	15.8	15.1	15.2	15.3	15	13.3	12		14.1	11.2
DESV.ST	1.8	1.8	2.2	2.4	2.4	2.4	2.4	2.1	2.3	2.2	2.2	2.2		1.8	2.2

TEMPERATURA MÍNIMA EXTREMA
AÑO	ENE	FEB	MAR	ABR	MAY	JUN	JUL	AGO	SEP	OCT	NOV	DIC	ACUM	PROM	MESES
1922		9		13.3	16.6	11	10	8	10	5	7	1		9.1	10
1923	4	5	5	6	8	8	8	8	8	6	4	2		6	12
1924	3	3	6	7	9	8	8	7	7	5	2	14		6.6	12
1926	3	5.7	11	15.4	15.8	16.6	15.5	14.2	14.6	12	9	11		12	12
1927	8	11	11	15	15.2	15.4	15	15	15.2	11.1	9	10.4		12.6	12
1928	7.6	10.8	12	19.4	17	16.5	15.2	15.8	16.2	12.5	8.2	6.2		13.1	12
1929	10	9.2	9	13.6	15	16.6	15	14.8	15.3	12.8	12.7	10.3		12.9	12
1930	9	7.2	13	10.7	16.9	12	14.2	14.4	15.2	15.6	11	8.4		12.3	12
1931	9.4	7.2	11	12.3	15	17.1	16.2	14.2	14.3	15	7.3	11.7		12.6	12
1933	9.5	10	11.1	13.4	15.6	15.6	14.3	15.2	16.2	11.1	9	9		12.5	12
1934	9.2	11.1	11	12.1	15	14.2	13.2	14.3	14.1	11.5	11	9.8		12.2	12
1935	6	7	5	13	15.4	14.8	14.8	14.2	14.8	12	9.6	7.6		11.2	12
1936	10	10	13	11.8	14	15	15	13.8	14	14.7	9.3	8		12.4	12
1937	9.9	10	11.6	13.4	15.8	14	13.1	14.5	13.8	13.8	8.9	8.2		12.2	12
1938	5	8.4	10.3	11.3	13.4	13.8	13.8	12.2	14	12.5	11.2	8		11.2	12
1939	9.8	11.2	10.3	12.1	14	14.8	13.2	14	14	10.9	6.1			11.9	11
1940	7.1	7.2	11.8	14.6	13	15	14	13.8	14.2	11.7	9	8.9		11.7	12
1941	7.5	9.1	10.8	13.8	15	15.2	13.3	14	15.8	13	11.2	11.2		12.5	12
1942	9.8													9.8	1
1943	8.3	9	9.6											9	3
1944	5.1	8.5	12.2	12.1	13	15	13.8	14.5	14.5	9	8.2	7.3		11.1	12
1945	7.3	10	12	11.9	13.8	15.9	15	14.9	14.4	12.1	11.1	6.9		12.1	12
1946	10	10	10.1	12.7	15.3	14	11.8	13.5	14	13.7	12.5	8		12.1	12
1947	11	8	12.1	14.7	14.9	15.8	15.8	13.5	15.3	15	10.8	9.7		13.1	12
1948	7.4	10.9	10.9	12.8	14.7	15	14.8	14.2	13.2	13.9	11.5	10.9		12.5	12
1949	9.5	10.6	11	14	13.8	15.2	13	12.9	14.4	13.5	7.4	7.6		11.9	12
1950	10.4	9.6	11	11.5	15	14.5	13	12.6	15.1	13	7.2	6.8		11.6	12
1951	7.2	6.2	10.7	12.8	15.6	15.3	14.2	14.8	13.7	12.6	8	10		11.8	12
1952	9.3	7.8	10.5	13	15.6	15.6	15	15	15.8	10.5	10.5	8.5		12.3	12
1953	5	8	11	15	14.6	15.7	14.6	14.8	15	14	9.5	9.5		12.2	12
1954	8.6	8.8	11.2	12.8	15	15.4	14	14.4	14.7	12.2	8.8	8.3		12	12
1955	7	7	10	13	11.8	14	14.6	14	14	14.4	12	8.3		11.7	12
1956	4	10	10	12.9	13.4	14.7	13.2	12	14.8	12	10	9.7		11.4	12
1957	9.4	9	10.6	14	14.7	16	13.8	10.3	14.6	10	10	6.6		11.6	12
1958		8	11	14.8	14	15	13	14	14	12.2	12.6	9.2		12.5	11
1959	7.3	9.2	10.6	10.3	10.2	13.4	13.1	12.6	14	13.5	10	8.5		11.1	12
1960	6.2	7.3	9.9	10	15	15	14	15.6	15	15	11	6.9		11.7	12
1961	9.5	9.1	9	13	12	15	14	12.5	14	13.5	9	9		11.6	12
1962	9	9	10.5	13	13	14.8	14	15		14	10	9		11.9	11
1963	8.8	1	7	12	14	15	14	12	15	12	11	7		10.7	12
1964	1	11	13	14	10	12	14	12	0.26	12	11.8	9		10	12
1965	6	7	8.8	12.5	12	14	12.5	12.5	13.5	9	10	8		10.5	12
1966	6	9.8		11.5	13	16	15	13	14.5	12	8.2	7.5		11.5	11
1967	7	10	11	2	15	13	14	11	10.5	3.5	10.5	9		9.7	12
1968	1	7	8	7	7	7	6	7.5	8	7.5	7	7		6.7	12
1969	5	8	7	13	15	11		11	10	13	10	7		10	11
1970	6	8	10	9	9.5	11	11	12	11	11	8	7		9.5	12
1972	8.5	5	10	13	11	12	15	12	11	11	12	9		10.8	12
1973	8	8	9	11	14	14	11	14	11	10	10	7		10.6	12
1974	7	7	8	9	12	13	13	12	11	9	8	6		9.6	12
1975	5	7	8	11	10	11	10	11	11	11	6.5	5		8.9	12
1976	7	8	10	11	11	12.5	11	11	10	11	10	8.5		10.1	12
1977	6	8	9	9	11		10		9.5	8.5	9	7		8.7	10
1978	7	5	10	5	11	7.5	8	9.8	9.8	10	9.5	8.5		8.4	12
1979	8.4	4.5	10.5	8.9	10	8.9	10		9.7	7.5		7		8.5	10
1980	10	6	10	10	8	10	12.5	7.5	4.5	1.4	8.5	7		8	12
1981	4.5	4.5	4.5	5.5	5.5	5.5	5.5	5.5	5.5	5.5	6.5	6.5		5.4	12
1982	7	8.5	9.5	9.5	9.5	7.5	6.5	7.5	7.5	8	6.5	6		7.8	12
1983	5.5	6.5	6	9.5	6.5	8.5	6			9	9	9		7.6	10
1984	9	6	7	9.5	8	6	6.5	6	6.5	8.5	8	6		7.2	12
1985	6	8	7	9	7.5	7.5	6	6	7	6	6	7		6.9	12
1986	6	9	6		12					11	9	10		9	7
1987	5.5	6.5	11.5	11	14	15	13	14	12	12	10	9		11.1	12
1988	6	11	10	13	13	15	13	14	14	11	11.5	8		11.6	12
1989	10	4	7	10	13	14	13	14	11	12	12	6		10.5	12
1990	9	8.5	8	12	13	11	12	13	15	10	11.5	11		11.2	12
1991	10	9	11	12	14	16	14	13	13	11	7	10		11.7	12
1992	11	9	12	13	15	13.5	12	12.5	11	10.5	11.5	13		12	12
1993	9	8	11	14	14	12.5		13	13	14	10	9		11.6	11
1994	10	9	11.5	13.5	14	13	13	13	14	13	11	11		12.2	12
1995	10	11.5	12	15	14	13.5	14	12	14	13	12	10.5		12.6	12
1996	7	8	8	10	13.5	14	13	12	13	13	10	10		11	12
1997	9	10	10	13	10	15	14	15	16.5	15.5	16	13		13.1	12
1998	12	14	16	15.5	16.5	16	13	14	15	15	11	8		13.8	12
1999	9	10	9	12	14	11	13	13	15	9	10	8		11.1	12
2000	8	8	10	7	10	12	9	12	12	12.5	11	9		10	12
2001	9	11	9	14	16	11	15	14	14	15	11	11		12.5	12
2002	8	11	13	12	15	16	14	14	15	13	9	11		12.6	12
2003	10	11	14	12	12	14	15	13	16	13	14	8		12.7	12
2004	11	11	11	12	16	15	13	15	14	14	8	8		12.3	12
2005	1.2	10	16	15	12	15	13	13	14	11	9	8		11.4	12
2006	6	6	9	9	11	11	12	13	13	12	4	10		9.7	12
2007	8	7	9	12	13	11	11	13	11	9	1	6		9.2	12
2008	0	0	0	2	0	10	2	3	5	7	1	4		2.8	12
2009	1	1	5	1	5	4	1	4		4	1	2		2.6	11
2010	3	9	9	12	11	14	13	11	12	9	6	5		9.5	12
2011	6	8	8	12	10	13	12	13	13	9	8	5		9.8	12
2012	3.5	9	2	9	11	12.5	11	11	12	10	5	6		8.5	12
2013	8	7	8	9	10	12.5	9	10	10	10	9	8		9.2	12
2014	7	7	8	11	9	13	13	11	12	10	10	10		10.1	12
2015	9.9	9	11	12	11	10								10.5	6
2016		9	11	13	13	12	12	13		14	9	8		11.4	10
2017	8	9	9	11	12	11	14	14	14		7	4		10.3	11
2018			8	10	11	10	11	11						10.2	6
2019					12	13	10	11	13					11.8	5
2021							11	11	11	12	10	10		10.8	6
2022	11	11	12	10	10	12	13	11	10	11	11	12		11.2	12
2023	13	13												13	2
MÍNIMA	0	0	0	1	0	4	1	3	0.26	1.4	1	1		2.6	1
MÁXIMA	13	14	16	19.4	17	17.1	16.2	15.8	16.5	15.6	16	14		13.8	12
MEDIA	7.4	8.3	9.7	11.4	12.5	13	12.3	12.3	12.5	11.1	9.1	8.2		10.6	11.2
DESV.ST	2.6	2.4	2.5	3	3	2.8	3	2.7	3	2.9	2.7	2.3		2.1	2.2

TEMPERATURA MEDIA MENSUAL
AÑO	ENE	FEB	MAR	ABR	MAY	JUN	JUL	AGO	SEP	OCT	NOV	DIC	ACUM	PROM	MESES
1922		17.1		22.5	23.6	24.4	23	20.2	19.6	19.1	19.1	18.2		20.7	10
1923	17.1	16.6	18	18.4	19.3	19	18.5	18.3	18	17.5	16.3	16.1		17.8	12
1924	16	16.2	18.1	19.6	20	18.7	19.6	19.8	19	19.6	23.3	25.4		19.6	12
1926	19.1	20.3	22.6	24.2	24.1	23.2	22.5	22.5	22	22.4	20.3	20.6		22	12
1927	18.6	21.4	22.2	23.1	23.9	22.8	22.7	22.8	22	21.5	20	21		21.8	12
1928	19.7	22.2	23	25	24.8	23.8	23	23	23.1	22.2	21.8	20.7		22.7	12
1929	21.4	21.6	23.6	24.6	24	23.8	23	23	22.9	21.9	22.2	20.4		22.7	12
1930	20.3	21.6	24	23.6	24.6	22.6	22.3	23.5	23.3	22.9	21.2	20.6		22.5	12
1931	20.3	21.8	22.9	23.8	24.3	23.9	23.1	22.9	23.5	22.8	20	21.5		22.6	12
1933	20.6	21.5	23	24.4	24.9	22.9	23.1	22.9	22.6	21.6	19.4	21.1		22.3	12
1934	20.9	21.6	21.9	23.4	23	21.9	21.9	22.4	22.6	21.4	21	20.2		21.8	12
1935	18.4	19	21.6	23.5	23.4	22.3	22.5	22	22.3	21.5	20.1	19.6		21.4	12
1936	20.6	22	23.4	23.4	24.2	22.9	22	22	22.4	22	20.4	19.2		22	12
1937	21	21.2	22.6	23.7	23.1	22.6	22.1	22.4	22.1	21.9	19.8	19.5		21.8	12
1938	19.1	20.9	22.1	22.6	23.2	21.8	22	21.7	21.5	20.4	20	18.9		21.2	12
1939	20	20.8	21.6	23.3	23.7	22	22	22.2	21.8	21.7	18.5			21.6	11
1940	19.1	20	22.2	24	24.5	22.8	22.8	22.6	21.8	21.4	20.3	20.1		21.8	12
1941	19.5	20.8	23.2	24.5	24.2	23.5	22.2	23.1	22.1	22.1	20.4	21.4		22.2	12
1942	22.8													22.8	1
1943	19.4	22.4	22.6											21.5	3
1944	18.8	20.6	22.2	23.2	23.9	22.3	22.9	22.1	21.8	21	20.6	18.8		21.5	12
1945	19.4	20.9	22.4	23.1	23.5	23.4	22.2	22.5	22.4	21.9	21.4	20.1		21.9	12
1946	20.4	21	22.1	23.2	23.9	22.6	23.1	22.1	21.8	21.3	21.6	20.4		22	12
1947	20.9	20.9	22.9	23.6	23.6	22.6	22.6	21.9	22.1	22.6	21.4	20.4		22.1	12
1948	20	21.4	22.8	23.3	24.2	23	22.4	22.6	22.6	22.3	22.2	21		22.3	12
1949	19.9	21.1	22.4	23.6	24	22.9	22.1	23	22	22	19.1	19.6		21.8	12
1950	20.4	20.6	22.6	22.9	23.2	22.4	21.8	22.6	22.5	21	19.8	18.4		21.5	12
1951	19.5	19.6	21.7	23.4	23.6	23.1	22.4	23	22.1	21.9	21.6	20.4		21.9	12
1952	20.1	20.8	22.5	24	23.1	22.9	22.6	22.5	22.6	20.7	21.2	19.7		21.9	12
1953	19.4	21.1	22.1	24.2	24	23	22.8	23.3	22.6	21.6	21.4	20.5		22.2	12
1954	20	20.4	22.5	23.1	23	22.5	22	22.4	21.9	20.6	20.2	19.2		21.5	12
1955	19.4	20	21.5	23	23.4	22.9	21.6	22.1	21.6	21.3	20.9	19.8		21.5	12
1956	17.7	20.9	21.8	23.4	22.4	22	21.8	23	21.8	22.5	20.9	20.5		21.6	12
1957	19.3	21.6	21.9	23.1	24.4	23.1	22.6	22.6	22.2	21.2	21.2	18.7		21.8	12
1958		19.9	22.8	23.8	24	22.8	22.2	22.5	21.6	22.4	21.5	20		22.1	11
1959	19.6	20.8	22.1	23.4	23.7	22.2	22.2	21.8	22.1	21.4	19.9	19.1		21.5	12
1960	19.5	19.8	21	22.4	23.6	22.6	22.2	22.4	22.1	21.9	20.5	18.5		21.4	12
1961	19	19.8	21.9	23	23.5	21.9	21.1	21.2	20.8	20.7	18.6	19		20.9	12
1962	18.2	19.4	21.1	21.7	21.8	21.1	21	21.1		21.2	18.9	18.6		20.4	11
1963	18.6	19.1	21.6	22	23.4	22.3	21.4	21.7	21	20.4	20	18.1		20.8	12
1964	18.6	19	22.1	23.2	22.6	20.7	20.6	20.9	20.2	19.4	18.8	17.6		20.3	12
1965	17.1	19.1	20.2	21.2	22.4	21	20.6	19.9	20.6	19	19	18.5		19.9	12
1966	17.8	19.4		21.6	21.6	21.5	21	21	20.6	20	17.5	16.8		19.9	11
1967	16.9	18.9	20.7	21.6	22.2	24.4	21.7	21	21.8	21	22.3	22		21.2	12
1968	21.2	20.8	20.9	21	20.9	21.5	21.1	20.9	21	21.2	20.2	20.3		20.9	12
1969	21.6	22.8	22.8	26	27.2	25.4		24.6	24.6	25.6	24.4	22.7		24.3	11
1970	22.3	22.5	24.2	25	25.4	26.2	25.3	25.4	23.9	24.8	22.7	21.5		24.1	12
1972	22.9	23.8	25.4	27.1	26.4	26	27.4	25.9	26.3	25.8	27	26		25.8	12
1973	25	25.1	27.2	28	27.8	26.1	25.9	26.5	26.4	26	25.8	23.9		26.1	12
1974	23.9	24.9	25.1	26	27.4	26.5	27.1	26.9	26.4	25.4	24.7	23.4		25.6	12
1975	23.5	24.1	26	26.6	27	26.5	25.9	25.8	26	26.3	24.9	22		25.4	12
1976	23.4	25	26.8	28	27.8	27	26.9	26.8	26.5	26.2	26.7	26.8		26.5	12
1977	26.1	26	26.4	26.6	27.2		27.2		26.8	27	27.4	25.4		26.6	10
1978	25.5	25.2	26.8	27.6	28	22.9	23	25.9	24.5	23.4	24.9	23.6		25.1	12
1979	23.9	26.5	25.6	25.8	24.9	24.7	25.4		25.9	23		25.5		25.1	10
1980	26.6	26.6	26.8	25.1	26.7	26.1	23.5	26.4	17.6	25.3	24.2	22.9		24.8	12
1981	16	16	17.2	19.4	19.6	18.7	20	18.3	20.1	20.5	20	19.6		18.8	12
1982	19.9	19.9	21.1	21	19.5	18.6	19.1	19.4	20.2	19.3	19.1	18.1		19.6	12
1983	18.8	19.3	20.1	21.1	20.3	18.6	18.9			20.4	20.3	18.8		19.7	10
1984	19.6	18.7	19.1	21	19	18.1	17.9	18.8	18.5	19.3	18.8	17.9		18.9	12
1985	18.8	19.6	19	19.3	19.6	19	19.2	19.3	18.8	19	18.5	18.8		19.1	12
1986	19	19.7	18.8		19.8					20.4	21.3	19.9		19.8	7
1987	19	19.6	21.4	21.2	22.4	22.5	21.9	20.9	20.4	18.6	18.7	18.2		20.4	12
1988	17.2	20.2	21.4	22.9	23.5	23.1	21.7	21.6	21.4	20.6	21	18.9		21.1	12
1989	19.5	18.9	17.4	17.6	22.4	21.7	21.6	21.8	21	20.4	21	18.6		20.2	12
1990	19.4	19.6	20.5	22.6	23.5	22.2	21.8	22	21.4	21.1	20.3	19		21.1	12
1991	19.8	19.6	22	23.1	23.4	23.1	22.4	22.4	21.7	20.9	19.6	19.6		21.5	12
1992	19.6	19.9	21.9	23.2	24.4	22.6	21.4	21.5	20	21.3	20.4	21.2		21.4	12
1993	20	20.2	21.4	22.9	23.8	22.1		21.1	21.1	21	19.7	19		21.1	11
1994	19.4	20.2	21.9	23.4	23.9	22.3	22.6	21.8	21.6	21.4	20.9	20.3		21.6	12
1995	19.6	21.6	22.3	24.3	23.4	23.2	22.5	22.2	22.8	21.4	20.9	20.9		22.1	12
1996	19.2	19.8	20.7	22.5	23.1	22.9	21.9	22.1	22.2	21.9	20.4	19.6		21.4	12
1997	19.1	20.3	21.5	23	23	23.1	23.6	24.3	25.4	24.8	24.1	23.2		23	12
1998	22.2	23.6	24.6	24.8	25.6	24.2	22.9	23	22.1	22.2	20.4	19.3		22.9	12
1999	19.2	20.1	21.4	23	23.9	22.2	22	22.4	22.5	20.9	19	19.6		21.4	12
2000	18.9	20	21.8	22.8	22.8	22.6	22	21.9	22	21.6	21.8	19		21.4	12
2001	18.9	20.9	20.3	23.4	23.7	22.2	22.4	22.2	21.6	21.7	20.1	20		21.4	12
2002	19.6	20.9	22	22.7	24.1	22.1	22.2	23	22.9	22	20.7	20.1		21.9	12
2003	19.3	21	22.5	23.5	24.1	22.6	23	22.6	22.8	22.2	22.1	18.8		22	12
2004	19.6	21.6	22.7	23.3	24	23.4	23	23.3	22.4	22.5	20.7	20		22.2	12
2005	18.8	21.1	23.4	24	22.9	22.1	21.5	21.4	21.2	20.4	19.7	19.4		21.3	12
2006	19.7	19.5	20.2	21.4	21.6	21.1	21.2	21.6	21.3	21.4	20	19.8		20.7	12
2007	19.3	19.7	20.6	22.1	22.3	21.5	21.9	21.6	20.7	20.2	20.2	18.4		20.7	12
2008	18.1	18.2	18.8	20.5	21	20.9	20.7	19.6	20.8	20	16.8	17.4		19.4	12
2009	17.4	17.2	18.6	19.1	21	21.2	19.4	21.5		19.3	19.3	18.4		19.3	11
2010	18.4	20.6	20.7	22	21.9	21.3	21.2	21	20.6	19.6	18.6	16.1		20.2	12
2011	17.6	18.8	20.2	21.7	22.4	21.8	21.8	22	21.2	20.4	20.2	18.9		20.6	12
2012	17.6	19	20.2	21.6	22.1	21.4	21.4	21.8	21.5	21	18.1	17.9		20.3	12
2013	18.7	19	20.8	22.9	22.9	21.4	20.4	21.6	20.1	21.1	19.1	18.1		20.5	12
2014	17.9	18.2	20.8	21.6	22.4	22.1	21.9	21.9	21.7	21	20	19.9		20.8	12
2015	18.9	18.3	22.2	22.9	21.6	20.4								20.7	6
2016		19	21.4	22	22.6	22.4	22	22.5		22.4	21.6	21.9		21.8	10
2017	21	21.8	22.7	24.4	24.3	24.4	24.4	24.5	24.8		22.5	19.5		23.1	11
2018			22.1	24.3	25.9	23.7	25.2	23.6						24.1	6
2019					26	25.9	25.9	25.8	26					25.9	5
2021							22.9	23	22.4	23.2	22.7	23		22.9	6
2022	22.9	22.8	24.9	24.1	24.2	23.8	23.5	23.5	22.2	22.6	22.5	22.6		23.3	12
2023	22.4	22.5												22.4	2
MÍNIMA	16	16	17.2	17.6	19	18.1	17.9	18.3	17.6	17.5	16.3	16.1		17.8	1
MÁXIMA	26.6	26.6	27.2	28	28	27	27.4	26.9	26.8	27	27.4	26.8		26.6	12
MEDIA	19.9	20.7	22	23.1	23.5	22.6	22.3	22.4	22.1	21.7	20.9	20.2		21.8	11.2
DESV.ST	2	2.1	2	1.9	1.9	1.8	1.8	1.7	1.9	1.8	2.1	2.1		1.7	2.2
