COMISIÓN NACIONAL DEL AGUA
COORDINACIÓN GENERAL DEL SERVICIO METEOROLÓGICO NACIONAL
BASE DE DATOS CLIMATOLÓGICA NACIONAL 

ESTADÍSTICA MENSUAL
EMISIÓN   : 25/10/2024 

DATOS DISPONIBLES EN LA BASE DE DATOS A: OCTOBER DE 2024; 
CON LA INFORMACIÓN SUMINISTRADA POR LAS UNIDADES ADMINISTRATIVAS 

 ESTACIÓN  : 7048 
 NOMBRE    : FINCA EL TRIUNFO 
 ESTADO    : CHIAPAS 
 MUNICIPIO : ESCUINTLA 
 SITUACIÓN : SUSPENDIDA 
 CVE-OMM   :   
 LATITUD   : 15.34805556 ° 
 LONGITUD  : -92.54861111 ° 
 ALTITUD   : 822 msnm 


LLUVIA MÁXIMA 24 H.
AÑO	ENE	FEB	MAR	ABR	MAY	JUN	JUL	AGO	SEP	OCT	NOV	DIC	ACUM	PROM	MESES
1963				5	45.8		75	58	161.6		0	0	345.4	49.3	7
1965									32.5	79	0	0	111.5	27.9	4
1966	0	89							126	54			269	67.2	4
1970				28.5	42	120.5	77.6	86.6	95	68.4	51.5	1.8	571.9	63.5	9
1971	31.8	0	7	25	96.6	45	55.1	89.8	123.9	67.7	23.3	19.3	584.5	48.7	12
1972	2.8	5.3	36.8	53.4	82.3	82.6	45.1	46	64.1	76.9	55.4	4	554.7	46.2	12
1973	0	0	11.2	49.7	71.6	92.2	43	143.4	67.1	82	52.1	8	620.3	51.7	12
1974	34	14.6	38.4	72.5	170.3	124.3	77.2	38.2	207.8	14.5	23.9	0	815.7	68	12
1975	11.4	3.9	53.7	49.7	76.6	107.1	110.8	48.5	89	66.8	41.4	59.2	718.1	59.8	12
1976	6.3	0	5.4	27.3	59.2	78.8	77.8	62.1	77.4	105.5	85.9	0.6	586.3	48.9	12
1977	0	0	1.4	30.3	69.1	52.7	39.3	73.6	81.2	82.6	51.7	20.3	502.2	41.9	12
1978	27.6	0	47.1	59.1	91.4	103.9	46.9	129.5	96.4	60.6	42	6.8	711.3	59.3	12
1979	0.7	17.3	21.6		79.7	37	75.2	146.5	91	51.9	3.4	4.2	528.5	48	11
1980	12.1	10.5	1	70.2	95.6	50	107	91.1	86.7	58.6	84.6	0	667.4	55.6	12
1981	0	0	25	66.4	49.2	108.4	126.2	131.5	66.4	48.2	28	12.4	661.7	55.1	12
1982	0	33.7	7.4	44.3	57.8	58.3	35.5	47.6	160.3	106.6	54.6	12	618.1	51.5	12
1983	0	81.2	40.5	5.3	65.4	74.1	110.4	74	75.5	49.2	37	39	651.6	54.3	12
1984	0.7	22.4	19.8	0	103.2	87	61	0	92.5	60	30.4	0	477	39.8	12
1985	0	0	40	32	64.4	76.6	49.6	160.4	63.7	66.3	58.8	7	618.8	51.6	12
1986	6.4	28.4	0	40.3	146.6	75.6	62.3	68.1		65.6	96.2		589.5	58.9	10
1987	0	0	30.7	20	67.4		40.5	63.4	60.6	10.3	48.7	14	355.6	32.3	11
1988	16.5	0.1	16.6	28	87.5	75.8		81	160	46.4	26.5	13.4	551.8	50.2	11
1989	3	15.7	3.5	60.3	89.5	80.2	69.8	121.6	88.4	72.3	82.9	38.7	725.9	60.5	12
1990	35	16.7	14.5	83.5		64	48.4	58.4		92	48.4	6	466.9	46.7	10
1991	19.3	0.01	3.6	24.8	91.8	58.3	66.8	48.5	112.4	89.2	24.3	69.5	608.51	50.7	12
1992	10.4	7.4	126.4	52	126.4	104.2	66.8	42.8	102	63.8	45.7	2.4	750.3	62.5	12
1993	52.2	2.4	26.4	23.3	81.7	138.5	32.5	125.4	103.4	57.8	9.2	1.5	654.3	54.5	12
1994	0	2.3	2.2	43	108.4	150.4	69.7	93.3	102	82.9	27.7	103.6	785.5	65.5	12
1995	4.2	6.5	33.4		63.5	106.8	79	230	77.5	72			672.9	74.8	9
1996	8	0	12.6	96	102.8	131.8	95.3	74.4	81.6	101.6	40.5	25	769.6	64.1	12
1997	32	0	80.5	53.3	107	0	84	97.5	249.5	52.4	89.5		845.7	76.9	11
1998						91.8		75.6	313.5	92.3	107	41	721.2	120.2	6
1999	2.4	7	23		62.2	74.7	74	95	79	102	7	10.5	536.8	48.8	11
2000	33	2.9	14.5	45.4	150.5	102.6	73.6	181	165.5	78	121	3.3	971.3	80.9	12
2001	1.2	0.1	22.8	38	153	90.2	90	105.6	93	80.8	32	0.01	706.71	58.9	12
2002	0	0.01	50.8	29.3	62.5	58	80	77	107	84	31	12.5	592.11	49.3	12
2003	98.8	9	35	34	94	104	35	213	114	141	72	0	949.8	79.2	12
2004	0.2	2.5	26.7	12.3	83.4	107.8	100	72.5	97	131	27.6	43.4	704.4	58.7	12
2005	0.01	0.8	80.7	41.2	51.8	192.5	82.9	79.5	256.1	342	13	1	1141.51	95.1	12
2006	26.5	0.01	23.1	77.5	78	64.5	69	56.5	81	91.8	98.7	31.5	698.11	58.2	12
2007	2.2	24.5	29.7	88	139.3	161.8	96.6	78.5	135.4	86.5	0.01	30	872.51	72.7	12
2008	1.7	19	8.5	77.5	52.3	108	130.5	135.8					533.3	66.7	8
MÍNIMA	0	0	0	0	42	0	32.5	0	32.5	10.3	0	0	111.5	27.9	4
MÁXIMA	98.8	89	126.4	96	170.3	192.5	130.5	230	313.5	342	121	103.6	1141.51	120.2	12
MEDIA	12.6	11.1	27.6	44.1	87.4	90.5	72.6	92.5	113.8	80.9	45.5	17.3	638.5	58.9	10.9
DESV.ST	19.9	19.9	26	24.2	32.1	36.6	25.2	47.7	58.4	49.4	31.6	23	184.9	16.1	2.1

LLUVIA TOTAL MENSUAL
AÑO	ENE	FEB	MAR	ABR	MAY	JUN	JUL	AGO	SEP	OCT	NOV	DIC	ACUM	PROM	MESES
1963				9.93	161.34		522.44	369.64	994.94		0	0	2058.29	294	7
1965									59.1	494.5	0	0	553.6	138.4	4
1966	0	89							537	373.8			999.8	249.9	4
1970				85.5	150	523.6	576	445.8	854.2	413.8	164.7	2.5	3216.1	357.3	9
1971	42.52	0	7.05	33.34	578.02	399.9	511.92	795.41	939.44	494.42	128.03	24.82	3954.87	329.6	12
1972	8.1	9.3	139.4	198.8	402.1	492.2	302.4	333.9	298.6	363.4	219.7	5.3	2773.2	231.1	12
1973	0	0	11.2	276.2	204.5	585.6	464.7	947.5	631.4	671.1	168.4	16.7	3977.3	331.4	12
1974	129.6	26.9	126.8	110.5	766.3	844	448.4	266.7	868.7	42.5	63.5	0	3693.9	307.8	12
1975	17.4	6.3	126	93.1	458.6	606.4	709.4	562.8	687.8	328.6	117.2	93.3	3806.9	317.2	12
1976	7.3	0	13.6	102.8	314.4	498.4	337.8	423.3	534	436.4	141.4	0.6	2810	234.2	12
1977	0	0	1.4	76.3	317.9	354.6	174.9	496.9	566.2	236.3	102.5	33.2	2360.2	196.7	12
1978	48	0	94.4	174.2	344.6	635.2	459.1	696.4	846	241.9	113.3	9.8	3662.9	305.2	12
1979	0.7	23.6	33.2		461.6	286.9	363.1	592.5	541	269.7	8.7	4.2	2585.2	235	11
1980	32.8	10.5	1	116	481.3	246.7	548.1	427.9	677.2	342.9	129.8	0	3014.2	251.2	12
1981	0	0	102.4	210.6	299.1	1094.9	572	721.9	684.2	389.3	31	12.4	4117.8	343.2	12
1982	0	112.2	12.4	188.1	331.7	605	282	253.8	823.9	308.7	212.5	15.9	3146.2	262.2	12
1983	0	113.2	82.4	9.7	214.8	612	465.5	567	765.2	293.9	100.5	46.8	3271	272.6	12
1984	0.8	26.4	24.9	0	581.71	691.4	507.5	0	802.9	196.3	51.6	0	2883.51	240.3	12
1985	0	0	62.9	99.7	319.7	542.5	480.8	505.7	547.21	406.91	131.5	18.6	3115.52	259.6	12
1986	12.7	36.9	0	63.8	621.9	400.3	469.7	342.7		301.6	215.3		2464.9	246.5	10
1987	0	0	30.8	22.41	199.3		198.21	492.2	447.01	23	62.3	14	1489.23	135.4	11
1988	37.9	0.1	21.1	52.5	385.71	497.7		349.2	247.3	186.7	75.2	18.8	1872.21	170.2	11
1989	10.6	18.7	6.8	107	558.2	751.6	341.91	743	774.1	358.6	144.6	51.5	3866.61	322.2	12
1990	61.71	26.1	47.3	553.8		419.81	433.3	247.2		502.71	81.9	6	2379.83	238	10
1991	40.61	0.01	6	69.7	421.6	575.7	384.8	297.7	508	445.6	31.9	188.4	2970.02	247.5	12
1992	17.6	16.7	289.8	79.7	382.8	784	383.4	322.1	926.7	422.7	160.2	4.3	3790	315.8	12
1993	126.2	4.7	72.1	86.3	374.91	649.21	251.4	696.1	626.6	472.4	17.11	1.6	3378.63	281.6	12
1994	0	6	4.2	93.7	479.2	609.7	315.32	481.2	920.7	597.4	170.4	156.61	3834.43	319.5	12
1995	8	8.11	71.7		469.5	713.7	743.5	1070.7	804.3	300.7			4190.21	465.6	9
1996	28.5	0	12.7	553.82	766.7	927	543.5	604.41	758.6	586.2	92.3	39.1	4912.83	409.4	12
1997	47.51	0	213.4	210.7	693.2	0	410.7	469.11	974.22	258.4	226.1		3503.34	318.5	11
1998						331		730.6	1351.71	508.5	270.5	65	3257.31	542.9	6
1999	2.5	9.02	24.1		307.4	638.1	339	886	683.9	525.8	11.7	10.6	3438.12	312.6	11
2000	38.6	6.8	26.1	130.1	1072.6	557.6	418.6	531.6	841.3	289.21	354.1	4.4	4271.01	355.9	12
2001	2.24	0.11	40.92	66.53	615.31	609.15	691.4	705.21	995.62	665.41	56.1	0.01	4448.01	370.7	12
2002	0	0.01	80.6	102.93	394.12	331.54	303.02	362.02	967.5	515.01	65	16.5	3138.25	261.5	12
2003	100.8	14	67	50	328.03	583	266.4	1011	764.62	858	178.02	0	4220.87	351.7	12
2004	0.44	4.72	52	27.82	488.5	519.5	431.62	448.45	634.9	806.51	45.8	71.8	3532.06	294.3	12
2005	0.01	0.81	138.94	69.52	390.25	1020	621.91	633.14	874.21	948.22	42.11	1.72	4740.84	395.1	12
2006	37.41	0.01	25.83	193.71	611.5	650.72	423.52	262.92	747.24	715.7	270.53	101.03	4040.12	336.7	12
2007	2.27	50.13	40.87	228.95	474.15	710.62	706.32	529.33	757.1	787.53	0.01	55.93	4343.21	361.9	12
2008	2.2	56.15	27.61	174.26	214.06	823.72	1119.2	925.61					3342.81	417.9	8
MÍNIMA	0	0	0	0	150	0	174.9	0	59.1	23	0	0	553.6	135.4	4
MÁXIMA	129.6	113.2	289.8	553.82	1072.6	1094.9	1119.2	1070.7	1351.71	948.22	354.1	188.4	4912.83	542.9	12
MEDIA	22.8	17.8	57.8	131.2	437.8	582.2	461.1	538.7	724.7	434.5	114.2	29.5	3272	300.7	10.9
DESV.ST	33.8	29.5	63	124.2	190.4	212.8	178	235.3	233.8	207.8	85.7	43.9	948.1	80.2	2.1

EVAPORACIÓN MENSUAL
AÑO	ENE	FEB	MAR	ABR	MAY	JUN	JUL	AGO	SEP	OCT	NOV	DIC	ACUM	PROM	MESES
1963				95	136.4		118	127	91.7		92.7	141.8	802.6	114.7	7
1965									21.1	94.5	63.2	80.3	259.1	64.8	4
1966	92.8	142.9							41.6	119.5			396.8	99.2	4
1970				104.6	155.4						90.4	97.7	448.1	112	4
1971	112.57	123.71	160.2	162.87	130.42	117.53	134.76			91.61	63.68	79.6	1176.95	117.7	10
1972	112.9	129.1	140.6	132.2	120.2	104.3	110.5	96.8	93.5	99.3	91	120.7	1351.1	112.6	12
1973	137.2	143.1	150	153.3	136.6	97.9	116.6	123.5	113	101.9	100.6	99.4	1473.1	122.8	12
1974	93.7	111.5	110.8	124.7	126.5	80.1	111.9	105.5	111.1	103.3	99.4	93.7	1272.2	106	12
1975	105.3	119.1	124.8	109.7	108.1	136.2	141.1	120.7	118.8	106.7	90.5	100.6	1381.6	115.1	12
1976	118.7	133.5	128.9	114.2	133.4	93.6	94.2	115.4	125	106	97.2	108.4	1368.5	114	12
1977	121.2	134.2	170.9	147.8	118.1	132.9	125.3	119.8	139.2	101.1	115.6	102.4	1528.5	127.4	12
1978	125.2	131.9	156.8	129.1	136.6	113.5	95.2	93.5	101.5	114.4	104.6	101.5	1403.8	117	12
1979	114	137.62	160.12		125.8	87	102	90.4	89.4	87	114.4	109.4	1217.14	110.6	11
1980	118.08	133.1	158.54	133.47	131.1	100	105.9	98.1	93.3	112	114.3	123.9	1421.79	118.5	12
1981	138.9	156.2	147.7	121.7	105.5	125.2	95.2	110.1	89.1	100.1	96	112	1397.7	116.5	12
1982	128.1	128.1	136.1	120.3	113.7	91.2	113.5	134.5	101.5	98.5	115	74.8	1355.3	112.9	12
1983	105.9	113.6	124.2	133.2	119.4	94.5	92.6	112.3	109.1	106.8	100.84		1212.44	110.2	11
1984					96.75								96.75	96.8	1
1985	92.55	108.74	155.3	104.08	85.9	82.39	85.74	88.27	97.43	99.3	114.76	73	1187.46	99	12
1986	104.23	77.15	143.03	120.59	94.34	72.32	91.69	91.82		107.76	74.75		977.68	97.8	10
1987	85.43	104.03	129.22	123.6	88.53		133.67	145.61	92.21	110.79	93.61	74.7	1181.4	107.4	11
1988	89.04	107.15	146.93	119.93	117.41	79.66				67.77	54.29	60.61	842.79	93.6	9
1989	63.4	116.34	128.54	140.6	108.6	86.44	88.21	92.39	87.26	71.2	53.59	62.52	1099.09	91.6	12
1990	86.86	103.03	120.87	109.13		82.57	89.09	97.25		91.33	71	54.94	906.07	90.6	10
1991	63.71	75.68	117.14	112.61	107.97	102.1	88.26	90.55	77.99	80.47	90.78	49.02	1056.28	88	12
1992	48.71	70.75	109.87	103.65	108	102.16	92.3	92.81	92.94	90.53	76.45	62.24	1050.41	87.5	12
1993	75.48	77.23	87.44	98.43	111.72	100.79	83.97	91.35	108.47	64.75	44.43	44.8	988.86	82.4	12
1994	64.92	71.39	117.09	115.16	90.51	118.9	122.07	88.4	101		148.29	125.48	1163.21	105.7	11
1995	76.93												76.93	76.9	1
1996										85.15			85.15	85.2	1
1998						130.95		119.97		98.23	117.29	82.03	548.47	109.7	5
1999	101.18	116.39	144.17		127.94		74.05	122.13	104.26	85.4	88.85	82.24	1046.61	104.7	10
2000	111.02	122.32	129.22	119.95	112.78	93.99	111.02					49.9	850.2	106.3	8
2001	82.4	108.46	119.37	126.96	117.01								554.2	110.8	5
2002	82.69	120.25		130.15	117.89								450.98	112.7	4
2003												61.83	61.83	61.8	1
2004	73.1	99.06											172.16	86.1	2
MÍNIMA	48.71	70.75	87.44	95	85.9	72.32	74.05	88.27	21.1	64.75	44.43	44.8	61.83	61.8	1
MÁXIMA	138.9	156.2	170.9	162.87	155.4	136.2	141.1	145.61	139.2	119.5	148.29	141.8	1528.5	127.4	12
MEDIA	97.5	114.3	135.3	122.5	116.6	101.1	104.7	107	95.7	96.1	92.1	86.8	915.2	102.3	8.6
DESV.ST	23.2	22.8	19.6	16.3	16.3	18.1	17.8	16.6	24.6	13.9	23.3	26.1	461.4	15.5	4.1

TEMPERATURA MÁXIMA PROMEDIO
AÑO	ENE	FEB	MAR	ABR	MAY	JUN	JUL	AGO	SEP	OCT	NOV	DIC	ACUM	PROM	MESES
1963				33.1	32.4		30.9	31.9	29.7		31.9	32.6		31.8	7
1965									32.1	30.3	31.9	32.5		31.7	4
1966	33.6	33.7							31.6	31.6				32.6	4
1970				33.3	34.5	33	32	31.6	30.9	31.7	31.5	32.4		32.3	9
1971	32.9	33.7	36	36.4	36.7	32.5	32.7	31.7	32.3	32.7	32.5	32.7		33.6	12
1972	33.5	34.8	34.8	34	33.7	32.5	33.2	33	33	32.6	32.6	32.8		33.4	12
1973	34.5	35.5	36.2	34.8	33.6	32.2	32.6	33	31.4	32.7	33	31.7		33.4	12
1974	32.2	33.1	33.1	34.4	32.8	31.2	32.6	32.8	31.9	32.6	32.4	33.2		32.7	12
1975	33.5	33.3	34.1	33.9	32.9	32.8	32.2	31.7	31.5	31.5	32	31.7		32.6	12
1976	32	33.6	34.7	34.2	33.7	31	33.1	32.8	32.5	32.4	32.1	32.4		32.9	12
1977	33.5	34.5	36.6	36.8	33	31.8	33	32.1	32.1	32.1	32	32.4		33.3	12
1978	32.3	33.9	35.4	34.5	34.1	31.5	31.3	32.6	31.8	32.4	33.2	33.2		33	12
1979	33.5	34.9	34.9		33.8	32.5	32.7	32.7	30.9	32.7	33.1	33.6		33.2	11
1980	34.2	35.1	36.7	35.3	34.5	32.7	33.3	32.8	32	33.4	33.2	33.2		33.9	12
1981	34	35.4	35.2	34.8	32.8	31.3	32.4	32.2	32.9	32.4	33.3	34.3		33.4	12
1982	35.2	35.7	34.4	33.4	32.5	32.8	32.9	33.3	32.7	33.9	33.3	33.4		33.6	12
1983	34.1	34.5	32.3	32.4	35.1	35.1	34	34.1	33.8	34.2	33.7	33		33.9	12
1984	33.9	35.4	36.9	36.9	33.2	32.7	32.7	33.6	31.6	33.8	33.2	34.2		34	12
1985	34	33.3	35.5	34.5	33.9	34.1	34.4	34.5	34.3	33.8	33.5	33.5		34.1	12
1986	34.6	34.2	35.8	36.1	33.9	34.1	34.3	34.4		33.8	33.8			34.5	10
1987	34.2	34.7	36.5	36.9	36.2		33.8	34.7	34.6	34.9	35	34.9		35.1	11
1988	35.1	36.4	36.2	35.5	36.2	34.2		33.1	33.2	33.7	32.6	33.1		34.5	11
1989	34.4	35.7	35.4	36.3	34.6	33.4	33.9	34	33.5	33.6	33.8	32.3		34.2	12
1990	33.7	34.9	34.5	34.4		34.8	34.5	34.5		33.1	32.5	32.3		33.9	10
1991	33.1	35.2	36.5	36.6	34	33.6	34.4	34.2	33.6	32.9	33.5	32.5		34.2	12
1992	32.9	33.7	36.7	34.9	36.5	32.9	34.3	33.6	32.2	32.6	32.1	32.5		33.7	12
1993	32.3	33.2	35	35.8	34.4	32.5	34.1	33.9	33.5	34	34.9	34.2		34	12
1994	35.4	36.7	37.4	37.2	34.5	34	34.6	35.4	32.2	38	37	37.1		35.8	12
1995	37	37.7	37.6		34.3	32.1	32.5	31.1	30.8	30.3				33.7	9
1996	31.8	33.9	34.4	34.4	31.9	31.6	31.2	31.7	31.6	30.8	33.1	31.9		32.4	12
1997		33.8	34.1	32.9	33	31.1	32.8	33.1	31.3	31.8	32.1			32.6	10
1998						33.9		32.6	31.4	31.1	32.2	32.3		32.2	6
1999	33	33.8	34.7		33	31.7	31.4	32.6	30.9	31.7	34	33.2		32.7	11
2000	34	34.2	35.2	35.4	31.5	31.6	33	32.1	31.3	32.6	32.1	32.6		33	12
2001	33.2	35.1	33.8	35.7	33.4	32.4	32.5	33	31.8	33.6	34.5	33.1		33.5	12
2002	34.2	35.9	36.2	34.6	34.3	32.3	33.6	33.1	31.5	33.5	33.4	33.2		33.8	12
2003	35.4	36	35.3	35.9	33.4	32.8	35.1	33.2	32.6	31.5	33	33.6		34	12
2004	34.2	35.8	36.5	36.4	33.5	32.4	32	32.4	31.6	31.7	33.5	33.8		33.6	12
2005	34.6	34.9	35	35	32.9	32.4	32.1	32.6	32.8	32.5	34.6	34.5		33.7	12
2006	35.4	35.4	35.9	34.9	32.6	31.3	31.5	33.2	31.7	31.7	32.5	32.6		33.2	12
2007	33.5	33.5	35.3	33.4	32.9	31.4	31.7	30.7	30.7	30.2	33.4	32.5		32.4	12
2008	33.6	33.7	34.6	34	31.9	30.4	30	30.5						32.3	8
MÍNIMA	31.8	33.1	32.3	32.4	31.5	30.4	30	30.5	29.7	30.2	31.5	31.7		31.7	4
MÁXIMA	37	37.7	37.6	37.2	36.7	35.1	35.1	35.4	34.6	38	37	37.1		35.8	12
MEDIA	33.9	34.7	35.4	35	33.7	32.5	32.9	32.9	32.1	32.7	33.1	33.1		33.4	10.9
DESV.ST	1.1	1.1	1.2	1.3	1.2	1.1	1.2	1.1	1.1	1.4	1.1	1		0.9	2.1

TEMPERATURA MÁXIMA EXTREMA
AÑO	ENE	FEB	MAR	ABR	MAY	JUN	JUL	AGO	SEP	OCT	NOV	DIC	ACUM	PROM	MESES
1963				34	34		33	33.5	33		33	33		33.4	7
1965									37	37	33.5	33.5		35.2	4
1966	35	36							39	34				36	4
1970				36	39.5	35	35	34	35	33.5	32.5	37		35.3	9
1971	33.5	35	38.5	39	39	34	34	34.5	34	34	34.5	34.5		35.4	12
1972	34.5	35.5	37	36.5	34.5	34	34.5	39.5	34	34	33.5	33.5		35.1	12
1973	35	37.5	37.5	37.5	35.5	34	34.5	34.5	33.5	33.5	34	34		35.1	12
1974	33.5	34.5	34.5	35.5	34.5	34.5	33.5	35.5	33.5	34.5	34.5	34		34.4	12
1975	35	35.5	36.5	35.5	34.5	34.5	34.5	34.5	33.5	33.5	34.5	33.5		34.6	12
1976	35	36.5	37.5	36.5	36.5	33.5	34.5	34	34.5	34.5	33.5	33.5		35	12
1977	35	37	38.5	39.5	35.5	34.5	38.5	33.5	34.5	33.5	33.5	33.5		35.6	12
1978	34.5	37	38	36.5	36.5	33.5	34.5	34.5	34	34.5	34.5	36.5		35.4	12
1979	35.5	36	37.5		35.5	35.5	34.5	35.5	34.5	34.5	35.5	35.5		35.5	11
1980	36.5	37.5	38.5	38.5	36.5	36.5	35	35.5	35.5	35.5	35.5	34.5		36.3	12
1981	35.5	37.5	38	37.5	37	34.5	35	35	36.5	34.5	36.5	37.5		36.2	12
1982	37.5	39.5	37.5	35.5	35.5	34.5	35.5	35.5	36.5	36.5	35.5	38.5		36.5	12
1983	36.5	36.5	35.5	35.5	37.5	37	36.5	36.5	37.5	36.5	35.5	37		36.5	12
1984	36.5	38.5	38.5	38.5	37	38.5	38.5	39.5	34.5	37	36.5	37		37.5	12
1985	35.5	34.5	38.5	37.5	38.5	38.5	36.5	36.5	36.5	36.5	35	35.5		36.6	12
1986	37.5	37.5	37.5	38.5	37.5	36.5	36.5	37.5		36	37.5			37.2	10
1987	36.5	37.5	38.5	39.5	38.5		36	37	36.5	37.5	37	37		37.4	11
1988	37.5	38	39	38	39.5	36		36	35.5	36	35.5	38		37.2	11
1989	36.5	38.5	37.5	39	37.5	37.5	37	36	38.5	35.5	37.5	34.5		37.1	12
1990	36	37.5	38.5	36.5		37.5	36.5	37.5		35.5	34.5	34.5		36.5	10
1991	34.5	38.5	38.5	39.5	35.5	36.5	37.5	37.5	36.5	35.5	37.5	33.5		36.8	12
1992	34.5	36.5	38.5	37	38.5	35.5	37.5	36.5	34.5	34.5	33.5	36		36.1	12
1993	37	35.5	38.5	37.5	37	36.5	39.5	38	39.5	38.5	39	37.5		37.8	12
1994	39.5	39.5	41	40.5	38.5	41	39	39.5	34.5	39.5	39.5	40		39.3	12
1995	40	40	41.5		41	34.5	35	35.5	33.5	32.5				37.1	9
1996	34.5	36	37.5	37.5	34.5	34	34	35.5	33.5	32.5	35	34		34.9	12
1997		36	37	35.5	35.5	34	34.5	35.5	33.5	39.5	34			35.5	10
1998						37		35.5	34	33	34.5	34.5		34.8	6
1999	35.5	36	37.5		35	34.5	33.5	34	33.5	35.5	36.5	35.5		35.2	11
2000	37.5	36.5	37	38.5	34.5	36.5	35.5	34	33.5	35.5	34	34.5		35.6	12
2001	36.5	36.5	37	38.5	37.5	35	36.5	37	34.5	39.5	38.5	37.5		37	12
2002	37.5	37.5	39	38	37	35.5	36	35	34.5	35	36.5	36.5		36.5	12
2003	38	38.5	39	38.5	37.5	36.5	36.5	36.5	34.5	35.5	36	36.5		37	12
2004	36.5	37.5	38.5	39	36.5	35.5	36	34.5	34	34	35.5	35.5		36.1	12
2005	37.5	37.5	37.5	37.5	35	36.5	35	34.5	35	35.5	37	37		36.3	12
2006	37.5	37.5	39.5	37.5	35	34.5	35	36.5	33.5	34	34.5	35.5		35.9	12
2007	36.5	35.5	37.5	36	34.5	33.5	34	33.5	32.5	34.5	36	35		34.9	12
2008	36	35.5	36.5	36.5	35.5	33.5	33	33						34.9	8
MÍNIMA	33.5	34.5	34.5	34	34	33.5	33	33	32.5	32.5	32.5	33		33.4	4
MÁXIMA	40	40	41.5	40.5	41	41	39.5	39.5	39.5	39.5	39.5	40		39.3	12
MEDIA	36.1	36.9	38	37.5	36.6	35.5	35.6	35.7	34.9	35.3	35.4	35.5		36	10.9
DESV.ST	1.5	1.4	1.3	1.5	1.7	1.7	1.6	1.7	1.7	1.8	1.7	1.7		1.1	2.1

TEMPERATURA MÍNIMA PROMEDIO
AÑO	ENE	FEB	MAR	ABR	MAY	JUN	JUL	AGO	SEP	OCT	NOV	DIC	ACUM	PROM	MESES
1963				21.4	21.5		20.6	21	20.8		19.9	19.6		20.7	7
1965									20.3	20.4	20.6	20.7		20.5	4
1966	19.7	19.8							21.7	20.9				20.5	4
1970				21.6	20.7	20.6	20.4	20.4	20	20	17.9	16.4		19.8	9
1971	16.6	16.3	17.2	16.9	17.3	19.3	19.3	19.5	19.7	19.4	18.1	16.1		18	12
1972	16.5	15.5	17.4	19.4	19.8	20.1	19.6	19.2	19.8	20	19.6	17.4		18.7	12
1973	16	17.2	19.6	19.6	20	20.2	19.4	19.4	19.9	19.3	18.4	15.8		18.7	12
1974	16.7	16.9	18.2	18.5	20.2	20.1	19.4	19.7	19.2	18.5	17.6	17		18.5	12
1975	16.5	17.4	19.3	20.1	21.4	20.2	19.2	19.8	20.1	20	18.5	16.4		19.1	12
1976	16.1	15.9	17.8	20	20.5	20.8	19.8	20	20.2	20.2	19.8	18		19.1	12
1977	16.8	18	19	20.3	20.8	20.7	20.1	20.3	20.4	19.6	19.3	19.1		19.5	12
1978	17.2	18.1	19.6	20.3	20.7	20.6	20.4	19.8	20.3	19.9	19	18.8		19.6	12
1979	17	18.2	19.8		21.3	21.1	20.6	20.4	20.6	20.9	19.3	18.2		19.8	11
1980	18.3	18.7	19.3	21	21.3	21.2	20.6	20.8	21.1	20.5	19	17.5		19.9	12
1981	16.4	18.3	19.9	20	21.4	21.2	20.3	20.7	20.7	20.7	19.9	19.9		20	12
1982	19.7	20.3	18.4	19.1	20	20.6	20.8	20.6	21	20.6	19.4	18.8		19.9	12
1983	19.2	19.8	19.5	20.6	22.4	23	21.4	20.3	20.4	20.3	20.7	19.2		20.6	12
1984	18.3	19.7	20.5	21.6	21	21	20.1	20.7	19.9	20.7	18.7	18.1		20	12
1985	18.1	19.3	18.6	20.6	20.9	21.9	21.9	22	22	22	21.2	20.7		20.8	12
1986	20.1	20.3	19.7	21.6	22.5	22.3	21.8	21.8		21.6	21.5			21.3	10
1987	19.9	21.1	21.4	22.8	22.7		23.2	23.6	23.4	21.2	20.4	20.1		21.8	11
1988	20.5	20.3	21.6	21.8	22.9	22.4		22.1	22.1	22.1	21.6	20		21.6	11
1989	20.4	20.9	20.5	22.5	22.7	22.5	22.2	22.3	22	21.8	21.7	20.6		21.7	12
1990	20.5	21	20.7	22.3		22.3	22.1	22.1		20.6	20.5	19.5		21.2	10
1991	19.4	19.6	20.4	22.4	21.9	21.9	21.2	20.9	21.2	20.5	19.8	19.4		20.7	12
1992	19.2	18.5	20.8	21.5	20.8	21.5	21.2	20.7	20.4	20.7	20.5	19.5		20.4	12
1993	19	19.4	20.2	21.9	21.6	21.5	21	20.6	20.4	21	19.7	19.2		20.5	12
1994	19.2	19.6	20.6	21.4	22.2	21	20.7	21.1	20.4	20.1	20	19.5		20.5	12
1995	18.5	18.5	19.3		20.9	21.1	20.6	20.8	20.9	20.5				20.1	9
1996	18	19.4	19.6	20.7	20.7	21.2	20.6	20	20.6	18.9	19.2	18.7		19.8	12
1997		19.2	19.6	20.8	21	20.8	21.3	20.8	20.9	20.3	20.2			20.5	10
1998						21.2		18.5	19.7	18.6	18.9	18.4		19.2	6
1999	18.5	18.2	19.4		21.5	20.5	20.2	19.9	20.4	19.3	19.3	17.5		19.5	11
2000	17.5	18	19	19.8	20.8	20.8	19.9	20.8	20.2	20.1	19.5	18.4		19.6	12
2001	18.2	18.9	19.2	20.9	21.1	20.2	20.3	20.6	19.9	20.2	18.8	19.3		19.8	12
2002	18.8	19.6	20.1	20.9	20.6	20.4	20.6	20.1	20	20.2	19.2	19		20	12
2003	18.7	19.2	20.5	21.6	21.9	21.2	21.1	20.7	20.9	19.9	20.2	18.6		20.4	12
2004	18.5	19.8	20.8	20.8	21.2	20.3	19.8	20	20	19.8	19	18		19.8	12
2005	17.9	18.9	21	21.2	21.1	20.7	20.1	20.2	20.2	19	19.1	19.2		19.9	12
2006	19.1	18.6	19.8	20.1	20.8	20.2	20.3	20.3	19.9	19.8	18.8	19.3		19.8	12
2007	19.1	18.9	19.9	20.4	21	20.3	19.5	20	19.8	19.5	19.6	18.5		19.7	12
2008	18.6	19.2	20	20.6	20.6	19.8	19.8	19.7						19.8	8
MÍNIMA	16	15.5	17.2	16.9	17.3	19.3	19.2	18.5	19.2	18.5	17.6	15.8		18	4
MÁXIMA	20.5	21.1	21.6	22.8	22.9	23	23.2	23.6	23.4	22.1	21.7	20.7		21.8	12
MEDIA	18.3	18.9	19.7	20.8	21.1	21	20.6	20.6	20.5	20.2	19.6	18.7		20	10.9
DESV.ST	1.3	1.3	1	1.2	1	0.8	0.9	0.9	0.8	0.8	1	1.3		0.8	2.1

TEMPERATURA MÍNIMA EXTREMA
AÑO	ENE	FEB	MAR	ABR	MAY	JUN	JUL	AGO	SEP	OCT	NOV	DIC	ACUM	PROM	MESES
1963				20	20		19.5	20	20		19	19		19.6	7
1965									18.5	17.5	18.5	19		18.4	4
1966	18	13							20	19				17.5	4
1970				19.5	17.5	19	18.5	19	18	19	15.5	15		17.9	9
1971	14.5	14	16	15	15	18	18.5	18.5	18.5	18	14.5	6.5		15.6	12
1972	15	12.5	16.5	17	18	18	19	18	18.5	18.5	18.5	13		16.9	12
1973	15	15.5	18	18.5	18	18.5	18.5	18.5	19	19	16.5	13.5		17.4	12
1974	15	14.5	14.5	17	19	18.5	17.5	18.5	18	15.5	16	15.5		16.6	12
1975	14.5	15.5	17.5	17.5	19	18.5	13.5	18.5	18.5	18.5	16.5	13.5		16.8	12
1976	13.5	13.5	15.5	16.5	18.5	18.5	17	18.5	18.5	18.5	17.5	16.5		16.9	12
1977	14.5	16.5	17.5	18.5	18	16.5	18.5	18.5	19.5	10.5	15.5	16.5		16.7	12
1978	15	15	18	18	16.5	19	19	18	19.5	16.5	16.5	15.5		17.2	12
1979	14.5	16.5	18		19.5	18.5	19.5	18	19.5	19.5	17.5	16.5		18	11
1980	16.5	16.5	17.5	18.5	18.5	19	19.5	18.5	19.5	18.5	17.5	14		17.8	12
1981	14	16.5	18	17.5	20	20	19	19.5	18.5	19.5	17.5	18		18.2	12
1982	18	19	17	17.5	17.5	17.5	19.5	18.5	19.5	18	17	15.5		17.9	12
1983	17	17.5	15.5	17.5	19.5	22	19	16	16.5	18.5	18.5	17		17.9	12
1984	16.5	17.5	18.5	19	18.5	19.5	17.5	19.5	17	18.5	16.5	16		17.9	12
1985	16.5	17	16	18.5	19.5	19.5	20	20	21	20	20	18.5		18.9	12
1986	18	18.5	18	18.5	20	19	20	20		19.5	19.5			19.1	10
1987	15.5	18	19	21.5	20.5		22	22	21	19.5	18	18.5		19.6	11
1988	18	2	19.5	19.5	19.5	19.5		20	20.5	20	19.5	18		17.8	11
1989	19.5	17.5	18.5	19.5	20.5	21	20	19.5	20	18.5	19.5	18.5		19.4	12
1990	19	18	18	21		21	18	20		18	18.5	18		19	10
1991	18.5	18	18	20	20	20.5	20	19	20	19	17	18		19	12
1992	17	16	19	18.5	19	19.5	20	19	19	19.5	18	17.5		18.5	12
1993	16.5	18	17	20	18.5	20	19.5	19	18.5	20	18	17.5		18.5	12
1994	17.5	18	19	19	20.5	19	19	19	19	19	18	18		18.8	12
1995	16	16.5	18		19	20	18.5	18.5	19.5	19.5				18.4	9
1996	16.5	16.5	16.5	18	19	19.5	19.5	18	19	17	18	16		17.8	12
1997		17	17.5	18	19.5	19.5	19.5	19	19.5	18.5	19			18.7	10
1998						20		15	18.5	17	17	16.5		17.3	6
1999	17	16	18		20	18.5	19	18	19	16.5	16.5	14		17.5	11
2000	14.5	17	18	18.5	19	19.5	18	19.5	18	18	17	16.5		17.8	12
2001	17	17.5	17	18.5	19	17	14.5	18.5	18	18	16.5	16.5		17.3	12
2002	17	18.5	18	19.5	15.5	17.5	19	16.5	18	17.5	17	17.5		17.6	12
2003	17	18	17.5	19.5	19.5	20	19.5	19.2	19	17	18	15.5		18.3	12
2004	16.5	18	19	18.5	19.5	17.5	18	19	18.5	18	15.5	16		17.8	12
2005	16	16.5	17.5	18	19	17.5	18	18.5	19	16	17	17		17.5	12
2006	17	17	18	18	19.5	18.5	18.5	18	18.5	18	14.5	17.5		17.8	12
2007	17.5	17	18.5	18	20	18.5	17.5	18.5	19	16.5	17	17.5		18	12
2008	16	17	18	18.5	18.5	18.5	18	18						17.8	8
MÍNIMA	13.5	2	14.5	15	15	16.5	13.5	15	16.5	10.5	14.5	6.5		15.6	4
MÁXIMA	19.5	19	19.5	21.5	20.5	22	22	22	21	20	20	19		19.6	12
MEDIA	16.4	16.2	17.6	18.5	18.9	19	18.7	18.7	19	18.1	17.4	16.3		17.9	10.9
DESV.ST	1.5	2.8	1.1	1.2	1.2	1.2	1.5	1.2	0.9	1.7	1.3	2.3		0.8	2.1

TEMPERATURA MEDIA MENSUAL
AÑO	ENE	FEB	MAR	ABR	MAY	JUN	JUL	AGO	SEP	OCT	NOV	DIC	ACUM	PROM	MESES
1963				27.2	27		25.8	26.4	25.2		25.9	26.1		26.2	7
1965									26.2	25.4	26.2	26.6		26.1	4
1966	26.6	26.8							26.6	26.2				26.6	4
1970				27.4	27.6	26.8	26.2	26	25.4	25.9	24.7	24.4		26	9
1971	24.8	25	26.6	26.6	27	25.9	26	25.6	26	26	25.3	24.4		25.8	12
1972	25	25.1	26.1	26.7	26.8	26.3	26.4	26.1	26.4	26.3	26.1	25.1		26	12
1973	25.2	26.4	27.9	27.2	26.8	26.2	26	26.2	25.6	26	25.7	23.8		26.1	12
1974	24.5	25	25.6	26.4	26.5	25.6	26	26.2	25.5	25.6	25	25.1		25.6	12
1975	25	25.3	26.7	27	27.1	26.5	25.7	25.8	25.8	25.8	25.2	24		25.8	12
1976	24	24.8	26.2	27.1	27.1	25.9	26.5	26.4	26.4	26.3	26	25.2		26	12
1977	25.1	26.2	27.8	28.5	26.9	26.2	26.6	26.2	26.2	25.9	25.6	25.8		26.4	12
1978	24.8	26	27.5	27.4	27.4	26	25.9	26.2	26	26.1	26.1	26		26.3	12
1979	25.2	26.5	27.4		27.5	26.8	26.7	26.6	25.8	26.8	26.2	25.9		26.5	11
1980	26.2	26.9	28	28.1	27.9	27	27	26.8	26.6	27	26.1	25.4		26.9	12
1981	25.2	26.9	27.6	27.4	27.1	26.2	26.4	26.5	26.8	26.5	26.6	27.1		26.7	12
1982	27.5	28	26.4	26.2	26.2	26.7	26.9	27	26.9	27.2	26.3	26.1		26.8	12
1983	26.6	27.1	25.9	26.5	28.8	29	27.7	27.2	27.1	27.2	27.2	26.1		27.2	12
1984	26.1	27.5	28.7	29.2	27.1	26.9	26.4	27.1	25.8	27.2	26	26.2		27	12
1985	26	26.3	27	27.6	27.4	28	28.1	28.2	28.1	27.9	27.4	27.1		27.4	12
1986	27.4	27.2	27.8	28.9	28.2	28.2	28	28.1		27.7	27.6			27.9	10
1987	27	27.9	29	29.9	29.5		28.5	29.2	29	28	27.7	27.5		28.5	11
1988	27.8	28.4	28.9	28.6	29.6	28.3		27.6	27.7	27.9	27.1	26.6		28	11
1989	27.4	28.3	28	29.4	28.6	28	28	28.1	27.8	27.7	27.8	26.4		28	12
1990	27.1	28	27.6	28.4		28.5	28.3	28.3		26.9	26.5	25.9		27.6	10
1991	26.2	27.4	28.4	29.5	28	27.8	27.8	27.6	27.4	26.7	26.6	26		27.4	12
1992	26	26.1	28.8	28.2	28.6	27.2	27.8	27.1	26.3	26.6	26.3	26		27.1	12
1993	25.6	26.3	27.6	28.8	28	27	27.6	27.2	27	27.5	27.3	26.7		27.2	12
1994	27.3	28.2	29	29.3	28.4	27.5	27.6	28.2	26.3	29	28.5	28.3		28.1	12
1995	27.8	28.1	28.5		27.6	26.6	26.6	26	25.9	25.4				26.9	9
1996	24.9	26.6	27	27.5	26.3	26.4	25.9	25.9	26.1	24.9	26.1	25.3		26.1	12
1997		26.5	26.9	26.9	27	26	27	27	26.1	26	26.1			26.6	10
1998						27.5		25.6	25.5	24.9	25.6	25.3		25.7	6
1999	25.8	26	27		27.2	26.1	25.8	26.2	25.6	25.5	26.6	25.4		26.1	11
2000	25.8	26.1	27.1	27.6	26.1	26.2	26.4	26.5	25.8	26.4	25.8	25.5		26.3	12
2001	25.7	27	26.5	28.3	27.2	26.3	26.4	26.8	25.9	26.9	26.6	26.2		26.6	12
2002	26.5	27.8	28.2	27.8	27.4	26.3	27.1	26.6	25.8	26.9	26.3	26.1		26.9	12
2003	27	27.6	27.9	28.8	27.6	27	28.1	27	26.8	25.7	26.6	26.1		27.2	12
2004	26.4	27.8	28.6	28.6	27.4	26.4	25.9	26.2	25.8	25.8	26.2	25.9		26.8	12
2005	26.2	26.9	28	28.1	27	26.5	26.1	26.4	26.5	25.8	26.9	26.9		26.8	12
2006	27.2	27	27.9	27.5	26.7	25.8	25.9	26.8	25.8	25.8	25.6	26		26.5	12
2007	26.3	26.2	27.6	26.9	27	25.9	25.6	25.4	25.2	24.9	26.5	25.5		26.1	12
2008	26.1	26.5	27.3	27.3	26.2	25.1	24.9	25.1						26.1	8
MÍNIMA	24	24.8	25.6	26.2	26.1	25.1	24.9	25.1	25.2	24.9	24.7	23.8		25.6	4
MÁXIMA	27.8	28.4	29	29.9	29.6	29	28.5	29.2	29	29	28.5	28.3		28.5	12
MEDIA	26.1	26.8	27.5	27.9	27.4	26.8	26.7	26.7	26.3	26.5	26.4	25.9		26.7	10.9
DESV.ST	1	1	0.9	1	0.8	0.9	0.9	0.9	0.8	0.9	0.8	0.9		0.7	2.1
