COMISIÓN NACIONAL DEL AGUA
COORDINACIÓN GENERAL DEL SERVICIO METEOROLÓGICO NACIONAL
BASE DE DATOS CLIMATOLÓGICA NACIONAL 

ESTADÍSTICA MENSUAL
EMISIÓN   : 25/10/2024 

DATOS DISPONIBLES EN LA BASE DE DATOS A: OCTOBER DE 2024; 
CON LA INFORMACIÓN SUMINISTRADA POR LAS UNIDADES ADMINISTRATIVAS 

 ESTACIÓN  : 7132 
 NOMBRE    : PORTACELI 
 ESTADO    : CHIAPAS 
 MUNICIPIO : VILLAFLORES 
 SITUACIÓN : OPERANDO 
 CVE-OMM   :   
 LATITUD   : 16.44916667 ° 
 LONGITUD  : -93.12527778 ° 
 ALTITUD   : 780 msnm 


LLUVIA MÁXIMA 24 H.
AÑO	ENE	FEB	MAR	ABR	MAY	JUN	JUL	AGO	SEP	OCT	NOV	DIC	ACUM	PROM	MESES
1962	0	0	0	11.5	18.5	73.5	29	46.5	69.5	24.5	0	0	273	22.8	12
1963	0	0	7	28	36.5	53	32.5	63.5	69	0	61	0	350.5	29.2	12
1964	0	0	0	0	25.5	85	57.5	38.5	45	21.5	11.5	20	304.5	25.4	12
1965	0	0	6.5	9	29.5	64	22.5	66.5	34	20	2	1	255	21.2	12
1966	0	0	2	46.5	14.5	60.5	44	67.5	66	29	1.5	1.5	333	27.8	12
1967	3	0	13	93.5	6	67	22	37.5	40.5	25.5	0	6	314	26.2	12
1968	0	0	0	9.5	37.5	61	28.5	37.5	20	27	0	0.5	221.5	18.5	12
1969	0	0	0	15.5	12.5	61	33	46	28	17	0	0	213	17.8	12
1970	6.5	0	0	17	45.5	30	32.5	43	74.4	19	0	0	267.9	22.3	12
1971	0	0	0	0	38	62	65.5	22.5	91	61	27.5	0	367.5	30.6	12
1972	0	0	0	7.5	77	61	57	25.5	30	18.5	42.5	0	319	26.6	12
1973	0	0	0	2.5	21.5	32.5	61.5	72.5	38.5	53.5	11.5	0	294	24.5	12
1974	49	0	22	19	61	32	31	19	91	0	0	0.6	324.6	27	12
1975	0	0	0	0	31	54	6.7	51	26	20	0	0	188.7	15.7	12
1976	0	3		20	10	64	22	33	73	3	20	0	248	22.5	11
1977	0	0	0	18	41	21	34	40	41	12		5	212	19.3	11
1978	0	0	0	14		46	56	48	51	16	0	0	231	21	11
1979			0										0	0	1
1980	7.9	1.7				54	38	47	42	24	3	0	217.6	24.2	9
1981	0.2	0.1			23	42	38	70		26			199.3	28.5	7
1982	0	5	19		74.5	55	45	18	56	49	0	0	321.5	29.2	11
1983	0	0	0	0	7	53	34	42	52	44	16	0	248	20.7	12
1984	0	0	0	0	79	66.5	34	43	32	7	0	0	261.5	21.8	12
1985	0	0	12	14	44.5	51.5	111		24	7	24.5	0	288.5	26.2	11
1986	1.5	0	0	12	67.5	53.5	39.6	86.5	48.1	57.8	2.5	0	369	30.8	12
1987	0	0	7	7	17	50	38.5	36	73.5	0.1	0	0	229.1	19.1	12
1988	0	0	4	3.5	80	102	107	42	42.7	7.2	0	0	388.4	32.4	12
1989	0	0	0	46.5	34.5	55	78	53.5	58.5	25	34	0	385	32.1	12
1990	0	3.2	3	18	26	105	63	70	57	49	4	2.4	400.6	33.4	12
1991	0	0	0	1	54	70	47	33	57	34	5	6	307	25.6	12
1992	0	0	0.1	14	43	83	60	33	66.5	18	0	0	317.6	26.5	12
1993	0	0	0	0	12.8	41.5	24.5	47.5	40	46.5	0	0	212.8	17.7	12
1994	0	0	0	54	16.5	80	51	56	60	38.5	10.3	0	366.3	30.5	12
1995	0	0	22.5	46	50	92	62	73.7	53	42		0	441.2	40.1	11
1996	0	0	0	7	58	57	38	50	61	13.2	2.5	0	286.7	23.9	12
1997	0	8.5	0										8.5	2.8	3
1999	0	0	0	0	46	58.2	65	0	81	56	2.5	6.5	315.2	26.3	12
2000	0		0	10	30.5	55	42	48	48	0	0	0	233.5	21.2	11
2001	0	2.2	0	19	62	62	53.5	65.5	70	22	0	2.5	358.7	29.9	12
2002	0	0.5	0	0	52	80	50	17.5	36.2	32	0.5		268.7	24.4	11
2003	0	0	0	0	51	23.5	62	115	36	65	1.8	0.2	354.5	29.5	12
2004	1	0	0	33.2	30.5	83	45	22.7	88.6	36	0.3	0	340.3	28.4	12
2005	0	0	0	68	34.2			70	70	66.3	1	0	309.5	31	10
2006	0	0	0	23	58.8	45.7	34	22.7	49	21	1.8	0.4	256.4	21.4	12
2007	0	0	5	22	21.5	79	34.3	124	81	31	7	0	404.8	33.7	12
2008	0	0	0	0	25	29	51	89.2	44.5	25.5	0	0	264.2	22	12
2009	0	0	0	26	43.4		68	61				7.8	206.2	25.8	8
2010	0	0	0		36	63	75	69	47	3	0		293	29.3	10
2011	0	0	0	40	13.4	48.5	63.5	40	50	27.5	0	0	282.9	23.6	12
2012	0	7.8	17.5	35	48	21	60		55	8	0	10.3	262.6	23.9	11
2013	0	0	0	5	65	64.2	33.5	35.5			3.2	11	217.4	21.7	10
2014	0	4.9	1	1	75.2	66.5	57.5	18	83		0	0	307.1	27.9	11
2015	0	0	10	17	47	47.6	45.4	23.6	65	28	2	0	285.6	23.8	12
2016	0	0		3	31	49	47.6	40	25.7	30	11	2	239.3	21.8	11
2017	0	0	0	15.5	40			37.5	37.2	28.2	0	0	158.4	15.8	10
2018	0	0	0	0	0	37.5	91	38	65	26	0	0	257.5	21.5	12
2019	0	0	0	0	150	25	77						252	36	7
2021											0	3.5	3.5	1.8	2
MÍNIMA	0	0	0	0	0	21	6.7	0	20	0	0	0	0	0	1
MÁXIMA	49	8.5	22.5	93.5	150	105	111	124	91	66.3	61	20	441.2	40.1	12
MEDIA	1.2	0.7	2.9	16.7	40.6	57.2	49	48	53.8	26.7	6.1	1.7	273.1	24.2	10.9
DESV.ST	6.7	1.8	5.9	19.5	25.6	19.4	20.6	23.8	18.5	17.6	12.2	3.7	87.6	7.3	2.4

LLUVIA TOTAL MENSUAL
AÑO	ENE	FEB	MAR	ABR	MAY	JUN	JUL	AGO	SEP	OCT	NOV	DIC	ACUM	PROM	MESES
1962	0	0	0	12.5	50	439.5	123.5	275.5	400	112.2	0	0	1413.2	117.8	12
1963	0	0	7	34	105.5	340	207.1	247.5	405	0	61	0	1407.1	117.3	12
1964	0	0	0	0	68	219.7	211.5	194.8	292	44	13	20	1063	88.6	12
1965	0	0	6.5	9	103	464.5	112	384.5	161	83.4	2	1	1326.9	110.6	12
1966	0	0	3.5	101.5	59.5	347.5	338	245.5	253.5	77	1.5	1.5	1429	119.1	12
1967	3	0	13	153	12.5	275	95	242	135.5	61.5	0	6	996.5	83	12
1968	0	0	0	11.5	128.5	332	135.5	250	189.2	104	0	0.5	1151.2	95.9	12
1969	0	0	0	61.5	28.5	298	214.5	370.8	215	69	0	0	1257.3	104.8	12
1970	6.5	0	0	22.5	63.5	155.6	295	204.6	347.9	49.5	0	0	1145.1	95.4	12
1971	0	0	0	0	76.5	345.5	337	84.6	314	132.5	45.5	0	1335.6	111.3	12
1972	0	0	0	23.5	147.5	266.5	363.5	145.5	62	44.5	50.5	0	1103.5	92	12
1973	0	0	0	2.8	69.5	274	174.5	454	200	128.5	30	0	1333.3	111.1	12
1974	51	0	28	19	216.5	87	111.4	68.9	186	0	0	0.6	768.4	64	12
1975	0	0	0	0	103	156	13.2	193	203	31	0	0	699.2	58.3	12
1976	0	3		62	16	240	115	139	269	11.5	33.5	0	889	80.8	11
1977	0	0	0	19	99.1	138	101	360	196.3	30		5	948.4	86.2	11
1978	0	0	0	21		235	338	194.8	189	21	0	0	998.8	90.8	11
1979			0										0	0	1
1980	8.4	2.7				174.9	235.4	184.8	294.5	38	3	0	941.7	104.6	9
1981	0.2	0.1			55.4	226.9	215.5	426.5		117			1041.6	148.8	7
1982	0	8	21		196	259.7	221	70	278	123	0	0	1176.7	107	11
1983	0	0	0	0	20	270	172.9	240.5	272.5	72.7	17	0	1065.6	88.8	12
1984	0	0	0	0	215.1	443	289.8	233.6	202.11	9.8	0	0	1393.41	116.1	12
1985	0	0	12	20	104.5	247.2	363.9		133.8	24.7	53	0	959.1	87.2	11
1986	1.5	0	0	15.91	152.1	235.4	282.3	339	199.6	123.5	3.8	0	1353.11	112.8	12
1987	0	0	7	16.2	54.3	217.32	189.1	143.52	428.4	0.1	0	0	1055.94	88	12
1988	0	0	4	3.5	85.2	433.8	252.6	332.01	240.3	24.4	0	0	1375.81	114.7	12
1989	0	0	0	48	121.8	148	342.3	284.7	311.9	49.2	65.2	0	1371.1	114.3	12
1990	0	3.2	3	55	112.8	441.8	276.4	283.4	316.2	58	4	4.21	1558.01	129.8	12
1991	0	0	0	1	172.1	280.6	126.41	121.3	306.2	144	6.4	10	1168.01	97.3	12
1992	0	0	0.1	28.5	81.5	374.2	297.4	129.6	412.6	38.7	0	0	1362.6	113.6	12
1993	0	0	0	0	52.5	187.8	87.3	235.9	176.71	67	0	0	807.21	67.3	12
1994	0	0	0	54	56.9	279.1	270.8	365.9	167.4	62	21.6	0	1277.7	106.5	12
1995	0	0	22.5	82.7	245.7	282.8	344.7	505.7	368.2	132.9		0	1985.2	180.5	11
1996	0	0	0	20.5	224.8	414.1	240.1	174.5	405	25.1	2.6	0	1506.7	125.6	12
1997	0	8.5	0										8.5	2.8	3
1999	0	0	0	0	150.7	322.9	194.2	0	577.2	402.9	2.6	6.7	1657.2	138.1	12
2000	0		0	10	134.7	391.4	93.5	259.1	269.8	0	0	0	1158.5	105.3	11
2001	0	2.2	0	19	206.3	207.6	325.8	268.7	218.1	34.2	0	5.9	1287.8	107.3	12
2002	0	0.5	0	0	122.9	325.5	189.5	66.3	229.6	99	0.9		1034.2	94	11
2003	0	0	0	0	130.2	187	243.9	227	241.3	111.9	1.8	0.2	1143.3	95.3	12
2004	1.7	0	0	53.5	114.9	389.6	294.2	83.9	300.3	113.5	0.3	0	1351.9	112.7	12
2005	0	0	0	68	143.3			380.3	167.6	109.4	1	0	869.6	87	10
2006	0	0	0	23	315.7	161.5	179.7	145.2	228	56	1.8	0.4	1111.3	92.6	12
2007	0	0	7	55.5	49.5	365.9	152.3	345.8	188.1	163.7	7	0	1334.8	111.2	12
2008	0	0	0	0	127.2	167.9	330.2	318.9	175.5	37.4	0	0	1157.1	96.4	12
2009	0	0	0	37	87		204.2	153.6				7.8	489.6	61.2	8
2010	0	0	0		45.8	456.2	416.1	409.8	255.3	6	0		1589.2	158.9	10
2011	0	0	0	72.3	39.4	218.8	204.31	315.6	269.6	52.9	0	0	1172.91	97.7	12
2012	0	10.8	34.3	45.5	116.6	130.4	213.5		215.8	22.1	0	11.3	800.3	72.8	11
2013	0	0	0	5	143.4	284.1	158.9	187.8			4.2	11	794.4	79.4	10
2014	0	5.9	1	1	157.4	363.7	208.4	88.6	444.7		0	0	1270.7	115.5	11
2015	0	0	11	36.5	119.6	95.7	113.7	73.6	308.6	67.6	2	0	828.3	69	12
2016	0	0		4.5	146.6	409.2	130.9	222.8	167	69.3	12.3	2	1164.6	105.9	11
2017	0	0	0	42.6	210.1			136.2	241.4	76.9	0	0	707.2	70.7	10
2018	0	0	0	0	0	258.6	277	66	397	82.2	0	0	1080.8	90.1	12
2019	0	0	0	0	267.9	169.7	239						676.6	96.7	7
2021											0	3.5	3.5	1.8	2
MÍNIMA	0	0	0	0	0	87	13.2	0	62	0	0	0	0	0	1
MÁXIMA	51	10.8	34.3	153	315.7	464.5	416.1	505.7	577.2	402.9	65.2	20	1985.2	180.5	12
MEDIA	1.3	0.8	3.4	26.9	115.6	277.6	220.1	228.4	263.3	70.9	8.8	1.9	1092.4	96.4	10.9
DESV.ST	6.9	2.3	7.5	31.3	69.1	101.4	89.4	115.8	97.1	64.1	17.2	4	373	31.7	2.4

EVAPORACIÓN MENSUAL
AÑO	ENE	FEB	MAR	ABR	MAY	JUN	JUL	AGO	SEP	OCT	NOV	DIC	ACUM	PROM	MESES
1962	113.1	141.9		209.5	220	201.8	155.8	141	117.9	123.2	109.5	119	1652.7	150.2	11
1963	142.2	148.4	226.8	211.2	178.2	149.9	136.2	137.7	105.5	113.2	111.8	104.5	1765.6	147.1	12
1964	122.9	156.6	224.9	224.8	193	167.4	142	144.8	122.2	123.9	132.9	127.6	1883	156.9	12
1965	135.6	154.3	199.5	211.6	204.3	164.6	142.5	138.9	134.9	95.9	116.7	114	1812.8	151.1	12
1966	123.3	133.5	192.1	185.3	179.6	179	95.9	152.4	113.4	121.2	110.8	112	1698.5	141.5	12
1967	137.8	141.1	194.6	179.3	218.9	160.6	165.1	159.4	132.5	116	106.7	128.6	1840.6	153.4	12
1968	127.2	146.8	193.7	187.1	185	154.1	149.1	187.7	130.6	118.9	103.6	113.1	1796.9	149.7	12
1969	142.8	150	200	187.3	220.1	186.5	164.4	172.2	145.3	135	111.3	123.28	1938.18	161.5	12
1970	137.3	151.6	196	214.3	210.3	153.1	170.8	139.4	144.8	126.7	121.1	124.8	1890.2	157.5	12
1971	138.09	138.96	162.61	201.01	204.69	160.1	160.69	100.31	143.92	135.94	115.1	124.4	1785.82	148.8	12
1972	146.9	144.7	201	170.9	172.3	145	150.8	154.4	126.7	132.7	131	128.3	1804.7	150.4	12
1973	141.4	158	165.2	186.1	199.8	171.3	151.6	168.3	140.4	136.7	126	106.9	1851.7	154.3	12
1974	137.8	147.5	167.6	201.9	175.1	136.8	107.6	108.8	125.2	123.6	111.6	123.4	1666.9	138.9	12
1975	144.7	118.8	131.1	122	114.1	127.3	109.4	113.3	103	97.7	100	105.5	1386.9	115.6	12
1976	122.9	113.2		121.1	127.9	148.6	124.3	127.7	143.2	128.8	110.4	118.1	1386.2	126	11
1977	139	124.6	217.7	161.4	160.5	146.1	143.6	154.3	125.9	95.8		123.8	1592.7	144.8	11
1978	143	136.4	174.6	181.4		130	152.3	128.2	115.7	108.7	112.3	152.3	1534.9	139.5	11
1979			135										135	135	1
1980	70.3	130.7				70.3	160.9	117.4	150.3	95.8	86.9	87.7	970.3	107.8	9
1981	79.5	74.5			97.6	86.9	156.4	127.4		129.6			751.9	107.4	7
1982	128.2	117	166.3		145.5	133	127.6	122.1	148.9	104.8	86.6	98.9	1378.9	125.4	11
1983	123.9	116.6	135	132.1	173.9	143.5	159.1	157.6		118.2	119.96	137.6	1517.46	138	11
1984	127	144.08	165.73	93.13				59.1	115.72	130.33	123.95	123.7	1082.74	120.3	9
1985	128.74	122.3	134.7	171.41	184.7	150.41	150.2		144.74	132.4	106.85	132.5	1558.95	141.7	11
1986	132.5	137.25	208	206.96	178.64	174.51	182.02	171.83	147.83	148.02	137.57	133.58	1958.71	163.2	12
1987	138.95	140.11	189.35	179.65	184.3	147.65	152.25	162.6	163.52	125.4	130.41	128.37	1842.56	153.5	12
1988	125.72	151.89	188.59	215.62	203.67	156.59	148.64	114.16			50.79	113.55	1469.22	146.9	10
1989	118.9	130.37	183.03	172.74	153.87	101.96	154.86	108	80.67	102.62	82.34	83.79	1473.15	122.8	12
1990	97.67	111.49	139.77	131.33	136.08	110.07	141.54	139.53	125.22	115.84	104.8	97.15	1450.49	120.9	12
1991	126.25	118.55	105.88	205.02	172.75	130.1	137.9	146	109.34	117.68	85.31	80.85	1535.63	128	12
1992	106.75	116.35	164.35	167.4	178.95		133.5	121.11	120.72	88.68			1197.81	133.1	9
1999										90.58			90.58	90.6	1
2005			183.5										183.5	183.5	1
2006				159.3								93.6	252.9	126.4	2
2007		122	173										295	147.5	2
2009												62.59	62.59	62.6	1
2010	81.38	103.3	152.9				70.65	73.64	74.5	96.4	81.65		734.42	91.8	8
2011	90.56	97.4	98.29	108.86	153.96	76.21	70.01	79.47	61.05	75.19	95.25	79.62	1085.87	90.5	12
2012	96.5	93.33	140.35	137.16	137.15	93.65	100.81		70.1	79.95	74.9	70.3	1094.2	99.5	11
2013	79.9	124.3	171.67	190.9	136.52	92.77	93.2	114.74			55.05	75.71	1134.76	113.5	10
2014	83.91	102.4	153.78	186.9	102.66	83.79	121.65	122.25	42.65		62.2	67	1129.19	102.7	11
2015	78.5	95.05	143.63	139.03	146	110	109.8	114.28	61.4	64.85	69.4	66.55	1198.49	99.9	12
2016	84.85	101.34		159.15	157.5	85.2	112.23		95.2				795.47	113.6	7
2017		114.45	153.8	162.05									430.3	143.4	3
MÍNIMA	70.3	74.5	98.29	93.13	97.6	70.3	70.01	59.1	42.65	64.85	50.79	62.59	62.59	62.6	1
MÁXIMA	146.9	158	226.8	224.8	220.1	201.8	182.02	187.7	163.52	148.02	137.57	152.3	1958.71	183.5	12
MEDIA	118.8	127.5	170.4	173.6	169.9	136.1	136.3	131.8	117.7	113.2	102.6	108.1	1275	131.7	9.5
DESV.ST	23.4	20.5	31.2	33.4	33	34.1	27.3	28.9	29.9	19.7	22.7	23.3	572.6	24.4	3.8

TEMPERATURA MÁXIMA PROMEDIO
AÑO	ENE	FEB	MAR	ABR	MAY	JUN	JUL	AGO	SEP	OCT	NOV	DIC	ACUM	PROM	MESES
1962	26.7	31.4	31.5	31.8	33	29.6	29.6	29.5	28.5	28.4	27.2	28		29.6	12
1963	28.1	28.7	32.7	33.9	32.5	30.8	29	29.2	27.4	27.2	25.8	22.1		29	12
1964	27.2	29.4	33.2	33.4	33.2	29	28.8	30	29.1	26.6	28.4	27.7		29.7	12
1965	28.2	29.8	32.4	33.8	33.6	29.5	29.4	29.1	29.6	26.8	28.3	27.8		29.9	12
1966	26.9	29.6	30.5	32.5	32.4	30.8	29.5	29.9	28.9	27.7	26.8	26.6		29.3	12
1967	27.1	29.6	31.9	32.3	33.6	30	29.7	29.7	28.4	27.9	27.7	29.1		29.8	12
1968	28.4	28.2	30.7	33.9	32.9	30.3	29.4	29.6	29.3	28.1	28.7	28.4		29.8	12
1969	29.4	31.5	31	34.1	33.5	32.5	30.1	28.8	28.6	28.7	28.2	28.5		30.4	12
1970	28.8	29.2	32.8	34.6	33	31.3	29.1	29.4	28.5	28.5	27.3	28.8		30.1	12
1971	29.2	30.3	31.1	31.5	33	29.9	29.5	29.1	28.4	28.1	27.9	28.7		29.7	12
1972	29.2	29.4	31.8	32.4	31.9	29.1	29	28.7	28.9	29.4	29.4	28.4		29.8	12
1973	29.1	29	33	32.9	32.2	30	29.2	28.1	28.8	27.7	28.4	26.8		29.6	12
1974	29.6	28	31.6	32.2	33.7	31.3	30.1	30.4	28.9	29.6	30.5	30.4		30.5	12
1975	30.1	30.4	30.3	30.7	30.6	30.6	31	30.8	30.8	29.7	30.4	30.3		30.5	12
1976	29.5	29.2		31.3	31.3	30.8	31.3	30.7	30.2	29.1	30.3	29.3		30.3	11
1977	29.8	29.3	31.5	32.2	31.7	31.6	31.2	30.8	31.2	30		30.3		30.9	11
1978	29.9	30.9	31.5	32.6		32.1	31.4	31.2	29.9	30.5	31.3	32.1		31.2	11
1979			31.7											31.7	1
1980	34.3	35.5				31.1	30.4	30.5	30.9	26.6	33.9	31.1		31.6	9
1981	30.8	30.4			33.1	33.2	32.1	31.5		32.3				31.9	7
1982	32.6	32.5	34.3		33.2	30.4	31.8	32.3	32.3	30.3	22.2	23.7		30.5	11
1983	23.2	24.9	25.1	25.5	28.2	25.6	26.6	29.1	28.3	28.4	28.5	27.2		26.7	12
1984	26.7	28.7	32	32.5	32.1	28.9	27.7	28.8	27.4	29.4	28.1	28.3		29.2	12
1985	29.1	30.3	31.7	33.1	33.4	29.9	28.9		28.9	28.5	28.6	27.9		30	11
1986	26.2	30.9	30	34.5	32.7	30.9	29.7	29.5	29.2	29	30	29.7		30.2	12
1987	28.6	30.4	30.7	32	33.4	31.1	30.3	30.9	30.3	27.1	28.7	29.7		30.3	12
1988	27.9	32.1	32	34.6	34.8	30.9	30.5	28.6	28.3	27.9	29	27.9		30.4	12
1989	29.8	28.9	30.3	33	32.3	30.1	29.8	28.4	26.6	27.6	28.5	27.9		29.4	12
1990	29.2	29.7	31.9	33.5	32.9	30.2	29.7	30.1	28.9	29.1	28.6	28.6		30.2	12
1991	30.5	30.4	33.9	34.9	32.6	30.9	30.1	30.5	28.9	28.4	27.1	28.4		30.6	12
1992	27.8	29.9	33.3	33.2	32.4	30.9	29.3	30.2	28.6	28.5	29.8	29.1		30.2	12
1993	29.5	29.8	31.5	33.6	33	31.4	29.9	29.1	28.6	28.3	28.4	28.3		30.1	12
1994	28.4	30.1	31.5	33.6	32.9	29.9	29.3	28.6	29.4	30.3	29.9	29.6		30.3	12
1995	29.5	30.8	33.3	32.5	32.7	31	29.7	29	28.4	28.9		27.9		30.3	11
1996	26.9	29.7	31.6	33.2	32.5	29.6	29.8	28.9	28.9	29.5	28.7	28.7		29.8	12
1997	29.4	30.4	33.4											31.1	3
1999	31.5	33	35.1	37.8	36.5	28.9	31.9	32.8	30.5	28.6	27.4	28.3		31.9	12
2000	30.4		36.8	36.3	35.3	32.3	28.5	31.4	31.6	31.7	32.5	29.5		32.4	11
2001	30.7	32.4	35.3	38.3	36.9	33.4	33.2	32.6	31.2	30.2	30.7	30.7		33	12
2002	30.5	31	36.7	38.7	36.5	32	33.1	33	31.2	32.2	29.4			33.1	11
2003	27.2	27.4	28.7	27	33.3	30.8	30.5	30.4	29.6	28.6	28.5	27.1		29.1	12
2004	28.1	29.3	31.3	33.1	32.2	30.9	30.6	31.6	31.6	30.2	28.9	27.7		30.5	12
2005	28.6	31	33.6	33.5	33.7			29.9	30	28.6	28.3	28.9		30.6	10
2006	28.7	29.6	31.5	33.6	31.1	28.8	29.8	30	29.6	28.8	28	28		29.8	12
2007	28.6	30.6	33.2	33.5	33.5	30.3	29.8	28.9	29	26.8	27.6	28.8		30	12
2008	29.6	31.5	33.1	36.3	34.7	29.8	29.9	30.9	29.6	27.5	27.7	28.8		30.8	12
2009	27.4	30.7	30.9	34	33.1		31	30.9				28.4		30.8	8
2010	27.3	29.8	31.4		34.2	30.9	29	29.2						30.3	7
2021											26.1	29.3		27.7	2
MÍNIMA	23.2	24.9	25.1	25.5	28.2	25.6	26.6	28.1	26.6	26.6	22.2	22.1		26.7	1
MÁXIMA	34.3	35.5	36.8	38.7	36.9	33.4	33.2	33	32.3	32.3	33.9	32.1		33.1	12
MEDIA	28.9	30.1	32.1	33.3	33.1	30.5	30	30.1	29.4	28.8	28.6	28.5		30.3	10.8
DESV.ST	1.8	1.6	2	2.4	1.5	1.3	1.2	1.2	1.2	1.4	1.9	1.7		1.1	2.6

TEMPERATURA MÁXIMA EXTREMA
AÑO	ENE	FEB	MAR	ABR	MAY	JUN	JUL	AGO	SEP	OCT	NOV	DIC	ACUM	PROM	MESES
1962	31.5	35	36	35.5	36.5	34.5	31	32.5	30	30	31	30.5		32.8	12
1963	33	33	35	37	35	35	31	32.5	31	31	32	28		32.8	12
1964	34	34	37.5	37	39	31	31	31.5	30.5	31	32	31.5		33.3	12
1965	32	34	36.5	36	36.5	34.5	31.5	31	31	31	30.5	32.5		33.1	12
1966	32	34	36.5	36	36	36	32	32	31	31.5	31	32		33.3	12
1967	32	33	36	35.5	37	38	31.5	33	32	30.5	32	32		33.5	12
1968	32	32	38	36.5	36	35	31.5	32	32	31.5	32.5	32		33.4	12
1969	34	35	35	37	37.5	36	32	31	31	31	31	33		33.6	12
1970	34	34.5	36.8	37.5	38	34	31	32	30.5	31.5	30	32		33.5	12
1971	33	35	33	37.5	35	33	32	31	31	30	30	31		32.6	12
1972	32	39	36	35.5	35	31	31	30	30.5	32	31.5	31.5		32.9	12
1973	31	32	36	36	37	34	34	30	30	30	32	30		32.7	12
1974	32	33	36	36	39	35	32	37	31	31	32	32		33.8	12
1975	32	32	32	32	32	32	32	32	32	32	36	32		32.3	12
1976	32	32		35	38	33	35	33	33	31.5	32	32.5		33.4	11
1977	33	32	36	37	35	36	35	33	35	33.5		34		34.5	11
1978	34	36	36.5	37		38	35	33	35	35	35	37.5		35.6	11
1979			38											38	1
1980	40	39				36.5	36	33	33.5	31	36	39.5		36.1	9
1981	32.5	31.5			37	35	33	36		33				34	7
1982	35	35.5	40		38	33.5	33.5	33.5	33.5	33.5	24.5	30		33.7	11
1983	29.5	28.5	26.5	34.5	31	29	29.5	33	29.5	30.5	31.5	30		30.2	12
1984	31.5	32.5	37.5	38.5	39.5	31.5	29.5	30.5	30.5	32.5	30.5	30.5		32.9	12
1985	32.5	33.5	33.5	35.5	36	33.5	30.5		31.5	30.5	30.5	32.5		32.7	11
1986	30.5	33.5	34.5	37.5	36.5	36.5	31.5	31.5	31.5	31.5	33.5	32.5		33.4	12
1987	34.5	35.5	38.5	36.5	36.5	33.5	33.5	32.5	33.5	30.5	32.5	33		34.2	12
1988	35	41.5	41	37.5	38	37.5	33.5	30.5	31.5	30.5	31.5	31.5		35	12
1989	31.5	32.5	35.5	35.5	38.5	37.5	32	31.5	31	30	31	30.5		33.1	12
1990	32.5	34	34.5	36.5	35.5	32	31.5	32.5	30.5	33	33	32.5		33.2	12
1991	32.5	35	39.5	37.5	35.5	35	32.5	33	30.5	30.5	32	32		33.8	12
1992	31.5	34	35	36	35.5	33.5	31	31.5	30.5	31.5	32.5	31.5		32.8	12
1993	31.5	32.5	36	36.5	35.5	38	33.5	31.5	31	31.5	31.5	30.5		33.3	12
1994	31.5	33	35.5	36	35.5	32.5	31	31	32	32	31.5	32		32.8	12
1995	33.5	34	36.5	36	36	35	32.5	31	31	32		30		33.4	11
1996	31	33.5	36	36	35.5	32	32	31.5	31.5	33	33	32		33.1	12
1997	31.5	33.5	35											33.3	3
1999	37	37	38	40.5	40	30.5	37	34	34	30.5	32	32.5		35.2	12
2000	33		40	41	40	37	30	38.5	35	35	37	34.5		36.5	11
2001	36	38	39.5	40	40	36.5	35.5	35	34.5	34	35	34		36.5	12
2002	37	36.5	40.5	41.5	39.5	37.5	36	35.5	36	39	33.5			37.5	11
2003	34	39	32	34	38	34	32	32.5	31	33	32	31		33.5	12
2004	31.5	34	35	38.5	36.5	33	32	34	33	32.5	32.5	31.5		33.7	12
2005	33	34.5	39	38	37			32	32.5	31	31.5	32.5		34.1	10
2006	33	33	36	36.5	35.5	32	33	31.5	32	32.5	34	32		33.4	12
2007	32.5	35	36	37	37	33	32	31.5	30	31	31	32		33.2	12
2008	33.5	34.5	36	39.5	38.5	33.5	33	32	32	30.5	31	31.5		33.8	12
2009	32	35	37	37	36		34.5	33				32		34.6	8
2010	33	34	37		37.5	39	31	33						34.9	7
2021											27.5	33		30.2	2
MÍNIMA	29.5	28.5	26.5	32	31	29	29.5	30	29.5	30	24.5	28		30.2	1
MÁXIMA	40	41.5	41	41.5	40	39	37	38.5	36	39	37	39.5		38	12
MEDIA	32.9	34.3	36.3	36.8	36.8	34.4	32.5	32.5	31.8	31.8	32	32.1		33.7	10.8
DESV.ST	1.9	2.3	2.5	1.8	1.9	2.3	1.8	1.7	1.6	1.7	2.1	1.9		1.5	2.6

TEMPERATURA MÍNIMA PROMEDIO
AÑO	ENE	FEB	MAR	ABR	MAY	JUN	JUL	AGO	SEP	OCT	NOV	DIC	ACUM	PROM	MESES
1962	11.1	13.3	15.2	18.4	19.3	19.9	18.6	18.8	19.7	18.7	12.6	12.5		16.5	12
1963	12.1	12.1	16.5	18.3	19.7	19.9	18.5	18.8	19.1	18.3	15.5	12.2		16.8	12
1964	11.7	13.2	16.7	18.4	19.7	19.1	19	18.6	19.3	16.2	15.6	13.9		16.8	12
1965	11.9	13.6	14.6	17.9	20.4	19.4	18.7	18.5	19.2	18.3	15.9	13.7		16.8	12
1966	12.7	14.7	15.6	18.3	20	20.3	19.7	19.1	19.2	18.6	13.3	12.2		17	12
1967	11.3	12.6	14.8	17.2	19.5	19.4	18.1	18.5	18.3	17.5	14.4	13.1		16.2	12
1968	12.5	11.7	13.7	17.9	19.6	19.6	18.3	18.5	19.2	17.7	14.2	12.9		16.3	12
1969	12.9	14.8	16.7	18.6	19.5	20	19.3	19.3	19.5	18.1	15.4	12.9		17.2	12
1970	12.9	13.3	14.7	18.5	18.3	19.6	19	18.8	19	18.6	13.4	12.1		16.5	12
1971	11.7	11.8	19.4	14.2	19.5	18	17.3	17.5	17.6	17	14.5	13.3		16	12
1972	12.6	11	13.7	16	17.7	17.6	16.8	16.4	16.3	16.5	14.7	11.2		15	12
1973	10.1	11.2	14.2	15.7	18.1	17.9	16.5	17.8	17.7	17.7	13.9	8.4		14.9	12
1974	12.9	12.8	15.9	17	17.4	17.7	17.8	18.3	17.9	17.2	17.1	16.7		16.6	12
1975	14.7	14.2	15.1	15	15.4	14.7	14.9	15	15.3	14.2	14	13.6		14.7	12
1976	13.8	13.2		14.3	13.7	14.3	14.2	14.3	16.3	16.8	15.7	13.5		14.6	11
1977	13.2	13.4	14.8	15.2	14.2	14	14.6	15.1	17.6	18		13.9		14.9	11
1978	11	11.1	12.7	14.9		17.2	19.9	20	19.4	16	13	13.8		15.4	11
1979			15.1											15.1	1
1980	12.1	11.4				19.4	19.6	19.7	19.4	14.9	12.3	10.9		15.5	9
1981	10.9	11.9			15	17.9	17.8	18.4		18.7				15.8	7
1982	12.4	13	14.9		19.1	19.9	19.4	18.7	17.8	17	13.9	13		16.3	11
1983	12	12.2	12.9	12	11.7	12.3	19	20.1	20	18	16.2	14.4		15.1	12
1984	13	14.9	15.6	17.4	19.5	19.4	19	19.2	19.5	18.5	13.4	13.4		16.9	12
1985	11.5	13.2	16.6	18.4	20.3	20.3	19.1		18.8	18.2	15.8	14.5		17	11
1986	11.4	13.3	12.9	18.5	20.7	20	18.5	19.2	19.3	17.9	16.9	14.2		16.9	12
1987	10.1	13.1	14.4	17.5	19.6	20.6	20	19.4	19.8	16.4	14.6	13.5		16.6	12
1988	13.4	13.2	15.5	19.2	19.3	20.7	19.6	19.9	19.7	18	15	13.1		17.2	12
1989	13.6	13.2	13.3	18.6	20	20.1	19.6	19.2	19.6	17.5	16.8	12.9		17	12
1990	14.3	14.5	16.4	18.7	20.7	20.6	19.5	19	19.8	18.8	16.4	14		17.7	12
1991	13.8	14.1	15.5	19.6	20.8	20.8	20	19.3	19.8	19.1	16.4	15.6		17.9	12
1992	15.1	15.1	17	19.2	20.5	21.3	20.1	20.3	19.6	18.3	17.6	14.9		18.2	12
1993	14.8	15.4	16.1	19	20.6	20.3	19.9	19.7	19.9	19.2	16.5	13.9		17.9	12
1994	13.3	14.6	15.1	19.1	21.3	18.8	18.9	19.4	18.3	18.4	16.5	15.3		17.4	12
1995	13	14	15.3	19.5	20.3	20.4	19.9	20	19.7	18.5		14.6		17.7	11
1996	11.5	13.2	14.3	18.6	20.2	20.3	19.7	19.4	20.4	19.1	16.1	13.9		17.2	12
1997	13.2	14.3	17.1											14.9	3
1999	10.5	11.5	14.5	17.1	18.2	17.3	18.3	18.3	18.1	16.7	14.5	11.5		15.5	12
2000	11.5		15.2	15.2	18.4	18	17.3	17.4	18.5	17.4	15.8	12.6		16.1	11
2001	10.4	14.4	13.5	17.6	18.8	18.7	17.6	18.7	18.5	18.1	12.9	13.8		16.1	12
2002	12.2	14.1	14.1	18.3	20.3	19.5	18.8	18.9	18.8	18.9	14.9			17.2	11
2003	14.3	18	19.6	14.1	20.5	19.4	17.9	18.1	18.8	19	16.7	12		17.4	12
2004	13.3	13.9	16.2	17.4	19.4	19.6	18.5	19.1	18.4	19	14.9	13.6		16.9	12
2005	12.6	14.1	17.5	18.2	19.6			19.3	19.1	16.8	14.3	14.2		16.6	10
2006	14.3	13.1	15.9	17.4	19.1	19.2	19.2	19.1	19.3	19.1	14.9	14.7		17.1	12
2007	14.1	14.2	16	17.7	19.6	19.4	18.9	18.9	19	17.7	14.7	13.7		17	12
2008	12.7	14.5	15	18.4	19.2	19.2	18.3	18.6	18.7	17.8	12.5	12.2		16.4	12
2009	12.6	12.8	14.7	16.6	18.6		18.5	18.5				13.5		15.7	8
2010	11.5	13.1	14.1		19.8	19	18.9	18.4						16.4	7
2021											14.8	13.9		14.4	2
MÍNIMA	10.1	11	12.7	12	11.7	12.3	14.2	14.3	15.3	14.2	12.3	8.4		14.4	1
MÁXIMA	15.1	18	19.6	19.6	21.3	21.3	20.1	20.3	20.4	19.2	17.6	16.7		18.2	12
MEDIA	12.5	13.4	15.3	17.4	18.9	18.9	18.5	18.6	18.8	17.8	15	13.4		16.4	10.8
DESV.ST	1.3	1.3	1.5	1.7	2	1.9	1.4	1.3	1.1	1.1	1.4	1.4		1	2.6

TEMPERATURA MÍNIMA EXTREMA
AÑO	ENE	FEB	MAR	ABR	MAY	JUN	JUL	AGO	SEP	OCT	NOV	DIC	ACUM	PROM	MESES
1962	2	9	11	14	14	17.5	15	17	18	16	9	9		12.6	12
1963	9	6	13	15	16	18	15	15	14	14	10	3		12.3	12
1964	7.5	9	8	15	17	18	17	16	17.5	12	11	10		13.2	12
1965	7	7	7	12	18	17.5	17	16.5	17	12.5	11	9		12.6	12
1966	6	9	11	11	14	18	18	16.5	17.5	13	8	5.5		12.3	12
1967	5	7	12	14	17	16.5	13.5	15.5	15	14	10.5	8		12.3	12
1968	9	5	9	14	17.5	17	16	16	18	11.5	7	8		12.3	12
1969	9	10	13	12	15	18	18	17	18	15	10	9		13.7	12
1970	7	8	9.5	14.5	12	17.5	15	16	16.5	16.5	8	9.5		12.5	12
1971	7.5	7	12	10	16	16	15	15	15	14	10	10		12.3	12
1972	9	4	10	11	12	14	14	14	13	13	10	5		10.8	12
1973	4	5	11	13	15	15	13	16	15	14	10	4		11.2	12
1974	9	5	10	12	12	15	15	16	16	12	14	11		12.2	12
1975	10	10	10	12	14	12	12	12	12	12	12	12		11.7	12
1976	10	10		12	11	11	12	11	12	14	12.5	8.5		11.3	11
1977	8.5	10.5	10	12	11	11.5	11.5	11	13	12		8.5		10.9	11
1978	7.5	7.5	10	11		12	17	14	15	8.5	10.5	11		11.3	11
1979			12											12	1
1980	10.5	9				14	18	18	18	13	10	5.5		12.9	9
1981	8	9			13	15.5	10	16		18				12.8	7
1982	8	9.5	9.5		16	18.5	17	17	14	11.5	11.5	10.5		13	11
1983	10.5	11	11	8.5	8.5	10	8.5	18.5	18	15.5	11.5	9.5		11.8	12
1984	9.5	9.5	8.5	12.5	17.5	17.5	16	17.5	18.5	16.5	9	9		13.5	12
1985	7.5	9.5	13.5	12.5	17.5	18.5	17.5		17	13.5	13	10.5		13.7	11
1986	4.5	7.5	8	14.5	17.5	17.5	17	17.5	17.5	13.5	14.5	11.5		13.4	12
1987	6.5	9.5	7.5	11.5	14.5	19	18.5	17	17.5	11.5	10.5	8.5		12.7	12
1988	7.5	10	11	15.5	12.5	19.5	17.5	18.5	17.5	14.5	11.5	8.5		13.7	12
1989	10	6.5	8	15.5	18	18.5	17.5	17.5	18.5	10.5	13.5	6.5		13.4	12
1990	12	11.5	13	16.5	19	19	17.5	16	18	13.5	12.5	11		15	12
1991	10	10	8	16	18.5	15.5	18	18	18	15.5	11	12.5		14.2	12
1992	10	12.5	14	16	17	20.5	18.5	18.5	18	14	14	11.5		15.4	12
1993	9	12.5	10	16.5	18	18.5	18	18.5	18	17.5	14	10		15	12
1994	9	11	9	15	19	17	17.5	18	16	17	13.5	11.5		14.5	12
1995	11	10	11	17.5	18.5	19	19	18.5	18	16.5		10		15.4	11
1996	6	8	8	15	18.5	19	17.5	18	19.5	16.5	10.5	11		14	12
1997	10.5	12	13.5											12	3
1999	8.5	8	10	14.5	16	16	16	16.5	15.5	11.5	10	7		12.5	12
2000	8		12	10.5	12.5	16	16	12	17	14	12	9		12.6	11
2001	6	10	9	15	14	16	15.5	16.5	15	14.5	9	11		12.6	12
2002	6	9.5	11	16	18.5	17.5	17	13	15	17.5	7			13.5	11
2003	10	14	15.5	10	18.5	17	17	16.5	17.5	17	13	8.5		14.5	12
2004	11	11	13.5	14	17	17	17.5	18	17	17	9	10		14.3	12
2005	8.5	9	16	13	17			18	18	12	8.5	10.5		13.1	10
2006	8.5	7.5	12.5	14	16.5	16.5	18	16.5	16.5	17	7	10		13.4	12
2007	11	10.5	14	15	18	17.5	17	17.5	18	13	9	10		14.2	12
2008	7	10	10	15	17	17.5	16	17	16	12	9	8		12.9	12
2009	8	9	8	12	15		16.5	16.5				9		11.8	8
2010	8	10	9		17	17	18	17						13.7	7
2021											13	8		10.5	2
MÍNIMA	2	4	7	8.5	8.5	10	8.5	11	12	8.5	7	3		10.5	1
MÁXIMA	12	14	16	17.5	19	20.5	19	18.5	19.5	18	14.5	12.5		15.4	12
MEDIA	8.2	9	10.7	13.5	15.7	16.6	16	16.3	16.5	14	10.7	9.1		12.9	10.8
DESV.ST	2	2.1	2.2	2.1	2.6	2.4	2.3	2	1.8	2.2	2	2.1		1.2	2.6

TEMPERATURA MEDIA MENSUAL
AÑO	ENE	FEB	MAR	ABR	MAY	JUN	JUL	AGO	SEP	OCT	NOV	DIC	ACUM	PROM	MESES
1962	18.9	22.4	23.4	25.1	26.1	24.8	24.1	24.1	24.1	23.5	19.9	20.2		23	12
1963	20.1	20.4	24.6	26.1	26.1	25.4	23.8	24	23.2	22.8	20.6	17.1		22.9	12
1964	19.4	21.3	25	25.9	26.5	24	23.9	24.3	24.2	21.4	22	20.8		23.2	12
1965	20	21.7	23.5	25.8	27	24.4	24	23.8	24.4	22.6	22.1	20.8		23.3	12
1966	19.8	22.1	23	25.4	26.2	25.6	24.6	24.5	24	23.1	20	19.4		23.1	12
1967	19.2	21.1	23.4	24.8	26.6	24.7	23.9	24.1	23.4	22.7	21	21.1		23	12
1968	20.4	20	22.2	25.9	26.2	25	23.9	24	24.2	22.9	21.4	20.6		23.1	12
1969	21.1	23.1	23.9	26.4	26.5	26.2	24.7	24	24	23.4	21.8	20.7		23.8	12
1970	20.9	21.2	23.8	26.6	25.6	25.5	24	24.1	23.8	23.6	20.4	20.4		23.3	12
1971	20.4	21	25.2	22.9	26.2	24	23.4	23.3	23	22.6	21.2	21		22.9	12
1972	20.9	20.2	22.8	24.2	24.8	23.4	22.9	22.5	22.6	23	22	19.8		22.4	12
1973	19.6	20.1	23.6	24.3	25.2	24	22.9	23	23.2	22.7	21.1	17.6		22.3	12
1974	21.2	20.4	23.8	24.6	25.6	24.5	24	24.4	23.4	23.4	23.8	23.5		23.6	12
1975	22.4	22.3	22.7	22.9	23	22.6	23	22.9	23	22	22.2	22		22.6	12
1976	21.6	21.2		22.8	22.5	22.6	22.8	22.5	23.2	23	23	21.4		22.4	11
1977	21.5	21.4	23.1	23.7	23	22.8	22.9	23	24.4	24		22.1		22.9	11
1978	20.4	21	22.1	23.8		24.6	25.6	25.6	24.6	23.2	22.1	23		23.3	11
1979			23.4											23.4	1
1980	23.2	23.4				25.2	25	25.1	25.1	20.8	23.1	21		23.5	9
1981	20.9	21.1			24	25.6	25	25		25.5				23.9	7
1982	22.5	22.8	24.6		26.2	25.1	25.6	25.5	25	23.6	18	18.4		23.4	11
1983	17.6	18.5	19	18.8	20	19	22.8	24.6	24.1	23.2	22.4	20.8		20.9	12
1984	19.9	21.8	23.8	25	25.8	24.1	23.4	24	23.4	24	20.8	20.9		23.1	12
1985	20.3	21.8	24.1	25.8	26.9	25.1	24		23.9	23.4	22.2	21.2		23.5	11
1986	18.8	22.1	21.4	26.5	26.7	25.4	24.1	24.4	24.2	23.4	23.4	22		23.5	12
1987	19.4	21.8	22.6	24.8	26.5	25.9	25.1	25.1	25	21.8	21.6	21.6		23.4	12
1988	20.6	22.6	23.8	26.9	27	25.8	25	24.2	24	23	22	20.5		23.8	12
1989	21.7	21	21.8	25.8	26.1	25.1	24.7	23.8	23.1	22.6	22.6	20.4		23.2	12
1990	21.8	22.1	24.1	26.1	26.8	25.4	24.6	24.6	24.4	24	22.5	21.3		24	12
1991	22.1	22.2	24.7	27.2	26.7	25.9	25	24.9	24.4	23.8	21.8	22		24.2	12
1992	21.4	22.5	25.1	26.2	26.4	26.1	24.7	25.2	24.1	23.4	23.7	22		24.2	12
1993	22.1	22.6	23.8	26.3	26.8	25.9	24.9	24.4	24.2	23.8	22.4	21.1		24	12
1994	20.9	22.4	23.3	26.4	27.1	24.4	24.1	24	23.9	24.4	23.2	22.5		23.9	12
1995	21.2	22.4	24.3	26	26.5	25.7	24.8	24.5	24	23.7		21.2		24	11
1996	19.2	21.4	23	25.9	26.4	25	24.8	24.1	24.6	24.3	22.4	21.3		23.5	12
1997	21.3	22.4	25.2											23	3
1999	21	22.2	24.8	27.4	27.4	23.1	25.1	25.5	24.3	22.6	21	19.9		23.7	12
2000	21		26	25.8	26.8	25.1	22.9	24.4	25	24.5	24.1	21		24.2	11
2001	20.6	23.4	24.4	28	27.9	26	25.4	25.6	24.9	24.1	21.8	22.2		24.5	12
2002	21.4	22.6	25.4	28.5	28.4	25.8	26	26	25	25.6	22.1			25.2	11
2003	20.8	22.7	24.1	20.6	26.9	25.1	24.2	24.2	24.2	23.8	22.6	19.6		23.2	12
2004	20.7	21.6	23.8	25.2	25.8	25.2	24.6	25.4	25	24.6	21.9	20.6		23.7	12
2005	20.6	22.6	25.6	25.9	26.7			24.6	24.6	22.7	21.3	21.5		23.6	10
2006	21.5	21.4	23.7	25.5	25.1	24	24.5	24.6	24.5	24	21.4	21.4		23.5	12
2007	21.4	22.4	24.6	25.6	26.6	24.9	24.4	23.9	24	22.2	21.1	21.2		23.5	12
2008	21.1	23	24	27.3	27	24.5	24.1	24.8	24.1	22.6	20.1	20.5		23.6	12
2009	20	21.8	22.8	25.3	25.9		24.8	24.7				21		23.3	8
2010	19.4	21.4	22.8		27	25	24	23.8						23.3	7
2021											20.5	21.6		21	2
MÍNIMA	17.6	18.5	19	18.8	20	19	22.8	22.5	22.6	20.8	18	17.1		20.9	1
MÁXIMA	23.2	23.4	26	28.5	28.4	26.2	26	26	25.1	25.6	24.1	23.5		25.2	12
MEDIA	20.7	21.8	23.7	25.3	26	24.7	24.3	24.3	24.1	23.3	21.8	20.9		23.3	10.8
DESV.ST	1.1	1	1.2	1.8	1.5	1.3	0.8	0.8	0.6	0.9	1.2	1.2		0.7	2.6
