COMISIÓN NACIONAL DEL AGUA
COORDINACIÓN GENERAL DEL SERVICIO METEOROLÓGICO NACIONAL
BASE DE DATOS CLIMATOLÓGICA NACIONAL 

ESTADÍSTICA MENSUAL
EMISIÓN   : 25/10/2024 

DATOS DISPONIBLES EN LA BASE DE DATOS A: OCTOBER DE 2024; 
CON LA INFORMACIÓN SUMINISTRADA POR LAS UNIDADES ADMINISTRATIVAS 

 ESTACIÓN  : 7002 
 NOMBRE    : ABELARDO L. RODRIGUEZ 
 ESTADO    : CHIAPAS 
 MUNICIPIO : COMITÁN DE DOMÍNGUEZ 
 SITUACIÓN : SUSPENDIDA 
 CVE-OMM   :   
 LATITUD   : 16.37916667 ° 
 LONGITUD  : -92.2375 ° 
 ALTITUD   : 1920 msnm 


LLUVIA MÁXIMA 24 H.
AÑO	ENE	FEB	MAR	ABR	MAY	JUN	JUL	AGO	SEP	OCT	NOV	DIC	ACUM	PROM	MESES
1944	0	10.5	11.3	12	12	43.5	18.6	27.3	43	16	0	0.01	194.21	16.2	12
1945	3	2	20	0.5	35.5	39.5	45	78.6	66.8	38.9	7.3	27.5	364.6	30.4	12
1946	2	0.4	5.2	24.8	25.5	35.2	59	42.4	56.2	35.6	8	14	308.3	25.7	12
1947	6.2	5.2	17.5	35	45.2	60	17		40	24		10.5	260.6	26.1	10
1948	0.5	5.4	0.5	18.5	25.2	20.5	60.9	23.2	62.7	23.5	12		252.9	23	11
1962							6	25	12	8.9	31.2	12.8	95.9	16	6
1963	9.2	0	4	0	6.2	40	0	0	21.1	8	20	1.5	110	9.2	12
1964	0	0	10	25	20	67.5	40	29	24	0	20.5	0.5	236.5	19.7	12
1965	0	13	0	0	20	75	13	20	20	20	5	0	186	15.5	12
1966	4	8.5	15	20	20.5	31.5	23.5	23.1	56.1	50	1.1	0	253.3	21.1	12
1967	0.5	5	14	70	12.5	34	18	5.5	28.1	47.5	9.3	3	247.4	20.6	12
1968	3	4	1	5.5	57.5	64.5	18.5	23	45	54.5	8	13.5	298	24.8	12
1969	11.5	0.1	26	38.2	20	38.2	38	40.5	30.5	38.1	9	0	290.1	24.2	12
1970	3	0	0	14	10	19.5	54	57.5	20	20	0	38	236	19.7	12
1971	0	17	7.5	0	15	20	18.5	30	24	10	15	0	157	13.1	12
1972	0	0	24.5	10.5	15	35	27	20		9	12	5	158	14.4	11
1973	0	10	5.5	24	25.5	28		69	10	40	0	0	212	19.3	11
1974	0	0	0	20.3	9.1	23	12	73	25	1.2	0	0.3	163.9	13.7	12
1975	0.4	1	0.2	0.2		29	24	1.6	8.5	27		2.1	94	9.4	10
1976	1	1	13	3	13	2.3	18	4	27	0.9	9	0.8	93	7.8	12
1977	0.1	0.1	0.6	5.5	14.4	37.3	0.9	22.4	41	25	5	0.1	152.4	12.7	12
1978	0.01	0	26	17	31	40	53	40	52	59	6.3	41	365.31	30.4	12
1979	0	0		50	24	40		29	51	28	0	3	225	22.5	10
1980	29	10	1	62	85.3	17.8	43.6	28.8	40		7.8	0	325.3	29.6	11
1981	0	18.6	20	18.5	32.5	80	25.2	34.4	28.6	32.1	0	0	289.9	24.2	12
1982	0	20	3.8	16.7	55.2	56.8	18.1	13.2	44	39	6	0	272.8	22.7	12
1983	0	46.5	26.3	4.1	14.6	47.3	27.5	120	82	40	12.5	5.2	426	35.5	12
1984	2.4	1.5	10.2	20	48.5	45.5	42.5	50.5	40.5	6.5	0.1	1	269.2	22.4	12
1985	4	9	4.5	13	12.4	56.2	13.8	45	33.6	13.8	17.5	0.01	222.81	18.6	12
1986	0.1	9.6	0.1	28.2	75.8	16.2	17.2	6	15	37.8	6.5	0.1	212.6	17.7	12
1987	0	0.1	10.3	9.5	46	57.5	10.8	7.5	40	40	6	7.5	235.2	19.6	12
1988	9	6.8	5.2	22.5	50.5	33	42.5	24	58.2	21.5	19	0.01	292.21	24.4	12
1989	2.5	4.2	12.4	14	33.2	67	22	58.5	26.2	53	4.8	2.5	300.3	25	12
1990	8.5	6.5	10.5	17.5			36.5	18.5	18.5	17.5	22.5	0.01	156.51	15.7	10
1991	1.5	7	0	15	72	60	51	37.5	43	12.5	8.5	0.01	308.01	25.7	12
1992	0.1	3.5	13.5	10.5	20	42	25	22	51	44.5	13.5	25	270.6	22.6	12
1993	0	9.5	10	11.5	20	47.5	20	43.5	20	48.5	0.1	5.5	236.1	19.7	12
1994	18.5	2	0	23.5	20	55	22.5	60	23.5	11.5	16.5	0	253	21.1	12
1995	0	0	24	48	23.5	63.5	38.5	65	30.5	23	5	6.5	327.5	27.3	12
1996	0	0	9.5	26.5	28.5	24.5	22.5	45.5	22.5	31.5	8.5	0	219.5	18.3	12
1997			7.5	23	36	40	29	30.5	52	40	50	6.5	314.5	31.4	10
1998	0	9.5	0	0	22	55.5	28.5	28	40	51	40	0	274.5	22.9	12
1999	0	0	7.5	35.5	20	84	73	45	73	29.5	0	7.5	375	31.2	12
2000	0	0	0	12.5	60.5	52	25.5	55.5	42.5	23.5	16.5	0.01	288.51	24	12
2001	0	4	0.01	12.5	32.5	54	28	29.5	31	23.5	17	17.5	249.51	20.8	12
2002	0	20	6	13.5	35.5	30	8	30	40	45.5	12.5	0	241	20.1	12
2003	0	0	25	31	12	32.5	14	26.5	51.5	20	12.5	31	256	21.3	12
2004	0	0	27.5	40	31	42.5	20	8.5	43.5	31.5	0.01	0	244.51	20.4	12
2005	0	0	14.5	20	30	55.5	46	55.8	27.5	53	30.3	4.5	337.1	28.1	12
2006	0.01	10.5	5.5	23.5	31	52.5	38.5	38	17	24	24.5	0.01	265.02	22.1	12
2007	0.01	0	0.01	20	40	44.5	32.5	40	42.5	32	5.5	0	257.02	21.4	12
2008	0	0.01	10.5	25.5	25.5	25.5	19	20.7	20.7	13.5	6	0	166.91	13.9	12
2009	0	0	0	10	10.1	20.1	13.1	6.3	9.1	13	7	19	107.7	9	12
2010	0	0	10.1	25	10.3	11	10	16	20	4	4	0	110.4	9.2	12
2011	10	5.2	5	5	13.1	25	46.4	65	13.4	30	8.3	0	226.4	18.9	12
2012	0	12	10	36.5	40.3	51.3	15.3	24.5	16.1	10	0	2.1	218.1	18.2	12
2013	0.5	0	0	10	13	67.1	10.1	20	31	10.1	7.4	13.5	182.7	15.2	12
2014	0.1	4.5	24.5	26	25	51	0	42	23.7	20.5	18.5	0	235.8	19.6	12
2015	1.5	1.5	1.1	19.5	40	16.5	43	20	34	43.3	11	3.05	234.45	19.5	12
2016	0	1.7	11.5	40	45	72.1	7.5	40.1	31	0	10	0.1	259	21.6	12
2017	7.3	0	0	19.5	40								66.8	13.4	5
MÍNIMA	0	0	0	0	6.2	2.3	0	0	8.5	0	0	0	66.8	7.8	5
MÁXIMA	29	46.5	27.5	70	85.3	84	73	120	82	59	50	41	426	35.5	12
MEDIA	2.4	5.2	9	20.1	29.4	42.7	26.8	34	34.6	26.7	10.6	5.6	237.4	20.5	11.6
DESV.ST	5.1	7.8	8.6	14.7	17.5	18.3	16.3	21.9	16.4	15.8	10.1	9.7	75.5	6	1.3

LLUVIA TOTAL MENSUAL
AÑO	ENE	FEB	MAR	ABR	MAY	JUN	JUL	AGO	SEP	OCT	NOV	DIC	ACUM	PROM	MESES
1944	0	19.55	48.4	33.9	47.03	222.82	68.84	172.7	290.22	71.6	0	0.01	975.07	81.3	12
1945	5.02	2.5	41.61	1.01	109.93	166.62	144.15	299.24	289.81	152.55	12.72	31.37	1256.53	104.7	12
1946	2.35	0.65	6.23	65.11	152	136.08	223.22	148.13	329.01	267.72	38.94	23.43	1392.87	116.1	12
1947	29.22	27.31	25.02	65.13	139.43	199.85	117		248.9	178.21		37.52	1067.59	106.8	10
1948	1.5	7.58	1.51	49.02	120.91	86.2	195.51	114.1	203.71	125.93	57.8		963.77	87.6	11
1962							6.05	100.54	12	45.6	55.2	92.2	311.59	51.9	6
1963	22.1	0	5	0	7	94.5	0	0	136	11	53.5	1.5	330.6	27.6	12
1964	0	0	11.3	74.5	42.2	176	173.5	38.5	173.9	0	37	0.6	727.5	60.6	12
1965	0	21	0	0	88	264	22	61	168	170	9	0	803	66.9	12
1966	7	8.5	30	80.4	114.11	222.21	164.3	152.81	197.9	151.61	1.41	0	1130.25	94.2	12
1967	0.5	7	23	178	36.1	191.2	31.8	5.5	117.4	184.1	11.31	3	788.91	65.7	12
1968	4	4	1	5.5	188.5	266.9	71.7	121	257.3	140.2	8.5	32.7	1101.3	91.8	12
1969	22.5	0.11	47.5	86.7	104.2	230	93.6	355.1	139.7	170.1	15	0	1264.51	105.4	12
1970	3.2	0	0	29	40	53.8	98.2	146.8	60.5	70.2	0	85.2	586.9	48.9	12
1971	0	17	7.5	0	31	42	31.5	126	77	30	28.5	0	390.5	32.5	12
1972	0	0	37.5	10.5	58	129.5	143.2	62		36.5	26	6	509.2	46.3	11
1973	0	10	5.5	81	118	253.5		323.5	25	97	0	0	913.5	83	11
1974	0	0	0	31.41	28.8	105.9	43.8	92.7	77.61	1.2	0	1.1	382.52	31.9	12
1975	2.01	5.11	1.01	1.01		38.61	59.91	4.3	32.4	91.1		2.6	238.06	23.8	10
1976	3.61	2.61	14.9	6.4	27.1	23.6	97.1	6.83	59.2	2.2	28.3	1.51	273.36	22.8	12
1977	0.82	0.1	0.9	6.3	29.4	188	2.21	98.4	215.1	56.5	5.1	0.2	603.03	50.3	12
1978	0.06	0	26.3	47.1	83.7	126	110.2	119	218	70	9.5	41	850.86	70.9	12
1979	0	0		161	76.3	223		161	222	66	0	7	916.3	91.6	10
1980	37.1	19	1.6	105.6	246.6	105.3	129	108.8	145.2		18.1	0	916.3	83.3	11
1981	0	19.4	45.6	37.3	87.3	193.2	95.2	206.6	189.9	156.4	0	0	1030.9	85.9	12
1982	0	39.8	7	43.3	246.8	162	38.3	50.6	193.8	123.8	13	0	918.4	76.5	12
1983	0	92.1	51.5	4.1	25.5	242.51	131.6	175.7	304.3	91.2	19.11	10.2	1147.82	95.7	12
1984	3.4	1.6	10.2	36.03	336.5	236.01	234.82	242.35	250.2	27.9	0.1	1.4	1380.51	115	12
1985	4.11	9.1	7.9	69.11	54.51	249.71	52.28	125.61	163.31	34.12	17.62	0.01	787.39	65.6	12
1986	0.2	9.7	0.2	37.3	316.49	62.6	44.22	22.41	100.2	64.81	14.22	0.1	672.45	56	12
1987	0	0.1	27.9	20.6	81.2	288.87	67.02	26.32	213.31	52.04	6.3	9	792.66	66.1	12
1988	9.2	9	7.5	37.12	186.8	237.25	125.61	223.31	174.92	65.15	26.11	0.01	1101.98	91.8	12
1989	2.6	4.8	28.5	56.5	140.15	365.61	27.4	169.9	198.1	142.31	14.2	2.6	1152.67	96.1	12
1990	8.9	12.1	17.32	71.63			150.1	44.1	91.22	25	59	0.02	479.39	47.9	10
1991	1.5	7.01	0	37.2	179.1	251.5	99.11	91.11	186.41	71.42	9.02	0.08	933.46	77.8	12
1992	0.1	3.73	22.3	27.5	147.2	208.4	25.34	51.9	146.21	65.58	13.58	27.04	738.88	61.6	12
1993	0	14.8	10.6	30.54	130.2	312.61	52.33	131.69	94.14	115.17	0.1	5.6	897.78	74.8	12
1994	19.01	2.31	0	60.6	57.3	238.13	68.81	224.12	108.02	41.6	16.6	0	836.5	69.7	12
1995	0	0	55.2	81.5	87.58	240.53	87.51	342.52	255.02	65.54	5.11	6.7	1227.21	102.3	12
1996	0	0	21.7	72.5	151.5	140.5	107	159.5	138	129.5	17	0	937.2	78.1	12
1997			12.5	38.5	164	187	64	103.5	274.5	135.5	66.5	6.5	1052.5	105.2	10
1998	0	9.5	0	0	96	238	132.5	88	277	139	83	0	1063	88.6	12
1999	0	0	7.5	94.5	66	505	156	209.5	392	139.5	0	12.5	1582.5	131.9	12
2000	0	0	0	22.5	285.5	221	25.53	186.55	265.12	48.59	16.55	0.03	1071.37	89.3	12
2001	0	4.08	0.01	30.05	163.59	167.06	82.56	118.04	209.08	67.07	17.03	17.51	876.08	73	12
2002	0	31.52	6	29.52	157.5	210.5	43	46	280.05	93	22.5	0	919.59	76.6	12
2003	0	0	61	57.5	34.5	161	52.54	101.04	229.52	79.53	20.5	31	828.13	69	12
2004	0	0	34	64	122.62	132.51	86.02	32.5	231.3	124	0.01	0	826.96	68.9	12
2005	0	0	14.5	49	171.7	303.86	203.04	188.43	131.13	183.01	33.33	4.53	1282.53	106.9	12
2006	0.06	10.51	9.54	38.03	261.61	194.08	131.61	144.61	91.63	74.61	32.55	0.05	988.89	82.4	12
2007	0.06	0	0.01	37.56	129.56	259.08	85.57	156.5	198	159	5.5	0	1030.84	85.9	12
2008	0	0.02	10.51	58.53	58.52	143.03	116.74	159.3	146.01	48.12	6	0	746.78	62.2	12
2009	0	0	0	70	79.11	93.3	33.51	25.92	51.8	78.3	42	19	492.94	41.1	12
2010	0	0	10.11	78.4	41.5	71.1	55.7	101.81	138.4	12.01	9.1	0	518.13	43.2	12
2011	10.01	16.21	5	8	43.3	161.41	228.6	307.2	73	63.3	17.9	0	933.93	77.8	12
2012	0	15	15.1	73.4	171	251.3	69.9	183.5	148.9	36	0	3.6	967.7	80.6	12
2013	3.5	0	0	17	75	314	32.2	126.7	238.2	31.6	16.4	18.6	873.2	72.8	12
2014	0.3	4.6	57.6	48.1	172.6	292.7	0	75.4	291.7	61.7	18.5	0	1023.2	85.3	12
2015	1.9	1.7	1.3	58.3	71	42.7	85.6	76.2	135	93.9	28.2	6.42	602.22	50.2	12
2016	0	1.7	27.8	89.4	107.6	214.7	15.9	161.9	135.7	0	25.2	0.4	780.3	65	12
2017	7.5	0	0	44.7	142.2								194.4	38.9	5
MÍNIMA	0	0	0	0	7	23.6	0	0	12	0	0	0	194.4	22.8	5
MÁXIMA	37.1	92.1	61	178	336.5	505	234.82	355.1	392	267.72	83	92.2	1582.5	131.9	12
MEDIA	3.6	8	15.6	47.5	116	192	88.5	130.5	177	86.9	19.1	9.3	858.8	73.8	11.6
DESV.ST	7.6	14.2	17.4	36.1	75.8	89.4	59.7	85.4	83.2	57.2	18.7	18.4	301.2	24.3	1.3

EVAPORACIÓN MENSUAL
AÑO	ENE	FEB	MAR	ABR	MAY	JUN	JUL	AGO	SEP	OCT	NOV	DIC	ACUM	PROM	MESES
1962							66	117.7	8.9	82.4	66.3	60.3	401.6	66.9	6
1963	107.2	94.4	123.8	90.1	142.6	71.7	50.8	85.4	122.5	92.7	75.7	108	1164.9	97.1	12
1964	107	131.9	172.4	174.4	123.8	113	123.6	95.7	113.7	93.2	80.7	80.5	1409.9	117.5	12
1965	99.1	112.1	167.5	158.6	132.5	115.8	134.9	143.4	90.8	99.8	88.8	79.4	1422.7	118.6	12
1966	89.8	94.3	109.7	110.2	116.8	114.3	127.8	126.5	115.7	126.4	89.6	86.2	1307.3	108.9	12
1967	99.1	96.3	128.3	99.5	117.7	92.2	82.7	99.2	111.3	98.6	97	94.3	1216.2	101.3	12
1968	69	112.2	142.2	106.6	89.4	83.4	125.6	130.1	82.4	80	85.8	82.9	1189.6	99.1	12
1969	97.2	105.93	116.9	93.5	94.7	121.76	105.7	153.24		127.7	76.5	69.7	1162.83	105.7	11
1970	79.4	67.7	87.1	84	85.6	88.4	106.1	93.7	85.3	93.9	84.3	98.7	1054.2	87.8	12
1971	79.17	63.61	68.14	76.9	97.53	114.38	84.71	99.83	107.48	95.42	97.17	79.67	1064.01	88.7	12
1972	76.5	83.8	80.4	87.1	129.3	128	133.2	133.5		95	93	104.7	1144.5	104	11
1973	93.1	107.5	130.5	153.2	134.3			79.4	97.2	83.2	64.7	108.3	1051.4	105.1	10
1974	73.3	114.5	73.5	81.8	84.5	87.5	125.3	148.1	69.7	84.8	69.7	93.8	1106.5	92.2	12
1975	94.2	103.1	119	144.3		107.6	108.8	113.4	87.4	103		82.2	1063	106.3	10
1976	91.7	110.9	156.8	130.7	129.4	115.3	130.9	99.6	96.8	89.6	66.7	84.5	1302.9	108.6	12
1977	107.6	92.1	114.5	82.9	85.8	85.1	110.4	114.2	125.8	96.6	67.6	59.3	1141.9	95.2	12
1978	105.2	83.5	107.4	109.4	150.5	117.6	100.9	131.2	114.8	95.2	86.9	101.6	1304.2	108.7	12
1979	70.3	91.9		139	127.2	112.7		131.9	121.2	109.5	90	87.2	1080.9	108.1	10
1980	99.8	99.1	168.9	136.7	158.1	152.2	146.1	125.6	119		86	81.9	1373.4	124.9	11
1981	103.3	107.1	148.3	133.9	134.2	109.8	134.2	116.2	115.3	95.7	95.4	89.8	1383.2	115.3	12
1982	106.7	85.8	169.3	160.5	129.9	115.7	127.8	158.8	117.4	88.8	89.7	94.3	1444.7	120.4	12
1983	110.5	109.6	164.1	164.2	152.1	116.5	130.5	125.5	110.74	97	84.44	89.21	1454.39	121.2	12
1984	88.94	96.25	149.51	180.32	126.65	127.91	124.67	121.11	101.75	107.08	92.57	83.99	1400.75	116.7	12
1985	104.94	97.86	140.64	132.99	119.42	125.7	128.66	130.96		98.67	84.2	80.82	1244.86	113.2	11
1986	89.26	105.67	142.56	170.6	130.29	121.01	124.75	137.14	114.96	117.01	104.1	92.73	1450.08	120.8	12
1987	97.26	116.5	133.68	130.65	162.27	127.82	102.79	140.48	100.04	106.31	90.55	108.58	1416.93	118.1	12
1988	87.87	114.26	158.95	157.66	183.7	113.5	140.25	112.36	101.46	91.22	102.51	104.47	1468.21	122.4	12
1989	102.47	103.29	151.64	146.99	133.23	115.33	150.17	127	91.88	99.19	94.59	101.5	1417.28	118.1	12
1990	91.98	96.91	141.06	115.51			136.22	125.99	135.93	126.12	112.35	95.55	1177.62	117.8	10
1991	99.43	115.02	155.84	150.41	157.11	133.11	121.23	117.31	101.19	120.09	103.28	107.08	1481.1	123.4	12
1992	109.35	109.79	125.67	121.75	142.73	111.54	108.33	136.93	110.37	102.85	103.9	108.71	1391.92	116	12
1993	106.02	115.31	127.8	141.35	139.76	98.1	99.46						827.8	118.3	7
1995										81.85	117.03	117.1	315.98	105.3	3
1996	101.35	124.32	130.33	142.86	159.32	127.18	101.44	123.41	124.45	108.4	92.23	93	1428.29	119	12
1997			135.43	153.42	146.46	137.96	141.38	157.13	137.72	121.2	94.94	114.7	1340.34	134	10
1998	109.52	128.48	149.12	165.63	174.7	181	138.99	164.11	102.2	97.24	90.02	94.03	1595.04	132.9	12
1999	114.16	106.26	171.65	172.11	169.7	111.5	135.94	155.54	145.68	107.71	92	103.11	1585.36	132.1	12
2000	117.92	124.24	172.39	184	133.49	133.99	148.22	135.23	124.72	103.82	149.03	110.06	1637.11	136.4	12
2001	127.4	97.55	170.12	180.2	136.03	132.66	155.3	142.35	132.92	111.11	114.95	113.07	1613.66	134.5	12
2002	125.95	106.13	165.3	208.7	193.82	154.84	154.6	159.86	130.6	147.62	117.9	117.76	1783.08	148.6	12
2003	108.82	136.95	193.53	181.2	172.81	142.8	141.41	155.54	127.47	105.5	101.62	105.75	1673.4	139.4	12
2004	118.74	119.49	141.2	168.33	120.65	135.33	143.5	142.07	149.66	140.66	115.48	126.73	1621.84	135.2	12
2005	127.55	139.75	189.15	179.54	130.74	134.49	133.26	136.31	120.98	125.57	111.52		1528.86	139	11
2006	116.58	133	145.1	148.65	139.81	123.86	143.89	144.62	112.84	115.88	107.31	111.25	1542.79	128.6	12
2007	98.49	115.94	162.11	152.34	140.32	126.19	148.96	128.55	111.73	100.9	99.51	119.03	1504.07	125.3	12
2008	111.95	111.51	144.72	149.18	144.01	103.18	94.88	114.34	141.29	94.16	79.99	74.72	1363.93	113.7	12
2009	91.77								68.6	61.65	56.46	50.47	328.95	65.8	5
2010	58.45	42.42	59.53	59.41	63.3	51.1	60.5	59.3	53.2	46	50.57	42.41	646.19	53.8	12
2011	38.36	34.36	47.46	41.39	47.47	47.45	42.34	37.37	41.36	72.86	87.08	84.98	622.48	51.9	12
2012	76.81	80.75	68.83	72.95	58.58	133.79	54.1	90.15	77.45	66.64	54.94	60.64	895.63	74.6	12
2013	57.27	59.84	60.93	57.82	41.4	33.64	60.76	58.08		91.88	50.72	65.33	637.67	58	11
2014	57.36	61.62	52.85	67.66	69.78	48.94	73.25	64.41	23.96	65.97	62.87	53.86	702.53	58.5	12
2015	51.8	51.72	61.99	64.2	69.29	75.82	65.27	49.51	36.08	40.27	46.18	62.21	674.34	56.2	12
2016	77.9	37.86	51.47	51.87	73.57	39.82	58.99	29.53	29.64				450.65	50.1	9
MÍNIMA	38.36	34.36	47.46	41.39	41.4	33.64	42.34	29.53	8.9	40.27	46.18	42.41	315.98	50.1	3
MÁXIMA	127.55	139.75	193.53	208.7	193.82	181	155.3	164.11	149.66	147.62	149.03	126.73	1783.08	148.6	12
MEDIA	94.6	99	129	128.8	124.4	110.5	113.8	118	101.3	98.1	88.6	90.6	1203.9	107	11.1
DESV.ST	20	24.9	39.7	41.7	35.8	30.3	31.3	32.3	32.4	20.8	20	19.6	365.8	25.2	1.9

TEMPERATURA MÁXIMA PROMEDIO
AÑO	ENE	FEB	MAR	ABR	MAY	JUN	JUL	AGO	SEP	OCT	NOV	DIC	ACUM	PROM	MESES
1944	23.9	27.1	22.2	24.8	24.6	22	24.2	22.9	21.9	21.9	24.3	22.4		23.5	12
1945	23	25.2	25.9	26.6	24.6	24.8	23.4	23.2	23	21.4	24.1	24.1		24.1	12
1946	24	25.3	25.1	25.8	24.7	22.3	24.4	25	23.3	22.4	23.8	22.8		24.1	12
1947	23.9	22.3	25.2	24.7	24.9	24.1	24.4		22.6	22.9		21.7		23.7	10
1948	23.2	26.2	26.7	26	26.1	24	23.9	24.6	23.3	20.3	20.9			24.1	11
1962							22.4	23.5	23.5	20.4	18.8	20.1		21.4	6
1963	19.6	19.5	23.2	24.6	25	24.6	22	22.3	21.1	22	21.6	22.2		22.3	12
1964	22.4	22.6	26	25.4	24.5	23	22.6	23.6	22.4	20.5	20.6	20.3		22.8	12
1965	20.6	22.8	24.5	24.6	24.8	23.2	22.8	23.6	23.7	23.6	23.2	23		23.4	12
1966	22.8	23.4	23	23.4	23.9	23.4	23.6	23.7	23.3	23	20.4	21.4		22.9	12
1967	22.3	23	23.3	23.5	23.5	22.9	22.6	22.5	23	22.9	22	22.4		22.8	12
1968	22	22.2	22.9	22.6	22.6	22.6	22.8	23.5	23.5	22.3	22.6	23.5		22.8	12
1969	23.1	24	24	23.6	24.4	23.7	22.5	22.8	22	23.4	21.7	21.5		23.1	12
1970	22.3	22.7	21.5	22	22.7	20.8	20.7	20.6	20.6	22.2	21.5	21.1		21.6	12
1971	22.2	20.3	20.4	19.9	21	20.9	21.4	21.8	21.2	20.9	20.9	21.3		21	12
1972	21.9	20.3	21.6	24	24.4	21.7	21.5	22		22.6	23.1	21.1		22.2	11
1973	23.4	24.5	26.1	26.5	25.3	23.9		22.5	22.8	23.1	21.6	24.6		24	11
1974	25.7	25.6	25.3	24	24.2	26.2	26.6	23.7	25.4	23.4	23.6	24.6		24.9	12
1975	25.2	25	23.6	24.4		25.4	23.8	23.8	23.2	26		24.1		24.4	10
1976	32.5	24.9	25.7	24	23.6	28.1	28.5	27	34.2	21.6	20.2	25.6		26.3	12
1977	33.2	21.6	34.6	32.7	33.3	29.7	31.1	25.3	27	23.1	24.1	26.7		28.5	12
1978	29.9	24.5	23.9	25.9	26.6	26.2	23.2	25.1	22.3	21.5	29.6	22.5		25.1	12
1979	21.5	21.6		24.8	24.2	24.9		26.2	26.1	26	24.1	25.2		24.5	10
1980	23.3	22.5	25.5	24.4	25.6	24	24	24.3	23.1		21.8	20.4		23.5	11
1981	20.9	21.8	24.7	24.2	26	23.5	23.5	23.1	23.2	22.3	21.9	22.4		23.1	12
1982	22.5	22.7	25.3	26.2	24.7	23.9	22.5	23.6	23.2	21.7	22.4	22.1		23.4	12
1983	21.6	21.9	24.3	26.2	27.2	24.4	22.8	23.6	23.2	22.3	23.2	22.3		23.6	12
1984	21.1	22.3	25	27.2	23.8	23.6	23.4	22.8	22	23.3	21.4	21.3		23.1	12
1985	21.6	22.1	23.8	24.2	25	23.3	23	23.7	22.8	23.2	22.3	21.9		23.1	12
1986	20.3	23.2	23.7	25.8	23.1	23.3	22.5	23.7	23.3	23.2	23.5	23		23.2	12
1987	22.6	23.2	23.9	24.2	25.2	24.4	23.1	24	24.1	20.9	22.8	23.3		23.5	12
1988	21.2	23.1	25.6	26.6	26.6	23.9	23.7	23.3	22.7	22.2	23.3	21.5		23.6	12
1989	22.7	21.1	23.5	24.8	24.4	23.4	24	24	22.1	22.5	22.6	23		23.2	12
1990	22.2	22.6	23.8	24.8			23.6	23.9	23.7	24	22.7	21.6		23.3	10
1991	22.5	24	26.9	27.3	25.2	24.5	23.4	23.4	23.1	23.5	23.3	23		24.2	12
1992	23	23.2	23.7	23.7	23	23.9	23.2	23.8	23.5	22.5	22.9	22.5		23.2	12
1993	23.4	24	24.2	24.6	24.3	23.8	23.5	23.2	23.7	23.3	23.2	23.3		23.7	12
1994	21.9	22.3	24	24.5	23.4	23.5	23.5	23.1	23	23.6	23.2	23		23.2	12
1995	23.2	23.8	24.5	24.3	24.5	24	23.2	23.3	22.7	22.7	22.6	22.9		23.5	12
1996	22.5	23.1	23.4	24.6	24.1	23.7	23.4	23.2	24.2	22.3	21.8	22.5		23.2	12
1997			23.9	24.7	24.4	23.6	23.7	24	23.6	23	21.9	23.2		23.6	10
1998	22.8	24.1	24.5	26.7	26.1	25.5	23.8	24.6	23.6	23.4	21.9	22		24.1	12
1999	23.5	23	25.3	26.4	25.8	23.5	23.3	24.9	23.6	22.3	21.5	22.3		23.8	12
2000	23.4	23.9	26.9	26.8	24.3	24	24.4	24.2	24.5	23.5	24.4	21.8		24.3	12
2001	23.8	22.7	26.1	26.2	24.3	23.8	24.6	24	23.8	22.9	22.4	23		24	12
2002	23.1	23.4	25.1	26.3	25.5	23.9	24.3	25	23.8	24.5	23.4	23.3		24.3	12
2003	22.6	24.6	26.7	27.4	26.5	25	24	25	25	23.8	23.1	22.3		24.7	12
2004	23.4	23.4	24.3	26.4	24.1	24.2	24.3	25.1	24.3	24.1	23.8	23.1		24.2	12
2005	22.8	25.2	27.6	27.4	25.2	24.8	24.1	24.1	23.9	22.3	21.7	23.2		24.4	12
2006	22.6	24.5	24.6	25	24.5	23.7	24.2	24.2	24.5	23.8	22.3	22		23.8	12
2007	22	24.2	25.5	26.4	25	23.8	24.4	24	23.8	21.9	22	23.1		23.8	12
2008	22.1	23.6	24.5	24.9	24.8	23.7	22.3	23.9	23	21.3	22.6	23.1		23.3	12
2009	22.9	22.4	23.1	24	24	23.6	23.1	23.5	23.2	23.2	23.2	23		23.3	12
2010	21.2	23.1	26	27.5	27.7	23.8	23.8	23.5	22.9	24.3	22.7	23		24.1	12
2011	23.3	21.9	22.8	24	24.4	24.2	23.4	23.5	23.1	22.5	22	21.9		23.1	12
2012	20	23	23.5	24.5	23.8	24	25.3	24.9	25	24.5	22.2	24.4		23.8	12
2013	21.7	24.1	24.9	25.5	23.3	23.6	24.5	24.1	21.7	24.2	22.1	21.9		23.5	12
2014	20.6	22.6	24.5	24.4	23.6	23.2	24.3	24.9	21.6	22.1	22	21.4		22.9	12
2015	21.4	22.5	24.4	25.1	25.2	24.6	24.1	23.6	24.4	24.6	24.4	24.6		24.1	12
2016	24.4	22.6	25.7	26.4	25.9	24.9	24.8	24.2	23.7	24.8	22.6	24.1		24.5	12
2017	24	24.2	25.2	27.5	25									25.2	5
MÍNIMA	19.6	19.5	20.4	19.9	21	20.8	20.7	20.6	20.6	20.3	18.8	20.1		21	5
MÁXIMA	33.2	27.1	34.6	32.7	33.3	29.7	31.1	27	34.2	26	29.6	26.7		28.5	12
MEDIA	23	23.2	24.7	25.2	24.8	24	23.7	23.8	23.5	22.8	22.6	22.7		23.7	11.6
DESV.ST	2.4	1.4	1.9	1.7	1.6	1.4	1.5	1	1.8	1.2	1.5	1.3		1.1	1.3

TEMPERATURA MÁXIMA EXTREMA
AÑO	ENE	FEB	MAR	ABR	MAY	JUN	JUL	AGO	SEP	OCT	NOV	DIC	ACUM	PROM	MESES
1944	27.2	33.5	34	27.4	27.4	26.4	26.9	26.4	25.4	26.9	28.4	26.9		28.1	12
1945	25.4	28.4	28.4	28.9	28.4	28.9	26.4	26.9	26.9	26.4	26.4	27.4		27.4	12
1946	28.4	28.1	31.4	29.4	28.4	26.4	26.4	27.4	28.4	25.9	25.9	26.4		27.7	12
1947	28.4	28.4	27.9	28.4	26.9	25.9	27.5		25.9	24.9		26.9		27.1	10
1948	25.4	29.4	29.4	28.9	28.4	25.4	26.4	26.9	25.9	24.9	28.9			27.3	11
1962							24	26.5	24	26	30	28		26.4	6
1963	25	24	27	29	28	27	26.5	26	29	29	25.5	28.5		27	12
1964	27	27.5	30.5	28	30	29	25	28	25.5	23.5	23.5	24		26.8	12
1965	24.5	28	29	31.5	27.5	28.5	24.5	25.5	25.5	25.5	25.5	25		26.7	12
1966	24.5	26.5	28	26	28.5	26.5	25.5	25.5	25.5	25.5	25.5	25.5		26.1	12
1967	25.5	25.5	25.5	27	27	25.5	26	25.5	24.5	26	27	26		25.9	12
1968	25.5	25	26	28	27	24.5	24.5	25.5	25.5	25	25.5	28		25.8	12
1969	25	28	29	28.5	30.5	26.5	26	29.5	24.5	28.5	24.5	24.5		27.1	12
1970	27	26	26.5	24.5	30.5	30	29.5	28.5	24.5	29	26	30		27.7	12
1971	30.5	25	24.5	24.5	29.5	24.5	27.5	28.5	24.5	25	25.5	29.5		26.6	12
1972	28.5	25	25.5	28	28	25.5	26	24.5		25	25.5	25.5		26.1	11
1973	26.6	29.5	31.5	33.5	28	26.5		28.5	25.5	25.5	26.5	27		28.1	11
1974	29.5	29	30.5	29.5	29.5	31.5	31.5	30.5	30.5	27.5	29.5	34.5		30.3	12
1975	29.5	26.5	27.5	29		31	31.5	25.5	29.5	29.5		29.5		28.9	10
1976	40.5	29.5	32.5	39.5	30	38	39	37	40.5	25	22.5	34.5		34	12
1977	41	31	40	40	40	37.5	40	34	37.5	31	32	37		36.8	12
1978	39.5	34.5	33	31.5	36.5	39	39.5	33	31	27	36	28		34	12
1979	28	26		29	27	28		29	36	29	27	28		28.7	10
1980	29	27.5	29.5	28.5	28.5	27.5	26.5	27.5	26.5		25.5	25.5		27.5	11
1981	25	27.5	28.5	27.5	29.5	27.5	25.5	26	27.5	25.5	25.5	27.5		26.9	12
1982	27.5	25.5	28.5	28.5	28.5	27.5	24.5	25.5	25.5	25.5	25.5	27		26.6	12
1983	26	26	29.5	30.5	29.5	28.5	25.5	25.5	24.5	24.5	25.5	25.5		26.8	12
1984	24.5	25	28.5	29.5	29.5	29.5	29.5	24.5	24.5	26.5	24.5	24.5		26.7	12
1985	25.5	27.5	27.5	27.5	28.5	26	25.5	25.5	24.5	24.5	24.5	24.5		26	12
1986	24.5	27.5	26.5	28.5	27.5	25.5	24.5	25.5	24.5	24.5	27.5	28.5		26.2	12
1987	25.5	28.5	28.5	26.5	28.5	27.5	26	27.5	25.5	23	25.5	27.5		26.7	12
1988	24.5	28.5	28.5	29.5	31	28.5	26.5	25.5	25.5	25.5	25.5	25.5		27	12
1989	25.5	25.5	27.5	28.5	28.5	27	26.5	27.5	25.5	25.5	25.5	25		26.5	12
1990	24.5	26.5	26.5	26.5			25.5	25.5	25.5	25.5	25.5	25.5		25.7	10
1991	26	28.5	30.5	30.5	27.5	27.5	25.5	25.5	25.5	25.5	25.5	25.5		27	12
1992	24.5	25.5	25.5	25.5	25	26.5	25.5	26.5	27	25.5	25.5	24.5		25.6	12
1993	24.5	27.5	26.5	26.5	28.5	28.5	25.5	25.5	26.5	25.5	25.5	26.5		26.4	12
1994	24.5	24.5	27.5	28	25.5	25.5	26.5	25.5	24.5	26	25.5	25		25.7	12
1995	25.5	26.5	28.5	27.5	26	26.5	25.5	25	25	26	25.5	25.5		26.1	12
1996	25.5	27.5	28.5	28	26.5	29	25.5	25.5	25.5	24.5	29.5	24.8		26.7	12
1997			26.5	27	26.5	26	26	25.5	25.5	26.5	24.5	25		25.9	10
1998	24.5	27.5	28	30.5	32	28.5	26	27	26	26.5	24.5	24.5		27.1	12
1999	26	25	27.5	30.5	28.5	27	25.5	26.5	26	25.5	23.5	24.5		26.3	12
2000	26	28	30.5	29.5	27.5	28	26.5	26.5	27	25.5	27.5	26.5		27.4	12
2001	27	26.5	29	28.5	28.5	26.5	28.5	25.5	26.5	26	25	26		27	12
2002	25.5	28	29.5	29.5	29	27.5	26	26.5	27.5	26.5	26.5	26		27.3	12
2003	26.5	28.5	32.5	31	30.5	27.5	27.5	27.5	27.5	27	27	25.5		28.2	12
2004	25	27.5	28.5	30.5	27.5	26.5	26.5	27.5	27	27	27.5	27		27.3	12
2005	28	28.5	30	30.5	28.5	28.5	26	26	27	25.5	25.5	26.5		27.5	12
2006	26	29	28.5	28	29	26	26.5	25.5	27	27	26	26		27	12
2007	25.5	27.5	30	29.5	29.5	27	26.5	26.5	25.5	25	26.5	25.5		27	12
2008	26	26	26.5	28.5	28.5	27	25	26.5	25	25	25.1	25.1		26.2	12
2009	25	26	25	25.1	25	25	25	26	24.1	24	24	28		25.2	12
2010	25	25	28	30	31	25	26	25	26	26	26	26		26.6	12
2011	26	24	24	26	26	26.5	25.5	26.5	25.5	27	26	26		25.8	12
2012	26	26	26	27	27	27	27	27	28	28	26	27		26.8	12
2013	26	26	28	27	27	26	26	27	26	26	26	27		26.5	12
2014	24	26	28	28	29	26	26	27	24	26	25	26		26.2	12
2015	25	26	26	27	28	27	28	27	27	26	27	26		26.7	12
2016	29	26	29	29	28	31	26	27	25	27	25	27		27.4	12
2017	27	26	27	29	29									27.6	5
MÍNIMA	24	24	24	24.5	25	24.5	24	24.5	24	23	22.5	24		25.2	5
MÁXIMA	41	34.5	40	40	40	39	40	37	40.5	31	36	37		36.8	12
MEDIA	26.8	27.2	28.5	28.8	28.6	27.8	27	26.9	26.7	26.1	26.2	26.8		27.3	11.6
DESV.ST	3.5	2	2.6	2.7	2.4	2.9	3.3	2.2	3.1	1.5	2.1	2.4		2	1.3

TEMPERATURA MÍNIMA PROMEDIO
AÑO	ENE	FEB	MAR	ABR	MAY	JUN	JUL	AGO	SEP	OCT	NOV	DIC	ACUM	PROM	MESES
1944	8	9.3	11.7	11.6	12.1	13.8	14	13.7	13.2	10.1	9.4	8.5		11.3	12
1945	8.4	10.2	11.3	12.9	13.2	15.1	13.3	13.6	13.8	11.6	10	8.4		11.8	12
1946	9.6	9.5	10.6	12.2	13.7	14.2	13.5	13.4	13.7	12.8	10.9	10.4		12	12
1947	11	11.2	13.4	13.2	14.9	15.5	15.4		15.2	14.9		11.3		13.6	10
1948	10.2	10.7	15.1	14.3	16	15.8	15.8	15.6	14.8	14.9	14.3			14.3	11
1962							14.2	14	12	8.9	6.9	7		10.5	6
1963	8.8	7.1	11.4	13	13.2	15.5	10.9	10.6	11.3	8.9	8.1	4.2		10.2	12
1964	4.5	5.5	7.6	10.4	9.8	11.3	11.8	11.1	10.7	8.4	6.5	6		8.6	12
1965	4.3	4.9	5.6	6.8	10.2	11.3	10.9	10.3	10.1	11.3	8.7	10.8		8.8	12
1966	7.6	8.2	9.1	9.5	10	11.9	11.2	10.4	11.9	11.3	6.4	5.7		9.4	12
1967	7.3	7.4	6.8	9.4	9.4	11.6	12.3	8.1	10.4	10.4	8.3	8.7		9.2	12
1968	10.5	8.1	7.1	8.8	11.5	11.4	11.5	10.6	10.8	10.2	9	9.2		9.9	12
1969	9.9	8.1	11	10.7	10.9	11.5	11	11.7	11.8	10.7	8.4	11.4		10.6	12
1970	9.9	11.7	10.6	11.4	10.7	11.2	10.6	10.8	11.4	8.6	10.8	10.7		10.7	12
1971	11.5	11.4	9.9	11	11.1	12.1	12.1	11.2	11.2	10.6	10.7	11.2		11.2	12
1972	11	11.6	11.2	7.9	9.5	12.3	11.7	11.1		9.2	9.5	8.3		10.3	11
1973	6	6.7	7.8	10.2	10.9	11.2		11.1	11	11.6	11.9	11		9.9	11
1974	12	13.2	12.7	14.2	11.5	13.4	12.8	14.5	11.6	13.4	14	13.1		13	12
1975	14.3	11.2	9.5	11.8		10.1	10.9	8.8	9.5	10.9		14.2		11.1	10
1976	16	13.7	12.8	12.4	11.3	13.7	13	12.9	16.2	10.5	11.2	13.2		13.1	12
1977	16.1	10.5	18.4	15.5	17.4	14.8	15.5	13.9	14.9	12	14.2	16.6		15	12
1978	15.5	13.8	14.2	14	14.6	14	14.9	14.5	14.1	11.8	16.8	9.9		14	12
1979	10.7	9.8		5.2	6.7	6.3		4.6	3.8	4.8	5.4	5.1		6.2	10
1980	5.3	5.3	7.1	9.2	11.3	12.1	11.2	11.8	12.3		8.2	5.4		9	11
1981	4.3	6.5	9.4	9.1	11.3	13.8	11.8	12.5	12.1	10.9	6	5.9		9.5	12
1982	4.8	6.5	7	9	10.9	13.2	11.4	10.6	12.2	9.9	7.6	5.5		9.1	12
1983	5.5	7.4	5.7	9.1	9.7	12.3	12.4	11.4	11.8	9.6	7.9	6.1		9.1	12
1984	4.5	6.9	7.6	7.8	11	11.5	11	10.7	12.2	9.6	5.3	6		8.7	12
1985	3.9	6.3	7.8	7.8	9.5	11.7	10.5	10	9.9	8.6	7.9	6.3		8.3	12
1986	5.1	5.1	5.6	6	10.1	11.1	10.1	9.7	10.3	9.6	7.6	5.5		8	12
1987	4.3	5.5	6.9	7.7	8.7	12.5	12.6	11.4	11.7	7	6.2	5.5		8.3	12
1988	6.8	4.2	7.4	9.2	9.2	11.5	11.1	11.7	11.8	9.7	5.9	4.8		8.6	12
1989	6.2	5.2	3.5	8.5	11.2	11.3	11	10.6	12.3	9.9	8.4	6.4		8.7	12
1990	6.5	6.3	7.1	8.9			11.5	11.8	11.5	11.6	6.9	5.7		8.8	10
1991	6.1	6	5.8	9	9.6	12.1	11.4	9.7	10.6	10.2	7.1	5.7		8.6	12
1992	6.4	7.7	8.3	7.6	7	10.3	11.5	11.2	11.2	10.1	8.5	6.1		8.8	12
1993	5.4	5.1	5.7	8.2	8.6	11.4	11.3	9.6	9.6	9	7.4	5.3		8.1	12
1994	6.5	5.3	6.2	7.9	7.8	9.4	9.3	10.3	9.9	9	6.9	5.7		7.9	12
1995	3.7	4.8	5.3	8.9	9.4	10.2	8.7	9.1	10.2	9.7	6.5	4.7		7.6	12
1996	4.2	3.9	5.7	9.1	9.7	10.1	10.4	10.2	10.5	8.5	7.7	6.1		8	12
1997			7	8.5	10	10.1	10.1	10.6	10.9	10.1	9.8	7.4		9.4	10
1998	7	5.9	7.5	8.7	8.5	11.2	10.6	9.6	10.8	10.5	8.4	6.6		8.8	12
1999	5.4	5.1	5.4	8.4	9.4	10.7	10.5	10.1	10.5	9	6.2	6.5		8.1	12
2000	5.2	5.7	6.4	6.6	10.3	11.9	9.7	10.6	11.4	8.9	7.4	5		8.3	12
2001	5.8	6.5	6.5	7.7	9.8	10.2	10.8	10.9	10.5	10	6.3	6.1		8.4	12
2002	5.8	6.3	7.2	6.7	9.7	10.7	10.7	9.8	11.5	9.5	6.9	5.4		8.3	12
2003	4.5	5.7	6.3	7.4	10.1	12.1	10	10.4	10.3	11	8.2	3.3		8.3	12
2004	6.1	5.8	6.8	8.1	10.4	10.8	10.7	11.3	11.3	9.8	6.4	5		8.5	12
2005	1.4	3.3	10.2	9.4	10.8	10.8	10.4	10.8	9.6	7.5	6.5	5.6		8	12
2006	6.5	7.2	6.4	6.7	9.3	9.7	9.2	9.3	9.2	8.8	4.6	6.9		7.8	12
2007	6.5	5.6	6.2	6.8	7.5	9.4	8.4	9	8.8	6.9	6.6	5		7.2	12
2008	5.5	4.3	7.1	7.9	8.4	10.3	10	7.6	9.9	10	9.2	9.4		8.3	12
2009	10	9.9	9.3	9.8	8.9	8.7	8.4	8.7	8.5	7.2	7.2	7.8		8.7	12
2010	8	9.6	10.6	12.9	12.8	7.7	7.6	7.9	10.1	9.7	7.8	9.2		9.5	12
2011	9.9	6.7	8.1	8.9	7.4	6.9	5.7	6.9	7.2	6.5	7.4	9		7.6	12
2012	6.8	8.8	8.5	9.8	9.2	8.8	9.7	9.6	10.4	9.2	9.3	10.1		9.2	12
2013	8.4	9.9	10.5	9.6	8.6	8.7	9.1	9.8	6.9	8.1	7.2	7.2		8.7	12
2014	7.8	9.4	10.4	10.2	9.1	7.6	9.7	10.3	5.8	7.8	7.2	7.4		8.6	12
2015	6.8	8.7	10.7	10.8	10	9.4	9.3	9.7	8.8	9.4	10.1	9.9		9.5	12
2016	9.9	8	10.5	10.5	8.2	8.4	9.1	9.5	9.5	9.6	8.2	9.3		9.2	12
2017	9.1	9.9	11	12.1	10									10.4	5
MÍNIMA	1.4	3.3	3.5	5.2	6.7	6.3	5.7	4.6	3.8	4.8	4.6	3.3		6.2	5
MÁXIMA	16.1	13.8	18.4	15.5	17.4	15.8	15.8	15.6	16.2	14.9	16.8	16.6		15	12
MEDIA	7.6	7.7	8.7	9.6	10.4	11.3	11.1	10.7	10.9	9.8	8.3	7.7		9.5	11.6
DESV.ST	3.2	2.6	2.8	2.3	2.1	2.1	1.9	1.9	2.1	1.8	2.4	2.8		1.8	1.3

TEMPERATURA MÍNIMA EXTREMA
AÑO	ENE	FEB	MAR	ABR	MAY	JUN	JUL	AGO	SEP	OCT	NOV	DIC	ACUM	PROM	MESES
1944	2.6	5.1	6.6	8.6	9.6	9.6	9.5	11.5	12	5.1	6.6	3.1		7.5	12
1945	2.6	6.6	4.5	9.5	9.9	12.5	10.5	11.5	11	5.1	7.1	3.1		7.8	12
1946	6.7	6.6	7.6	9.5	12	13	11.5	11	12	10.2	8.5	9		9.8	12
1947	8.5	4.9	9.5	11	12	13.5	13.5		11.5	12.5		6.5		10.3	10
1948	5.5	7.5	13	11	11.5	11	15	13	13	13.5	11			11.4	11
1962							11	9	12	3	2	2		6.5	6
1963	2	2	5	6	8	8	6	7	8	4	3	0		4.9	12
1964	1	1	1.5	6	4	8	8.5	7	7	3	3	2.5		4.4	12
1965	0	0	0	3.5	5.5	7.5	7	5.5	4.5	7.5	3	5.5		4.1	12
1966	3	6	6	6.5	6	8.5	8.5	5.5	8	6	0	0		5.3	12
1967	0	0	0	4	4	6.5	8.5	2	5.5	4.5	0	2		3.1	12
1968	2	1	0	4	10	9.5	8.5	5.5	7.5	5	2	4.5		5	12
1969	2	3	4.5	6	7.5	9	5	4.5	9	6	2.5	9		5.7	12
1970	5	9	4	9	6.5	5.5	7	6	9	3	4.5	4.5		6.1	12
1971	8.5	10	4	7.5	5.5	10	10	6	9.5	5	6.5	8.5		7.6	12
1972	7.5	9.5	9	4	5.5	10	7	6		3	6	3		6.4	11
1973	2	3	5	5.5	4.5	4.5		7.5	9.5	9.5	10	2		5.7	11
1974	4	10.5	9.5	9.5	10	10	10	9.5	7.5	10	10	10		9.2	12
1975	10.5	5	0.5	5		3.5	7	3	3	6		2.5		4.6	10
1976	10	5	10	5	5	5	5.5	5	7	8	6	9		6.7	12
1977	10	4	10	10	10.5	10	5	9	10.5	6	5	15		8.8	12
1978	5.5	3	5.5	9	9	10	12.5	8	11	1	10	2		7.2	12
1979	3	2.5		3	3.5	3		2	1	2	2	2		2.4	10
1980	2	1	2	4.5	5.5	8.5	7.5	7.5	9.5		3	0		4.6	11
1981	0	0	5.5	4.5	2.5	11.5	8.5	8.5	9.5	5.5	1.5	1.5		4.9	12
1982	0.5	0.5	3.5	3.5	5.5	10	7.5	7	8.5	1	1	0		4	12
1983	0	0	0	6.5	4.5	10	7.5	8	7.5	2	1	1.5		4	12
1984	0	2	4.5	3	6.5	8.5	6.5	5.5	9.5	4.5	0	0		4.2	12
1985	0	0	3.5	2	6.5	6.5	7.5	7.5	6.5	4.5	3.5	2.5		4.2	12
1986	2.5	1	2.5	2.5	5.5	6.5	5.5	5.5	7	3.5	4.5	1		4	12
1987	0	1	-2	4.5	5.5	9.5	7.5	7.5	7.5	-1	-3	-4		2.8	12
1988	3	-5	-3	4.5	4.5	8.5	8.5	5.5	7.5	3.5	3	-3		3.1	12
1989	-1	-3	-6	4.5	7.5	8.5	6.5	7.5	8.5	4.5	5.5	0.5		3.6	12
1990	0.3	0.3	0.3	5.5			5.2	7.5	7.5	5.5	-3.6	2.5		3.1	10
1991	2.5	-0.6	-6	4.5	6.5	8.5	6.5	5.5	4.5	6.5	-5	-4		2.5	12
1992	-2.5	5	5.5	5.5	5.5	5	8.5	8	5	5.5	4.5	-4		4.3	12
1993	-3	-5	-4	5.5	5.5	5.5	6.5	5.5	6.5	5.5	5.5	-0.7		2.8	12
1994	-5	-5	-5	5.5	5	5.5	5.5	5.5	7	4.5	-3	-3		1.5	12
1995	-3	-4	-5	5	6	7	6	6	7	7	-5	-5		1.8	12
1996	-8	-5	-4	4	7	6.5	5.5	7.5	7	0	3	-5		1.5	12
1997			3.5	5	6	5.5	5.5	8	8	8	7.5	2		5.9	10
1998	2	3	3	5.5	5.5	8	8	8	8	5.5	4	3		5.3	12
1999	3	2	3	5	6.5	7.5	8	8	8	-3	-5	3		3.8	12
2000	2.5	3	5	3	2.5	8	5.5	7.5	8	3	-3	-5		3.3	12
2001	2.6	3.5	3	5	7	7.5	8	7	8	6	3	3		5.3	12
2002	0.5	3.5	2	4	5.5	5.5	8	6	7.5	5.5	-0.5	-0.5		3.9	12
2003	-0.5	-0.3	-0.3	-0.5	7.5	10	7.5	7.5	7.5	8	-0.3	-0.6		3.8	12
2004	-0.5	-0.3	3	-0.3	7.5	6	7.5	7.5	8	3.5	-0.5	-5		3	12
2005	-5	-5	5.5	5.5	8	8	8	8	7	3	3.5	3		4.1	12
2006	3	3	3	3	5.5	5.5	7	5.5	7	5.5	-8	3		3.6	12
2007	3	3	3	3	3.5	5	5.5	5.5	5.5	1	3	3		3.7	12
2008	3	-5	-5	5	2.5	5.5	8	3	8.1	7.1	8	7		3.9	12
2009	6.1	7	7	8	8	7	7	7	8	6	5	5		6.8	12
2010	3	6	6	6	8	6	6	6	6	7	2	6		5.7	12
2011	8	3	5	7	5	4	4	5	4	3	3	5		4.7	12
2012	4	4	4	7	5	5	8	8	9	4	6	5		5.8	12
2013	2	7	5	8	4	5	6	8	3	4	3	1		4.7	12
2014	3	3	7	6	5	4	1	4	4	4	3	4		4	12
2015	3	3	4	9	5	7	4	7	4	8	5	7		5.5	12
2016	5	2	9	8	6	3	5	6	7	8	4	4		5.6	12
2017	6	7	9	10	5									7.4	5
MÍNIMA	-8	-5	-6	-0.5	2.5	3	1	2	1	-3	-8	-5		1.5	5
MÁXIMA	10.5	10.5	13	11	12	13.5	15	13	13	13.5	11	15		11.4	12
MEDIA	2.4	2.4	3.3	5.7	6.3	7.5	7.4	6.8	7.6	5.1	2.9	2.4		5	11.6
DESV.ST	3.7	3.9	4.4	2.5	2.3	2.5	2.3	2.1	2.4	3	4	4.1		2.1	1.3

TEMPERATURA MEDIA MENSUAL
AÑO	ENE	FEB	MAR	ABR	MAY	JUN	JUL	AGO	SEP	OCT	NOV	DIC	ACUM	PROM	MESES
1944	15.9	18.2	17	18.2	18.4	17.9	19.1	18.3	17.5	16	16.9	15.4		17.4	12
1945	15.7	17.7	18.6	19.8	18.9	20	18.4	18.4	18.4	16.5	17	16.2		18	12
1946	16.8	17.4	17.9	19	19.2	18.2	19	19.2	18.5	17.6	17.4	16.6		18.1	12
1947	17.4	16.8	19.3	19	19.9	19.8	19.9		18.9	18.9		16.5		18.6	10
1948	16.7	18.4	20.9	20.1	21	19.9	19.9	20.1	19	17.6	17.6			19.2	11
1962							18.3	18.8	17.8	14.6	12.9	13.6		16	6
1963	14.2	13.3	17.3	18.8	19.1	20	16.4	16.4	16.2	15.4	14.9	13.2		16.3	12
1964	13.4	14.1	16.8	17.9	17.1	17.1	17.2	17.4	16.5	14.4	13.6	13.2		15.7	12
1965	12.5	13.9	15.1	15.7	17.5	17.2	16.9	17	16.9	17.5	15.9	16.9		16.1	12
1966	15.2	15.8	16	16.4	17	17.6	17.4	17	17.6	17.1	13.4	13.5		16.2	12
1967	14.8	15.2	15.1	16.4	16.4	17.2	17.5	15.3	16.7	16.6	15.2	15.5		16	12
1968	16.2	15.1	15	15.7	17	17	17.1	17	17.1	16.2	15.8	16.4		16.3	12
1969	16.5	16	17.5	17.1	17.6	17.6	16.8	17.2	16.9	17	15.1	16.4		16.8	12
1970	16.1	17.2	16	16.7	16.7	16	15.6	15.7	16	15.4	16.1	15.9		16.1	12
1971	16.9	15.9	15.1	15.4	16	16.5	16.8	16.5	16.2	15.8	15.8	16.2		16.1	12
1972	16.4	15.9	16.4	15.9	17	17	16.6	16.6		15.9	16.3	14.7		16.2	11
1973	14.7	15.6	17	18.4	18.1	17.5		16.8	16.9	17.4	16.8	17.8		17	11
1974	18.9	19.4	19	19.1	17.9	19.8	19.7	19.1	18.5	18.4	18.8	18.9		19	12
1975	19.8	18.1	16.6	18.1		17.8	17.4	16.3	16.4	18.4		19.1		17.8	10
1976	24.2	19.3	19.2	18.2	17.5	20.9	20.8	20	25.2	16	15.7	19.4		19.7	12
1977	24.7	16	26.5	24.1	25.3	22.2	23.3	19.6	21	17.6	19.1	21.6		21.8	12
1978	22.7	19.1	19	20	20.6	20.1	19	19.8	18.2	16.6	23.2	16.2		19.5	12
1979	16.1	15.7		15	15.4	15.6		15.4	15	15.4	14.8	15.1		15.3	10
1980	14.3	13.9	16.3	16.8	18.5	18	17.6	18	17.7		15	12.9		16.3	11
1981	12.6	14.2	17	16.6	18.6	18.6	17.6	17.8	17.6	16.6	13.9	14.1		16.3	12
1982	13.7	14.6	16.1	17.6	17.8	18.5	17	17.1	17.7	15.8	15	13.8		16.2	12
1983	13.6	14.6	15	17.6	18.4	18.4	17.6	17.5	17.5	15.9	15.6	14.2		16.3	12
1984	12.8	14.6	16.3	17.5	17.4	17.6	17.2	16.8	17.1	16.4	13.3	13.7		15.9	12
1985	12.8	14.2	15.8	16	17.2	17.5	16.8	16.9	16.4	15.9	15.1	14.1		15.7	12
1986	12.7	14.1	14.6	15.9	16.6	17.2	16.3	16.7	16.8	16.4	15.6	14.2		15.6	12
1987	13.5	14.3	15.4	15.9	17	18.4	17.9	17.7	17.9	13.9	14.5	14.4		15.9	12
1988	14	13.7	16.5	17.9	17.9	17.7	17.4	17.5	17.2	15.9	14.6	13.2		16.1	12
1989	14.4	13.2	13.5	16.6	17.8	17.4	17.5	17.3	17.2	16.2	15.5	14.7		15.9	12
1990	14.3	14.5	15.4	16.9			17.6	17.9	17.6	17.8	14.8	13.7		16	10
1991	14.3	15	16.3	18.1	17.4	18.3	17.4	16.5	16.9	16.9	15.2	14.3		16.4	12
1992	14.7	15.4	16	15.6	15	17.1	17.4	17.5	17.4	16.3	15.7	14.3		16	12
1993	14.4	14.6	14.9	16.4	16.4	17.6	17.4	16.4	16.6	16.1	15.3	14.3		15.9	12
1994	14.2	13.8	15.1	16.2	15.6	16.4	16.4	16.7	16.4	16.3	15.1	14.3		15.5	12
1995	13.4	14.3	14.9	16.6	17	17.1	15.9	16.2	16.4	16.2	14.6	13.8		15.5	12
1996	13.3	13.5	14.5	16.9	16.9	16.9	16.9	16.7	17.4	15.4	14.8	14.3		15.6	12
1997			15.4	16.6	17.2	16.9	16.9	17.3	17.2	16.6	15.8	15.3		16.5	10
1998	14.9	15	16	17.7	17.3	18.4	17.2	17.1	17.2	17	15.1	14.3		16.4	12
1999	14.4	14.1	15.4	17.4	17.6	17.1	16.9	17.5	17	15.7	13.8	14.4		15.9	12
2000	14.3	14.8	16.6	16.7	17.3	18	17	17.4	18	16.2	15.9	13.4		16.3	12
2001	14.8	14.6	16.3	17	17	17	17.7	17.4	17.1	16.4	14.3	14.6		16.2	12
2002	14.5	14.8	16.2	16.5	17.6	17.3	17.5	17.4	17.6	17	15.1	14.4		16.3	12
2003	13.6	15.2	16.5	17.4	18.3	18.6	17	17.7	17.6	17.4	15.7	12.8		16.5	12
2004	14.8	14.6	15.6	17.2	17.2	17.5	17.5	18.2	17.8	17	15.1	14.1		16.4	12
2005	12.1	14.2	18.9	18.4	18	17.8	17.2	17.5	16.8	14.9	14.1	14.4		16.2	12
2006	14.6	15.8	15.5	15.8	16.9	16.7	16.7	16.8	16.9	16.3	13.4	14.4		15.8	12
2007	14.2	14.9	15.8	16.6	16.2	16.6	16.4	16.5	16.3	14.4	14.3	14.1		15.5	12
2008	13.8	14	15.8	16.4	16.6	17	16.1	15.8	16.4	15.7	15.9	16.2		15.8	12
2009	16.4	16.1	16.2	16.9	16.4	16.1	15.8	16.1	15.8	15.2	15.2	15.4		16	12
2010	14.6	16.4	18.3	20.2	20.2	15.8	15.7	15.7	16.5	17	15.2	16.1		16.8	12
2011	16.6	14.3	15.4	16.4	15.9	15.6	14.5	15.2	15.2	14.5	14.7	15.4		15.3	12
2012	13.4	15.9	16	17.1	16.5	16.4	17.5	17.2	17.7	16.9	15.8	17.2		16.5	12
2013	15.1	17	17.7	17.6	15.9	16.1	16.8	17	14.3	16.1	14.7	14.5		16.1	12
2014	14.2	16	17.4	17.3	16.4	15.4	17	17.6	13.7	15	14.6	14.4		15.8	12
2015	14.1	15.6	17.5	18	17.6	17	16.7	16.6	16.6	17	17.2	17.2		16.8	12
2016	17.1	15.3	18.1	18.4	17	16.6	17	16.9	16.6	17.2	15.4	16.7		16.9	12
2017	16.6	17	18.1	19.8	17.5									17.8	5
MÍNIMA	12.1	13.2	13.5	15	15	15.4	14.5	15.2	13.7	13.9	12.9	12.8		15.3	5
MÁXIMA	24.7	19.4	26.5	24.1	25.3	22.2	23.3	20.1	25.2	18.9	23.2	21.6		21.8	12
MEDIA	15.3	15.5	16.7	17.4	17.6	17.6	17.4	17.3	17.2	16.3	15.5	15.2		16.6	11.6
DESV.ST	2.5	1.5	1.9	1.5	1.6	1.4	1.4	1.1	1.5	1	1.6	1.7		1.2	1.3
