COMISIÓN NACIONAL DEL AGUA
COORDINACIÓN GENERAL DEL SERVICIO METEOROLÓGICO NACIONAL
BASE DE DATOS CLIMATOLÓGICA NACIONAL 

ESTADÍSTICA MENSUAL
EMISIÓN   : 25/10/2024 

DATOS DISPONIBLES EN LA BASE DE DATOS A: OCTOBER DE 2024; 
CON LA INFORMACIÓN SUMINISTRADA POR LAS UNIDADES ADMINISTRATIVAS 

 ESTACIÓN  : 7220 
 NOMBRE    : E.T.A. 259 SALTO DE AGUA 
 ESTADO    : CHIAPAS 
 MUNICIPIO : SALTO DE AGUA 
 SITUACIÓN : SUSPENDIDA 
 CVE-OMM   :   
 LATITUD   : 17.6 ° 
 LONGITUD  : -92.36666667 ° 
 ALTITUD   : 20 msnm 


LLUVIA MÁXIMA 24 H.
AÑO	ENE	FEB	MAR	ABR	MAY	JUN	JUL	AGO	SEP	OCT	NOV	DIC	ACUM	PROM	MESES
1973										67.5	100	5.3	172.8	57.6	3
1974	36.5	91	2.5	47	57	75							309	51.5	6
1975	142	95.2	12	4.6	102.4	94.5	48.6	45	45	175.5	90	63	917.8	76.5	12
1976	67.4	40	10	32	47	67	45.1	60.1	73	65	59	80	645.6	53.8	12
1977	51	80		27	69					90	170		487	81.2	6
1978		42	67.5	0	70	50	60	20	40	80	110		539.5	54	10
1982							41	45	90	57	41		274	54.8	5
MÍNIMA	36.5	40	2.5	0	47	50	41	20	40	57	41	5.3	172.8	51.5	3
MÁXIMA	142	95.2	67.5	47	102.4	94.5	60	60.1	90	175.5	170	80	917.8	81.2	12
MEDIA	74.2	69.6	23	22.1	69.1	71.6	48.7	42.5	62	89.2	95	49.4	478	61.3	7.7
DESV.ST	46.9	26.7	29.9	19.6	20.9	18.5	8.2	16.6	23.7	43.9	45	39.2	254.5	12.2	3.6

LLUVIA TOTAL MENSUAL
AÑO	ENE	FEB	MAR	ABR	MAY	JUN	JUL	AGO	SEP	OCT	NOV	DIC	ACUM	PROM	MESES
1973										507.9	471	15.8	994.7	331.6	3
1974	114.5	350.5	4	154.4	170.5	470.4							1264.3	210.7	6
1975	271.2	195.2	30.2	4.6	145.3	235.3	99	136.6	361.2	920.8	291.3	103.5	2794.2	232.8	12
1976	225.6	120.3	14.2	45.5	208.2	448.2	212.2	310.8	294.5	488.7	264.8	207.9	2840.9	236.7	12
1977	147	326.7		37	138					365.8	424		1438.5	239.8	6
1978		141	162.5	0	95	209.8	160	20	152.5	502.6	300.4		1743.8	174.4	10
1982							170	213.7	759	348	158		1648.7	329.7	5
MÍNIMA	114.5	120.3	4	0	95	209.8	99	20	152.5	348	158	15.8	994.7	174.4	3
MÁXIMA	271.2	350.5	162.5	154.4	208.2	470.4	212.2	310.8	759	920.8	471	207.9	2840.9	331.6	12
MEDIA	189.6	226.7	52.7	48.3	151.4	340.9	160.3	170.3	391.8	522.3	318.2	109.1	1817.9	250.8	7.7
DESV.ST	71.7	106	74	62.5	41.8	137.4	46.7	122.9	259.8	207.6	113.2	96.2	725.9	58.9	3.6

EVAPORACIÓN MENSUAL
AÑO	ENE	FEB	MAR	ABR	MAY	JUN	JUL	AGO	SEP	OCT	NOV	DIC	ACUM	PROM	MESES
1973										102	92.3	89.6	283.9	94.6	3
1974	104.3	92.2	145.8	164.3	170.4	147.9							824.9	137.5	6
1975	91.74	99.4	150	168.4	162.1	162.2	137.3	176.1	132.5	122.4	97.6	79.8	1579.54	131.6	12
1976	80.4	100.9	170.3	163.8	173.1	136.1	161.7	133.8	141.9		62.1	67.1	1391.2	126.5	11
1977	88.8	71.9		123.5	190.6					122.3	93.1		690.2	115	6
1978		95.5	139.8	136.5	165.9	144.5	115.1	103	108.3	136.3	139		1283.9	128.4	10
1982							141.1	146.2	147.8	126.4	111.3		672.8	134.6	5
MÍNIMA	80.4	71.9	139.8	123.5	162.1	136.1	115.1	103	108.3	102	62.1	67.1	283.9	94.6	3
MÁXIMA	104.3	100.9	170.3	168.4	190.6	162.2	161.7	176.1	147.8	136.3	139	89.6	1579.54	137.5	12
MEDIA	91.3	92	151.5	151.3	172.4	147.7	138.8	139.8	132.6	121.9	99.2	78.8	960.9	124	7.6
DESV.ST	9.9	11.7	13.2	20.1	11	10.9	19.1	30.3	17.4	12.5	25.3	11.3	466.4	14.9	3.4

TEMPERATURA MÁXIMA PROMEDIO
AÑO	ENE	FEB	MAR	ABR	MAY	JUN	JUL	AGO	SEP	OCT	NOV	DIC	ACUM	PROM	MESES
1973										33.7	32.4	28.3		31.5	3
1974	31.8	31	34	33	35.6	36.3								33.6	6
1975	27.5	30.8	33.1	35.7	37.3	34.2	34.9	34.5	32.5	30.9	29.9	27.9		32.4	12
1976	25.8	29.2	32.8	33.4	33.3	32.3	33.4	33.3	33.5	31.8	27.5	26.9		31.1	12
1977	27.7	28		33.6	33.3					31.3	30.9			30.8	6
1978		27.8	29.5	32	33.7	33	33.5	31.4	33	33.2	31.7			31.9	10
1982							35.9	35.6	35	34.6	34.3			35.1	5
MÍNIMA	25.8	27.8	29.5	32	33.3	32.3	33.4	31.4	32.5	30.9	27.5	26.9		30.8	3
MÁXIMA	31.8	31	34	35.7	37.3	36.3	35.9	35.6	35	34.6	34.3	28.3		35.1	12
MEDIA	28.2	29.4	32.4	33.5	34.6	34	34.4	33.7	33.5	32.6	31.1	27.7		32.3	7.7
DESV.ST	2.5	1.5	2	1.4	1.8	1.8	1.2	1.8	1.1	1.5	2.3	0.7		1.5	3.6

TEMPERATURA MÁXIMA EXTREMA
AÑO	ENE	FEB	MAR	ABR	MAY	JUN	JUL	AGO	SEP	OCT	NOV	DIC	ACUM	PROM	MESES
1973										44.1	43.1	32.1		39.8	3
1974	39.1	35.1	40.1	38.1	42.1	46.1								40.1	6
1975	39	34	36	38	40	37	38	37	35.5	34	33	31.5		36.1	12
1976	32	33	37	38	37	37	41	35	37	35	31	32		35.4	12
1977	34	35		40	37					35	34			35.8	6
1978		34	35	36	39	35	38	35	38	41	35			36.6	10
1982							36.8	36.5	37	36	35			36.3	5
MÍNIMA	32	33	35	36	37	35	36.8	35	35.5	34	31	31.5		35.4	3
MÁXIMA	39.1	35.1	40.1	40	42.1	46.1	41	37	38	44.1	43.1	32.1		40.1	12
MEDIA	36	34.2	37	38	39	38.8	38.5	35.9	36.9	37.5	35.2	31.9		37.2	7.7
DESV.ST	3.6	0.9	2.2	1.4	2.2	5	1.8	1	1	4.1	4.2	0.3		1.9	3.6

TEMPERATURA MÍNIMA PROMEDIO
AÑO	ENE	FEB	MAR	ABR	MAY	JUN	JUL	AGO	SEP	OCT	NOV	DIC	ACUM	PROM	MESES
1973										12.2	11.2	11.1		11.5	3
1974	10.3	9.4	10.2	10.4	11.6	11.6								10.6	6
1975	18.9	19.3	20.9	21.3	24	22.6	21.8	21.8	22.1	21.5	20.3	18.3		21.1	12
1976	15	17.1	20.1	21.6	22	21.9	22.3	21.9	22.1	21.5	19.3	18.2		20.2	12
1977	17.4	18.6		21.6	22.2					21.4	19.8			20.2	6
1978		17.6	18.2	21.4	23.2	22.4	21.8	21.4	21.7	21	19.9			20.9	10
1982							21.3	20.5	22	21.1	18.1			20.6	5
MÍNIMA	10.3	9.4	10.2	10.4	11.6	11.6	21.3	20.5	21.7	12.2	11.2	11.1		10.6	3
MÁXIMA	18.9	19.3	20.9	21.6	24	22.6	22.3	21.9	22.1	21.5	20.3	18.3		21.1	12
MEDIA	15.4	16.4	17.4	19.3	20.6	19.6	21.8	21.4	22	19.8	18.1	15.9		17.9	7.7
DESV.ST	3.8	4	4.9	5	5.1	5.4	0.4	0.6	0.2	3.7	3.5	4.1		4.7	3.6

TEMPERATURA MÍNIMA EXTREMA
AÑO	ENE	FEB	MAR	ABR	MAY	JUN	JUL	AGO	SEP	OCT	NOV	DIC	ACUM	PROM	MESES
1973										10.5	7.5	7.5		8.5	3
1974	8.5	5.5	6.5	7.5	9.5	10								7.9	6
1975	12	15	15	5	22	21	21	21	20	19	15	11		16.4	12
1976	5	11	17	19	18	19	20	20	19.5	18	15	15		16.4	12
1977	11	11		8	19					18	15			13.7	6
1978		12	13	17	21	20	18	18	17	17	5			15.8	10
1982							21	10	20	18	15			16.8	5
MÍNIMA	5	5.5	6.5	5	9.5	10	18	10	17	10.5	5	7.5		7.9	3
MÁXIMA	12	15	17	19	22	21	21	21	20	19	15	15		16.8	12
MEDIA	9.1	10.9	12.9	11.3	17.9	17.5	20	17.2	19.1	16.8	12.1	11.2		13.6	7.7
DESV.ST	3.1	3.4	4.6	6.3	5	5.1	1.4	5	1.4	3.1	4.6	3.8		3.9	3.6

TEMPERATURA MEDIA MENSUAL
AÑO	ENE	FEB	MAR	ABR	MAY	JUN	JUL	AGO	SEP	OCT	NOV	DIC	ACUM	PROM	MESES
1973										23	21.8	19.7		21.5	3
1974	21	20.2	22.1	21.7	23.6	24								22.1	6
1975	23.2	25	27	28.5	30.6	28.4	28.4	28.1	27.3	26.2	25.1	23.1		26.7	12
1976	20.4	23.1	26.4	27.5	27.6	27.1	27.9	27.6	27.8	26.6	23.4	22.5		25.7	12
1977	22.5	23.3		27.6	27.8					26.4	25.4			25.5	6
1978		22.7	23.9	26.7	28.5	27.7	27.6	26.4	27.4	27.1	25.8			26.4	10
1982							28.6	28	28.5	27.9	26.2			27.8	5
MÍNIMA	20.4	20.2	22.1	21.7	23.6	24	27.6	26.4	27.3	23	21.8	19.7		21.5	3
MÁXIMA	23.2	25	27	28.5	30.6	28.4	28.6	28.1	28.5	27.9	26.2	23.1		27.8	12
MEDIA	21.8	22.9	24.9	26.4	27.6	26.8	28.1	27.5	27.8	26.2	24.6	21.8		25.1	7.7
DESV.ST	1.3	1.7	2.3	2.7	2.5	1.9	0.5	0.8	0.5	1.7	1.7	1.8		2.4	3.6
