COMISIÓN NACIONAL DEL AGUA
COORDINACIÓN GENERAL DEL SERVICIO METEOROLÓGICO NACIONAL
BASE DE DATOS CLIMATOLÓGICA NACIONAL 

ESTADÍSTICA MENSUAL
EMISIÓN   : 25/10/2024 

DATOS DISPONIBLES EN LA BASE DE DATOS A: OCTOBER DE 2024; 
CON LA INFORMACIÓN SUMINISTRADA POR LAS UNIDADES ADMINISTRATIVAS 

 ESTACIÓN  : 7084 
 NOMBRE    : JESUS CHIAPAS 
 ESTADO    : CHIAPAS 
 MUNICIPIO : PIJIJIAPAN 
 SITUACIÓN : SUSPENDIDA 
 CVE-OMM   :   
 LATITUD   : 15.80833333 ° 
 LONGITUD  : -93.35833333 ° 
 ALTITUD   : 90 msnm 


LLUVIA MÁXIMA 24 H.
AÑO	ENE	FEB	MAR	ABR	MAY	JUN	JUL	AGO	SEP	OCT	NOV	DIC	ACUM	PROM	MESES
1964									86.8	96	21.3	7.2	211.3	52.8	4
1965	6.4	0	9	39.5	52.6	70.9	54	60	80.5	81.3	0.01	0	454.21	37.9	12
1966	0	0	0.01	21.5	96.8	87.7	60.3	87.2	105.2	55.7	0	0	514.41	42.9	12
1967	0	0.01	28.8	45	22.2	76	80	31.4	93.3	70.2	0.7	2.2	449.81	37.5	12
1968	0	0	0	2	43	88	58	89	112	56	0	2.5	450.5	37.5	12
1969	0	0	0.2	38	39	92.4	104.7	92.2	66.8	64	16	0	513.3	42.8	12
1970	0	0	0	0	18.4	56.2	63.1	102.8	97.7	47.3	36.6	2.4	424.5	35.4	12
1971	46	0	0.01	0	71	77.7	61.3	93	60	67.7	63.5	3.5	543.71	45.3	12
1972	0	0.2	5	46.3	66.4	135.5	40.1	90.2	90.4	34	65	33.6	606.7	50.6	12
1973	0	5.3	0	54	118.2	80.2	67.4	121	128.6	57.7	8	8.3	648.7	54.1	12
1974	39.5	16	27.3	32.8	26	134.6	166.9	65	103.4	25.8	8.9	0	646.2	53.9	12
1975	0	0	26.5	1.3	56	109.8	120	65	62.5	35	4	12.8	492.9	41.1	12
1976	0	0	0	47	24.5	60.4	89.5	33	97.8	64.8	25.5	0	442.5	36.9	12
1977	0	0	0	4.6	84	50.2	48.6	60.9	76.4	126	25.5	7.8	484	40.3	12
1978	0	0	3.2	21.8	102	165	100	30.5	113.5	38.6	29.5	1.5	605.6	50.5	12
1979	0	0	0		67.4	94.5	131.5	72.3	125.5	27.3	0	1.5	520	47.3	11
1980	12.5	0	0	28.3	116.5	55.5	78.6	108.5	214.5	21.5	0	0	635.9	53	12
1981	0	0	0.1	33.5	129.1	121.2	85.6	94.6	101.3	82.1	1.6	0	649.1	54.1	12
1982	0	24.4	0	3.3	90.6	82.4	46	37.6	67.6	41.8	38.5	0	432.2	36	12
1983	0	49	60	0	7.8	62	48.7	73.3	33.6	30.5	8	4.5	377.4	31.4	12
1984	0	0	20.3	0	53	72.5	47.1	91	94.1	108.3	0	0	486.3	40.5	12
1985	0	0	0	30.2	81	117	60	68.2		53	147.5	0	556.9	50.6	11
1986	0	0	0	0	118.1	43.5	67.1	65.5	134	53	32.9	3.2	517.3	43.1	12
1987	0	0	0	0	49	65.1	55	55.5	56.5	0	0	0	281.1	23.4	12
1988		0	0	0	40.1	73.8	72.5	167.7	248	18.5	5.3	0	625.9	56.9	11
1989	0	0	1.5	20	140.4	86.5	70.5	106.5	174	60	31.8	0	691.2	57.6	12
1990	0	16.8	37.7	25.1	105.5	58	52.5	45.4	52.3	69.5	13.5	0	476.3	39.7	12
1991	0	0	0.4	13.6	35	90	41	160	101	47.3	0.01	31.4	519.71	43.3	12
1992	0.01	0.7	79.2	6.5	78.5	188.5	58	99	105.2	61.5	6.5	0	683.61	57	12
1993	0	0	9	30	40	91	88			90.1	3.5	0	351.6	35.2	10
1994	0	0	0	22.1	71	67	35.3	62.1	29.8	74	23.8	0	385.1	32.1	12
1995	61	0	0	28.6	61.1	67.5	91	93.5	77.5	40.5	45.8	16.5	583	48.6	12
1999				0	90	96.5	91.4	60	102	126.5	1	2	569.4	63.3	9
2000	0	0	0	40	88.8	80	49.2	90.9	67.4	40.6	44.3	0	501.2	41.8	12
2001	0	0	0	2.8	83.1	62.3	54.7	56.3	90.7	65	0	0	414.9	34.6	12
2002	0	0	0	80.1	80.3	69.4	90.1	90.2	90.6	70.4	52	0	623.1	51.9	12
2003	0	0	40.6	0	90.6	95	90	90					406.2	50.8	8
MÍNIMA	0	0	0	0	7.8	43.5	35.3	30.5	29.8	0	0	0	211.3	23.4	4
MÁXIMA	61	49	79.2	80.1	140.4	188.5	166.9	167.7	248	126.5	147.5	33.6	691.2	63.3	12
MEDIA	4.9	3.2	10	20.5	70.5	86.8	72.7	80.3	98.2	58.4	21.1	3.9	507.5	44.6	11.5
DESV.ST	14.3	9.7	19.1	20.3	33.5	31.3	28	31.2	44.4	28.3	29.1	8	111	8.9	1.5

LLUVIA TOTAL MENSUAL
AÑO	ENE	FEB	MAR	ABR	MAY	JUN	JUL	AGO	SEP	OCT	NOV	DIC	ACUM	PROM	MESES
1964									159.6	212.2	21.31	14.91	408.02	102	4
1965	7.32	0	9.01	146.81	313.2	488.71	220.81	322.01	561.13	267.1	0.01	0	2336.11	194.7	12
1966	0	0	0.01	23	468.1	337.6	404.41	325.21	573.72	263.6	0	0	2395.65	199.6	12
1967	0	0.01	55.8	57.1	131.11	535.21	388.61	221.81	554.23	183.5	0.7	3.4	2131.48	177.6	12
1968	0	0	0	2	223.8	361.8	273.3	435.7	633.9	190.6	0	2.5	2123.6	177	12
1969	0	0	0.2	72.6	61.7	448.6	457.9	548.81	544.01	332.51	19.4	0	2485.73	207.1	12
1970	0	0	0	0	38.1	241.1	490.1	578.51	737.4	242.1	36.6	2.4	2366.31	197.2	12
1971	46.3	0	0.02	0	202.22	529.22	429.61	699.91	385.84	274.01	68.52	3.51	2639.16	219.9	12
1972	0	0.2	9.8	147	227.7	595.6	183	366.3	472.7	76.9	104.7	42.2	2226.1	185.5	12
1973	0	5.3	0	74	188.6	411.8	355.5	512.6	696.4	216.6	21.3	8.3	2490.4	207.5	12
1974	77	27	89.4	47.1	111.8	510.7	447.5	311.2	513.6	34.4	9.6	0	2179.3	181.6	12
1975	0	0	35.2	1.3	284.7	330.3	456.8	470.2	497.1	144.6	5.51	16.5	2242.21	186.9	12
1976	0	0	0	146.1	75.8	344.4	135.6	146.2	377.2	234.7	59.1	0	1519.1	126.6	12
1977	0	0	0	4.6	289.1	218.7	186.81	255.1	303	375.4	25.5	11.5	1669.71	139.1	12
1978	0	0	3.2	30.1	247.3	691.9	456.7	221	459.6	130.7	34.3	1.5	2276.3	189.7	12
1979	0	0	0		253.61	370.9	418.22	454.2	433	122.7	0	1.5	2054.13	186.7	11
1980	12.5	0	0	39.2	284.1	282.8	511.7	485.5	905.3	48.4	0	0	2569.5	214.1	12
1981	0	0	0.1	89.4	394.8	645.8	380.2	415.8	650.9	416.8	1.6	0	2995.4	249.6	12
1982	0	48.1	0	4.9	386.9	515.1	206.2	151.9	330.3	166.1	69.1	0	1878.6	156.6	12
1983	0	62.5	69.6	0	17.2	167.7	262.3	325.3	163.1	118.8	15.9	4.51	1206.91	100.6	12
1984	0	0	20.3	0	228.81	304.11	347.2	382.2	420.8	163.2	0	0	1866.62	155.6	12
1985	0	0	0	72.01	223.5	464.4	364.8	448.4		197.5	189.5	0	1960.11	178.2	11
1986	0	0	0	0	382.7	227.5	203.1	176.3	359.5	155.5	38.01	3.2	1545.81	128.8	12
1987	0	0	0	0	81.4	393.3	399.6	321.8	262.5	0	0	0	1458.6	121.6	12
1988		0	0	0	83.1	428.11	342	822.1	765.45	39.64	5.32	0	2485.72	226	11
1989	0	0	1.5	20	392.83	464.61	535.32	375.35	905.13	206.63	95.22	0	2996.59	249.7	12
1990	0	38.4	55.5	51	165.9	410.42	300.13	382.71	408.8	286.73	21.21	0	2120.8	176.7	12
1991	0	0	0.4	23.82	135.55	495.53	156.51	489.72	348.82	209.5	0.01	31.4	1891.26	157.6	12
1992	0.01	0.7	81.7	6.8	130.3	559.73	358.02	428.54	539.83	125.23	9.9	0	2240.76	186.7	12
1993	0	0	9	30.01	125.21	403.11	317.23			197.08	3.51	0	1085.15	108.5	10
1994	0	0	0	31.1	307.31	280.64	160.25	364.21	190.61	399	26.21	0	1759.33	146.6	12
1995	61	0	0	65.4	136.5	326.4	468.02	601.61	431.31	256.12	47.3	19	2412.66	201.1	12
1999				0	203.7	449	364.5	369.5	824.8	323.1	1.01	2.01	2537.62	282	9
2000	0	0	0	78	339.9	393.7	265.4	293.7	416	84.9	145.5	0	2017.1	168.1	12
2001	0	0	0	2.9	153.2	248.8	324.9	241	847.7	338.5	0	0	2157	179.8	12
2002	0	0	0	325.7	166.3	476.8	667.2	693.6	724.4	522.9	52	0	3628.9	302.4	12
2003	0	0	40.6	0	441.5	598.8	630.2	843.5					2554.6	319.3	8
MÍNIMA	0	0	0	0	17.2	167.7	135.6	146.2	159.6	0	0	0	408.02	100.6	4
MÁXIMA	77	62.5	89.4	325.7	468.1	691.9	667.2	843.5	905.3	522.9	189.5	42.2	3628.9	319.3	12
MEDIA	6	5.2	13.8	45.5	219.4	415.4	357.5	413.8	511.7	209.9	31.3	4.7	2132.8	186.2	11.5
DESV.ST	18.1	14.9	25.8	65.6	118.5	126.4	130.1	172.6	204.2	116.3	43.8	9.4	574.8	50.6	1.5

EVAPORACIÓN MENSUAL
AÑO	ENE	FEB	MAR	ABR	MAY	JUN	JUL	AGO	SEP	OCT	NOV	DIC	ACUM	PROM	MESES
1964									29.2	222.5	180.4	165.6	597.7	149.4	4
1965	208.4	190.2	186.3	203.5	191.4	127.5	151.4	143.5	144.5	94.6	154.8	217.3	2013.4	167.8	12
1966	240.9	242	310.4	210.6	166.3	151.9	148.2	140	122.8	153	265.8	262	2413.9	201.2	12
1967	240.1	184.3	231.5	218.7	211	145	166.9	151	122.2	162.9	205.9	168.8	2208.3	184	12
1968	181	257.4	265.9	226.6	174.2	126.9	143.6	144	141.6	114.5	145	217.7	2138.4	178.2	12
1969	254.2	200.3	259.2	235.7	222.1	142.6	150.12	126.66	126.36	123.67	196.2	261.7	2298.81	191.6	12
1970	187.7	279.7	218.7	227.1	252.5	176.3	158.7	145.3	137.1	131.4	173.2	214.3	2302	191.8	12
1971	196.84	192.47	246.26	242.6	183.22	134.49	132.2	156.31	124.92	109.37	145.49	107.45	1971.62	164.3	12
1972	143.1	192.9	214	195.7	160.9	142.1	159.8	158.1	164.3	122.6	125.3	168	1946.8	162.2	12
1973	213.4	244.2	226.4	218	207.3	137.1	149.7	128.7	133.8	107	151.6	165.9	2083.1	173.6	12
1974	139.2	194.3	178.3	180	166	131.9	144.4	146	128.7	232.7	143.2	120.1	1904.8	158.7	12
1975	101.8	84.1	117.2	196.3	159.8	149.7	165.7	151.8	145.5	123	141	163.3	1699.2	141.6	12
1976	109.1	80.3	69.7	164.1	180.3	106.9	178.8	157.1	126.9	99.1	94.1	91.8	1458.2	121.5	12
1977	55.7	121.4	101.8	99.9	165.1	129.6	156.7	124.9	108.2	139.1	116.1	146	1464.5	122	12
1978	234.5	219.9	220.1	207.5	185.6	157.5	122.7	130.6	98	150	146.1	175.6	2048.1	170.7	12
1979	240.3	206.9	231.2		173.8	140	140.4	124	116.9	112.8	195.7	196.2	1878.2	170.7	11
1980	157.3	189.2	231.2	251.6	159.1	135.6	145.3	121.8	101.9	154.5	208.2	274.3	2130	177.5	12
1981	238.3	257.8	248.2	212.3	158.7	135.5	147.4	144.5	155.2	128.9	179.4	187.5	2193.7	182.8	12
1982	186.3	187.9	224.3	182.6	160.1	121.6	123.3	147.3	121	150	168.7	171	1944.1	162	12
1983	205.2	171.7	177.9	203.9	196.8	152.9	143.3	142.1	125.14	144.6	131.77	148.5	1943.81	162	12
1984	238.77	198.22	229.99	230.93	181.39	126.27	128.69	133.11	105.45	137.42	199.22	232.44	2141.9	178.5	12
1985	219.6	232.82	237.3	188.03	161.99	125.01	138.95	136.5		118.9	133.88	181.66	1874.64	170.4	11
1986	292.86	159.29	201.1	204.29	192.5	112.96	157.04	147.2	116.81	171.08	173.81	213.99	2142.93	178.6	12
1987	214.3	180.58	211.91	196.16	188.45	140.4	123.81	132.5	133.5	279.55	208.61	231.55	2241.32	186.8	12
1988		230.92	255.28	235.63	209.05	129.1	134.97	114.85	96.2	196.4	176.75	212.65	1991.8	181.1	11
1989	208.75	215.53	244.55	245.38	152.87	126.22	122.86	121.74	134.27	181.6	191.85	206	2151.62	179.3	12
1990	210.79	195.4	212.4	181.5	156.55	123.2	123.85	125.53	121.64	171.4	194.93	218.1	2035.29	169.6	12
1991	200.25	219.1	217.75	199.14	148.46	127.95	133.9	142.41	131.5	148.85	246.65	205.6	2121.56	176.8	12
1992	218.58	198.35	229	212.2	211.4	138.1	134.15	139.34	137.3	133.41	158	242.89	2152.72	179.4	12
1993	222.16	230.42	233.31	229.92	199.2	145.13	140.66			156.92	199.22	211.14	1968.08	196.8	10
1994	223.73	204.97	240.23	222.99	160.95	154.04	159.78	159.93	125.02	150.16	150.84	176.5	2129.14	177.4	12
1995	202.97	210.8	224.1	175.92	169.05	145.22	166.79	135.64	116.38	132.27	167.9	176.95	2023.99	168.7	12
1999				230.15	174.83	116.17	127.45	154.41	134.41	166.35	248.07	221.03	1572.87	174.8	9
2000	164.83	162.73	191.87	221.63	137.28	126.04	154.49	151.36	109.08	156.57	122.63	203.83	1902.34	158.5	12
2001	203.72	195.3	215.99	210.59	218	150.64	146.03	153.23	103.72	155.24	135.75	77.98	1966.19	163.8	12
2002	174.04	234.48	263.47	197.36	174.46	122.39	147.79	151.51	135.2	126.17	193.74	116.56	2037.17	169.8	12
2003	260.35	192.1	218.09	133.69	163.8	114.88	157.83	143.39					1384.13	173	8
MÍNIMA	55.7	80.3	69.7	99.9	137.28	106.9	122.7	114.85	29.2	94.6	94.1	77.98	597.7	121.5	4
MÁXIMA	292.86	279.7	310.4	251.6	252.5	176.3	178.8	159.93	164.3	279.55	265.8	274.3	2413.9	201.2	12
MEDIA	199.7	198.8	216.7	205.5	179.8	135.2	145.2	140.8	122.8	148.8	171.4	187.6	1958.8	170.7	11.5
DESV.ST	48.3	42.4	45.8	30.7	24.5	14.4	14.5	12	22.7	38	38.4	46.7	327.3	17	1.5

TEMPERATURA MÁXIMA PROMEDIO
AÑO	ENE	FEB	MAR	ABR	MAY	JUN	JUL	AGO	SEP	OCT	NOV	DIC	ACUM	PROM	MESES
1964									31.3	31.9	32.8	32.1		32	4
1965	32.6	33.1	34.1	33.6	34.7	32.8	34	33.8	33.3	32.1	34.1	33.6		33.5	12
1966	34.2	35.2	36.1	36.8	34.5	33.3	35	35.2	33.8	32.9	33.3	32.8		34.4	12
1967	33.6	34.5	35.4	35.2	35.5	32.6	33.5	33.7	32.4	32.8	35.7	37.5		34.4	12
1968	38.5	38.1	39.3	39.4	37.6	37.7	38.4	38.4	37.3	37.1	38.4	37.9		38.2	12
1969	33.7	34.8	35.7	36.9	36.4	33.9	34.4	32.4	33.1	33.1	33.2	33.3		34.2	12
1970	32.9	34.7	35.3	36.1	36.4	35	33.8	33.6	32	32.5	31.8	33.5		34	12
1971	33.6	34	35.2	35.2	34.9	33.4	33.6	33.1	32.1	32.6	33.3	32.9		33.7	12
1972	33.4	33.9	34.7	35.6	34.6	33.5	34.9	34.4	34	34.1	34.2	33.5		34.2	12
1973	33	34.6	35.9	36.3	36.1	33.6	33.9	33.4	32.1	32.5	33.6	32.4		34	12
1974	33.4	33.8	34	34.9	34.3	32.7	33.7	33.4	32.4	33.5	33.1	33.7		33.6	12
1975	34.1	34.3	35.3	36.8	34.2	34.4	33.6	32.9	32.6	32.1	33.6	33		33.9	12
1976	33	33.2	34.9	35.2	35.5	32.5	35.2	34.2	33.9	33.5	32.5	33.2		33.9	12
1977	34	34.9	36.3	36.8	34.4	34	34.7	34.6	34	33.4	33.5	34.1		34.6	12
1978	34.1	34.6	35.6	36.1	36	34	33.3	34.2	32	33	34.2	34.1		34.3	12
1979	33.6	34.9	36.4		35.6	33.7	35.2	34.5	32.7	34	33.2	34.1		34.4	11
1980	34.5	34.9	36.6	37	36.3	34.8	34.9	34.5	33.7	34.3	34.4	33.3		34.9	12
1981	33.8	35	37.5	37.8	34.7	32.7	34.3	33.3	32.9	33.4	33.9	34		34.4	12
1982	35.1	36.1	35.2	36.4	35.1	34	34.8	35.3	34	33.5	34	34.5		34.8	12
1983	34.3	34.4	34.8	36.9	38.1	35.6	35.8	35.5	34.6	34.3	34.6	34.6		35.3	12
1984	34	35.2	36.4	36.8	34.9	33.5	33.9	34.5	32.8	34	33.4	34.9		34.5	12
1985	33.8	35.4	36.8	36.2	35.2	34.3	34.4	33.6		34	33.8	34.4		34.7	11
1986	33.1	35.6	36	37.2	34.8	34.6	35.1	34.5	34	33.8	34.6	34.5		34.8	12
1987	34.1	35	35.8	38.5	37.2	35	34.9	34.9	34.9	34.3	35.8	36.2		35.5	12
1988		36.4	37.3	37.6	37.5	34.5	34.8	34	33.1	33.9	35.1	34.8		35.4	11
1989	35.8	34.4	34.6	37.7	35.3	34.5	34.6	34.3	32.5	34.3	34.4	33.6		34.7	12
1990	35.5	34.8	36	36.9	36.1	35.1	35.5	35	35	34.6	34.2	34.4		35.3	12
1991	36	36.1	37.3	37.6	36	35.1	36.1	35.1	34.6	34.4	34	34.9		35.6	12
1992	34.6	35.4	37.2	38	37.7	35.4	34.5	35	33.9	34.6	34.4	35.5		35.5	12
1993	35	36.1	36.9	38.1	36.4	34.2	34.7			33.9	34.2	35.1		35.5	10
1994	35.4	36.1	36.4	38.1	36.1	34.8	35.3	34.7	35	34.5	35.1	35.6		35.6	12
1995	36	37.2	38.1	36.9	36.4	34.5	34.5	33.7	34.1	33.1	35	35.3		35.4	12
1999				37.5	35.5	33.4	33.3	33.9	31.9	32.6	34	34.9		34.1	9
2000	35.6	35.6	35.8	36.2	33.8	34.3	34.2	33.8	32.4	34.2	34.5	34.6		34.6	12
2001	34.6	35.9	35.2	36.9	36	33.4	33.8	34.3	32.7	34.2	34.2	35.8		34.8	12
2002	34.5	35.2	36	35.5	35.2	32.6	33.7	33.1	31.6	34.2	33.6	34.5		34.1	12
2003	34	35.8	35	36.4	35	32.5	34	33.5						34.5	8
MÍNIMA	32.6	33.1	34	33.6	33.8	32.5	33.3	32.4	31.3	31.9	31.8	32.1		32	4
MÁXIMA	38.5	38.1	39.3	39.4	38.1	37.7	38.4	38.4	37.3	37.1	38.4	37.9		38.2	12
MEDIA	34.3	35.1	36	36.7	35.7	34.1	34.6	34.2	33.3	33.6	34.1	34.4		34.6	11.5
DESV.ST	1.2	1	1.1	1.2	1.1	1.1	1	1	1.2	1	1.1	1.3		0.9	1.5

TEMPERATURA MÁXIMA EXTREMA
AÑO	ENE	FEB	MAR	ABR	MAY	JUN	JUL	AGO	SEP	OCT	NOV	DIC	ACUM	PROM	MESES
1964									32.5	34	35	34		33.9	4
1965	35.5	35	37	38	39.5	35	35.5	36	35	34.5	35.5	35		36	12
1966	37	37	38.5	39.5	38	36.5	37	37.5	36.5	35.5	36	35.5		37	12
1967	37	38.5	39	38	39	35.5	35	35	35	35	39.5	40		37.2	12
1968	40	41	43	42	39.5	39.5	41.5	41	39.5	39	39.5	39.5		40.4	12
1969	36.5	37	38	40	40	37.5	36.5	35	35	35	35	35.5		36.8	12
1970	37	38.5	39.5	38.5	38.5	38	37	39	36	35.5	36.5	37		37.6	12
1971	36.5	36.5	40.5	38	38	35	37	36.5	34.5	37.5	35.5	35		36.7	12
1972	37.5	37	38.5	40	36.5	36.5	37.5	37	36	36	36.5	36.5		37.1	12
1973	36	38	37.5	40	39.5	37.5	35.5	35.5	35	34.5	35.5	36		36.7	12
1974	35.5	36.5	36.5	38.5	35.5	35.5	36	35.5	35.5	35	36	35.5		36	12
1975	36.5	36.5	39.5	41.5	36.5	36.5	35	35.5	34.5	34.5	39.5	36		36.8	12
1976	36.5	36.5	36	37.5	37.5	35	38	37	37.5	35	35.5	36.5		36.5	12
1977	36.5	38	40	39.5	39	36.5	38	36.5	36.5	36.5	37	36		37.5	12
1978	37	38.5	39.5	37.5	40	36.5	36	36.5	36.5	35.5	37	35.5		37.2	12
1979	36.5	38	41		39	37.5	37.5	38	36.5	36.5	35.5	36.5		37.5	11
1980	38	40	41	40.5	40.5	37.5	37.5	36.5	37	36	36.5	36		38.1	12
1981	36	39	39.5	41	37.5	35	36.5	36.5	35.5	35.5	35.5	36		37	12
1982	38	39	37.5	39	38.5	36	39	37	38	35.5	36	36.5		37.5	12
1983	37.5	39	38	39	40	40	39	38	37	37.5	36.5	36		38.1	12
1984	37	37.5	38.5	38.5	39	36.5	36	36.5	35	36	36	37		37	12
1985	36	37	39	38.5	37.5	38	37.5	36		36	36.5	36.5		37.1	11
1986	36.5	37.5	39	39.5	40	37	38	37	37	36	36.5	36		37.5	12
1987	36.5	37.5	38.5	41	42	39	38.5	37.5	37.5	38	38	39		38.6	12
1988		39.5	41	41	41.5	36.5	36.5	36.5	36	37	37	37		38.1	11
1989	38.5	38.5	37	40.5	39	39	37	36	36	36.5	36	37		37.6	12
1990	38	37.5	40	39	39	37.5	37.5	37	37	37	36.5	38		37.8	12
1991	37.5	39.5	40	39.5	38.5	38	38	36.5	37	37	38	38.5		38.2	12
1992	38	39	40	41.5	40.5	37	38	37	36	37	36	38		38.2	12
1993	38	39	39.5	41.5	38.5	39	36.5			36.5	36	37.5		38.2	10
1994	40	38	38.5	40	39.5	37	38	37	37	36	37	37		37.9	12
1995	38	40	41	40	39	37	37	37	37	37	37	38		38.2	12
1999				40	38	37	36.5	35.5	35.5	35	36	37.5		36.8	9
2000	38	39	38.5	39	35.5	37	37	37	34.5	37	38	36		37.2	12
2001	36	38	37.5	39.5	39	36.5	38.5	36.5	35.5	36.5	36	37		37.2	12
2002	36.5	38	41.5	39	37.5	36	36	35	34.5	36.5	37.5	37		37.1	12
2003	39	38	37	37.5	39.5	35.5	35.5	35.5						37.2	8
MÍNIMA	35.5	35	36	37.5	35.5	35	35	35	32.5	34	35	34		33.9	4
MÁXIMA	40	41	43	42	42	40	41.5	41	39.5	39	39.5	40		40.4	12
MEDIA	37.2	38.1	39	39.5	38.8	37	37.1	36.7	36	36.1	36.6	36.7		37.3	11.5
DESV.ST	1.1	1.2	1.6	1.2	1.4	1.3	1.3	1.2	1.3	1.1	1.2	1.3		1	1.5

TEMPERATURA MÍNIMA PROMEDIO
AÑO	ENE	FEB	MAR	ABR	MAY	JUN	JUL	AGO	SEP	OCT	NOV	DIC	ACUM	PROM	MESES
1964									22.5	23.6	23.7	22.1		23	4
1965	21	21.6	23.1	23.9	23.4	22.9	22.8	22.7	22.9	23.4	23.3	23.1		22.8	12
1966	21.3	22.8	23.4	24.2	23.4	23.1	22.9	22.7	22.4	23.1	23.9	21.7		22.9	12
1967	20.9	21.1	22.5	23.5	24.1	22.4	22.4	22.5	22	23.1	23.4	21.7		22.5	12
1968	21.6	20.7	21.2	23.7	23	22.3	21.9	22.4	22.1	22.9	21.9	22.2		22.2	12
1969	21	22.4	23.7	24.2	24	23.5	22.6	22	22.5	22.5	22.6	22.5		22.8	12
1970	21	22.2	21.9	24.2	23.7	23.2	22.4	22.3	21.9	22.9	21.8	21.9		22.4	12
1971	21.2	20.5	21.5	22.4	23.1	21.9	21.9	21.6	22.1	22.2	22.4	21.3		21.8	12
1972	20.6	21	22.1	22.9	22.8	22.5	23	22.2	22.4	22.6	22.8	22.3		22.3	12
1973	20	21.1	22.6	23.9	23.9	22.6	22.4	22.4	22.2	22.5	22.8	20.5		22.2	12
1974	20.8	20.8	21.8	22.4	22.5	22	21.6	22.4	21.9	24.1	21.5	21.9		22	12
1975	20.9	20.7	22.2	23.4	23	22.5	21.7	21.8	22.1	22	22	21.9		22	12
1976	21.1	19.2	21.5	22.6	23.4	22.1	23.1	22.2	22	22.8	22.5	22.2		22.1	12
1977	20.3	21.4	21.7	24.2	23.3	22.7	22.6	22.6	22.7	22.7	22.1	21.6		22.3	12
1978	21.8	21.5	21.9	23.8	23.5	22.3	22.1	22.6	22.1	22.1	22.9	21.3		22.3	12
1979	20.5	21.2	22.3		23.3	22.8	22.6	22.2	22.2	22.6	22.8	22.9		22.3	11
1980	21.2	22.3	22.4	24.4	23.8	23	22.6	22.3	22.2	23.4	23.8	22.8		22.9	12
1981	21	22.2	23	23.2	23.4	22.4	22.5	22.6	22.3	22.6	22.5	22.7		22.5	12
1982	21.2	22.5	22.4	24	23.5	22.5	22.2	22.5	22.6	22.3	22.4	21.3		22.4	12
1983	21.8	21.3	21.1	22.9	24.5	23.4	23	22.2	22.4	22.5	22.1	21.3		22.4	12
1984	21.6	21.4	21.5	22.5	23	22.2	21.8	22.3	21.6	22	21.6	21.6		21.9	12
1985	20.4	20.9	22.7	21.9	22.5	22.3	21.9	22		21.7	21	21.7		21.7	11
1986	21.3	21	21.4	23.4	23.6	22.4	22.1	22.3	22.1	22.3	22.8	21.8		22.2	12
1987	20.4	21	22.1	24.2	24.3	23.3	22.8	22.9	22.9	24.6	22.9	22.5		22.8	12
1988		22.3	22.2	23	23.9	22.6	22.3	22.3	21.9	23.7	22.6	22		22.6	11
1989	21.4	21.9	20.9	23.4	23	22.4	22.2	22.3	22.1	23.1	23.6	21.4		22.3	12
1990	21.6	21.7	22.2	23.5	23.6	22.3	22.5	22.6	22.6	23	23	21.8		22.5	12
1991	21.4	22.2	22.5	23.8	23.4	23	23	22.5	22.9	22.6	22.7	22.5		22.7	12
1992	22.2	21.1	22.7	24.1	23.8	23.2	22.4	22.4	21.9	22.5	22.4	23		22.6	12
1993	21.7	22.1	22.4	24.1	24.5	23	22.7			23.3	23.3	22.5		23	10
1994	21.2	21.7	22.1	23.9	23.5	23	23.1	22.6	23	22.5	22.1	22.4		22.6	12
1995	21.6	22.1	22.4	24	24	23.5	22.7	22.7	22.7	22.8	22.7	22.5		22.8	12
1999				23.8	23.6	22.5	22.1	22.1	21.7	22.4	23.4	22.3		22.7	9
2000	21	22	22.2	23.2	22.7	22	21.7	22.1	21.5	22.3	22.3	20.9		22	12
2001	20.9	21.5	21.1	22.9	23.4	22.1	21.9	22	21.5	22.4	23.2	21.7		22	12
2002	20.9	21.2	22.2	23.3	23.5	22.3	22.2	22.4	22.1	22.4	22.9	22.3		22.3	12
2003	22.7	22	22.1	22.8	23.9	22.8	22.4	22.3						22.6	8
MÍNIMA	20	19.2	20.9	21.9	22.5	21.9	21.6	21.6	21.5	21.7	21	20.5		21.7	4
MÁXIMA	22.7	22.8	23.7	24.4	24.5	23.5	23.1	22.9	23	24.6	23.9	23.1		23	12
MEDIA	21.2	21.5	22.1	23.5	23.5	22.6	22.4	22.3	22.2	22.8	22.7	22		22.4	11.5
DESV.ST	0.6	0.7	0.6	0.6	0.5	0.4	0.4	0.3	0.4	0.6	0.7	0.6		0.3	1.5

TEMPERATURA MÍNIMA EXTREMA
AÑO	ENE	FEB	MAR	ABR	MAY	JUN	JUL	AGO	SEP	OCT	NOV	DIC	ACUM	PROM	MESES
1964									21.5	20.5	21	19.5		20.6	4
1965	18.5	19	18	22	20	21	21	21.5	22	21.5	19	20		20.3	12
1966	19	20.5	19	23	21	22	22	21.5	21	20.5	20	17		20.5	12
1967	19	18	19	20	20.5	21	20.5	21	20.5	21	20	20		20	12
1968	19	18	18	21	21	20.5	20	21	21	21	20	20		20	12
1969	19	19	21	22	22	22	21.5	21	21.5	21	19.5	19		20.7	12
1970	18	18	19.5	22	19	20.5	20.5	21	20.5	22	19	18		19.8	12
1971	17.5	16.5	18.5	20	21.5	19.5	19.5	20.5	20.5	20.5	20	19		19.5	12
1972	18	18.5	20	20.5	20.5	20.5	22	21	21	21	20	19		20.2	12
1973	17	18	21	22	21	21	21	21	21	20	20.5	17.5		20.1	12
1974	19	18	18.5	20.5	21.5	20	20	21	20.5	21	19	20		19.9	12
1975	18	19	21.5	22	19.5	20.5	19.5	20	20.5	21	19	18.5		19.9	12
1976	18	16	17.5	20	20.5	20.5	20.5	20.5	20.5	20.5	20	18		19.4	12
1977	17.5	17	18	22	21.5	21	21	20.5	21	20.5	19	20		19.9	12
1978	19	18	19.5	19	21	21	20	21.5	21	18	19	19		19.7	12
1979	17	18.5	20		21	21.5	19.5	21	21	21	19.5	19		19.9	11
1980	19	19.5	18.5	22	22	21	21	20	20	22	20.5	19.5		20.4	12
1981	17	18.5	20.5	20.5	21.5	21	21.5	21	21	21.5	19.5	19		20.2	12
1982	19.5	18	18.5	22	22	21.5	20.5	21	21	21	20	19.5		20.4	12
1983	18	17	17	20	22.5	22.5	21	20.5	21.5	20	20.5	19		20	12
1984	18	20	19	20	21	21	20	20.5	20.5	20.5	19.5	18		19.8	12
1985	17	17	19.5	19	20	21	20	20.5		20	18	19		19.2	11
1986	19	18	19	21	18	19	20.5	21	20	19	20.5	19.5		19.5	12
1987	18	17.5	20	19	22	19	20	21.5	21.5	20	20	18		19.7	12
1988		18	20	20	20.5	21	20	21	21	21.5	20	18		20.1	11
1989	19	19.5	16	21	20	20.5	20	21	21	20	21	18		19.8	12
1990	19	19	20	21	22	21	21	21	21	21	21	20		20.6	12
1991	18	19	20	22	20.5	21	22	20.5	20	21	19	19		20.2	12
1992	20	17	20.5	21	18	21.5	20.5	20	20	20	20	20		19.9	12
1993	18.5	18.5	18.5	22	21	21.5	21			22	19.5	18		20	10
1994	18	18.5	20	21	20	20.5	21	19	19.5	21	19.5	19.5		19.8	12
1995	19	19	19.5	22	22	22	21	20.5	21	20	19.5	20		20.5	12
1999				21.5	21	21.5	20.5	20.5	20	20	19	16.5		20.1	9
2000	17.5	18.5	19.5	20	21	20.5	19.5	20	20	20	20.5	17.5		19.5	12
2001	17.5	19	19	19	21	19.5	20.5	20	21	20.5	19	20		19.7	12
2002	18	18.5	19.5	21.5	21.5	20.5	19.5	20.5	20.5	21.5	20	19.5		20.1	12
2003	19	19.5	20.5	21	22	21.5	21.5	21						20.8	8
MÍNIMA	17	16	16	19	18	19	19.5	19	19.5	18	18	16.5		19.2	4
MÁXIMA	20	20.5	21.5	23	22.5	22.5	22	21.5	22	22	21	20		20.8	12
MEDIA	18.3	18.3	19.3	20.9	20.9	20.9	20.6	20.7	20.8	20.7	19.8	18.9		20	11.5
DESV.ST	0.8	1	1.2	1.1	1.1	0.8	0.7	0.5	0.6	0.8	0.7	1		0.4	1.5

TEMPERATURA MEDIA MENSUAL
AÑO	ENE	FEB	MAR	ABR	MAY	JUN	JUL	AGO	SEP	OCT	NOV	DIC	ACUM	PROM	MESES
1964									26.9	27.8	28.2	27.1		27.5	4
1965	26.8	27.4	28.6	28.8	29	27.8	28.4	28.2	28.1	27.8	28.7	28.4		28.2	12
1966	27.8	29	29.8	30.5	29	28.2	29	29	28.1	28	28.6	27.2		28.7	12
1967	27.2	27.8	29	29.4	29.8	27.5	28	28.1	27.2	28	29.6	29.6		28.4	12
1968	30	29.4	30.2	31.5	30.3	30	30.1	30.4	29.7	30	30.1	30		30.1	12
1969	27.4	28.6	29.7	30.5	30.2	28.7	28.5	27.2	27.8	27.8	27.9	27.9		28.5	12
1970	27	28.5	28.6	30.1	30	29.1	28.1	28	27	27.7	26.8	27.7		28.2	12
1971	27.4	27.2	28.4	28.8	29	27.6	27.8	27.4	27.1	27.4	27.8	27.1		27.8	12
1972	27	27.4	28.4	29.2	28.7	28	29	28.3	28.2	28.4	28.5	27.9		28.2	12
1973	26.5	27.9	29.2	30.1	30	28.1	28.1	27.9	27.1	27.5	28.2	26.4		28.1	12
1974	27.1	27.3	27.9	28.6	28.4	27.4	27.7	27.9	27.1	28.8	27.3	27.8		27.8	12
1975	27.5	27.5	28.8	30.1	28.6	28.4	27.6	27.4	27.4	27	27.8	27.4		28	12
1976	27	26.2	28.2	28.9	29.4	27.3	29.2	28.2	28	28.1	27.5	27.7		28	12
1977	27.1	28.1	29	30.5	28.9	28.4	28.7	28.6	28.4	28	27.8	27.9		28.4	12
1978	28	28	28.8	30	29.8	28.1	27.7	28.4	27	27.6	28.6	27.7		28.3	12
1979	27	28	29.4		29.5	28.2	28.9	28.4	27.5	28.3	28	28.5		28.3	11
1980	27.9	28.6	29.5	30.7	30	28.9	28.8	28.4	28	28.8	29.1	28		28.9	12
1981	27.4	28.6	30.2	30.5	29	27.6	28.4	28	27.6	28	28.2	28.4		28.5	12
1982	28.1	29.3	28.8	30.2	29.3	28.2	28.5	28.9	28.3	27.9	28.2	27.9		28.6	12
1983	28	27.9	28	29.9	31.3	29.5	29.4	28.9	28.5	28.4	28.4	28		28.8	12
1984	27.8	28.3	29	29.6	29	27.9	27.9	28.4	27.2	28	27.5	28.2		28.2	12
1985	27.1	28.1	29.8	29	28.9	28.3	28.1	27.8		27.9	27.4	28		28.2	11
1986	27.2	28.3	28.7	30.3	29.2	28.5	28.6	28.4	28	28	28.7	28.1		28.5	12
1987	27.2	28	29	31.4	30.8	29.1	28.9	28.9	28.9	29.4	29.3	29.4		29.2	12
1988		29.4	29.8	30.3	30.7	28.6	28.5	28.1	27.5	28.8	28.9	28.4		29	11
1989	28.6	28.1	27.8	30.6	29.1	28.4	28.4	28.3	27.3	28.7	29	27.5		28.5	12
1990	28.6	28.2	29.1	30.2	29.9	28.7	29	28.8	28.8	28.8	28.6	28.1		28.9	12
1991	28.7	29.1	29.9	30.7	29.7	29	29.6	28.8	28.8	28.5	28.4	28.7		29.2	12
1992	28.4	28.2	30	31	30.8	29.3	28.4	28.7	27.9	28.6	28.4	29.2		29.1	12
1993	28.4	29.1	29.6	31.1	30.4	28.6	28.7			28.6	28.8	28.8		29.2	10
1994	28.3	28.9	29.2	31	29.8	28.9	29.2	28.7	29	28.5	28.6	29		29.1	12
1995	28.8	29.7	30.2	30.4	30.2	29	28.6	28.2	28.4	28	28.9	28.9		29.1	12
1999				30.6	29.6	28	27.7	28	26.8	27.5	28.7	28.6		28.4	9
2000	28.3	28.8	29	29.7	28.2	28.1	28	28	27	28.2	28.4	27.8		28.3	12
2001	27.8	28.7	28.2	29.9	29.7	27.8	27.8	28.1	27.1	28.3	28.7	28.8		28.4	12
2002	27.7	28.2	29.1	29.4	29.4	27.5	28	27.8	26.9	28.3	28.2	28.4		28.2	12
2003	28.4	28.9	28.6	29.6	29.4	27.6	28.2	27.9						28.6	8
MÍNIMA	26.5	26.2	27.8	28.6	28.2	27.3	27.6	27.2	26.8	27	26.8	26.4		27.5	4
MÁXIMA	30	29.7	30.2	31.5	31.3	30	30.1	30.4	29.7	30	30.1	30		30.1	12
MEDIA	27.8	28.3	29.1	30.1	29.6	28.3	28.5	28.3	27.8	28.2	28.4	28.2		28.5	11.5
DESV.ST	0.7	0.7	0.7	0.8	0.7	0.6	0.6	0.6	0.7	0.6	0.7	0.7		0.5	1.5
