COMISIÓN NACIONAL DEL AGUA
COORDINACIÓN GENERAL DEL SERVICIO METEOROLÓGICO NACIONAL
BASE DE DATOS CLIMATOLÓGICA NACIONAL 

ESTADÍSTICA MENSUAL
EMISIÓN   : 25/10/2024 

DATOS DISPONIBLES EN LA BASE DE DATOS A: OCTOBER DE 2024; 
CON LA INFORMACIÓN SUMINISTRADA POR LAS UNIDADES ADMINISTRATIVAS 

 ESTACIÓN  : 7033 
 NOMBRE    : SAN PEDRO CHENALHO (SMN) 
 ESTADO    : CHIAPAS 
 MUNICIPIO : CHENALHÓ 
 SITUACIÓN : SUSPENDIDA 
 CVE-OMM   :   
 LATITUD   : 16.9 ° 
 LONGITUD  : -92.6 ° 
 ALTITUD   : 1520 msnm 


LLUVIA MÁXIMA 24 H.
AÑO	ENE	FEB	MAR	ABR	MAY	JUN	JUL	AGO	SEP	OCT	NOV	DIC	ACUM	PROM	MESES
1939										25	9	10	44	14.7	3
1940	16	10	18	40	26	40	40	19	14	26	12		261	23.7	11
1941					20.8	55	51	23	65	22.5	28.5	21	286.8	35.9	8
1942	20.1	6.5	30	11	55	30	18	20	86	35	15		326.6	29.7	11
1945							23	46	82				151	50.3	3
1946	20	10	2	15	45	36	44	44.5	49	35	13.5	23	337	28.1	12
1947	22	14.5	24.5	21	41	51	30	40					244	30.5	8
1948	21	15	8	15	8	41.1	27.1	47.1	43.1	30.1	52.1	20	327.6	27.3	12
1949	4	0	20	24.1	34	40	40	57.1	53	30	55	10.5	367.7	30.6	12
1950	14	20	14	15	36	49	40	32	50	40	20	20	350	29.2	12
1951	6	12	15	2	22	41	50	50	60	30	40	15	343	28.6	12
1952	5	10	0	15	60	100	25	40	80	100	0.5	25	460.5	38.4	12
1953	10	8	44.8	12.5	48.5	64.5	47.5	35	75	57.5	45	18	466.3	38.9	12
1954	15	13.6	10.5	44	54.5	47.5	49.5	70	69	60	60	7	500.6	41.7	12
1955	7	20	8	11	54	42	57	64	40	60.7	44	16	423.7	35.3	12
1956	5.5	10	20	12	22	65	42	57	63	40	71.5	20	428	35.7	12
1957	18	8	14	70	28	45	80	55	70	31	27.5	38	484.5	40.4	12
1958	14.5	13	6	23	29	40	53	40	60	40	15	18	351.5	29.3	12
1959	15	8.5	43	35	11	60	38	45	27	84	38	15	419.5	35	12
1960	10	6	0.5	30.5	36	64	40	40	70	20	38	220	575	47.9	12
1961	25	2	20	25	17	43	60	73	40	70	100	9	484	40.3	12
1962	13	0	20	25	52	40	40	35	50	60	15	2	352	29.3	12
1963	8	25	35	20	20	40	50	30	50	15			293	29.3	10
1964	15	20	10	20	35	55	35	25	42	35	20	20	332	27.7	12
1965	25	15	65	5	35	45	20	50	38	40	20	20	378	31.5	12
1966	15	10	10	25	40	40	40	35	100	60	20	15	410	34.2	12
1967	20	30	130	230	247	70	40	40	95	60	15	60	1037	86.4	12
1968	66	15.5	20.5	10.5	40	107	46	32	50.5	44.5	19	25	476.5	39.7	12
1969	6	15	30	20	42	80.5	95.5	65	55	20.5	58.5	18	506	42.2	12
1970	34.5	7.5	1.5	4	41	51	54.5	87.5	31.5	46	13.5	9.5	382	31.8	12
1971	7.5	26	23.5	19	25.5	25.5	73	18	19	19	90.5	18.5	365	30.4	12
1972	30	23.5	21	20	20	38.5	18.5	16	13	13	17	21	251.5	21	12
1973	22	21.5	22	25	23	16.5	29.5	69.5	30	34.5	31	11.7	336.2	28	12
1974	13.7	41.68	21.5	31.2	28	77	57.1	26	99.8	44.5	23	11.8	475.28	39.6	12
1975	27.9	9	9.1	5.2	62.1	53.6	50	44.8	65.2	81.7	47.5	8	464.1	38.7	12
1976	23.7	19.3	1.8	8.5	23	29	41.7	42.5	40	35.4	15.6	20	300.5	25	12
1977	0.3	21.74	11.5	25.4	15.7	43.28	18	45.5	27	49	24.85	35.5	317.77	26.5	12
1978	10.8	8	8.4	17.3	2.5	42.8	28	31.5	16	29.4	9.7	14.4	218.8	18.2	12
1979	14.4	14.1	5.2	42.25	23.8	40	60	44	44.5	28.2	16	17.5	349.95	29.2	12
1980	12.3	14	13.4	20	38.2	46.2	46.2	17.5	42.3	49.2	18.1	13.7	331.1	27.6	12
1981	6	22.9	10.5	30	27.4	48.4	41.4	43.4	31.8	28.1	7	9.2	306.1	25.5	12
1982	7	9.5	16.5	48.5	39.9	22.6	20	41.9	49.3	30	37	15.9	338.1	28.2	12
1983	18	41.5	20	4	63.7	46	99.7	27.1	74	36.8	26.8	14.4	472	39.3	12
1984	12.8	6.5	10.5	9.8	44.4	40	50	58.8	70.2	55	11	18.2	387.2	32.3	12
1985	5.5	14.5	9.5	22.9	16	50.9	400.9	41.9	34.5	29.8	9.8	30	666.2	55.5	12
1986	18.6	2.3	36.2	25.1	29.4		22	75	49.7	35.4	22.3	10.1	326.1	29.6	11
1987	4	3.6		26.3	37.9	82.8	43.5		41	29.4	9.7	14.4	292.6	29.3	10
1988	14.4	27	16.5	16.5	20	56.2	25.4	38.9	35.1		74	10.5	334.5	30.4	11
1989	12	17								34.1	9	12.3	84.4	16.9	5
1990	13.2	75	26.1	44.1	20	42.6	95.3	35.1	100.1	150	60	360	1021.5	85.1	12
1991	12.08	15.02	7.06	21	15.07	58.07	20				28	29.05	205.35	22.8	9
1992		9	2.05				20.05						31.1	10.4	3
MÍNIMA	0.3	0	0	2	2.5	16.5	18	16	13	13	0.5	2	31.1	10.4	3
MÁXIMA	66	75	130	230	247	107	400.9	87.5	100.1	150	100	360	1037	86.4	12
MEDIA	15.3	15.7	19.4	26.4	37	49.8	50.7	42.9	53	43.2	30.3	29.8	378.3	33.7	11
DESV.ST	10.5	12.5	20.9	33.1	34.2	17.9	54.2	16.4	22.9	24.3	22.6	58.8	178	13.4	2.4

LLUVIA TOTAL MENSUAL
AÑO	ENE	FEB	MAR	ABR	MAY	JUN	JUL	AGO	SEP	OCT	NOV	DIC	ACUM	PROM	MESES
1939										130	37	15	182	60.7	3
1940	39	16	42	40	38.2	508	444	72	86	107	82		1474.2	134	11
1941					102.3	361	249	242	389.9	99.75	113.03	270.7	1827.68	228.5	8
1942	77.11	7.71	62.8	44	292.5	124	93	182.5	504.5	104	87		1579.12	143.6	11
1945							159.51	261.01	377.55				798.07	266	3
1946	48.03	35.32	2.02	38	123.03	191.07	183.53	256.02	403	176.05	79.06	100.01	1635.14	136.3	12
1947	73.54	32.55	41.06	78.01	275.52	269.5	152	249.5					1171.68	146.5	8
1948	59.54	37.02	18.01	39.01	51.92	277.21	205.31	261.73	296.21	176.1	148.43	58.41	1628.9	135.7	12
1949	8.02	0	42.31	47.43	86.63	323.14	260.51	308.04	526.02	179.12	96.12	11.82	1889.16	157.4	12
1950	63.12	40.71	53.03	33.11	201	331.01	233.01	383	334	223.07	48.01	30	1973.07	164.4	12
1951	23.02	48.01	58.02	2.02	86.02	278.02	344.52	315.02	512.02	133.02	181.02	44.03	2024.74	168.7	12
1952	10.01	10.62	0	27.04	326.03	414.02	240	234.04	459.08	526.07	2.02	55.02	2303.95	192	12
1953	10.02	17.02	59.21	32.23	161.02	432.72	263.33	180.74	395.85	228.62	123.85	77.03	1981.64	165.1	12
1954	23.53	44.04	35.04	219.02	227.53	484.01	272.05	325.53	483.03	194.08	198.08	25.04	2530.98	210.9	12
1955	12.51	55.51	24.01	11.01	104.01	277.03	524	399.52	221	422.75	93.52	59.06	2203.93	183.7	12
1956	23.55	32.01	32.03	24	222.05	367.05	209.04	215.02	419.04	254.04	110.51	63.02	1971.36	164.3	12
1957	57.02	40.02	14.04	107.52	129.52	275.53	315.52	263.04	410.52	58.05	32.51	70.02	1773.31	147.8	12
1958	25.05	25.02	17.02	41.01	73.03	316.5	462.02	264.03	482.51	206.94	79	68.03	2060.16	171.7	12
1959	39.01	8.51	91.52	151.01	44.01	453.53	257.04	304.03	224.03	461.04	196.07	22.02	2251.82	187.7	12
1960	22.05	14.02	0.54	60.53	100.03	418.01	400.03	332.04	524.03	199.01	93.02	380.04	2543.35	211.9	12
1961	116.04	3.03	74.01	61.03	30.05	321.52	274.04	330.01	203.02	305.03	153.06	26.06	1896.9	158.1	12
1962	43.03	0	41.01	99.03	186.02	251.04	141.07	173.05	404.04	333.03	30.05	2.02	1703.39	141.9	12
1963	27.03	35	76	55.02	122	225.02	319.01	249.05	371.03	87.06			1566.22	156.6	10
1964	42.05	20.05	18	63.02	135.04	354.03	305.01	107.05	435.03	167.05	103.04	115.05	1864.42	155.4	12
1965	71.04	35.02	70.02	12.01	127.03	345.02	114.07	358.01	273.03	445	85.03	130.02	2065.3	172.1	12
1966	46.04	13.04	36.03	120	278.02	565.01	523.01	385.02	795.02	612.05	78.03	33.03	3484.3	290.4	12
1967	106.02	58.03	410	761.01	722.02	527	130.04	302.03	311.04	344.07	38.04	113.52	3822.82	318.6	12
1968	103.52	35.53	53.5	16.51	220.04	472.04	260.55	162.03	397.31	221.03	34.03	59.03	2035.12	169.6	12
1969	17.5	23.51	58	56.5	68.5	702	450	689.5	416.5	110	159	34.51	2785.52	232.1	12
1970	65.03	14.03	1.52	4	82	261.6	407.52	452.54	275.02	196.04	43.02	23.05	1825.37	152.1	12
1971	19.58	43.53	73.52	46	75.55	336.3	315.54	299.3	319.5	362	145.05	260.5	2296.37	191.4	12
1972	310.5	241.5	329.01	307.5	403	268.07	257.51	125	116	109.5	133	223.5	2824.09	235.3	12
1973	294.5	104.85	138.5	244.5	315.5	311	171.07	654.5	121.14	235.02	60.69	19.1	2670.37	222.5	12
1974	35.82	125.25	62.92	82.34	137.3	306.81	316.59	161.92	439.01	264.56	67.64	31.62	2031.78	169.3	12
1975	81.06	15.42	22.3	15.91	274.71	294.87	285.21	226.02	445.9	300.73	93.93	31.79	2087.85	174	12
1976	77.17	59.13	2.3	13.01	91.01	126.98	264.29	142.41	235.4	199.95	64.11	52.57	1328.33	110.7	12
1977	0.3	44.61	21.92	71.22	33.7	283.19	141.91	254.1	84.21	90.53	91.55	72.77	1190.01	99.2	12
1978	25.04	16.67	9.01	34.2	2.51	130.27	70.9	113.6	42.86	192.05	43.83	32.06	713	59.4	12
1979	32.05	42.63	10.74	123.55	127.1	297.53	297.73	242.18	322.56	119.76	85.7	83.41	1784.94	148.7	12
1980	31.37	36.21	21.93	64.73	92.1	210.92	228.02	176.91	276.92	247.74	72.05	39.33	1498.23	124.9	12
1981	11.43	72.31	31.22	85.16	60.56	414.12	322.52	358.33	334.61	193.52	19.5	22.83	1926.11	160.5	12
1982	13.53	31.26	34.13	132.81	183.72	166.47	141.12	179.87	451.8	155.83	59.24	49.48	1599.26	133.3	12
1983	42.17	72.67	50.31	11.72	110.62	259.72	256.25	173.13	546.6	120.35	42.57	57.28	1743.39	145.3	12
1984	41.82	20.24	17.62	19.92	310.8	285.21	383.8	398.13	602.1	132.75	25.16	59.38	2296.93	191.4	12
1985	16.87	53.58	25.02	78.33	95.75	306	620.92	366.67	326.33	82.5	18.65	90.39	2081.01	173.4	12
1986	73.58	4.36	59.02	52.61	79.63		144.94	273.24	156.07	158.8	79.1	30.92	1112.27	101.1	11
1987	9.61	5.44		43.26	82.21	416.13	239.41		301.06	203.04	41.16	31.86	1373.18	137.3	10
1988	38.63	91.12	31.22	26.64	44.04	415.1	184.2	278.86	234.91		118.23	33.37	1496.32	136	11
1989	26.64	57.44								180.35	33.05	37.53	335.01	67	5
1990	26.51	102.84	76.2	148.72	88.31	180.21	343.76	187.02	1186.1	350.75	196.06	496.49	3382.97	281.9	12
1991	21.21	40.17	7.07	56.13	58.63	290.59	88.32				59.3	53.45	674.87	75	9
1992		9.01	7.61				99.2						115.82	38.6	3
MÍNIMA	0.3	0	0	2.02	2.51	124	70.9	72	42.86	58.05	2.02	2.02	115.82	38.6	3
MÁXIMA	310.5	241.5	410	761.01	722.02	702	620.92	689.5	1186.1	612.05	198.08	496.49	3822.82	318.6	12
MEDIA	51.7	40.6	52.4	83	151.7	328.2	267.3	273.8	371.8	221.3	84.9	80.3	1834.9	163.5	11
DESV.ST	59.6	40.6	73.7	119	125.6	117.5	122.2	121.2	191.2	122.5	50.1	97.1	742.8	56.7	2.4

EVAPORACIÓN MENSUAL
AÑO	ENE	FEB	MAR	ABR	MAY	JUN	JUL	AGO	SEP	OCT	NOV	DIC	ACUM	PROM	MESES
1973										59.59		26.6	86.19	43.1	2
1974	91.4	36.51	47.04	131.43	143.56	80.88	124.03	93.16	111.39	58.01	54	65.56	1036.97	86.4	12
1975	73.16	87.64	145.08	149.38	158.24	110.92	124.11	124.77	43.27	107.49	50.72	67.89	1242.67	103.6	12
1976	60.22	80.3	134.25	164.77	129.48	91.69	65.34	107.62	117.37	92.63	34.6	53.92	1132.19	94.3	12
1977	59.84	84.02	148.07	74.14	57.17	105.1	152.47	62.85	63.73	74.15	27.33	78.55	987.42	82.3	12
1978	36.55	21.61	51.72	61.29	82.46	50.4	36.01	36.76	17.39	77.4	59.11	55.27	585.97	48.8	12
1979	55.24	78.08	120.39	126.22	108.3	104.48	104.98	93.5	65.99	68.7	53.13	54.14	1033.15	86.1	12
1980	63.34	75.1	109.76	101	82.7	118.03	118.06	67.85	80.62	71.04	81.37	64.46	1033.33	86.1	12
1981	58.47	69.05	104.44	131.29	119.74	111.55	114.3	105.08	103.91	69.29	29.18	24.05	1040.35	86.7	12
1982	66.11	65.07	105.22	154.22	173.48	77.71	91.12	118.89	87.83	62.96	75.73	72.05	1150.39	95.9	12
1983	33.57	81.09	153.44	157.41	171.89	94.53	101.68	108.45	98.83	99.48	79.39	73.88	1253.64	104.5	12
1984	50.34	79.87	140.19	185.42	114.46	50.33	100.29	106.29	58.55	128.42	92.99	88.49	1195.64	99.6	12
1985	77.3	324.57	118.84	116.87	125.11	47.09	107.28	102.43	86.82	92.56	70.87	70.08	1339.82	111.7	12
1986	64.91	100.99	137.29	159.29	118.4		126.28	109.15	100.76	101.59	67.68	78.62	1164.96	105.9	11
1987	93.51	119.15		108.98	156.06	103.52	105.68		99.46	106.3	58.94	55.24	1006.84	100.7	10
1988	78.08	85.82	109.59	126.49	167.71	93.62	103.75	77.88	84.82		66.55	46.45	1040.76	94.6	11
1989	53.31	79.16								61.65	36.06	38.67	268.85	53.8	5
1990	46.08	60.08	105.26	119.65	102.53	83.77	114.4	105.63	81.96	17.2	68.34	53.7	958.6	79.9	12
1991	47.39	41.84	141.39	157.64	99.77	93.99	103.17				48.25	42.68	776.12	86.2	9
1992		42.18	78.1				80.52						200.8	66.9	3
MÍNIMA	33.57	21.61	47.04	61.29	57.17	47.09	36.01	36.76	17.39	17.2	27.33	24.05	86.19	43.1	2
MÁXIMA	93.51	324.57	153.44	185.42	173.48	118.03	152.47	124.77	117.37	128.42	92.99	88.49	1339.82	111.7	12
MEDIA	61.6	84.8	114.7	130.9	124.2	88.6	104.1	94.7	81.4	79.3	58.6	58.4	926.7	85.9	10.3
DESV.ST	16.6	62.5	31.7	32.6	34.1	22.5	25.4	23.7	26.3	26	18.7	17.5	361	19.2	3.2

TEMPERATURA MÁXIMA PROMEDIO
AÑO	ENE	FEB	MAR	ABR	MAY	JUN	JUL	AGO	SEP	OCT	NOV	DIC	ACUM	PROM	MESES
1939										20.2	20.5	22.4		21	3
1940	27.2	24.3	23.1	25.2	24.4	22.7	22	28.8	26.5	19.2	21.3			24.1	11
1941					27.5	27.5	26.8	27.6	25.9	26.5	23.7	21.7		25.9	8
1942	22.6	26	25.6	22.5	21.6	22.1	22.8	22.7	22.7	22.1	21.4			22.9	11
1945							23.3	22.5	22.4					22.7	3
1946	23.7	23.3	24.6	24.2	24.8	23.4	24.3	24.5	23.8	24	23.5	23.1		23.9	12
1947	23.6	23.3	24.5	26.4	26	25.8	25.4	25.5						25.1	8
1948	24.7	25.5	26.2	26.3	26.1	24.9	25.1	25.2	24.6	24	25	24.7		25.2	12
1949	18.1	18.7	19.3	26.5	25.6	18.7	25.6	25.8	25.6	25.3	24.7	25.2		23.3	12
1950	24.9	25.2	26.2	26.2	26	24.8	25.3	25.5	25.3	24.5	25	25.2		25.3	12
1951	25.2	24.7	25.5	26.4	25.9	25	24.7	25.1	24.3	24.4	24	24.6		25	12
1952	25.1	25.4	26.7	25.6	25	24.8	24.6	25.2	24.6	16.5	24.5	17.8		23.8	12
1953	18.2	18.9	19	20.1	19.4	18.4	17.9	19.6	17.7	17.5	17.2	17.5		18.4	12
1954	17.3	16.7	17	16.7	17.1	16.8	16.5	16.4	15.7	15.4	15.5	15.4		16.4	12
1955	16	16.3	16.4	16.8	16.8	16.1	15	15.4	14.8	14.7	15.4	15.3		15.8	12
1956	15.7	16.7	17.2	17.9	16.2	15.7	16.2	16.6	15.9	15.5	15.5	23		16.8	12
1957	22.4	22.9	23.4	23.6	23.7	16.3	16	16	15.5	15.1	15.7	15		18.8	12
1958	16	15.7	16.6	16.7	16.3	16	15.5	15.9	15.7	15.7	15.5	14.8		15.9	12
1959	15.2	15.7	16.1	16.9	19.1	18.7	18.8	18.4	18.2	17.5	17.2	17.5		17.4	12
1960	17.6	18.1	19.3	19.9	20.4	18.5	18.5	18.6	17.7	17.7	18	17.5		18.5	12
1961	17.6	18.2	19.3	19.3	19.7	18.4	18	18.1	18.3	17.7	17.5	17.5		18.3	12
1962	16.6	17.8	18.8	18.6	19	18.8	19.1	19	18.8	18.3	17.6	17.6		18.3	12
1963	17.2	17.4	18.5	18.8	18.6	18.1	17.8	18	17.4	17.1				17.9	10
1964	16.9	18.1	19.6	19.8	19.4	18	18.1	18.8	18	17	17.5	17.1		18.2	12
1965	17	18.2	19.2	20	19.4	18.6	18.3	18.4	18.1	17.7	16.8	16.7		18.2	12
1966	16.8	17.9	18.5	18.5	17.4	17.7	17.6	18.2	17.1	16.8	16.4	17.1		17.5	12
1967	16.9	19.6	25.7	27.1	28.7	25.8	25.6	25.5	25.5	21.3	21.2	24.4		23.9	12
1968	22.5	23.1	24.6	28.2	26.9	25.9	26.6	26.4	25.8	23.7	24.1	22.5		25	12
1969	24.4	26.8	26.2	28.7	28.4	26.5	24.7	23.3	23.4	24.9	23.3	23		25.3	12
1970	22.9	21.7	27.9	29.7	25.9	25.6	24.9	24.9	24.4	24.4	21.1	22.8		24.7	12
1971	22.7	24.3	26.4	26.8	28.4	25.2	24.7	24.1	25.4	23.8	22.9	23.3		24.8	12
1972	24	23.1	27.2	29.3	28.7	25.2	24.7	24.6	25.3	24.8	24.6	22.7		25.4	12
1973	22	22.4	30.1	29.6	27.5	25.7	25.3	23.8	24.8	21.8	22.4	19.5		24.6	12
1974	22	21.4	23.2	24.5	27.2	23.5	23.3	24.4	23	20.5	20.8	21		22.9	12
1975	20.8	23.1	26.4	28.3	27.7	24.8	23.8	24.1	23	22.1	21.3	19.2		23.7	12
1976	18.6	19.8	25.3	26.7	26.5	24.2	23.5	24.4	24	22.8	20.1	19.7		23	12
1977	20.7	21.2	26.2	24	26.3	24.1	24.5	25.3	25.7	23.5	23.4	23.1		24	12
1978	21.8	19.7	25.5	25.4	31.2	25.5	24.1	25	22.7	22	22.4	20.7		23.8	12
1979	20.8	21.9	24.4	27.2	26.1	24.3	24.7	23.9	23.3	22.9	20.9	19		23.3	12
1980	21.9	21.6	25.6	24.7	28.7	25.5	25.5	25.1	24	22.8	20.3	18.7		23.7	12
1981	19.2	21.7	24.7	25	26.6	24.7	24.3	24	23.7	23.3	21.9	22.4		23.5	12
1982	22.9	22.7	25.7	27.5	25.5	24	23.5	24	22.8	21.8	21.4	20.4		23.5	12
1983	20	22.2	26	27.4	28.5	24.9	23.5	24	23.2	22	23.3	22.4		24	12
1984	18.9	20.5	23.9	27.9	24.3	21.8	23	22.4	22	23.3	20.9	20.9		22.5	12
1985	20	21.3	23.6	24.6	25.4	23.6	23.1	23.2	22.7	22.7	22.4	20.5		22.8	12
1986	18.7	23.1	21.8	25.2	25.6		22.9	23.5	23.3	22.4	22.5	21.7		22.8	11
1987	20.8	23.3		24.1	25.9	24	23.6		23.7	22	22.1	21		23	10
1988	21.9	21.4	22.1	26.6	27.2	24.7	23.8	23.3	22.3		22.8	19.6		23.2	11
1989	20.8	19.6								21.1	21.4	20.3		20.6	5
1990	20.6	21.6	22.6	24.1	25.4	23.6	23.2	23.3	20	21.7	20	20.7		22.2	12
1991	21.7	21.9	26	28.3	26.1	24	23.4				20.4	19.8		23.5	9
1992		20.9	24.1				23.2							22.7	3
MÍNIMA	15.2	15.7	16.1	16.7	16.2	15.7	15	15.4	14.8	14.7	15.4	14.8		15.8	3
MÁXIMA	27.2	26.8	30.1	29.7	31.2	27.5	26.8	28.8	26.5	26.5	25	25.2		25.9	12
MEDIA	20.5	21.1	23.1	24.1	24.3	22.4	22.3	22.5	21.9	20.9	20.8	20.3		22.1	11
DESV.ST	3	2.9	3.6	3.9	4	3.5	3.3	3.5	3.5	3.3	2.9	2.9		3	2.4

TEMPERATURA MÁXIMA EXTREMA
AÑO	ENE	FEB	MAR	ABR	MAY	JUN	JUL	AGO	SEP	OCT	NOV	DIC	ACUM	PROM	MESES
1939										26	26	27		26.3	3
1940	32	42	28	30	28	27	27	32	30	30	26			30.2	11
1941					31	31	30	29	29	29	28.5	28		29.4	8
1942	29	31.5	32	33	28	25	25	25	28.5	26	28			28.3	11
1945							27	27	23					25.7	3
1946	26	27	27	26	26	25	25	25	25	25	25	25.5		25.6	12
1947	25	27	27	28	28	28	27	27.5						27.2	8
1948	27	27.5	27.5	30	28	26.5	26	26	26	26	27	26.5		27	12
1949	20	20	21	28.5	28	20	26.5	26.5	31	28	26.5	26.5		25.2	12
1950	26.5	27.5	28.5	29	28.5	27	27.5	27	26.5	26.5	26.5	27		27.3	12
1951	27	27	27	28	27.5	26.5	26	26	25.5	25.5	26.5	27		26.6	12
1952	27	28	28	28	27	25.5	25	26	25.5	19.5	26	20		25.5	12
1953	20	20.5	20.5	21	21	21	19.5	26	19	19	19.5	19.5		20.5	12
1954	19	19	19	19	21	18	18	18	18	17	17	17.5		18.4	12
1955	19.5	19	18.5	18.5	19	19	18	17.5	17	18	16.5	17		18.1	12
1956	18	18	20	19	18.5	17	17	17.5	17	18	18	25		18.6	12
1957	25	24	25	26	26	18	17	20	17	16	18	18		20.8	12
1958	18	18	19	19	18	18	17	17	17	17	17	16		17.6	12
1959	16	18	18	20	20	20	19.5	19	19	19	19	19		18.9	12
1960	19	20	21.5	21	21	20	20	20	19	19	19	19		19.9	12
1961	19	19	21	21	21	20	19	19	20	19	20	19		19.8	12
1962	19	20	21	20	20	20	20	20	20	19	19	19		19.8	12
1963	18	19	20	20	20	19	19	19	18	18				19	10
1964	18	20	21	21	21	19	19	19.5	19	19	19	19		19.5	12
1965	19.5	20	21	22	20	20	19	19	19.5	19	18	19		19.7	12
1966	19	21	21	21	20	19	19	19	18	18	19	19		19.4	12
1967	18	26.5	30.5	31.5	33.5	33	28	29	28	27	28	29		28.5	12
1968	25.5	28.5	30	32	31	30.5	29.5	29.5	29	27.5	29	27		29.1	12
1969	28.5	31.5	34.5	34.5	39	37	29	29.5	31.5	28.5	27.5	29		31.7	12
1970	28.5	31	33	33.5	32	29.5	26.54	27.5	26.5	28	27	27.5		29.2	12
1971	27.5	29	29.5	33.5	33.5	27.5	27.5	27	30.5	27.5	26.5	27		28.9	12
1972	28	27.5	32.5	32	31.5	29.5	29	27	27	28	27.5	27.5		28.9	12
1973	27.5	30	36.5	37.5	35.5	28.5	28	27.5	27.5	25.5	27.5	26.5		29.8	12
1974	25.5	30.5	28.5	30	35.5	28.5	26	27.5	26	24.5	24	25		27.6	12
1975	26.5	29.5	31	31.5	31.5	28	25.5	26	26.5	25.5	25	24.5		27.6	12
1976	24.5	25.5	29.5	30	30	27.5	26.5	26	25.5	25.5	26.5	27.5		27	12
1977	26	27.5	33.5	33.5	28.5	26.5	27	27	27	26.5	27	26		28	12
1978	25	23	31.5	28.5	42.5	28.5	25.5	26	25	25.5	26	25		27.7	12
1979	26	27.5	30.5	32	31.5	26.5	27.5	26.5	27.5	26.5	27	23.5		27.7	12
1980	25.5	27.5	30.5	30.5	32.5	27	27	27.5	26.5	26.5	24	22.5		27.3	12
1981	25.5	28.5	30	28.5	30.5	30.5	27	27.5	25.5	26.5	25	27.5		27.7	12
1982	27.5	26.5	30	30	29.5	27.5	26	26.5	26	25	25	25.5		27.1	12
1983	27.5	28	31	32.5	31.5	28	26	25.5	25.5	24.5	26	27.5		27.8	12
1984	24.5	29	32.5	31.5	30	25.5	26.5	23.5	29.5	26	24.5	28		27.6	12
1985	24.5	24.5	30.5	28.5	29	26	26	25	25	25.5	25.5	24.5		26.2	12
1986	23.5	27	31.5	29.5	29.5		25	25.5	25.5	25.5	25.5	24.5		26.6	11
1987	26.5	31.5		29.5	29.5	27.5	26.5		27	25.5	26	26.5		27.6	10
1988	27.5	28.5	28.5	39	33	31	26.5	25.5	26.5		27.5	26		29	11
1989	24.5	24.5								24	24.5	24		24.3	5
1990	27.5	27	30	30	29	25	28	25.5	24.5	22.5	24.5	24.5		26.5	12
1991	27	27	30.5	32.5	31	28	25.5				26	23.5		27.9	9
1992		25	28				24							25.7	3
MÍNIMA	16	18	18	18.5	18	17	17	17	17	16	16.5	16		17.6	3
MÁXIMA	32	42	36.5	39	42.5	37	30	32	31.5	30	29	29		31.7	12
MEDIA	24.1	25.6	27.2	27.9	27.9	25.2	24.5	24.6	24.4	23.7	24.1	24		25.3	11
DESV.ST	4	4.8	5	5.4	5.7	4.7	3.9	3.9	4.3	4	3.7	3.8		3.9	2.4

TEMPERATURA MÍNIMA PROMEDIO
AÑO	ENE	FEB	MAR	ABR	MAY	JUN	JUL	AGO	SEP	OCT	NOV	DIC	ACUM	PROM	MESES
1939										3.8	4	3.5		3.8	3
1940	3	1.9	3	7	7.3	5	4.1	10.5	7.6	11.1	5.2			6	11
1941					10.5	10.5	10.1	9.6	11.4	10.3	8.7	11.8		10.4	8
1942	8.5	8	5.7	3.6	3.9	7.2	10.5	10	9.4	10.3	9.7			7.9	11
1945							13.7	16.2	16.2					15.4	3
1946	16.2	15.1	15.9	15.7	16.1	17.1	15.8	15.9	17.1	16.7	16.1	16.2		16.2	12
1947	16	15.7	16	18.4	20.1	20.5	20.7	20.5						18.5	8
1948	19	18.8	20.2	14.1	13.8	14.1	13.8	13.1	13.4	13.2	12.4	12.7		14.9	12
1949	11.6	11.7	12.3	12.5	13.6	13.4	13.4	13.3	14.2	13.6	12	11.7		12.8	12
1950	12.2	12.4	12.6	12.7	13.3	13.9	13.4	13.9	14.3	13.9	12.3	11.5		13	12
1951	11.5	11.4	12	12.7	13.6	13.7	14	14	14.3	13.7	13.1	12.5		13	12
1952	11.5	11.5	12.5	12.9	13.8	14.2	14.1	13.6	14.2	13.8	13	12.4		13.1	12
1953	11.6	12.3	12.3	13.6	13.9	14.1	13.9	13.9	14.2	14.2	13	13.4		13.4	12
1954	12.8	13.6	13.3	13.7	14.5	14.7	13.6	13.3	14.1	13.6	13.6	12.5		13.6	12
1955	12.2	13	12.6	13.2	13.7	12.8	12.2	12.3	11.3	11.1	11.4	11.8		12.3	12
1956	12	12.8	13.1	12.4	13	13.1	12.6	12.9	13.6	12.8	12.4	12.1		12.7	12
1957	12.1	12.2	12.4	12.6	12.8	13.1	13	13	13.2	12.5	12.3	11.5		12.6	12
1958	11.8	11.8	12.2	12.3	12.5	13	12.4	12.7	12.9	12.7	12.7	12.7		12.5	12
1959	12.7	12.6	12.4	12.7	13.4	14.3	13.5	13.7	13.9	14.2	13.1	11.9		13.2	12
1960	13.1	12.8	12.6	13.2	13.8	14.4	14.2	14.4	14.7	13.8	13.5	13.2		13.6	12
1961	13.4	13.3	13.1	13.9	13.5	14.2	14.3	13.9	14.1	14	13.9	11.6		13.6	12
1962	10.7	11.1	11.6	12	12.5	13	13.1	13.6	13.6	13.3	11.3	11.3		12.3	12
1963	11.2	11.3	12.4	12.3	12.5	12.8	12.9	12.7	12.8	12.3				12.3	10
1964	10.8	11.4	12.2	12.4	13.5	13.4	13.5	13	13.4	12	11.8	11.4		12.4	12
1965	11.2	11.3	11.2	11.6	11.9	12	11.8	11.9	13.8	13.5	13.2	13.4		12.2	12
1966	12.8	11.5	11.4	12	13.7	13.4	13.5	13.8	13.8	12.8	11.4	11.5		12.6	12
1967	11.2	10.6	7.9	12.2	12.5	13.3	11.4	11.7	12.9	12.5	10.1	8.5		11.2	12
1968	7.5	7.2	7.8	9.7	12.8	13.5	12.5	13.2	13.6	13.5	10.2	9.6		10.9	12
1969	8.1	9	13.3	13.3	14	14.4	14.1	15.3	14.6	13.3	10.5	8.8		12.4	12
1970	8.7	8.9	10.3	11.9	11.5	13.5	13.5	13.2	13.5	13.1	9.4	7.6		11.3	12
1971	6.9	7.8	9.3	9.2	12.5	12.6	11.6	12.4	13.4	11.8	11	8.6		10.6	12
1972	9	7.7	9.7	11.5	12.6	14.4	12.6	12.6	12.4	11.9	11.9	8.4		11.2	12
1973	7.3	6.1	10.7	12.8	13.6	13.5	12.7	13.6	13.5	13.5	11	6.1		11.2	12
1974	8.6	7.3	9.2	11.6	12.7	14.3	12.4	12.9	14.4	12.5	9.6	8.3		11.2	12
1975	8.6	9.2	11	11.9	14.2	13.4	12.4	12.9	13.9	13.5	10.3	8.3		11.6	12
1976	9	7.5	9.6	11.3	12.8	14.4	13	13.4	13.1	13.4	12.4	11.3		11.8	12
1977	7.5	9.5	9.9	12.6	13.1	13.8	13.4	13.5	14	12.6	11.5	9.9		11.8	12
1978	8.7	9.6	9.2	11.4	14.5	14.8	12.2	13.5	14.9	13.2	11.8	8.6		11.9	12
1979	8.6	9.4	11	12.7	14.4	14.6	15.1	14	15.3	14.8	11.9	10.5		12.7	12
1980	9.9	10.6	11	13.8	15.6	15.1	15.1	15.6	16.6	13.9	12.8	9.8		13.3	12
1981	7.8	10.2	12.6	13.1	14.5	16.6	15.6	15.6	15.3	14	11.9	10.5		13.1	12
1982	10	12.2	11.5	11.6	13.6	14.9	12	12.2	14.3	12.3	10.2	8.6		11.9	12
1983	8.6	9.4	9.6	13.2	13.1	15.1	14.1	12.9	13.8	12.6	11.2	10.1		12	12
1984	9	9.6	10.9	12.4	14	14.5	13.5	13.2	14.5	12.6	8.7	9		11.8	12
1985	7.8	9.4	10.9	11.3	12.6	13.8	12.6	12.8	12.6	11.9	10.5	10.1		11.4	12
1986	8.2	8.7	8.8	10	14		12	12.8	12.8	11.8	10.9	9.5		10.9	11
1987	6.4	9.5		12.4	13.7	15.9	15		14.5	13.2	11.5	8.6		12.1	10
1988	9.4	9	9.4	12.4	12.2	14.3	13.7	14.1	14.3		10.7	9		11.7	11
1989	8.8	8.5								12.2	11.4	8.1		9.8	5
1990	8.7	9.4	9.5	11.3	12.6	13.2	12.5	12.2	10.8	11.4	10.8	9.3		11	12
1991	8.8	8.4	8.8	12.2	13.2	13.5	12.3				10.7	9.9		10.9	9
1992		8.5	9.8				11.5							9.9	3
MÍNIMA	3	1.9	3	3.6	3.9	5	4.1	9.6	7.6	3.8	4	3.5		3.8	3
MÁXIMA	19	18.8	20.2	18.4	20.1	20.5	20.7	20.5	17.1	16.7	16.1	16.2		18.5	12
MEDIA	10.2	10.4	11.2	12.2	13.2	13.7	13.1	13.4	13.6	12.7	11.3	10.4		12	11
DESV.ST	2.8	2.7	2.6	2.1	2.1	2.2	2.1	1.7	1.6	1.8	2	2.2		2.2	2.4

TEMPERATURA MÍNIMA EXTREMA
AÑO	ENE	FEB	MAR	ABR	MAY	JUN	JUL	AGO	SEP	OCT	NOV	DIC	ACUM	PROM	MESES
1939										1	1	0		0.7	3
1940	0	0	0	1	2	2	0	8	5	7	0			2.3	11
1941					6	2	5	6	7	7	4	9		5.8	8
1942	2	2.5	0	1	1	4	8	8	4	5	5			3.7	11
1945							11.5	13	13					12.5	3
1946	14	13	14	14	14	15	14	14.5	16	14	15	14		14.3	12
1947	14	13.5	14	16	13	18	18	18.5						15.6	8
1948	16	16.5	17.5	11	12.5	12	11	11	11	11	9	11		12.5	12
1949	10	10	10	11	12	12	11	11	12.5	11.5	10	9		10.8	12
1950	10.5	10.5	10.5	11	10.5	12	12	12	12.5	12	10	10		11.1	12
1951	9	10	9	11	12	11	12	12.5	12	11.5	11	11		11	12
1952	9	10	10	11	12	12.5	12.5	11.5	11.5	11	11	10.5		11	12
1953	9.5	10	11	12	12.5	13	12	13	12	12	10	12		11.6	12
1954	10	10	11	11	12	13	11	10	12	12	12	11		11.2	12
1955	10	11	10	11	11	11	10	10	10	10	10	11		10.4	12
1956	11	10	11	11	11	11	11	12	12	10	11	11		11	12
1957	11	11	10	12	12	12	12	11	12	12	11	10		11.3	12
1958	10	11	11	11	11	12	11	11	12	10	12	12		11.2	12
1959	12	11.5	11	12	12	13	12	13	13	13	11	10		12	12
1960	12	11	11	12	13	13	13	13	13	5	12	12		11.7	12
1961	12	12	10	13	12	13	13	13	13	12	11	10		12	12
1962	1	10	11	10	12	12	12	13	13	12	10	10		10.5	12
1963	10	10	11	11	11	12	11	12	11	11				11	10
1964	10	10	11	11	12	12	11	11	12	10	10	10		10.8	12
1965	10	10	10	11	11	11	11	11	11	13	12	11		11	12
1966	10	10	10	11	12	12	13	12.5	13	10	10	11		11.2	12
1967	10	8.5	0.1	0	9	11	9	8	9	10	6	6		7.2	12
1968	4	0.5	3	5.5	10	10.5	9.5	9.5	10.5	10.5	5	5		7	12
1969	4	3	8.5	10	11.5	12	10	13	10.5	10	5.5	3.5		8.5	12
1970	3.5	5	6	7.5	5	10	10.5	9.5	10.5	10	3.5	4		7.1	12
1971	1.5	4	3.5	3	9.5	8.5	8.5	8.5	10.5	8.5	6.5	4.5		6.4	12
1972	6.5	1	7.5	8	10	11	10	9.5	10	8.5	9	0.5		7.6	12
1973	3.5	2.5	6	9.5	11.5	10.5	9	10	8.5	10	8	0.3		7.4	12
1974	0	0.01	3.5	8	9.5	10	6.5	9.5	10.5	7.5	7	3		6.3	12
1975	3.5	6	6.5	7	11.5	9.5	9	10	10.5	9	6.5	4		7.8	12
1976	1.5	1	7	8.5	10.5	11	9.5	9.5	10.5	10	6	7.5		7.7	12
1977	2	5	6	9	10	9.5	10	11	11	7	7	2.5		7.5	12
1978	0.5	4.5	2	6.5	3.15	11	2.5	11	13.5	3.5	8	4.5		5.9	12
1979	4.5	5	7	1.5	11.5	2.5	10.5	1.5	2.5	11.5	2.5	3.5		5.3	12
1980	4	4.5	6.5	10	12	12.5	12.5	6	14.5	9.5	9.5	0		8.5	12
1981	3	3.5	7	9.5	10.5	12.5	13.5	12.5	13.5	8.5	6	4.5		8.7	12
1982	5	8	7.5	8	9	12.5	2.45	9.5	11.5	4.5	6	3		7.2	12
1983	2.5	3.5	3	9.5	8.5	12.5	10.5	10.5	10.5	8	6.5	5		7.5	12
1984	4	0	6.5	7	11	13	10	10	11.5	8	3.5	3		7.3	12
1985	3.5	5.5	7.5	6	9.5	10.5	10.5	9	9	9	7.5	7		7.9	12
1986	1.5	1.5	1.5	6.5	9.5		9	10.5	9.5	7.5	8.5	5.5		6.5	11
1987	0	3		7	8.5	11	10		10	3.5	2.5	4.5		6	10
1988	5	5	6.5	8.5	7.5	11	11	10	9		6.5	3		7.5	11
1989	5.5	0.5								8	7.5	1		4.5	5
1990	5.5	5.5	5.5	9	5	10.5	9	9.5	6.5	10.5	6.5	6.5		7.5	12
1991	6	2	1.5	9.5	10	10.5	10				3	7		6.6	9
1992		5	8				9.5							7.5	3
MÍNIMA	0	0	0	0	1	2	0	1.5	2.5	1	0	0		0.7	3
MÁXIMA	16	16.5	17.5	16	14	18	18	18.5	16	14	15	14		15.6	12
MEDIA	6.5	6.7	7.7	8.9	10.1	10.9	10.2	10.6	10.8	9.3	7.8	6.8		8.7	11
DESV.ST	4.4	4.3	3.9	3.4	2.8	3	3	2.6	2.6	2.8	3.3	3.9		3	2.4

TEMPERATURA MEDIA MENSUAL
AÑO	ENE	FEB	MAR	ABR	MAY	JUN	JUL	AGO	SEP	OCT	NOV	DIC	ACUM	PROM	MESES
1939										12	12.2	12.9		12.4	3
1940	15.1	13.1	13.1	16.1	15.8	13.8	13.1	19.6	17	15.1	13.2			15	11
1941					19	19	18.4	18.6	18.6	18.4	16.2	16.8		18.1	8
1942	15.6	17	15.7	13.1	12.8	14.7	16.6	16.4	16	16.2	15.5			15.4	11
1945							18.5	19.4	19.3					19.1	3
1946	20	19.2	20.2	20	20.5	20.2	20	20.2	20.5	20.4	19.8	19.6		20	12
1947	19.8	19.5	20.2	22.4	23	23.1	23	23						21.8	8
1948	21.9	22.1	23.2	20.2	20	19.5	19.5	19.1	19	18.6	18.7	18.7		20	12
1949	14.9	15.2	15.8	19.5	19.6	16	19.5	19.6	19.9	19.4	18.4	18.4		18	12
1950	18.5	18.8	19.4	19.4	19.6	19.4	19.4	19.7	19.8	19.2	18.6	18.4		19.2	12
1951	18.4	18	18.8	19.5	19.8	19.4	19.4	19.6	19.3	19	18.6	18.6		19	12
1952	18.3	18.4	19.6	19.2	19.4	19.5	19.4	19.4	19.4	15.2	18.8	15.1		18.5	12
1953	14.9	15.6	15.7	16.9	16.6	16.2	15.9	16.8	15.9	15.8	15.1	15.4		15.9	12
1954	15.1	15.1	15.2	15.2	15.8	15.8	15.1	14.8	14.9	14.5	14.6	13.9		15	12
1955	14.1	14.7	14.5	15	15.2	14.5	13.6	13.9	13.1	12.9	13.4	13.6		14	12
1956	13.8	14.8	15.1	15.1	14.6	14.4	14.4	14.8	14.8	14.2	13.9	17.6		14.8	12
1957	17.2	17.5	17.9	18.1	18.2	14.7	14.5	14.5	14.3	13.8	14	13.2		15.7	12
1958	13.9	13.8	14.4	14.5	14.4	14.5	13.9	14.3	14.3	14.2	14.1	13.8		14.2	12
1959	13.9	14.1	14.2	14.8	16.2	16.5	16.1	16	16	15.8	15.1	14.7		15.3	12
1960	15.4	15.5	15.9	16.5	17.1	16.4	16.4	16.5	16.2	15.8	15.8	15.3		16.1	12
1961	15.5	15.8	16.2	16.6	16.6	16.3	16.1	16	16.2	15.8	15.7	14.6		16	12
1962	13.7	14.4	15.2	15.3	15.8	15.9	16.1	16.3	16.2	15.8	14.5	14.5		15.3	12
1963	14.2	14.3	15.4	15.6	15.6	15.5	15.4	15.3	15.1	14.7				15.1	10
1964	13.8	14.8	15.9	16.1	16.4	15.7	15.8	15.9	15.7	14.5	14.7	14.2		15.3	12
1965	14.1	14.8	15.2	15.8	15.6	15.3	15.1	15.1	16	15.6	15	15.1		15.2	12
1966	14.8	14.7	14.9	15.2	15.5	15.6	15.6	16	15.5	14.8	13.9	14.3		15.1	12
1967	14	15.1	16.8	19.6	20.6	19.6	18.5	18.6	19.2	16.9	15.6	16.4		17.6	12
1968	15	15.2	16.2	19	19.9	19.7	19.6	19.8	19.7	18.6	17.1	16		18	12
1969	16.2	17.9	19.8	21	21.2	20.4	19.4	19.3	19	19.1	16.9	15.9		18.8	12
1970	15.8	15.3	19.1	20.8	18.7	19.6	19.2	19	19	18.8	15.2	15.2		18	12
1971	14.8	16	17.9	18	20.4	18.9	18.1	18.2	19.4	17.8	17	15.9		17.7	12
1972	16.5	15.4	18.4	20.4	20.6	19.8	18.6	18.6	18.9	18.4	18.2	15.6		18.3	12
1973	14.7	14.2	20.4	21.2	20.6	19.6	19	18.7	19.1	17.6	16.7	12.8		17.9	12
1974	15.3	14.3	16.2	18	20	18.9	17.9	18.6	18.7	16.5	15.2	14.7		17	12
1975	14.7	16.1	18.7	20.1	21	19.1	18.1	18.5	18.4	17.8	15.8	13.8		17.7	12
1976	13.8	13.7	17.4	19	19.6	19.3	18.2	18.9	18.6	18.1	16.2	15.5		17.4	12
1977	14.1	15.3	18	18.3	19.7	19	19	19.4	19.9	18	17.4	16.5		17.9	12
1978	15.2	14.6	17.4	18.4	22.9	20.1	18.1	19.2	18.8	17.6	17.1	14.6		17.8	12
1979	14.7	15.6	17.7	20	20.2	19.4	19.9	19	19.3	18.9	16.4	14.8		18	12
1980	15.9	16.1	18.3	19.2	22.1	20.3	20.3	20.4	20.3	18.4	16.6	14.2		18.5	12
1981	13.5	15.9	18.6	19	20.6	20.6	20	19.8	19.5	18.6	16.9	16.4		18.3	12
1982	16.4	17.4	18.6	19.6	19.6	19.4	17.8	18.1	18.6	17	15.8	14.5		17.7	12
1983	14.3	15.8	17.8	20.3	20.8	20	18.8	18.4	18.5	17.3	17.2	16.2		18	12
1984	13.9	15.1	17.4	20.1	19.1	18.1	18.2	17.8	18.2	18	14.8	14.9		17.1	12
1985	13.9	15.4	17.2	18	19	18.7	17.9	18	17.6	17.3	16.4	15.3		17.1	12
1986	13.4	15.9	15.3	17.6	19.8		17.4	18.1	18	17.1	16.7	15.6		16.8	11
1987	13.6	16.4		18.2	19.8	20	19.3		19.1	17.6	16.8	14.8		17.6	10
1988	15.6	15.2	15.8	19.5	19.7	19.5	18.8	18.7	18.3		16.8	14.3		17.5	11
1989	14.8	14.1								16.6	16.4	14.2		15.2	5
1990	14.7	15.5	16	17.7	19	18.4	17.9	17.8	15.4	16.6	15.4	15		16.6	12
1991	15.2	15.1	17.4	20.2	19.6	18.8	17.9				15.5	14.9		17.2	9
1992		14.7	17				17.4							16.4	3
MÍNIMA	13.4	13.1	13.1	13.1	12.8	13.8	13.1	13.9	13.1	12	12.2	12.8		12.4	3
MÁXIMA	21.9	22.1	23.2	22.4	23	23.1	23	23	20.5	20.4	19.8	19.6		21.8	12
MEDIA	15.4	15.8	17.1	18.2	18.7	18.1	17.7	18	17.8	16.8	16	15.4		17	11
DESV.ST	1.8	1.7	2	2.2	2.4	2.2	2	1.9	1.9	1.9	1.6	1.6		1.8	2.4
