COMISIÓN NACIONAL DEL AGUA
COORDINACIÓN GENERAL DEL SERVICIO METEOROLÓGICO NACIONAL
BASE DE DATOS CLIMATOLÓGICA NACIONAL 

ESTADÍSTICA MENSUAL
EMISIÓN   : 25/10/2024 

DATOS DISPONIBLES EN LA BASE DE DATOS A: OCTOBER DE 2024; 
CON LA INFORMACIÓN SUMINISTRADA POR LAS UNIDADES ADMINISTRATIVAS 

 ESTACIÓN  : 7015 
 NOMBRE    : BOCHIL 
 ESTADO    : CHIAPAS 
 MUNICIPIO : BOCHIL 
 SITUACIÓN : OPERANDO 
 CVE-OMM   :   
 LATITUD   : 16.98638889 ° 
 LONGITUD  : -92.89138889 ° 
 ALTITUD   : 1200 msnm 


LLUVIA MÁXIMA 24 H.
AÑO	ENE	FEB	MAR	ABR	MAY	JUN	JUL	AGO	SEP	OCT	NOV	DIC	ACUM	PROM	MESES
1944			25.5	15.5	35	40	47	60.5	80.5	16.5	4	10	334.5	33.5	10
1945	8.5	15	0	6	27	25.5	30	25.5	35.5	16	10	8.5	207.5	17.3	12
1946	7	8	3	5	25	18	20	22	18	16	11	8	161	13.4	12
1947			0.01	6.5	25	18	50.5	60	42	52			254.01	31.8	8
1948	3	5	5	65	42	86	43	18	19				286	31.8	9
1950		0	18	9	29	51.3	41	62.5	41	25.4	13.5	7	297.7	27.1	11
1951	0.01	6	4.2	0.01	41	37.7	45.5	72.7	72.2		23.6	8.6	311.52	28.3	11
1952	1	2.1	13	14	30	21.3	28.2	30.8	82.1	60	2.8	28.5	313.8	26.1	12
1953	0.01	1.5	2	33.5	38.5	43.6	38	21.5	22.5	38.8	2	8	249.91	20.8	12
1954	0	8.5	4.5	16.5	28.5	42.5	25	24	60	26	0	0	235.5	19.6	12
1955	0.01	15	0	32	14	42	48	45	36	42	10	6	290.01	24.2	12
1956	10	14	15	20	33.5	37.5	42.7	22	44.5	31.5	53.5	2.5	326.7	27.2	12
1957	12	39	44	13.5	40	54.5	30	20	53	23	30	4	363	30.2	12
1958	5	6	2	27	9.5	40	57.5	41.5	39	24	16	4	271.5	22.6	12
1959	2.5	21	14	23.5	21	39	33	31	28	47	21.5	2	283.5	23.6	12
1960	10	0.01	0.01	9.5	22.5	52.5	56	145	56	76.6	5.5	2	435.62	36.3	12
1961	10	3	22	4.5	35	93	58	23	21.5	73	21	2	366	30.5	12
1962	1	0.01	1	28.5	10.5	51.5	44.5	28.5	64	18.5	3.5	4	255.51	21.3	12
1963	3.5	21	22	20.5	20	51	36	48.5	46.5	9	38.5	1	317.5	26.5	12
1964	1	15	8.5	14.5	50.5	69	52.5	38	42	18.5	11.5	12	333	27.8	12
1965	7.5	17	13	8	28.5	40	20	35	37	71.5	11	4	292.5	24.4	12
1966	0.01	0.01	0.01	19	30	28.5	50	49	78.5	37	12.5	3	307.53	25.6	12
1967	2.5	2.5	12	20.5	21.5	45	18	25.5	65.5	59	2.5	35.5	310	25.8	12
1968	17	8	0.01	7	39	44.5	25	36.5	79.5	40	18	16	330.51	27.5	12
1969	8	2	8	12	24	54	42	49	56.5	21	14	3	293.5	24.5	12
1970	7	2.5	0	53	15.5	45.5	33.5	73	77	33	3.5	2.5	346	28.8	12
1971	7	0	18	1.5	40.5	25.5	54.5	73.5	65	38	31	9	363.5	30.3	12
1972	10	2	1.5	30.5	60	37	20	35	26	21.5	19	42	304.5	25.4	12
1973	2	3	0	4.5	25.5	38	35	127.5	17	40	84.5	16	393	32.8	12
1974	3.5	7	11.5	28	36	18	18	36	25	15.5	5	0	203.5	17	12
1975	14	2	0	11.5	25.5	29.5	20	23.5	22	36	20	6	210	17.5	12
1976	5	5	1	21	20	20	38	70	38	22	22	6	268	22.3	12
1977	34	8	7	3	60	40	28	35	40.5	18	5	12	290.5	24.2	12
1978	10	2	0	32	32	50	29	34	45	49	4	25	312	26	12
1979	6	6	28	11.5	20	28	19	22	16	23	12	10	201.5	16.8	12
1980	3	5	0	0	15	20	15	40	25	10	12	6	151	12.6	12
1981	0	4	6	12.5	59	10	25	30	20	12	5	0	183.5	15.3	12
1982	0	0	8.5	12	28.5	30	20	20	73	22	10	6	230	19.2	12
1983	4	35	31	1	0	58	25	27.5	50	6	44	6	287.5	24	12
1984	3.5	3	15	0.01	49	42	39	57	87	10	3	19	327.51	27.3	12
1985	0.01	6	6	17	30	36	20	96	24	16	6	8	265.01	22.1	12
1986	6.5	7	6	6.5	37	25	21	27.5	17	11	8	6	178.5	14.9	12
1987	4	3	4.5	6	11	15	19	25	25.5	8.5	5	5	131.5	11	12
1988	4	4	0	1.7	23.5	53	28						114.2	16.3	7
1989	5	16.5	0.01	5	26.5	50	34	80	49	28			294.01	29.4	10
1990	8	5.6	14	12	19	43	32	18	39	30	63	23	306.6	25.6	12
1991	0	13	13	2	15	60	35	17	23	20.5	7.5	8.5	214.5	17.9	12
1992	4.3	3.5	0	13.5	48	58	30	35.5	45.6	20.5	28.5	36.4	323.8	27	12
1993	3.2	8.2	5.3	6.2	18.8	32.3	23.4	45.6	23.3	21.4	3.7	3.2	194.6	16.2	12
1994	3.5	20.5	3.7	16.2	58.9	4.7	19.7	35.6	21.2	23	1.1	3	211.1	17.6	12
1995	1	12.1	3	25.1	15.1	33.7	36.2	38.2	67.7	21.5	12.3	3.5	269.4	22.5	12
1996				42.4	23.5	38.2	40.6	34.6	26.4	36.2	40.2	10.6	292.7	32.5	9
1997	15.3	6.4	4.7	8.3	15.9	18.3	15.6	8.2	23.4	20.6	21.3	2.4	160.4	13.4	12
1998	0.01	22.1	0.01	0.01	5.1	41.3	48.2	58.5	54	26.7	60.8	10	326.73	27.2	12
1999	1.5	4.6	4.3	25.8	14.3	48.1	47.1	40.9	80.5	58.7	9.9	17.6	353.3	29.4	12
2000	7.1	1.5	23.7	4.2	44.3	31.6	21.3	65.2	63.9	14.3	12.7	15.2	305	25.4	12
2001	2.8	14.8	11.2	33.2	18.1	31.2	58.4	38.6	41.7	36.8	2.3	24.4	313.5	26.1	12
2002	3.1	13.6	53.6	0.5	39.5	44.1	23.6	12.8	81.4	21.8	28.4	26.5	348.9	29.1	12
2003	0.9	0.6	3.8	1.8	17.6	35.4	21.8	42.1	49.5	44.5	22.2	18.8	259	21.6	12
2004	4.6	0.3	18.2	46.2	8.2	52.5	48	31.8	56.4	34.9	20.2	2.8	324.1	27	12
2005	11.9	0.7	1.3	6.8	10.6	52.5	47.2	42.5	23.3	37.9	14.1	8.9	257.7	21.5	12
2006	5.2	5.1	3.2	10.7	35.2	41.8	89.9	20.2	40	85.2	7	8.6	352.1	29.3	12
2007	12.5	0.5	3.6	15.2	26.3	41.7	54.2	36.8	50.5	100.2	5.2	2.8	349.5	29.1	12
2008	12.6	12.4	0.2	14.2	52	49.8	33	72.5	29.2	20	5.9	4	305.8	25.5	12
2009	12.2	0.01	3	5.8	21	62.4	28.3	25.5	27.2	58.5	23.3	14.3	281.51	23.5	12
2010	3.9	2	4.2	23.5	5	84.3	58.5	62.2		17.4	21.8	3.5	286.3	26	11
2011	3.5	9.6	15.5	15.2		47.3	41.7	62.3	87.8	36.9	5.3	5.1	330.2	30	11
2012	8.2	4.2	0.5	14.5	27.6	30	59.2	107.5	28.2	6.2	0.2	35	321.3	26.8	12
2013	15.2	2.6	0.01	12.2	47.5	34.5	50	56.8	81.5	20.8	42.5	28.5	392.11	32.7	12
2014	8.6	3.2	2.4	28.2	58.2	59.4	27.8	85.8	85.2	46.9	15.5	1.5	422.7	35.2	12
2015	26	1.6	3.8	37.5	50.5	36.4	19.8	25.6	39.6	55.2	10.5	32.5	339	28.2	12
2016	10.2	3	14	9	44.5	50.8	16.8	28.8	27.5	22	10.5	10.8	247.9	20.7	12
2017	29.5	3.4	32.5	41.8	38.2	88	27.2	56	68	24.5	5.6	1.8	416.5	34.7	12
2018	3.8	5.5	12.7	36	46	22.5	5.6	52	63.2	33.3	11.3	8	299.9	25	12
2019	4	2.4	8.6	0.1	34.4	17.8	25.4	26.8	23.2	50.8	8.4	0.2	202.1	16.8	12
2020	6.5	30	12.7	10.9	48.8	101	29.6	74.1	78.5	27.8	67.3	5.2	492.4	41	12
2021	9.8	2.3	16.2	33.7	27	37	9.3	64.4	40.8	45	1.2	0.7	287.4	24	12
2022	12.7	3.8	1.6	60	53.5	42.5	34.7	42	45.1	20	13.1	4.1	333.1	27.8	12
2023	10	9.9	2.8	4.5	32.9	53	55.4	22	20	18.2	25.7	2.6	257	21.4	12
2024	4.5	7	2.2										13.7	4.6	3
MÍNIMA	0	0	0	0	0	4.7	5.6	8.2	16	6	0	0	13.7	4.6	3
MÁXIMA	34	39	53.6	65	60	101	89.9	145	87.8	100.2	84.5	42	492.4	41	12
MEDIA	6.6	7.4	8.6	16.5	30.2	42	34.6	44.3	45.7	31.8	16.8	10	285.9	24.5	11.6
DESV.ST	6.5	8	10.4	14.4	14.5	18.2	14.8	25.3	21.6	19.1	16.9	10	76.1	6.4	1.3

LLUVIA TOTAL MENSUAL
AÑO	ENE	FEB	MAR	ABR	MAY	JUN	JUL	AGO	SEP	OCT	NOV	DIC	ACUM	PROM	MESES
1944			57.83	28.55	146.06	264.06	258.55	332.55	353.55	59.55	6.04	45.05	1551.79	155.2	10
1945	14.03	47.54	0	6	92.56	175.1	159.27	221.04	185.57	46.08	30.55	34.08	1011.82	84.3	12
1946	23.06	23.04	4	9	81.06	138.88	79.06	212.04	114.06	57.07	39.57	33.57	814.41	67.9	12
1947			0.01	10.54	130.56	169.07	190.05	216.5	237.04	134			1087.77	136	8
1948	5.02	13.03	9	72.21	210.05	467.5	256.05	101.07	95.06				1228.99	136.6	9
1950		0	32	15.85	89.32	240.45	188.66	155.06	210.72	132.45	27.04	8.01	1099.56	100	11
1951	0.07	12.51	4.23	0.01	120.04	239.05	312.93	245.35	430.26		57.05	22.57	1444.07	131.3	11
1952	1.03	2.14	20.42	28.55	144.73	150.36	142.2	185.51	302.97	205.12	4.91	40.63	1228.57	102.4	12
1953	0.02	2.53	3.72	38.21	111.58	243.46	184.84	151.61	188.44	179.2	3.53	17	1124.14	93.7	12
1954	0	14.5	4.5	50	129.3	420.5	165.5	177	366.5	161.51	0	0	1489.31	124.1	12
1955	0.02	23.05	0	44	18.06	228.04	442.53	324.53	209.03	364.05	14.04	21.03	1688.38	140.7	12
1956	23	16.03	23.02	37.02	163.03	228.94	169.84	205.63	305.32	74.55	66.06	3.58	1316.02	109.7	12
1957	29.53	61.52	53.53	25.83	88.54	317.04	163.05	179.02	322	44.57	42.52	9.55	1336.7	111.4	12
1958	15.53	7.01	2.02	44.55	19.05	265.51	270.94	187.75	286.63	100.74	58.25	16.06	1274.04	106.2	12
1959	6.1	21.02	34.5	86.56	35.04	265.54	122.57	185.56	156.03	311.55	112.06	2.04	1338.57	111.5	12
1960	19.54	0.01	0.07	20.08	42.55	376.02	262.02	345.55	291.55	236.17	23.12	3.08	1619.76	135	12
1961	22.56	5.05	37.04	9.1	113.56	306.52	251.55	208.55	131.54	158.58	49.55	5.04	1298.64	108.2	12
1962	2.07	0.02	1.05	84.04	35.58	195.52	210.03	228.57	453.53	131.06	9.04	5.03	1355.54	113	12
1963	3.53	29.53	34.04	30.54	89.04	219.56	268.02	145.06	345.53	12.62	100.52	1.08	1279.07	106.6	12
1964	1.08	15.03	16.04	27.54	81.57	344.51	370.53	155.06	248.5	64.56	37.07	35.07	1396.56	116.4	12
1965	16.05	27.04	18.03	10	72.03	198.8	116.05	183.54	162.03	309.54	25.53	4.02	1142.66	95.2	12
1966	0.03	0.05	0.02	69.02	105.03	227.54	204.07	239.01	269.01	174.56	40.52	5.02	1333.88	111.2	12
1967	4.52	2.58	14.04	95.01	57.03	239.56	104.05	154.06	195.08	181.6	13.11	51.02	1111.66	92.6	12
1968	19.07	8.08	0.05	9.05	99.51	326.51	187.1	179.08	389.54	177.07	30.03	22.05	1447.14	120.6	12
1969	17.5	3	22	25	57.5	172	305	498	346.5	99	60.5	3	1609	134.1	12
1970	12.5	3.5	0	79.5	48.5	257.5	148	350.5	332	129	8	7.5	1376.5	114.7	12
1971	7	0	20	4	142.5	165.5	314	353	356.5	104	50	22.5	1539	128.2	12
1972	18.5	3	1.5	49	142.5	246.5	115.5	160.5	178	54.5	40.5	104.5	1114.5	92.9	12
1973	3	4	0	10.5	58	284.5	124	536.5	137.5	238.5	96	16	1508.5	125.7	12
1974	8.5	15	21.5	73.5	152.6	105.5	65	83	101.5	28	9.5	0	663.6	55.3	12
1975	41	2	0	12.5	79.5	115.5	125	191.5	155.5	146	68.5	14	951	79.2	12
1976	12.5	12	1	55.5	44	122	196	251	217.5	82	49	21.5	1064	88.7	12
1977	34	29.5	14	9.5	79.5	269	111.5	225.5	239	59.5	7	19	1097	91.4	12
1978	13	4	0	38.5	74.5	256	214	167.5	240	116	16	38	1177.5	98.1	12
1979	17	10	43	49	120	213	158.5	139	189.5	78	42.5	51.5	1111	92.6	12
1980	3	8	0	0	65	130	87.5	174.5	110	48	36.5	11	673.5	56.1	12
1981	0	9.5	6	22.5	97.5	109	198	203.5	128.5	34.5	5	0	814	67.8	12
1982	0	0	8.5	19	192.5	170	139	109	365	70	33	19	1125	93.8	12
1983	9	66	66.5	1	0	217.5	193	119	364	18	56	15	1125	93.8	12
1984	9.08	3.05	22.52	0.01	233.53	212.6	275.06	280.59	417.01	34.05	5.07	35.05	1527.62	127.3	12
1985	0.05	20.52	9.55	24.57	52.53	179	163.76	342.07	190.03	55.13	11.04	17.07	1065.32	88.8	12
1986	14.59	10.04	17.08	10.04	117.54	93.53	109.54	144.51	91.58	14.61	17.08	6.09	646.23	53.9	12
1987	7.07	3.06	4.55	10.06	31.08	102.04	137.62	121.1	156.09	29.07	12.1	13.1	626.94	52.2	12
1988	16.06	4.1	0	1.72	54.02	313.11	131.11						520.12	74.3	7
1989	5.02	35.05	0.01	11	96.04	216.59	125.12	297.6	432.75	134.08			1353.26	135.3	10
1990	18.06	8.66	14.04	44.5	70.5	212.5	127	98.5	217	101	132	70.5	1114.26	92.9	12
1991	0	21.5	13	3	47	331	134.5	68.5	118	143	20	31	930.5	77.5	12
1992	10.3	5.5	0	24.8	93	384.8	189.4	209	210.2	51.1	56	46	1280.1	106.7	12
1993	3.2	11.4	7.1	8.5	90.8	251.6	137.8	319.2	184.9	93.7	15.6	6.8	1130.6	94.2	12
1994	6.9	20.5	3.7	29.8	140.7	23.3	164.4	149.8	85	107.7	3.1	6	740.9	61.7	12
1995	1	20.2	4.1	58.3	48.5	170.7	126.3	375.5	250.9	158.2	40.2	10.3	1264.2	105.3	12
1996				214.4	191	265.5	198.71	217.62	161.41	163.01	91.53	31.01	1534.19	170.5	9
1997	15.35	21.76	4.75	13.1	92.27	98.99	66.33	65.1	119.31	100.41	90.01	2.51	689.89	57.5	12
1998	0.07	22.11	0.01	0.02	9.11	195.44	227.53	289.54	348.35	166.53	152.5	21.12	1432.33	119.4	12
1999	3.47	12.05	4.35	69.74	49.24	277.56	154.19	297	403.44	124	19.88	36.15	1451.07	120.9	12
2000	17.35	3.08	25.03	11.85	376.94	280.45	102.3	371.66	333.46	59.19	24.89	23.46	1629.66	135.8	12
2001	3.27	26.24	16.31	99.77	79.21	88.69	229.47	131.19	355.55	155.62	2.96	35.7	1223.98	102	12
2002	4.83	20.93	109.94	0.73	150.45	231.26	180.98	85.38	440.64	79.85	99.95	33.8	1438.74	119.9	12
2003	1.02	0.63	5.77	2.21	68.54	283.94	105.76	146.44	265.04	154.8	115.3	19	1168.45	97.4	12
2004	19.38	0.35	30.08	63.72	49.8	282.74	189.88	108.29	279.33	218.94	35	3.88	1281.39	106.8	12
2005	13.79	1.34	2.02	7.4	49.28	276.73	262.35	231.12	109.49	116.18	16.45	17.2	1103.35	91.9	12
2006	15.79	5.21	7.15	17.07	186.42	182.58	299.64	100.69	233.78	254.46	16.55	23.68	1343.02	111.9	12
2007	47.05	0.55	7.13	22.83	104.33	199.43	214.8	241.07	232.37	424.39	15.93	2.86	1512.74	126.1	12
2008	26.25	22.94	0.27	27.62	141.04	216.35	211.47	318.28	203.63	71.24	12.74	4.85	1256.68	104.7	12
2009	13.46	0.07	6.31	13.97	142.48	262.86	91.75	267.77	190.35	131.57	64.05	17.46	1202.1	100.2	12
2010	5.67	4.05	4.22	68.64	8.9	260.3	249.86	567.62		24.98	47.78	4.1	1246.12	113.3	11
2011	3.55	18.97	26.39	40.04		304.67	285.76	471.49	409.65	135.94	16.45	7.98	1720.89	156.4	11
2012	26.67	14.3	1.8	55.8	107.5	212.3	162.6	438.6	130	27.1	0.2	62.7	1239.57	103.3	12
2013	29.7	4.95	0.08	12.26	128.53	178.17	154.64	242.5	294.4	141.8	92.2	73	1352.23	112.7	12
2014	18	3.3	9.5	45.9	188.4	304.7	37.7	270.7	396.5	159.2	33.5	2.9	1470.3	122.5	12
2015	43.7	2.8	11.7	81.7	138.8	241	99.9	118.5	253.7	192.9	42.5	61.4	1288.6	107.4	12
2016	14.7	4.1	18.4	9.9	58.9	248.1	75.1	165.78	147.3	53.7	27.6	16.4	839.98	70	12
2017	36	4.6	34.2	78.23	212.7	377.4	114.6	277.2	388.1	118.4	6	2.6	1650.03	137.5	12
2018	19.1	8.5	28.5	71.1	120.4	106.8	28	202.8	271.3	127.23	27.8	10.1	1021.63	85.1	12
2019	11.8	4.9	20.1	0.5	178.4	168	138.19	127.1	130.7	278.34	26.98	0.45	1085.46	90.5	12
2020	13.99	40.46	14.22	34.04	218.08	361.03	130.13	352.86	356.16	155.52	199.9	8.75	1885.14	157.1	12
2021	24.84	5.81	22.25	51.44	115.27	272.12	27.13	237.93	183.06	131.63	3.95	1.43	1076.86	89.7	12
2022	20.91	12.45	2.66	82.53	177.13	223.25	103.67	235.21	255.96	67.05	42.06	22.11	1244.99	103.7	12
2023	16.71	28.1	6.53	6.14	118.86	178.04	243.64	134.94	103.54	96.75	56.06	12.98	1002.29	83.5	12
2024	10.72	7	2.22										19.94	6.6	3
MÍNIMA	0	0	0	0	0	23.3	27.13	65.1	85	12.62	0	0	19.94	6.6	3
MÁXIMA	47.05	66	109.94	214.4	376.94	467.5	442.53	567.62	453.53	424.39	199.9	104.5	1885.14	170.5	12
MEDIA	12.8	12.5	13.8	34.5	104.7	229.8	174.4	225.7	247.5	124.7	40.8	20.4	1207.2	103.7	11.6
DESV.ST	11.1	13.4	18.1	34.3	62.2	81.7	78.1	107.3	102.9	81.5	38.3	20.1	307.2	27.4	1.3

EVAPORACIÓN MENSUAL
AÑO	ENE	FEB	MAR	ABR	MAY	JUN	JUL	AGO	SEP	OCT	NOV	DIC	ACUM	PROM	MESES
1967	4.5												4.5	4.5	1
1973												96.4	96.4	96.4	1
1974	102.9	102	120.1	179.34	166.1	139.2	150.4	153.1	135.3	149.9	114.1	116.4	1628.84	135.7	12
1975	124.1	116.1	128.9	186	160.1	114	140.71	130.7	108.5	96	93.2	92.4	1490.71	124.2	12
1976	108.48	89.6	155.9	154.34	142.9	132.88	132.4	149.67	127.99	129.1	100.7	82.9	1506.86	125.6	12
1977	110.5	86.6	144.4	126.9	163.4	160.11	156.1	156.59	135.7	122.11	105.6	108.7	1576.71	131.4	12
1978	111.8	104.2	114.6	129.1	167.1	157.9	149.22	153.2	144.7	116.7	110.9	109.8	1569.22	130.8	12
1979	132	106.7	150.1	164.7	139.2	130.3	141.06	132.9	116.9	114.9	96.8	112.54	1538.1	128.2	12
1980	112.8	102.5	119.29	117.3	149.2	138.8	166.44	125.74	121	121.2	107.5	105.3	1487.07	123.9	12
1981	110.1	105.5	127.1	131.1	136.5	110.3	128.9	135.8	121.7	108	96	106.26	1417.26	118.1	12
1982	103.5	95.3	113.9	122.3	136	114.4	122.7	132.2	128.31	122.2	116	97.8	1404.61	117.1	12
1983	114.99	100	116.26	123.4	132.2	134.3	139.7	131.2	128.33	129.5	117.2	117.5	1484.58	123.7	12
1984	102.2	106	120.5	128.1	130.1	117.8	118.6	121.84	124.76	120.1	112.6	101	1403.6	117	12
1985	99.1	92	116.6	117.7	130.7	117.2	115.7	124.4	113.42	120.8	107.2	104.5	1359.32	113.3	12
1986	78.1	82.8	85.7	116.8	126	127.7	127.1	129.3	119.7	101.3	88.4	91.6	1274.5	106.2	12
1987	84.7	85.8	101.2	87.3	123.3	111.8	120.1	128.4	113.7	108	85.3	88.1	1237.7	103.1	12
1988	78.8	80.7	101.8	113.43	114.1	111.11	100.9						700.84	100.1	7
1989	50	57.6	58.8	92.7	98.2	77.6	82.8	69.21	59.7	72.7			719.31	71.9	10
1990	39.8	58.6	70.6	81.96	87.8	86.82	70.94	92.49	74.21	60.28	43.12	44.48	811.1	67.6	12
1991	71.32	51.02	87.3	93.2	95.71	96.77	90.03	82.53	82.55	72.31	61.67	45.9	930.31	77.5	12
1992	109.46	134.73	154.79	159.11	146	148.32	132.09	138.2	121.49	125.82	107.04	104.56	1581.61	131.8	12
1993	100.58	86.83	92.61	125.99	120.66	126.51	131.67	114.82	116.45	105.99	81.92	72.98	1277.01	106.4	12
1994	96.56	105.61	130.19	115.39	117.23	120.08	128.55	127.21	114.65	107.93	111.28	87.65	1362.33	113.5	12
1995	75.39	88.62	111.3	184.07	179.41	168.14	151.11	122.27	140.2	137.19	132.91	103.98	1594.59	132.9	12
1996				102.68	121.04	104.42	101.34	102.98	105.16	114.11	92.17	93.54	937.44	104.2	9
1997	102.77	101.88	114.48	122.55	139.01	134.03	132.17	134.77	119.97	127.49	119.91	89.44	1438.47	119.9	12
1998	97.07	94.32	115.42	143.82	168.2	170.82	155.98	150.53	119.84	116.15	106.03	107.53	1545.71	128.8	12
1999	104.79	98.25	117.52	135.66	157.14	147.7	157.14	155.48	148.27	142.28	119.58	119.82	1603.63	133.6	12
2000	115.42	120.7	137.31	139.98	143.02	134.14	150.55	144.5	138.78	126.65	132.33	115.07	1598.45	133.2	12
2001	111	104.46	130.15	149.91	154.77	144.74	153.18	158.23	142.17	146.8	140.46	144.4	1680.27	140	12
2002	126.78	114.85	147.66	157.63	168.42	141.18	155.77	153.31	141.32	150.85	131.34	123.33	1712.44	142.7	12
2003	110.94	112.84	142.74	155.36	164.52	149.08	154.73	155.2	152.21	151.82	144.1	141.53	1735.07	144.6	12
2004	141.01	133.68	138.95	151.27	152.87	146.16	151.58	156.2	147.64	151.72	143.85	144.6	1759.53	146.6	12
2005	143.02	137.43	161.76	157.9	158.87	155.87	153.89	150.89	146.36	144.52	140.59	148.75	1799.85	150	12
2006	145.78	134.33	152.59	162.85	175.82	148.7	152.57	155.12	147.85	152.85	142.76	147.76	1818.98	151.6	12
2007	147.03	140.99	159.07	164.48	179.11	175.62	187.3	184.61	177.78	172.52	169.77	178.63	2036.91	169.7	12
2008	169.36	166.67	184.99	180.79	187.02	160.62	157.27	156.07	148.58	145.86	142.64	149.85	1949.72	162.5	12
2009	147.66	135.69	156.66	156.65	161.9	154.12	159.59	157.44	155.28	158.78	143.8	153.36	1840.93	153.4	12
2010	150.88	137.07	156.4	158.03	164.58	157.43	157.1	155.94		152.55	143.57	139.03	1672.58	152.1	11
2011	152.79	136.82	160.61	158.52		154.33	156.04	157.11	150.71	150.85	152.19	157.37	1687.34	153.4	11
2012	157.28	143.4	160.5	173.4	187.3	178.8	183.5	182.2	175.8	178.4	168.8	177.4	2066.78	172.2	12
2013	162.5	165.5	169.5	185.1	189.3	176.9	182.4	184.3	173.5	178.4	169.1	167.6	2104.1	175.3	12
2014	147.5	152.6	184.8	181.6	182.7	178.6	185.5	188.4	158.5	180.22	168.45	166.85	2075.72	173	12
2015	167.58	150.19	173.6	189.09	171.59	164.36	166.2	168.63	158.74	161.06	154.11	153.52	1978.67	164.9	12
2016	152.32	139.38	160.17	156.52	164.02	154.7	162.72	161.95	152.16				1403.94	156	9
2019										148.07	147.22	147.67	442.96	147.7	3
2020	151.23	144.81	157.5	159.01	161.71	150.79	161.82	156.53	148.68	151.65	144.43	142.1	1830.26	152.5	12
2021	149.1	139.79	155.59	153.72	161.77	162.09	162.17	156.32	155.91	149.14	101.85	28.9	1676.35	139.7	12
2022	145.88	15.24	50.71	73.59	5.3	30.18			136.07	5.21	157.61	23.61	643.4	64.3	10
2023	48.68	9.95	42.3	74.39	5.16		47.56	149.5	170.93	153.6	152.29	147.38	1001.74	91.1	11
2024	157.11	144.33	159.66										461.1	153.7	3
MÍNIMA	4.5	9.95	42.3	73.59	5.16	30.18	47.56	69.21	59.7	5.21	43.12	23.61	4.5	4.5	1
MÁXIMA	169.36	166.67	184.99	189.09	189.3	178.8	187.3	188.4	177.78	180.22	169.77	178.63	2104.1	175.3	12
MEDIA	115.1	108.8	130.1	140.3	143.2	137.3	141	142.8	133.8	129.4	122.6	115.2	1411	127	10.9
DESV.ST	35.9	34.3	33.7	31.2	38.7	29.3	29.4	25	25	33	29.1	36.8	492.1	32.2	2.8

TEMPERATURA MÁXIMA PROMEDIO
AÑO	ENE	FEB	MAR	ABR	MAY	JUN	JUL	AGO	SEP	OCT	NOV	DIC	ACUM	PROM	MESES
1944			29.9	31	31.5	32.6	31.5	30.7	31.1	31.2	29.9	30.6		31	10
1945	31.6	31	31.6	33.4	30.7	31	31.3	31.3	30.9	31.6	30.5	30.5		31.3	12
1946	31.5	30.9	30.8	33.5	30.7	31	30.3	32	30.5	31.2	31.7	31.6		31.3	12
1947			30.5	33.6	30.3	31.3	29	27.8	29	29.5				30.1	8
1948	30.2	29.1	31.3	29.7	29.1	29.1	29.3	30.3	29.9					29.8	9
1950		27.4	30.2	30.7	32.5	29	28	28.2	27.6	25.5	24.5	26.3		28.2	11
1951	26.1	25.7	30.3	32.2	31.5	30	27.9	29.1	26.3		25.4	26.6		28.3	11
1952	23.8	29.8	32.3	31.4	30.1	29.5	28	27.6	27.5	23.3	26.9	26.2		28	12
1953	23.9	26.3	30.2	32.6	31.8	29.6	33.2	35	33.5	32.6	33.3	34.8		31.4	12
1954	35.2	31.6	32	32.1	32.1	29.8	29	30.2	29.7	28.8	30	30.7		30.9	12
1955	32.5	29.7	32	34	34	31.1	28.4	30.2	30	27.5	29.7	29.8		30.7	12
1956	27.9	33.1	32.6	33.1	28.2	26.9	27.7	28.7	27.3	27.8	24.9	25.5		28.6	12
1957	25.6	27.5	29.6	30.9	32	29.5	28.7	28.7	27.7	26.8	28.4	23.5		28.2	12
1958	23.6	25.9	31.1	32.2	30.9	29	28.1	29.4	28	28.4	28	24.8		28.3	12
1959	23.6	28.8	30.1	28.8	31	29.4	29.2	29.8	29.6	28.1	26.6	24.2		28.3	12
1960	24.4	27	29.5	31.3	32.6	30	29.3	29.1	28	28	26.2	25.1		28.4	12
1961	24	27.1	30.4	31.1	31	28.3	28.4	28.6	28	26.3	25.1	25.9		27.9	12
1962	24	29.4	30.3	29.2	30.4	29.4	29.1	29.8	27.6	27.8	25.2	26		28.2	12
1963	26.3	25.7	29.5	30.8	30.4	29.8	28.8	29.2	28.2	26.9	26	24.4		28	12
1964	24.9	27.6	30.3	31.5	31.6	28.2	28.4	28.9	28	26.2	25.8	24		28	12
1965	24	26.8	29.1	31	30.7	29	28.1	27.9	29	25.9	25.5	25.2		27.7	12
1966	22.8	25.2	27.6	30.4	30.2	28.6	28.8	28.9	28	26.9	25.2	21.7		27	12
1967	23	25	28.6	29.8	30.9	28.8	29	28.6	28.2	26.9	25.1	26.3		27.5	12
1968	24.9	23.9	27.1	30.5	29.8	28.4	28.3	28.7	28.1	27.6	25.5	24.9		27.3	12
1969	24.7	28.1	28.2	31	30.1	30.5	29	27.5	26.8	27	25.3	23.7		27.7	12
1970	24.3	25.1	29	31.4	29.7	28.8	28.2	27.6	26.7	27.5	23.6	25		27.2	12
1971	25.4	27.2	28.7	27.9	31	28.5	27.2	27.3	27.9	28.3	26.6	26.4		27.7	12
1972	26.1	25.8	29.7	31	30.2	27.2	28.3	28.6	29.1	28.5	27.6	25.8		28.2	12
1973	24.7	26.7	31.8	31.6	32.2	28.8	28.5	27	29	27	27.6	25.2		28.3	12
1974	27	27.5	30	30.3	32.2	28.9	31.5	30.6	29.6	26.9	25.9	25.6		28.8	12
1975	26.3	29.4	30.3	33.5	33.3	30.6	29.6	29.9	28.4	27.5	26.8	23.8		29.1	12
1976	23.1	24	30.8	32.1	31.1	30.1	29.3	30.3	30.2	29	25.7	24.4		28.3	12
1977	26.7	27.9	31.7	30.3	32.1	30.5	30	30.5	30.9	27.9	26.8	26.5		29.3	12
1978	24.2	24.8	27.8	31.2	31.8	29.2	29	29.8	28.1	26.9	27.3	26		28	12
1979	26.1	28.2	30.2	31.9	30.6	29.8	31.1	30.3	29.4	27.4	25.4	23.7		28.7	12
1980	27.2	27	27.4	29.8	31.9	31.5	30.9	31.1	30.1	28.4	27.8	24		28.9	12
1981	23.3	28.3	30.1	30.5	32.2	30	31.4	31.5	29.2	27.4	25.7	25.9		28.8	12
1982	26.6	27.8	28.8	31	31.2	30.3	27.9	29.1	27.4	28.1	26	25		28.3	12
1983	24.4	25	28.9	31.8	34.8	30.4	28.9	28.7	27.6	27.3	26.9	25.7		28.4	12
1984	23.6	26.4	28.8	32.2	29.4	28.1	27.1	27.3	26	27.7	25.6	25.1		27.3	12
1985	24.8	25.1	28.7	29.6	31.3	31.2	28.3	28.5	28	28	27	26.7		28.1	12
1986	21.2	26.1	26.3	31.4	31.2	31.3	31.2	31.2	29.8	27.5	27.3	27.7		28.5	12
1987	20.7	24.4	28.8	28.7	31.6	29.9	30.5	30.6	30.1	28.5	26.6	26.5		28.1	12
1988	22.6	25.1	29.7	32.8	33.3	28.6	29.2							28.8	7
1989	23.8	23.7	26.9	30.1	30.2	28.1	28.5	27.7	25.1	24.6				26.9	10
1990	23.2	25	27.2	30	30.5	28.9	28.1	28.6	26.8	26.2	22.8	22.9		26.7	12
1991	24.7	24	29.6	32	30.8	29.6	27.6	28.9	26.6	24.3	22.2	21.5		26.8	12
1992	26	26	29.8	31.3	30	28.9	27.6	27.5	27	27.2	25.2	24.1		27.6	12
1993	24.6	26.6	28.2	31.7	31.3	29.7	30.4	27.7	27	27.5	26.3	24.9		28	12
1994	25.1	26.1	30.6	30.1	32.2	30.5	30.2	29.6	30.3	29.8	31.3	25.3		29.3	12
1995	24.5	26.8	30.7	31.6	29.7	28.7	27.6	26.7	27.8	27.8	29.2	24.7		28	12
1996				28.6	30	28.7	26.8	26.5	27.5	27.9	23	23		26.9	9
1997	24.8	27.6	29.8	30.5	31.3	31.4	31.5	31	29.8	29.1	27	23.5		28.9	12
1998	24.5	26.5	27.5	30.4	31.5	30.4	27.8	29.5	26.8	26.3	25	24.1		27.5	12
1999	25.3	26.2	28.3	31.2	31.8	28.7	28.4	28.5	26.5	24.3	21.8	23.8		27.1	12
2000	24.9	26	30.6	30.9	29.2	27.6	28.8	27.6	27	25.4	26.5	23.4		27.3	12
2001	24.2	25.1	27.9	30.2	29.8	28.7	29.1	28.9	26.4	26.4	25.4	25.1		27.3	12
2002	24.3	24.4	29.7	31.4	31.1	28.6	29.6	29.7	27.4	28.5	25.2	25.9		28	12
2003	23.5	27.9	28.1	30.8	31.3	28.6	28.5	28.1	28.3	26.6	25.8	23.7		27.6	12
2004	24.8	26.3	26.9	29.9	28.3	28.1	28	28.7	28	27.5	26.1	24.3		27.2	12
2005	23.2	27.6	30.5	30.5	29.8	29.2	28.3	27.9	27.4	25.2	23.8	26.3		27.5	12
2006	24.3	25.6	28	30.4	30.1	27	27.4	28.6	27.6	26.8	24.5	24.2		27	12
2007	23.7	27.5	28.3	30	29.6	29	28.4	27.8	27.4	25	24.1	25.4		27.2	12
2008	25.2	27.5	29.3	29.8	30.9	27	26.9	27.9	26.9	24	23.5	24.1		26.9	12
2009	24	24.9	27.3	30.7	30.2	28.1	28.5	28.3	29.1	28.4	23.9	25.7		27.4	12
2010	23.6	25.9	27.9	30.8	31	28.2	27.8	27.7		25.7	23.4	22		26.7	11
2011	24.8	25.6	29	30.7		29.4	27.4	28.4	27.7	24	24.8	24.1		26.9	11
2012	24.8	25.1	27.9	30.1	29.5	28.4	27.5	28	27.8	26.1	23.8	25.8		27.1	12
2013	24.6	28.2	26.1	31.5	30.3	28.1	27.9	27.9	26.7	26.9	24.3	24.4		27.2	12
2014	21.9	26.7	28.9	29.6	27.8	27.7	28.8	28.9	27.3	25.6	23.7	22.9		26.6	12
2015	23	25.2	26.8	30.5	30.1	28.4	27.8	29.4	27.7	26.9	25.8	25.3		27.2	12
2016	24	23.6	29.7	29.7	32.1	28.4	29.5	29	27.7	27	24.3	25.8		27.6	12
2017	24.1	27.4	27.2	29.8	29.7	27.4	28.4	27.9	27.6	26	25	23.5		27	12
2018	21	26.1	28.4	29.3	29.7	28.4	29.6	28.1	27.8	27.1	24	22.7		26.9	12
2019	24	27.8	26.8	29.8	31.7	29.9	29	29.8	28.5	27.2	24.9	24.9		27.9	12
2020	24.5	26.2	28.7	32	30.3	27.9	29.3	28.3	27.4	25.6	23.8	23.7		27.3	12
2021	24.6	26.1	27.3	30.3	29.6	28.7	28.9	28.3	27.9	27.5	23.7	24.5		27.3	12
2022	25.5	25.2	27.4	30.9	31.5	27.4	29.3	29	27.9	26.1	26.3	24.6		27.6	12
2023	25.6	26.4	30.1	31.9	30.8	31.3	27.6	27.2	27.6	26.8	24.3	25		27.9	12
2024	27.7	27	31.2											28.6	3
MÍNIMA	20.7	23.6	26.1	27.9	27.8	26.9	26.8	26.5	25.1	23.3	21.8	21.5		26.6	3
MÁXIMA	35.2	33.1	32.6	34	34.8	32.6	33.2	35	33.5	32.6	33.3	34.8		31.4	12
MEDIA	25	26.7	29.3	30.9	30.9	29.2	28.9	29	28.2	27.2	25.9	25.3		28.1	11.6
DESV.ST	2.4	1.9	1.5	1.2	1.2	1.2	1.2	1.4	1.4	1.7	2.2	2.2		1.1	1.3

TEMPERATURA MÁXIMA EXTREMA
AÑO	ENE	FEB	MAR	ABR	MAY	JUN	JUL	AGO	SEP	OCT	NOV	DIC	ACUM	PROM	MESES
1944			39	35.5	34.5	36	34	34.5	33.5	36.5	33	34		35	10
1945	34	34	36	38.5	36	35	33.5	35	33.5	35	32.5	34		34.8	12
1946	34.5	34	37	38.5	36	35	33.5	35.5	33.5	35	34.5	34.5		35.1	12
1947			34	36	35	34	33	31	32	32				33.4	8
1948	33	33	34.5	35	33	32	31.5	32	32					32.9	9
1950		31	36	36	35	37	33	30.5	30	31	31.5	29.5		32.8	11
1951	32	33	34	35.5	35.5	35	30.5	32	29.5		32	31.5		32.8	11
1952	31	34.5	36	36	37	37	30	30	31	28	31	32.5		32.8	12
1953	30	34	36	37	37	34	36	37	36.5	38	39	38		36	12
1954	37	36.5	36	36	34.5	34.5	32	32	31.5	31.5	33.5	35		34.2	12
1955	35	36	35.5	36.5	37	34.5	33	32.5	32	32	34.5	33.5		34.3	12
1956	35	36.5	38	36	33	29.5	32	30.5	30.5	33	30.5	31		33	12
1957	30.5	32.5	33	33.5	34	33.5	31.5	31.5	30.5	31.5	32	32		32.2	12
1958	30.5	34	35	35.5	35.2	32	30.5	31.5	30.5	30.5	30.5	28.5		32	12
1959	29	32.5	33.5	33	35	33	31.5	31.5	32	30	29.5	27.5		31.5	12
1960	29	33	34.5	35.5	35.5	33.5	32	32	30	30.5	29	29		32	12
1961	28.5	31	37	34.5	34.5	31	30.5	32	30.5	30.5	29	30		31.6	12
1962	29.5	33	34	33.5	34	33	31.5	33	29.5	30.5	30	28.5		31.7	12
1963	30	29.5	33.5	33.5	33	33.5	33	31.5	30	29.5	29.5	29.5		31.3	12
1964	29.5	32	34.5	34.5	36	31.5	31	31	30	29.5	28.5	27.5		31.3	12
1965	28	30.5	33	33.5	32.5	32.5	30.5	30	31	30	29.5	28		30.8	12
1966	25.5	30	34	33.5	34	31.5	31	31	30	30	29.5	27		30.6	12
1967	27.5	28.5	31.5	33	34.5	32.5	30.5	30	30	29.5	30	30		30.6	12
1968	27.5	29.5	31	32.5	31.5	31	30	31	30.5	30.5	30	29.5		30.4	12
1969	28.5	30.5	31.5	33.5	33	32.5	31.5	31	29.5	29	28.5	29		30.7	12
1970	28.5	29.5	34.5	33.5	33.5	32	30	30	28.5	31	27.5	28.5		30.6	12
1971	29	33	36.5	35	32.5	30.5	29.5	29.5	30.5	30	28.5	30		31.2	12
1972	30	31	32.5	32.5	33	30	31.5	31	30.5	31.5	30	27.5		30.9	12
1973	28.5	29.5	35	35	36	30.5	31	29.5	31	30.5	32	30		31.5	12
1974	30	31	35	34	36	32	35	34.5	32	30.5	30	30.5		32.5	12
1975	30	33.5	34.5	36	36	32.5	31.5	31.5	32	31	30.5	30.5		32.5	12
1976	31	31	35	34.5	35	33	31	32.5	32.5	32.5	31	30.5		32.5	12
1977	33	33	36	36	34	32.5	32	32.5	32.5	31	30	30		32.7	12
1978	29	30	34	35.5	37	31	31	39	30.5	29.5	30	30.5		32.2	12
1979	30	31	33.5	33.5	32.5	31.5	32.5	32.5	31.5	31	29	28		31.4	12
1980	34	30	31	33	33.5	36	33	33.5	33.5	31	31	29		32.4	12
1981	29	36	32.5	33	35	31.5	32.5	34.5	32	28.5	28	29		31.8	12
1982	29.5	29	30.5	33.5	32.5	33	30	32	30.5	30	29	28.5		30.7	12
1983	30	30	32.5	35.5	36.5	35	31	31	30	29	29	28		31.5	12
1984	28	30.5	36	35	35.5	31	31	29	28.5	31	29	29		31.1	12
1985	28.5	30	30.5	33	33.5	33.5	31	31	30.5	30	29	29		30.8	12
1986	27.5	29.5	28.5	33	33.5	33.5	33.5	33	32	29	28.5	29		30.9	12
1987	26.5	28	33	32	34	31.5	32	33.5	32	30.5	28	28		30.8	12
1988	28	28	35	37	39	36	33							33.7	7
1989	27	29	32	35	34.5	35	33	31	30	27.5				31.4	10
1990	27	31.5	32	33	33.5	32.5	31	33	29.5	29	27.5	28		30.6	12
1991	30	31.5	35	36.5	34.5	33.5	31	31.5	29	27	27.5	27		31.2	12
1992	29.5	31	33	35.5	34	31	33	30	29	29	29	27.5		31	12
1993	28	32	32.5	34	35	33.5	33	30	28.5	29.5	27	26.5		30.8	12
1994	30	29.5	33	34.5	35.5	32	32	31.5	31.5	32	32	28		31.8	12
1995	26	30.5	32.5	33	32	32.5	29	28	29	29	31	26.5		29.9	12
1996				31	32.5	31	28.5	28.5	29	30.5	25	25.5		29.1	9
1997	27	29.5	31	32	33	33.5	33	33	33	31	28.5	29		31.1	12
1998	28.5	32	32	33.5	34	33.5	32	31.5	31.5	30.5	27.5	29.5		31.3	12
1999	29	29.5	32	34.5	34.5	33	31	30.5	29	29.5	27	27		30.5	12
2000	28.5	30	35	34	34	29.5	30.5	30.5	31	27.5	29	28		30.6	12
2001	29.5	30	33	33	34	31	31	30.5	30.5	30	28.5	29.5		30.9	12
2002	29	29	32.5	33.5	33.8	31.5	31.5	31	31	31	29.5	30		31.1	12
2003	30	32.5	33.5	35	35	31	30.5	30.5	30	30.8	30.6	28.5		31.5	12
2004	30.8	31.5	32	34.5	31.8	31.8	31.5	30.2	29.8	30	32	30.5		31.4	12
2005	29	32.5	34	34.8	33.5	33.5	30.5	31	30.5	29.5	29	30		31.5	12
2006	31	31.5	32	33.5	34.5	31	30	30.5	30.5	31.5	30	30		31.3	12
2007	29	33.5	32.8	35	34	31	31	29.2	29	29	28.5	29		30.9	12
2008	28.5	31	33	34.5	35	29	30	30	30	29	29	28		30.6	12
2009	29	30.5	31	35	34.5	31	30.5	30	30.5	31	28	30		30.9	12
2010	31	30	34	35	33.5	32.5	30.5	30.5		30	29	28.5		31.3	11
2011	30	30	33	33.5		33	30	31.5	30	28	29	28.5		30.6	11
2012	29	32	33	34	32.5	31.5	30.5	31	30.5	30	29	29		31	12
2013	30	33	32.5	34	34.5	30	32	30.5	30.5	29.5	30	29.5		31.3	12
2014	29	30	32.5	34	34	30	30	31	36.5	29.5	28.5	27		31	12
2015	29	31	32	35	33	31	29.5	32.5	30.5	30	29	29.5		31	12
2016	29	30	34	34	35	32.5	31	31	30	30	28.5	28		31.1	12
2017	29	30.5	32	35	33	32	30	30	30	29.5	28.5	28		30.6	12
2018	29	29	32.5	32	33	31	32	30	29.5	29	29.5	29		30.5	12
2019	29	32	32	33	34	33.5	30.5	32	30.5	30.5	27.5	29		31.1	12
2020	29.5	30.5	33	35.5	35	33	32	30.5	29.5	29.5	28	29		31.2	12
2021	30	31.5	32	37.5	33	32	31	30	30	31	26	30		31.2	12
2022	30.5	30	33	33.5	34	32	32	31	30.5	30	30	29		31.3	12
2023	30	31.5	32.5	34	33.5	33	29	30	29	30	28	29		30.8	12
2024	32	32.5	33.5											32.7	3
MÍNIMA	25.5	28	28.5	31	31.5	29	28.5	28	28.5	27	25	25.5		29.1	3
MÁXIMA	37	36.5	39	38.5	39	37	36	39	36.5	38	39	38		36	12
MEDIA	29.7	31.4	33.5	34.5	34.3	32.5	31.4	31.4	30.8	30.4	29.7	29.4		31.6	11.6
DESV.ST	2.1	1.9	1.8	1.5	1.4	1.7	1.4	1.8	1.5	1.8	2.1	2.1		1.2	1.3

TEMPERATURA MÍNIMA PROMEDIO
AÑO	ENE	FEB	MAR	ABR	MAY	JUN	JUL	AGO	SEP	OCT	NOV	DIC	ACUM	PROM	MESES
1944			13.3	12.8	15.7	18.7	16.6	17.1	17.4	16.3	14.3	14.2		15.6	10
1945	17.2	17.7	15.4	16.2	17.4	18.6	18.3	18.1	17.2	16.8	15.9	14.9		17	12
1946	17.3	17.3	15.9	15.9	17.5	18.1	16.4	19.8	17.1	17.1	17.2	16		17.1	12
1947			13.5	16.4	17.1	18.3	18.6	17.2	16.6	16.6				16.8	8
1948	17.2	15.6	16.7	16.9	16.2	17.1	17.4	16.4	14.8					16.5	9
1950		10.3	13.7	14.3	16.4	17.2	15.7	17.1	17.1	15.2	11.4	7.3		14.2	11
1951	9.4	9	11.8	14.8	17.5	17.5	17.1	17.2	17.1		13.7	10.9		14.2	11
1952	9.9	10.3	13	17.4	18	17.6	18.2	17.4	17.7	14.7	13.3	9.5		14.8	12
1953	7.5	10.7	13	15.7	17	17.3	17.8	17.2	17.7	16.1	13.5	9.7		14.4	12
1954	10.3	9.1	11.7	15.2	16.5	16.7	17	16.8	16.7	15.8	10.6	6.7		13.6	12
1955	9.6	10.9	12.7	16	17.6	17.7	17.6	16.8	17.3	16.2	13.9	13		14.9	12
1956	9.4	12.3	13.9	16.3	18.5	18.3	16.9	16.4	17.4	15.5	12.6	12.4		15	12
1957	9.9	12.7	13	15.3	17.1	18.7	19	17.8	18.4	15.9	14.1	11.5		15.3	12
1958	11.1	11.2	15.5	17.2	18.2	20.6	20.1	18.7	19.8	18	17.1	13.9		16.8	12
1959	11.3	12.2	15.8	17.6	18.4	20.2	18.2	19	18.5	17.9	14.2	12.3		16.3	12
1960	11.9	9.6	13.9	16.3	18	18.9	18.1	18.5	17.6	18.3	15.8	12.5		15.8	12
1961	12.2	11.9	13.7	17.4	17.5	17.9	18	17.1	17.3	15.9	14.7	10.7		15.4	12
1962	9.1	10.5	13.5	16.9	17.1	18.8	18.1	17.5	18	17.2	11.6	10.2		14.9	12
1963	10.2	10.4	14.8	16.7	18.7	19	18.1	18.4	18.7	16.9	14.4	9.9		15.5	12
1964	10.6	12.2	15.5	18.1	18.7	18.8	18.4	17.6	17.2	15.2	13.9	12.7		15.7	12
1965	10.7	11.8	12.1	15.4	18.7	18.3	18	17.5	17.8	17.5	13.7	9.8		15.1	12
1966	10.1	12.3	13.7	16.7	17.6	18	17.5	17.4	17.5	15.6	14.5	9.5		15	12
1967	9	11.1	13.3	15.3	17.8	18.2	16.9	16.2	16	15.4	11.9	11.6		14.4	12
1968	11	9.1	11	14.8	16.5	17.2	16	16.1	16.8	15.9	11.5	11.2		13.9	12
1969	10.4	12.6	14.6	15.1	15.7	17.3	17.6	17.9	17.6	15.9	13.6	11.2		15	12
1970	9.2	10.6	12.4	15.9	15.5	17.6	17.3	16.8	17.2	16.4	12.2	10.8		14.3	12
1971	9.2	8.3	12	13.2	16.1	15.8	15.3	15.3	16.3	14.8	14	11.2		13.5	12
1972	11.7	10.6	13.1	16.1	16.1	17.1	16.2	16.1	15.6	15.1	14.7	11.2		14.5	12
1973	10.3	10.4	13.6	16.4	17.8	16.4	16.8	17	16.4	15.5	13.4	6.6		14.2	12
1974	10.4	10	12.2	14.7	16.3	15.1	15.4	15.4	15.3	14.2	13.9	12.8		13.8	12
1975	10.8	14.7	15	14.8	15.4	15.5	14.8	15.1	15.6	15.4	11.9	10.7		14.1	12
1976	8.5	7.4	13.1	15.4	15.9	15.5	15.9	16.4	15.8	15	13	10.7		13.6	12
1977	6.5	8	9.5	13.2	14.9	14.8	14.6	14.9	15	13.8	11.2	10.8		12.3	12
1978	7.9	9.6	11.4	13.3	14.9	15.5	14.9	15.3	14.9	12.8	11.9	9.7		12.7	12
1979	6.6	11	14.2	15.6	15.5	14.3	15	14.8	14.6	14.4	10.8	8.7		13	12
1980	8.2	11.3	13.2	14.5	15.4	15.1	15	14.6	14.6	13.7	13.6	7.9		13.1	12
1981	6.2	13.5	15	14.8	15.6	14.6	15	15	14.2	13.5	10.9	11.7		13.3	12
1982	9.1	10.9	13.8	15	15.2	14.9	14.5	15.4	15.2	13	11.1	9.2		13.1	12
1983	8.2	9.3	10.5	14.3	14.1	14.9	14.2	15.4	15.2	13.9	11.3	10.7		12.7	12
1984	7.3	10.1	11.9	11.9	15.1	15.1	15.1	14.7	14.8	13.6	9.1	9.2		12.3	12
1985	6.7	9.3	12.8	13.9	14.8	14.7	14.1	14.7	13.9	13.7	12.3	11.8		12.7	12
1986	8.6	11.8	12.2	15.2	15.2	15.2	15.4	15.7	14.8	13.6	13.3	13.6		13.7	12
1987	6.2	10.2	12.8	12.1	14.8	14.3	14.3	15.1	14.2	13.5	11.7	12.2		12.6	12
1988	8.1	10.9	13.7	16.3	16.7	17.8	17.3							14.4	7
1989	11.6	11.5	10.6	15.1	16.1	17	16.3	16.4	16.8	15.6				14.7	10
1990	12.3	13	13.2	15.4	16.4	17.4	16.5	16.9	17	15.6	13.3	11.6		14.9	12
1991	11.9	12.2	13.1	16.2	17.6	17.6	16.7	16.9	15.8	15.8	13	12.8		15	12
1992	11.6	12.5	14	16.1	16.2	17.8	16.5	15.7	15.2	14.2	13.9	11.5		14.6	12
1993	10.4	10.9	11.6	15.4	15.6	16	15.7	15.6	14.5	14	13.8	11.4		13.7	12
1994	10.1	11.2	13.3	13.1	15.1	14.3	14.4	14.3	14.2	14.3	15.8	10.7		13.4	12
1995	9.8	10.9	15.7	18.1	16.5	15.8	15.4	15	15.1	14.9	15.6	11.7		14.5	12
1996				13.7	14.8	14.2	16.7	14.9	15.2	15.5	12.7	11.9		14.4	9
1997	11.2	12.2	13.9	14.6	13.9	14	15.4	15.1	14.6	13.3	13	10.4		13.5	12
1998	11.1	10	11.7	15.1	16	17.1	17.4	17	17.1	16.6	14.7	10.7		14.5	12
1999	9.7	9.7	10.6	15.1	15.4	15.8	14.8	15.5	16.2	15	11.7	9.6		13.3	12
2000	9.8	11.1	11.6	13.8	16.3	16.3	15.3	16	16.2	14.8	13.4	10.7		13.8	12
2001	8.6	11.7	10.8	14.2	15.7	16.4	16	16.1	15.8	15.2	12.3	12.2		13.8	12
2002	10	11.2	13.1	14.7	16.9	16.7	16.7	15.8	16.3	15.5	13	10.3		14.2	12
2003	10.8	11.4	12.7	14.2	17.1	17	16	16.5	16.3	16.1	14.3	11		14.5	12
2004	12.1	11.3	13.6	14.4	16.6	16.5	16.7	16.4	16.6	16.9	12.8	11		14.6	12
2005	10.5	12.2	15.3	15.4	16.7	17.5	17	17.3	16.8	14.4	12.2	12.3		14.8	12
2006	10.9	10.9	12.3	14.2	16.6	16.5	17.2	15.8	16.4	17.1	13.3	12.7		14.5	12
2007	12	11.8	12.6	15.3	16	16.7	16.4	17.1	16.4	14.8	12.1	11.5		14.4	12
2008	11.4	12	13.3	16.7	17.3	16.6	16.7	16.5	17.1	16	11.5	10.8		14.7	12
2009	10.2	11.5	12.9	14.8	16.6	16.7	16.8	17	17.1	15.6	13.5	11.9		14.6	12
2010	10.7	13.3	13.4	16.2	18.4	17.6	17.7	17.5		14	12.4	9.4		14.6	11
2011	11	11.4	12.9	15.4		17	17.4	16.9	17.1	14.4	12.5	10.6		14.2	11
2012	11.3	13	12.4	13.6	16.8	17.1	16.4	16.6	16.1	15.5	11.4	10.7		14.2	12
2013	12.3	12.3	12.2	15.4	16.7	17	16.1	16.4	17	16.9	15	11.9		14.9	12
2014	9.8	11.6	13.9	15.6	16.5	17.2	16.4	15.4	16.8	15.6	13.3	10.9		14.4	12
2015	11.9	10.1	14	16.1	16.4	16.9	15.7	16.1	17.1	15.8	16	13.3		14.9	12
2016	11	10.8	14.1	15.8	16.8	17.6	17.1	16.9	16.7	15.8	13	12.4		14.8	12
2017	10	12	13.5	14.7	16.6	17.4	16.6	16.1	17.8	16	11.4	10.5		14.4	12
2018	10.4	11.7	13.6	14.7	15.1	16.9	16.6	16	16.8	16.5	14.4	11.5		14.5	12
2019	11.3	12.7	13.6	14.7	17.7	17.9	16.8	16.7	16.8	16.9	14.3	11.3		15.1	12
2020	12.8	12.3	14	17	17.5	17	16.8	17.6	17.4	15.5	15.3	12.1		15.4	12
2021	12.8	11.2	12.9	16	17.7	17.4	17.3	16.5	16.4	14.8	11.5	11		14.6	12
2022	10.9	11.2	12.9	14.8	15.9	15.6	15.9	16.8	17	14.8	13.2	11.2		14.2	12
2023	10.3	10.3	13.3	15.3	15.3	16.5	16.3	16.4	16.2	16	14.2	13.6		14.5	12
2024	11.4	9.4	15.3											12	3
MÍNIMA	6.2	7.4	9.5	11.9	13.9	14	14.1	14.3	13.9	12.8	9.1	6.6		12	3
MÁXIMA	17.3	17.7	16.7	18.1	18.7	20.6	20.1	19.8	19.8	18.3	17.2	16		17.1	12
MEDIA	10.4	11.3	13.2	15.3	16.5	16.9	16.5	16.5	16.4	15.4	13.2	11.2		14.4	11.6
DESV.ST	2.1	1.7	1.4	1.3	1.1	1.4	1.2	1.1	1.2	1.2	1.6	1.7		1.1	1.3

TEMPERATURA MÍNIMA EXTREMA
AÑO	ENE	FEB	MAR	ABR	MAY	JUN	JUL	AGO	SEP	OCT	NOV	DIC	ACUM	PROM	MESES
1944			9.2	8.2	12.7	14.7	14.2	14.2	14.7	12.2	10.2	11.7		12.2	10
1945	14.2	14.2	11.2	12.2	13.2	16.2	16.7	14.7	14.7	12.7	11.7	11.7		13.6	12
1946	14.2	11.7	11.7	13.2	14.2	14.2	11.2	13.7	13.7	13.7	13.7	12.7		13.2	12
1947			10.7	12.2	13.2	16.2	15.2	14.2	14.2	12.2				13.5	8
1948	13.7	11.2	12.7	13.2	13.2	11.7	14.2	14.2	12.2					12.9	9
1950		7	10	9.5	13	14.5	11	12	13	7	6	2.5		9.6	11
1951	3.5	4	7	10	14	14	15	13.5	14		8.5	5.5		9.9	11
1952	6	4	7	12	13	13	15	14.5	14.5	8	8.5	4		10	12
1953	3	4	9	11	11	14.5	13.5	14.5	14.5	11.5	4	5		9.6	12
1954	8.5	4	6.5	11.5	15	15	15	15	15	10	5	4		10.4	12
1955	6	4.5	7	13	14	15	16	13	15	12	9.5	8.5		11.1	12
1956	1	10	8	11.5	15.5	16.5	12	14	13.5	10	8.5	3.5		10.3	12
1957	5	4.5	7.5	11	13.5	14	16.5	14	16	8.5	8	5.5		10.3	12
1958	7	7	10	12	10.5	17.5	18	14.5	17.5	11.5	13	9		12.3	12
1959	7	5	9.8	10	14.5	18	15	14.5	14	14.5	9	7.5		11.6	12
1960	0	2	7.5	8.5	14.5	16	16	16.5	14.5	16.5	10.5	8.5		10.9	12
1961	8	8.5	7.5	13.5	10	14.5	16.5	13	15	11.5	8.5	7.5		11.2	12
1962	4.5	7.5	9	14	12	15.5	14.5	14	15.5	12.5	6.5	7		11	12
1963	4.5	3	10	12	14.5	15	15	15	16	10	9.5	0.5		10.4	12
1964	5.5	9	11	14.5	15.5	15	16	14	15	9.5	10	9		12	12
1965	4.5	6	6.5	6	15	16	14	14.5	16	14.5	9	7		10.8	12
1966	4	6	9	14	15.5	15	15.5	14	16	13	13	4.5		11.6	12
1967	4	4.5	8	11.5	15.5	17	15.5	14	15	13	6.5	7		11	12
1968	6	4	6	12	14.5	13.5	14	13	14.5	13.5	5.5	6.5		10.2	12
1969	8	6.5	9	12	14	14	12.5	16	16	11	9.5	4.5		11.1	12
1970	4.5	5	7	12	11	16	15	14	14	13.5	7	6		10.4	12
1971	5.5	3.5	5	10	14	10	14	11	14.5	12	10.5	8		9.8	12
1972	8	8	8.5	13.5	14	12	14	14.5	14	12.5	12.5	1.5		11.1	12
1973	7	5	10	11	13	14	14	14	13.5	11	8.5	1.5		10.2	12
1974	6.5	3	5	10	13.5	12.5	13.5	13	13.5	12	7	9		9.9	12
1975	7	10	13	11	12.5	12.5	11	12.5	13.5	11	4	6		10.3	12
1976	2	2	6	11	11	14	14	14	14	12.5	10	5		9.6	12
1977	1	4	4	6	11	13.5	12	13	13.5	7	3	4		7.7	12
1978	3	4	6	7	12	14	12	11.5	13	9	9	7		9	12
1979	2	6	11	14	14	10.5	13	12.5	12	11	5	3		9.5	12
1980	4	8	10.5	11	14	14	13	13	13	12	12	3		10.6	12
1981	3	9	14	13	14	13	13	13	12.5	12	8	9		11.1	12
1982	3	8.5	11	13	13.5	13	12	13.5	13.5	9	4	2		9.7	12
1983	4	3.5	4	11	11	12	13.5	13	12	12	7.5	7		9.2	12
1984	4	5	7	4	13	13	12	11	12.5	11	4	4		8.4	12
1985	3	5	10	9	12.5	12	13	13	12	9	8	8		9.5	12
1986	3	4	7	13.5	14	13.5	13.5	13	12	11	10	12		10.5	12
1987	2	5	5	8	13	13	12	12	13	10	8	9		9.2	12
1988	2.5	4	11	11	13.5	14	16							10.3	7
1989	9	6	4	13	12	14	14.5	14	15	11.5				11.3	10
1990	7	10	10	11	12	15	13.5	14	15	12.5	11	8.5		11.6	12
1991	9	8	9	11	16	13	13	15	12	12.5	8	8		11.2	12
1992	10	9	12	13	13	16	13.5	14	14	12	11	9		12.2	12
1993	6	9	7.5	14	14	12	14.5	14.5	13	13	13	9.5		11.7	12
1994	6.5	10	10	11	14	12	13	13	13	12	15	9		11.5	12
1995	9	9	13	16.5	15.5	14	14	13.5	14	12.5	14	10		12.9	12
1996				12	13.5	13	16	13	14	13	11.5	10.5		12.9	9
1997	9.5	10.5	13	13	13	12.5	14.5	13.5	13	12	11.5	5		11.8	12
1998	5	1.1	1.2	13	15	14	15.5	14.5	16	13.5	11	7		10.6	12
1999	7.5	6.5	7	13	13.5	14	1.4	13.5	15	9	6.5	1.1		9	12
2000	6	6	1	10.5	14	13	12.5	10.7	15	11	10	7		9.7	12
2001	6	8.5	1	12.5	14	15	14.5	13	13.5	13.5	9	10		10.9	12
2002	2	8	11	13	15	15	15	13	12.5	12	7.5	7		10.9	12
2003	7	9	10	8.5	15.5	15.5	14	13	14	12.3	9.8	6.2		11.2	12
2004	8.5	9	9	11	15.5	14	15	15	14.5	13.5	7	8		11.7	12
2005	7	8	11	9	14	16	15	16	14	10.5	4.5	8		11.1	12
2006	5	4.5	7	10.5	12	13	14	12.5	15	12	6.8	5		9.8	12
2007	9.5	8	8.5	13	14	14.5	14	14.8	14	8	7	9		11.2	12
2008	8	9	7	9	14	12.5	14.8	14	14	12	8	7		10.8	12
2009	4	5	8	9	11.5	15	15	15.5	14	10	10	7.5		10.4	12
2010	8	9	8.5	13.5	15	14.5	15.5	16.5		11.5	6	6		11.3	11
2011	8	8.5	10	13.5		14.5	16	15.5	13	8	5.5	6		10.8	11
2012	8	10	9	8.5	14	14	14.5	13.5	13.5	12	6.5	7.5		10.9	12
2013	9	6.5	4	11	14.5	15.5	14	13.5	15	15	10.5	8		11.4	12
2014	6	0.5	10.5	11.5	13	15.5	14	1	14.5	10	9	8		9.5	12
2015	6.5	4	11	13	13.5	15.5	12.5	13	16	12	12.5	10		11.6	12
2016	3	6.5	12	13.5	16	15.5	15	14	13	13	8	10.5		11.7	12
2017	4	7	9.5	12	10	14	13.5	13	16.5	12	6	7		10.4	12
2018	5.5	9	9.5	11	13	14	14	13	15	13	12	4		11.1	12
2019	7	10	10	9	15	15.5	15	14	13.5	16	10	6.5		11.8	12
2020	8.5	9	9	12	15	14.5	12	15	13	11	12.5	7		11.5	12
2021	11	4.5	1.5	12	15	15.5	15	14	14	10	7	8		10.6	12
2022	1.5	10	11	12	12	12	14	14	15	13	10	8		11	12
2023	5	9	10	11	12	14	15	14	15	10	10	11		11.3	12
2024	8	2	11											7	3
MÍNIMA	0	0.5	1	4	10	10	1.4	1	12	7	3	0.5		7	3
MÁXIMA	14.2	14.2	14	16.5	16	18	18	16.5	17.5	16.5	15	12.7		13.6	12
MEDIA	6	6.6	8.5	11.4	13.5	14.2	14	13.6	14.1	11.6	8.8	6.9		10.8	11.6
DESV.ST	2.9	2.8	2.9	2.1	1.4	1.5	2	1.8	1.2	1.9	2.7	2.7		1.2	1.3

TEMPERATURA MEDIA MENSUAL
AÑO	ENE	FEB	MAR	ABR	MAY	JUN	JUL	AGO	SEP	OCT	NOV	DIC	ACUM	PROM	MESES
1944			21.6	21.9	23.6	25.6	24	23.9	24.2	23.8	22.1	22.4		23.3	10
1945	24.4	24.4	23.5	24.8	24	24.8	24.8	24.7	24	24.2	23.2	22.7		24.1	12
1946	24.4	24.1	23.4	24.7	24.1	24.6	23.4	25.9	23.8	24.1	24.4	23.8		24.2	12
1947			22	25	23.7	24.8	23.8	22.5	22.8	23				23.4	8
1948	23.7	22.4	24	23.3	22.6	23.1	23.4	23.4	22.4					23.1	9
1950		18.9	22	22.5	24.4	23.1	21.9	22.6	22.4	20.4	18	16.8		21.2	11
1951	17.8	17.4	21	23.5	24.5	23.8	22.5	23.1	21.7		19.5	18.8		21.2	11
1952	16.9	20	22.6	24.4	24	23.6	23.1	22.5	22.6	19	20.1	17.9		21.4	12
1953	15.7	18.5	21.6	24.1	24.4	23.5	25.5	26.1	25.6	24.4	23.4	22.2		22.9	12
1954	22.8	20.4	21.9	23.6	24.3	23.2	23	23.5	23.2	22.3	20.3	18.7		22.3	12
1955	21	20.3	22.4	25	25.8	24.4	23	23.5	23.6	21.9	21.8	21.4		22.8	12
1956	18.6	22.7	23.2	24.7	23.4	22.6	22.3	22.5	22.4	21.6	18.8	19		21.8	12
1957	17.8	20.1	21.3	23.1	24.6	24.1	23.9	23.2	23	21.4	21.2	17.5		21.8	12
1958	17.4	18.5	23.3	24.7	24.5	24.8	24.1	24	23.9	23.2	22.6	19.4		22.5	12
1959	17.5	20.5	23	23.2	24.7	24.8	23.7	24.4	24	23	20.4	18.2		22.3	12
1960	18.1	18.3	21.7	23.8	25.3	24.4	23.7	23.8	22.8	23.1	21	18.8		22.1	12
1961	18.1	19.5	22	24.2	24.2	23.1	23.2	22.9	22.6	21.1	19.9	18.3		21.6	12
1962	16.6	20	21.9	23	23.8	24.1	23.6	23.6	22.8	22.5	18.4	18.1		21.5	12
1963	18.2	18	22.1	23.8	24.5	24.4	23.5	23.8	23.4	21.9	20.2	17.1		21.7	12
1964	17.8	19.9	22.9	24.8	25.1	23.5	23.4	23.2	22.6	20.7	19.9	18.4		21.9	12
1965	17.4	19.3	20.6	23.2	24.7	23.6	23	22.7	23.4	21.7	19.6	17.5		21.4	12
1966	16.4	18.8	20.6	23.5	23.9	23.3	23.1	23.1	22.8	21.2	19.9	15.6		21	12
1967	16	18	21	22.6	24.4	23.5	23	22.4	22.1	21.1	18.5	19		21	12
1968	18	16.5	19	22.6	23.1	22.8	22.1	22.4	22.5	21.8	18.5	18		20.6	12
1969	17.6	20.4	21.4	23	22.9	23.9	23.3	22.7	22.2	21.4	19.4	17.4		21.3	12
1970	16.8	17.9	20.7	23.6	22.6	23.2	22.8	22.2	22	22	17.9	17.9		20.8	12
1971	17.3	17.8	20.4	20.5	23.6	22.1	21.2	21.3	22.1	21.6	20.3	18.8		20.6	12
1972	18.9	18.2	21.4	23.6	23.1	22.1	22.2	22.4	22.4	21.8	21.1	18.5		21.3	12
1973	17.5	18.6	22.7	24	25	22.6	22.6	22	22.7	21.2	20.5	15.9		21.3	12
1974	18.7	18.8	21.1	22.5	24.2	22	23.4	23	22.5	20.5	19.9	19.2		21.3	12
1975	18.6	22	22.6	24.1	24.3	23	22.2	22.5	22	21.4	19.4	17.2		21.6	12
1976	15.8	15.7	22	23.8	23.5	22.8	22.6	23.4	23	22	19.4	17.5		21	12
1977	16.6	18	20.6	21.8	23.5	22.6	22.3	22.7	23	20.9	19	18.6		20.8	12
1978	16	17.2	19.6	22.2	23.4	22.4	22	22.6	21.5	19.9	19.6	17.9		20.4	12
1979	16.4	19.6	22.2	23.8	23	22	23	22.6	22	20.9	18.1	16.2		20.8	12
1980	17.7	19.1	20.3	22.1	23.6	23.3	23	22.9	22.4	21	20.7	15.9		21	12
1981	14.8	20.9	22.6	22.6	23.9	22.3	23.2	23.2	21.7	20.4	18.3	18.8		21.1	12
1982	17.9	19.4	21.3	23	23.2	22.6	21.2	22.2	21.3	20.6	18.6	17.1		20.7	12
1983	16.3	17.1	19.7	23	24.4	22.6	21.5	22	21.4	20.6	19.1	18.2		20.5	12
1984	15.5	18.2	20.4	22	22.2	21.6	21.1	21	20.4	20.6	17.4	17.1		19.8	12
1985	15.8	17.2	20.8	21.8	23	23	21.2	21.6	21	20.9	19.6	19.2		20.4	12
1986	14.9	19	19.2	23.3	23.2	23.2	23.3	23.4	22.3	20.6	20.3	20.6		21.1	12
1987	13.4	17.3	20.8	20.4	23.2	22.1	22.4	22.9	22.1	21	19.1	19.4		20.3	12
1988	15.4	18	21.7	24.5	25	23.2	23.2							21.6	7
1989	17.7	17.6	18.8	22.6	23.1	22.6	22.4	22	21	20.1				20.8	10
1990	17.8	19	20.2	22.7	23.4	23.1	22.3	22.8	21.9	20.9	18	17.2		20.8	12
1991	18.3	18.1	21.4	24.1	24.2	23.6	22.1	22.9	21.2	20	17.6	17.1		20.9	12
1992	18.8	19.2	21.9	23.7	23.1	23.4	22	21.6	21.1	20.7	19.6	17.8		21.1	12
1993	17.5	18.8	19.9	23.6	23.4	22.9	23	21.6	20.8	20.8	20	18.1		20.9	12
1994	17.6	18.6	22	21.6	23.7	22.4	22.3	22	22.2	22	23.6	18		21.3	12
1995	17.1	18.9	23.2	24.9	23.1	22.2	21.5	20.9	21.4	21.4	22.4	18.2		21.3	12
1996				21.1	22.4	21.4	21.8	20.7	21.4	21.7	17.9	17.4		20.6	9
1997	18	19.9	21.9	22.6	22.6	22.7	23.4	23	22.2	21.2	20	17		21.2	12
1998	17.8	18.2	19.6	22.8	23.8	23.8	22.6	23.2	22	21.5	19.9	17.4		21	12
1999	17.5	18	19.4	23.1	23.6	22.2	21.6	22	21.4	19.6	16.8	16.7		20.2	12
2000	17.4	18.6	21.1	22.4	22.8	22	22	21.8	21.6	20.1	20	17		20.6	12
2001	16.4	18.4	19.4	22.2	22.8	22.5	22.6	22.5	21.1	20.8	18.9	18.6		20.5	12
2002	17.1	17.8	21.4	23	24	22.6	23.1	22.8	21.9	22	19.1	18.1		21.1	12
2003	17.1	19.6	20.4	22.5	24.2	22.8	22.2	22.3	22.3	21.4	20	17.4		21	12
2004	18.4	18.8	20.2	22.1	22.5	22.3	22.4	22.5	22.3	22.2	19.5	17.6		20.9	12
2005	16.9	19.9	22.9	23	23.2	23.4	22.6	22.6	22.1	19.8	18	19.3		21.1	12
2006	17.6	18.2	20.1	22.3	23.4	21.8	22.3	22.2	22	22	18.9	18.4		20.8	12
2007	17.9	19.6	20.4	22.6	22.8	22.9	22.4	22.5	21.9	19.9	18.1	18.4		20.8	12
2008	18.3	19.8	21.3	23.2	24.1	21.8	21.8	22.2	22	20	17.5	17.5		20.8	12
2009	17.1	18.2	20.1	22.8	23.4	22.4	22.6	22.6	23.1	22	18.7	18.8		21	12
2010	17.1	19.6	20.6	23.5	24.7	22.9	22.8	22.6		19.9	17.9	15.7		20.7	11
2011	17.9	18.5	21	23		23.2	22.4	22.6	22.4	19.2	18.6	17.4		20.6	11
2012	18	19	20.1	21.9	23.1	22.8	22	22.3	22	20.8	17.6	18.2		20.6	12
2013	18.5	20.2	19.1	23.4	23.5	22.6	22	22.1	21.9	21.9	19.6	18.1		21.1	12
2014	15.8	19.1	21.4	22.6	22.1	22.4	22.6	22.1	22	20.6	18.5	16.9		20.5	12
2015	17.4	17.6	20.4	23.3	23.2	22.6	21.8	22.8	22.4	21.4	20.9	19.3		21.1	12
2016	17.5	17.2	21.9	22.8	24.5	23	23.3	23	22.2	21.4	18.6	19.1		21.2	12
2017	17	19.7	20.4	22.2	23.1	22.4	22.5	22	22.7	21	18.2	17		20.7	12
2018	15.7	18.9	21	22	22.4	22.6	23.1	22	22.3	21.8	19.2	17.1		20.7	12
2019	17.6	20.2	20.2	22.2	24.7	23.9	22.9	23.2	22.6	22	19.6	18.1		21.4	12
2020	18.6	19.2	21.4	24.5	23.9	22.4	23	23	22.4	20.6	19.6	17.9		21.4	12
2021	18.7	18.6	20.1	23.1	23.6	23	23.1	22.4	22.1	21.1	17.6	17.8		20.9	12
2022	18.2	18.2	20.1	22.9	23.7	21.5	22.6	22.9	22.4	20.5	19.8	17.9		20.9	12
2023	18	18.4	21.7	23.6	23	23.9	22	21.8	21.9	21.4	19.2	19.3		21.2	12
2024	19.6	18.2	23.2											20.3	3
MÍNIMA	13.4	15.7	18.8	20.4	22.1	21.4	21.1	20.7	20.4	19	16.8	15.6		19.8	3
MÁXIMA	24.4	24.4	24	25	25.8	25.6	25.5	26.1	25.6	24.4	24.4	23.8		24.2	12
MEDIA	17.7	19	21.2	23.1	23.7	23	22.7	22.7	22.3	21.3	19.6	18.2		21.3	11.6
DESV.ST	1.9	1.5	1.2	1	0.8	0.9	0.8	0.9	0.9	1.1	1.5	1.5		0.8	1.3
