COMISIÓN NACIONAL DEL AGUA
COORDINACIÓN GENERAL DEL SERVICIO METEOROLÓGICO NACIONAL
BASE DE DATOS CLIMATOLÓGICA NACIONAL 

ESTADÍSTICA MENSUAL
EMISIÓN   : 25/10/2024 

DATOS DISPONIBLES EN LA BASE DE DATOS A: OCTOBER DE 2024; 
CON LA INFORMACIÓN SUMINISTRADA POR LAS UNIDADES ADMINISTRATIVAS 

 ESTACIÓN  : 7168 
 NOMBRE    : TONALA (DGE) 
 ESTADO    : CHIAPAS 
 MUNICIPIO : TONALÁ 
 SITUACIÓN : SUSPENDIDA 
 CVE-OMM   :   
 LATITUD   : 16.08416667 ° 
 LONGITUD  : -93.74388889 ° 
 ALTITUD   : 55 msnm 


LLUVIA MÁXIMA 24 H.
AÑO	ENE	FEB	MAR	ABR	MAY	JUN	JUL	AGO	SEP	OCT	NOV	DIC	ACUM	PROM	MESES
1961	0	0	0.01	31	33.5	87.5	96	31	75.5	9	86.5	2	452.01	37.7	12
1962	0	0	0	9.5	26	139	73	79	60	74	0	0	460.5	38.4	12
1963	0	3	2	20	36	87	94	47	290	0.1	130	0	709.1	59.1	12
1964	0	3.5	0	44	40	111	69	59	67	21	3	1.5	419	34.9	12
1965	0	0	0	29	90	80	30	43.5	88	30.5	0	0	391	32.6	12
1966	0	5	0	18.5	83	52.5	63	42	93	20	0.5	0	377.5	31.5	12
1967	0	0	2	5.5	44.8	44.5	54	38	148	71	0.01	7.5	415.31	34.6	12
1968	0	28	0	12	80	73	67	37	115	38	15.3	3.5	468.8	39.1	12
1969	0	0	3.3	21.3	6.5	66.5	71.5	70.2	125.8	42.2	0	0	407.3	33.9	12
1970	0	0		0	24.5	77.3	96.8	64.5	70.1	20	0	10.5	363.7	33.1	11
1971	0	0	0	10.3	23	48	21	47.2	51.3	66	1.2	0.01	268.01	22.3	12
1972	0	0	6	58.3	55	55.8	40.8	88.2	51.5	52	24.5	0	432.1	36	12
1973	0	7.6	0	10.6	82	71.2	64.9	151	119	31.7	4.6	0	542.6	45.2	12
1974	47	20.2	64.5	37	103.8	120.5	79.5	36.8	142.8	4	8.2	0	664.3	55.4	12
1975	0.8	0	9	0	45.2	29.7	46.7	54.2	40.8	21.7	1.3	0.1	249.5	20.8	12
1976	0	3	0	79.8	68.1	43	58.4	51	60.3	22.9	12.9	0	399.4	33.3	12
1977	0	0	0	18	84	33.9	23.5	33	35.2	54.3	4.4	3	289.3	24.1	12
1978	5.3	1.1	3.6	34.9	57.9	48.3	82.9	79.6	66.5	68.6	9.7	0	458.4	38.2	12
1979	0	0	0.6	25.9	44.3	53.7	69.3	74.8	68.2	57.9	0	0	394.7	32.9	12
1980	12.1	0.2	0	17.9	81.3	21	96.2	58.7	257.5	6.9	0	0	551.8	46	12
1981	0	0	1.8	15.7	59.6	217.1	111.2	111.2	53.8	32.3	0.1	0	602.8	50.2	12
1982	0	58.1	1.3	9.5	114.9	39.8	39.7	16.2	125.4	24.2	19.1	0	448.2	37.4	12
1983	0	26.9	60.2	0	15.3	56.9	63.5	30.1	23.2	76	3.4	0	355.5	29.6	12
1984	0	0	0	0	66	49.4	69.1	61.8	149.6	23.5	0.5	0	419.9	35	12
1985	0	0	9.6	13.3	53.4	60.3	84.7	95.4	42.8	21.2	75.8	0	456.5	38	12
1986	0	0	0	49.7	107.1	60	74.3	77.5	33.5	24.1	7.3	0	433.5	36.1	12
1987	0	0	0.5	0	32.1	75.8	56.9	32.5	62.1	0	0	0	259.9	21.7	12
1988	0	0	0	0	32.2	65.8	90.2	85.3	214.8	63	6.6	0	557.9	46.5	12
1989	0	0	0	2.2	29.2	113	58	56.8	208.5	43.7	17	0	528.4	44	12
1990	0	13.4	0	23.5	35.7	74.4	58	75.1	50.2	22.8	5.5	6.8	365.4	30.4	12
1991	0	0	2.3	1.2	75.3	71.9	34.8	105.3	73	46.8	0	0.2	410.8	34.2	12
1992	0	1	25.1	46	36.7	82.2	42.3	59	72.3	8.6	17.8	0	391	32.6	12
1993	0		0	11.1	21.9	87.4	82.5	87.4	171.7	60.9	0	0	522.9	47.5	11
1994	0	0	8.1		60.3	36.6	32.7	28	50.9	85	18.8	0	320.4	29.1	11
1995	0	0		18.6	142.2	74.8	56	230.6	55.1	40.5	22.2	0	640	58.2	11
1996	0	0	0	11.8	73	43.3	70.8	112.6	56	6.5	2.7	2.5	379.2	31.6	12
1997	0	0	6.3	10.8	58	91.7	36	38.2	62.4	72	165.2	3.9	544.5	45.4	12
1998	0	14.3	0	0	28	87.5	59.3	94	180.8	44.6	96.4	0	604.9	50.4	12
1999	0	7	3	14	36	89	74	45	96	22	1		387	35.2	11
2000							50.2	55.3	92.1	23.8	26.9		248.3	49.7	5
2001	0	0	2	0.3	20.1	39.1	57.1	49.3	51.8	33.5	1	0.9	255.1	21.3	12
2002	0		0	10.5	25.1	39.2	64.1	19.8	136.4	32.2	17.5	0	344.8	31.3	11
2003	0		0.01	0	42.7	54.2	35.7	110.5	115.4	71.5	7.9		437.91	43.8	10
2004	0	0.3	1	2.3	67.2	57	51.1	77.5	47.1	90.9	13.9		408.3	37.1	11
2005	0	2.8	9	7.9	79.2	124.2	114.5	120	92.2	269.6	12.8	0	832.2	69.4	12
2006	7.4	0	0	12	55.8	70.6	312.7	86.5	50.5	115.7			711.2	71.1	10
2007	0	0	29	39.6	88.1	52.3	98.8	71.9	59.1	144.8	0		583.6	53.1	11
2008	0	0	0	7.3	46	125.4	88.8	42.3	121.8	44.4	1.2		477.2	43.4	11
2009	0	0	3.1	12.5	64.3	128	39.4	73.1	55.4		0	0	375.8	34.2	11
2012										10.4	0	2.5	12.9	4.3	3
2013	0	0	0	5	255	63.3	57.7	60	112	103.7	1.1	0	657.8	54.8	12
MÍNIMA	0	0	0	0	6.5	21	21	16.2	23.2	0	0	0	12.9	4.3	3
MÁXIMA	47	58.1	64.5	79.8	255	217.1	312.7	230.6	290	269.6	165.2	10.5	832.2	71.1	12
MEDIA	1.5	4.2	5.4	16.8	59.8	72.9	69.2	67.9	94.8	47.4	16.9	1	444.9	38.7	11.4
DESV.ST	7	10.6	13.5	17.4	40.3	34.9	41.7	37	58.5	44.6	34.1	2.3	142.9	12.3	1.6

LLUVIA TOTAL MENSUAL
AÑO	ENE	FEB	MAR	ABR	MAY	JUN	JUL	AGO	SEP	OCT	NOV	DIC	ACUM	PROM	MESES
1961	0	0	0.01	37.52	67.54	375.54	355.56	129.03	348.52	15.04	189.51	2	1520.27	126.7	12
1962	0	0	0	9.5	32	605.51	213.61	327.12	364.6	220.5	0	0	1772.84	147.7	12
1963	0	5	2	26	83.51	302.82	389.72	226	982.51	0.1	173.5	0	2191.16	182.6	12
1964	0	3.5	0	67.3	114.5	333.75	372.5	340.5	348.7	61	3	1.5	1646.25	137.2	12
1965	0	0	0	52.81	265.72	287.6	128.03	233.62	487.41	143.51	0	0	1598.7	133.2	12
1966	0	5	0	27.01	275.6	266.7	261.7	229.2	411.52	120	0.5	0	1597.23	133.1	12
1967	0	0	2	5.51	121.02	309.61	280.92	160.23	555.02	250.51	0.01	13.5	1698.33	141.5	12
1968	0	30.5	0	12.03	334.02	410.54	312.3	219.84	638.01	142.12	28.8	3.51	2131.67	177.6	12
1969	0	0	3.3	59.9	24.4	292.8	323.8	651.3	396.7	120.7	0	0	1872.9	156.1	12
1970	0	0		0	33.3	264.6	421.2	396.3	587.9	68.1	0	10.5	1781.9	162	11
1971	0	0	0	10.3	116.2	155	95.4	277.83	309.61	259	1.23	0.01	1224.58	102	12
1972	0	0	10.1	151.8	170	413	114	220.8	234.5	60.4	58.8	0	1433.4	119.4	12
1973	0	7.6	0	11	140.2	374	347	508.4	657.5	151.1	10.6	0	2207.4	183.9	12
1974	47	31.2	135.41	59.6	170	530.1	329.5	225.5	516.2	5.4	12.5	0	2062.41	171.9	12
1975	0.8	0	17.2	0	154.3	148.4	186.1	288.5	281.7	64.8	3.1	0.1	1145	95.4	12
1976	0	3.2	0	121.8	151.8	335.6	129.1	186.3	198.1	50.1	33.3	0	1209.3	100.8	12
1977	0	0	0	28.4	347.6	178.9	66.6	183.2	184.8	168.8	9.9	3	1171.2	97.6	12
1978	6.5	1.1	6	39.4	148.3	398.7	468.8	291.4	360.8	189.3	10.3	0	1920.6	160.1	12
1979	0	0	0.6	52.1	92.6	226.6	263.8	310.7	495.4	110.3	0	0	1552.1	129.3	12
1980	12.3	0.2	0	24.4	274.4	122.9	559.1	296	658.9	14.9	0	0	1963.1	163.6	12
1981	0	0	3	30.4	239.2	580.7	358.9	547.1	320.41	113.51	0.1	0	2193.32	182.8	12
1982	0	58.5	1.3	16	422.51	319.51	160.5	98.1	418.8	106	19.1	0	1620.32	135	12
1983	0	37.3	92.3	0	19.4	234.9	242.9	296.3	117.1	208.7	5.7	0	1254.6	104.6	12
1984	0	0	0	0	177.5	253.7	425.1	334.4	619.1	61.6	0.5	0	1871.9	156	12
1985	0	0	9.6	21	171.3	322.81	328.4	378.7	200.5	97.5	87.5	0	1617.31	134.8	12
1986	0	0	0	88.6	257.9	237.3	255.9	312.8	195.9	88.6	13.1	0	1450.1	120.8	12
1987	0	0	0.5	0	84.8	345.3	271.2	153.4	246.1	0	0	0	1101.3	91.8	12
1988	0	0	0	0	34.5	395.8	312.6	465.2	843.5	105	6.6	0	2163.2	180.3	12
1989	0	0	0	2.2	110.7	336.81	342.7	403.6	695.7	134.4	53.4	0	2079.51	173.3	12
1990	0	17.9	0	48.5	85.4	366.1	273	297.7	287.9	116.8	6.3	6.8	1506.4	125.5	12
1991	0	0	2.5	2.5	187.9	329.3	146.51	268.2	224.2	201.3	0	0.2	1362.61	113.6	12
1992	0	1.21	28.31	80.01	109.1	441.02	268.24	209.35	294.16	21.22	19.4	0	1472.02	122.7	12
1993	0		0	16.2	57.3	286.01	245.73	537.83	453.82	162.53	0	0	1759.42	159.9	11
1994	0	0	8.1		187.7	167.1	153.6	165.3	122.4	263.6	41.1	0	1108.9	100.8	11
1995	0	0		23.2	388.52	290.3	338	629.7	362	204.8	22.2	0	2258.72	205.3	11
1996	0	0	0	14	248.5	278.2	371.5	324.8	345.9	25.9	4.9	3.5	1617.2	134.8	12
1997	0	0	6.31	25.41	182.9	271	139.71	181.81	323.22	318	222.02	6.2	1676.58	139.7	12
1998	0	24.41	0	0	28.3	449.81	278.41	448	483.9	163.3	202.62	0	2078.75	173.2	12
1999	0	10	3	15	92	607	354	271	574.6	95	1		2022.6	183.9	11
2000							141.5	226.12	286.33	41.02	88.6		783.57	156.7	5
2001	0	0	2.01	0.4	95.41	164.3	208.01	210.3	359.33	126.42	1.01	1.01	1168.2	97.3	12
2002	0		0	25.2	44.4	224.31	398.02	117.81	610.51	149.73	22.6	0	1592.58	144.8	11
2003	0		0.01	0	109.61	391.1	205.51	299.42	777.61	175.71	11		1969.97	197	10
2004	0	0.3	1	4.4	263.7	369.71	284.42	262.73	296.91	346.01	13.9		1843.08	167.6	11
2005	0	2.8	11.2	16.4	219.02	476.5	469.7	452.62	427.62	712.5	12.8	0	2801.16	233.4	12
2006	7.4	0	0	28	158.6	370.91	609.9	385.73	262.61	353.51			2176.66	217.7	10
2007	0	0	30.51	71.31	174.21	213.02	448.61	449.5	293.6	376.1	0		2056.86	187	11
2008	0	0	0	17.51	126.41	388.81	402.82	168	495.51	133.11	1.2		1733.37	157.6	11
2009	0	0	5.3	19	193.5	439.02	207.61	257.91	355.71		0	0	1478.05	134.4	11
2012										25.9	0	2.5	28.4	9.5	3
2013	0	0	0	6.5	524.3	223.9	246.1	248.9	526.4	268.9	1.3	0	2046.3	170.5	12
MÍNIMA	0	0	0	0	19.4	122.9	66.6	98.1	117.1	0	0	0	28.4	9.5	3
MÁXIMA	47	58.5	135.41	151.8	524.3	607	609.9	651.3	982.51	712.5	222.02	13.5	2801.16	233.4	12
MEDIA	1.5	5.2	8.1	28.5	165.5	328.7	290.2	302.1	416.8	148.2	27.9	1.2	1678.3	145.8	11.4
DESV.ST	7	12.1	23.9	32.6	109.8	114.6	118.9	128.5	187.7	125.5	54.6	2.9	453.9	38.6	1.6

EVAPORACIÓN MENSUAL
AÑO	ENE	FEB	MAR	ABR	MAY	JUN	JUL	AGO	SEP	OCT	NOV	DIC	ACUM	PROM	MESES
1961	217	163.2	206.3	221.4	186.1	135.5	127.8	141.9	105.5	167.7	129	157.3	1958.7	163.2	12
1962	206.4	154.6	209.8	239.3	203	107.2	127.2	110	8.93	11.45	17.12	174.6	1569.6	130.8	12
1963	200	187.9	233.9	192.4	161.1	125.5	117.9	114	85.9	202	161.1	215.6	1997.3	166.4	12
1964	208.4	196.6	232.8	199.3	184.6	106.4	99	112.5	98.2	192.8	185.9	193.8	2010.3	167.5	12
1965	222	199.2	232	192.6	156.7	97.4	120.6	110	108	154.3	176	221.2	1990	165.8	12
1966	241.7	225.1	301.4	199	144.8	108.9	92.5	111.2	99.5	153	213.8	195.8	2086.7	173.9	12
1967	218.3	203.5	224.9	225.5	199.2	114.7	120.7	123.4	109	164.1	218.5	156.8	2078.6	173.2	12
1968	215.5	232.2	257.1	208.7	151.1	103.8	125.6	112.3	86.9	130.6	151.6	183	1958.4	163.2	12
1969	227.5	224.3	248.6	191.4	22.55	120.5	11.53	108.2	113.4	142	182.6	20.72	1613.3	134.4	12
1970	179.3	259.3		206.6	241.2	182	124.8	116.6	117.4	141.9	183.3	202.6	1955	177.7	11
1971	173.89	191.06	224.75	267.14	162.95	123.73	137.78	135.24	130.37	132.8	144.7	134.4	1958.81	163.2	12
1972	165.8	199.9	189.6	171	145.2	144.4	144	146.3	136.4	146.8	127.4	173.2	1890	157.5	12
1973	189.8	219.9	206.2	218.2	204.5	125	117.2	106.1	112.7	118.3	169	199.9	1986.8	165.6	12
1974	159.3	191.7	170.9	202.6	151	93.5	136.8	127.3	83.6	215	150.2	169.6	1851.5	154.3	12
1975	192	175.8	207.4	203.6	133	119.1	109.8	114.9	116.8	139	159.8	201.1	1872.3	156	12
1976	240	239.2	214.5	209.8	177.8	95.9	152.4	154.4	135.7	168.4	224	212.5	2224.6	185.4	12
1977	199.4	228.8	230.6	270.4	163	134.6	183.6	144.1	130.8	156.2	159.6	164.9	2166	180.5	12
1978	220.2	210.4	260.6	201.8	166.2	135.7	122.4	139.9	99.5	168.5	177.1	182.5	2084.8	173.7	12
1979	206	221	243.6	19.11	181.8	134	121.7	134.4	110.9	135.9	203.3	206.7	1918.41	159.9	12
1980	168.4	206.9	214.5	234.7	181	150.3	155.8	132.2	110.6	184.4	226.2	254.9	2219.9	185	12
1981	220.7	251.1	238.9	233	147.8	100.9	136.9	119.3	128.4	139.9	195	146.3	2058.2	171.5	12
1982	188.1	209.2	216.1	189.8	147.1	115.9	142	168.8	111.8	143.5	187.4	170.3	1990	165.8	12
1983	211.8	143.9	172.4	193.6	181	149.2	153.8	143.7	13.98	159.7	138.8	184.1	1845.98	153.8	12
1984	235.2	215.3	221.2	213.8	187.3	129.8	133.5	133.3	97.4	140.1	197.1	215.6	2119.6	176.6	12
1985	209.2	214.8	264	222.5	176	128.7	152	128.7	113.6	103.4	121.4	181.7	2016	168	12
1986	223.2	172.4	264.18	205.9	157.4	139.5	147.5	141.4	119.6	159	158.2	194.6	2082.88	173.6	12
1987	216.7	202.5	228.09	281.8	194	127.9	150.9	134.7	131.2	287.2	217.6	212.2	2384.79	198.7	12
1988	273.2	251.1	261	239.9	209.2	135.1	150.2	122.6	102.5	183.6	156.9	198.6	2283.9	190.3	12
1989	194.9	225.3	239.4	238.2	178.4	137	151.5	144.6	120.1	176.5	149.6	201.2	2156.7	179.7	12
1990	202.5	202.7	224.7	220.2	177	136.1	138.5	138.4	115.2	166.3	197.6	203.3	2122.5	176.9	12
1991	192.3	230.3	231.6	222.2	175.8	130	171.5	156.8	152.1	163.9	228.7	204.5	2259.7	188.3	12
1992	228.51	207.59	253.17	248.46	235.12	160.18	146.67	156.99	129.84	145.67	172.37	214.51	2299.08	191.6	12
1993	196.27		291.8	258.62	219.76	145.34	154.12	173.79	133.92	175.75	200.91	197.29	2147.57	195.2	11
1994	219.2	210.3	250		195.4	159.6	180.7	149.8	150	145.3	169.4	182.3	2012	182.9	11
1995	214.8	219.7		237	191.8	147.7	157.6	129.6	123.9	144.1	174	67.6	1807.8	164.3	11
1996	147.51	191	268.8	223.9	170.5	144.2	139.6	142.7	126.9	176.6	228.5	190.2	2150.41	179.2	12
1997	215.04	250.99	268.5	226.48	204.9	125.99	182	185.98	109.87	113.73	183.09	199.23	2265.8	188.8	12
1998	190.11	154.81	258.34	241.11	219.27	171.23	140.77	97.79	72.07				1545.5	171.7	9
2000							51.5	164.53	121.85	196.71	150.01		684.6	136.9	5
2001	226.75	234.01	245.35	253.96	229.83	178.03	180.97	185.43	137.11	194.52	233.48	205.8	2505.24	208.8	12
2002	229.1		288.7	228.66	242.82	149.51	172.11	174.51	142.81	159.69	219.28	199.41	2206.6	200.6	11
2003	290.19		240.62	254.28	193.45	141.37	186.54	179.18	177.54	144.78	167.35		1975.3	197.5	10
2004	207.6	214.87	284.12	259.81	216.65	149.42	159.4	157.69	126.8	132.83	160.02		2069.21	188.1	11
2005	236.21	194.91	209.18	247.57	172.44	147.65	152.25	143.72	149.17	168.05	199.38	12.7	2033.23	169.4	12
2006	235.49	241.29	254.52	227.17	178.17	150.03	137.49	130.81	117.58	142.89			1815.44	181.5	10
2007	213.75	176.72	240.71	199.41	182.8	137.25	160.63	131.28	128.93	155.23	222.98		1949.69	177.2	11
2008	186.4	181.22	240.8	240.98	189.99	120.26	131.23	121.51	138.99	162.03	226.38		1939.79	176.3	11
2009	211.25	250.3	260.86	243.02	208.36	129.09	169.32	135.92	131.24		145.31	27.34	1912.01	173.8	11
MÍNIMA	147.51	143.9	170.9	19.11	22.55	93.5	11.53	97.79	8.93	11.45	17.12	12.7	684.6	130.8	5
MÁXIMA	290.19	259.3	301.4	281.8	242.82	182	186.54	185.98	177.54	287.2	233.48	254.9	2505.24	208.8	12
MEDIA	209.9	208.6	238.4	220.1	180.8	132.9	139.2	137.3	115.1	156.7	177.4	176.3	2000.6	173.4	11.5
DESV.ST	26.4	27.8	28.8	39	35.5	20.5	31.7	21.9	29.3	37.1	39.2	53.2	271.4	16.3	1.2

TEMPERATURA MÁXIMA PROMEDIO
AÑO	ENE	FEB	MAR	ABR	MAY	JUN	JUL	AGO	SEP	OCT	NOV	DIC	ACUM	PROM	MESES
1961	36.2	37.4	38	39.3	37.9	36.3	35.6	36.3	35	36.6	33.6	36.5		36.6	12
1962	37.4	37.9	39	38.6	39	33.6	35.5	34.5	34.5	34.2	34.3	35.2		36.1	12
1963	35.8	35.8	38.4	38.2	37.5	35.2	34.4	35	32.7	35.6	33.5	32.8		35.4	12
1964	34.6	36	38	38	37.3	33.5	33.7	34	33.8	33.7	35.4	34.5		35.2	12
1965	35.4	36.3	36.9	37.3	36.2	33.6	35.4	34.8	34.4	33	35.5	34.5		35.3	12
1966	35	36.2	37.3	38	35.5	34.3	34.2	34.6	34.3	33.3	33.3	32.7		34.9	12
1967	33.5	34.8	37.2	37.5	36.4	33.1	34.4	34.9	33.9	33.6	33.7	34.5		34.8	12
1968	34.7	33.9	35.9	37	34.6	33.6	34.3	34.5	33.6	33.5	34.1	33.9		34.5	12
1969	35.2	36	36.9	38	38.6	35.1	34.3	32.4	33.6	34.2	34.6	34.2		35.3	12
1970	34	35.2		37.5	37	35.5	34	33.3	31.9	33.4	32.4	34.1		34.4	11
1971	34.5	35.2	36	36	35.8	33.8	34.1	33.6	32.3	33.1	33.4	34.1		34.3	12
1972	34.4	34.9	36.2	36	35	33.4	36.1	36.1	36	36.2	35	35		35.4	12
1973	34.9	36.2	37.2	38.4	36.9	34.7	34.9	33.8	33.5	34	34.8	33		35.2	12
1974	35.3	34.6	35.9	36.3	35.7	32.8	35.1	35.4	33.2	34.2	35	35.4		34.9	12
1975	35.2	35.9	37.2	38.4	35.4	35.4	34.6	35	34.1	34.7	35.1	34.8		35.5	12
1976	33.7	34.8	36.6	37.6	36.8	33	35.5	35.1	34.6	34.5	33.7	34		35	12
1977	34.5	35.6	36.3	37.1	35.4	34.5	36.2	34.8	34.4	34.5	34	34.6		35.2	12
1978	34.2	34.5	35.9	37.8	36.9	34.9	34.1	35	32.6	33.6	35	34.3		34.9	12
1979	34	35.3	36.7	37.2	36.5	34.5	34.6	34.2	32	34.3	33.3	33.8		34.7	12
1980	34.3	34.4	36.6	36.6	36.4	35.1	34.6	33.9	33	34.1	34	33.4		34.7	12
1981	33.4	34.6	36	37.9	34.8	32.4	34.1	33.3	33.3	33.5	33.9	33.9		34.3	12
1982	34.5	35.4	35.1	36.4	34.8	33.2	34.7	35.5	33.5	33.3	34.2	33.6		34.5	12
1983	33.1	34	34.2	36.2	37.7	35.4	35.2	34.5	33.5	34	33.9	34.4		34.7	12
1984	33.7	34.7	35.9	36.7	35.2	33.5	33.3	33.1	31.5	33	32.8	33.8		33.9	12
1985	32.5	34.3	35.9	36.2	34.9	33.1	33.5	32.8	32.9	32.7	32.2	33.2		33.7	12
1986	32.4	33.8	34.1	36.2	33.8	33.5	34.3	34.2	33	32.9	34.1	33.8		33.8	12
1987	33.1	34.4	35.2	37.5	36.4	34	34.2	34.1	33.8	33.8	34.9	34.6		34.7	12
1988	33.3	35.5	35.8	36.8	37.3	33.4	34.1	32.6	31.9	33.5	33.8	33.3		34.3	12
1989	34.6	34	33.9	37.1	35.4	33.3	34.2	33.4	32	33	33.7	32.5		33.9	12
1990	34.7	33.7	35.9	36.7	35.5	34.1	33.9	34.6	33.4	33.8	33.3	33.5		34.4	12
1991	34.3	34.9	35.3	36.6	35.5	34	34.9	34.4	34	33.5	33.2	34.1		34.6	12
1992	33.5	34.2	36.6	37.4	36.9	33.9	33.6	33.8	32.7	33.7	33.3	34.3		34.5	12
1993	33.7		36.5	37.2	36.6	33.1	33.8	33.9	32.6	33.3	33.8	33.8		34.4	11
1994	33.4	34.8	35		35.8	34.1	35.2	34	34.6	33.2	34.2	34.9		34.5	11
1995	34.6	35.6		37.6	35.2	33.6	33.8	32.1	32.4	31.6	33.8	33.7		34	11
1996	35.1	33.6	33.9	37.1	35.4	34.3	33.7	33.7	33.6	34.1	34.1	34.4		34.4	12
1997	34	35.6	36.7	36	37.4	33.8	36	35.8	33.9	31.9	33.9	32.4		34.8	12
1998	34.1	33.7	35.7	37.1	37.6	35.3	34.1	32.5	30.1	32.1	32.4	32.5		33.9	12
1999	32.9	33.4	34.9	36.5	35.4	31.7	31.8	31.9	29.7	31.2	32.8			32.9	11
2000							35.3	34.5	32.9	35.1	34.7			34.5	5
2001	34.5	36.2	35.8	37.9	36.9	34.9	35	35.6	33.2	35.3	35.6	35.4		35.5	12
2002	35.3		36.6	37.9	37.4	33.5	34.8	35.3	32.9	35.3	34.5	35		35.3	11
2003	34.9		36.3	37.4	37	33	35	35	34.1	34	35			35.2	10
2004	35.5	36.1	38.5	38	36.2	34	34.3	35	34	34.7	35.6			35.6	11
2005	35.9	36.8	37.7	38.2	35.5	33.9	34	34.7	34.8	34.1	35.1	36.5		35.6	12
2006	36	36	37.3	37.7	34.7	34.1	33.4	34.6	34.4	34.6				35.3	10
2007	36.1	37	37.7	36.6	35.9	33.9	34.1	33.3	34.3	33.3	36.5			35.3	11
2008	37.7	37.3	37.5	37.7	36.1	32.6	32.9	33.7	34	33.7	35.4			35.3	11
2009	35.9	36.8	36.9	37.1	35.5	33.2	34.9	35.1	34.4		36.6	35.1		35.6	11
MÍNIMA	32.4	33.4	33.9	36	33.8	31.7	31.8	31.9	29.7	31.2	32.2	32.4		32.9	5
MÁXIMA	37.7	37.9	39	39.3	39	36.3	36.2	36.3	36	36.6	36.6	36.5		36.6	12
MEDIA	34.6	35.3	36.4	37.3	36.2	33.9	34.4	34.2	33.4	33.8	34.2	34.1		34.8	11.6
DESV.ST	1.1	1.1	1.2	0.8	1.1	0.9	0.8	1	1.2	1.1	1	1		0.7	1.1

TEMPERATURA MÁXIMA EXTREMA
AÑO	ENE	FEB	MAR	ABR	MAY	JUN	JUL	AGO	SEP	OCT	NOV	DIC	ACUM	PROM	MESES
1961	40	39.5	41	41	40.5	39.5	38.5	39.5	38	38.5	37	38		39.2	12
1962	40.5	39.5	41	42	42	39	37	37	37.5	37	37	38		39	12
1963	39	39.5	41.5	41	40.5	40	36	38	36.5	37.5	37	36.5		38.6	12
1964	38	38.5	40	41	40.5	35.5	36	36	36	36	37.5	37.5		37.7	12
1965	38	39	40	40.5	40.5	36	37.5	37	37	36.5	37.5	37		38	12
1966	38.5	39	40.5	41	39	37.5	36	36	36.5	37.5	35.5	37		37.8	12
1967	37.5	37	39.5	41.5	40	37	35.5	37	37	36.5	37.5	39.5		38	12
1968	37.5	37	39.5	39.5	39.5	37	37	39.5	36.5	36.5	36.5	36		37.7	12
1969	38	38	39.5	40.5	42	40	36	35.5	38	36	37	36.5		38.1	12
1970	37.5	39		41.5	40.5	41	37	35	35	35.5	35	37		37.6	11
1971	37	37	38.5	38.5	41	35.5	36.5	38.5	35	35	35	36		37	12
1972	37	39.5	40	41	37	38	39	38.5	37.5	38	36.5	38		38.3	12
1973	39	40	39.5	41	40.5	36.5	38	37	37	37	37.5	37		38.3	12
1974	38	37	38	39	38	37	37	38	36	37.5	38.5	38.5		37.7	12
1975	39	38	39.5	41.5	37.5	39	38	37	37	38.5	38	39		38.5	12
1976	37.5	39.5	39	41	39.5	37	38	38	39	38	37	37.5		38.4	12
1977	37	38	40.5	41	40.5	37	38.5	37	39	36.5	37.5	38		38.4	12
1978	37.5	37	40.5	41	40	37.5	36.5	37.5	35.5	35.5	37.5	36		37.7	12
1979	37	37.5	40	40.5	39.5	38.5	37	38	36	36.5	36	37.5		37.8	12
1980	38	38	41	40	40	38.5	37.5	36	37	36	37	36.5		38	12
1981	36	38.5	39.5	40.5	38.5	34	37.5	37	35.5	36	35.5	36.5		37.1	12
1982	36.5	38	37.5	39	39.5	35	38.5	37.5	36.5	36.5	36.5	36		37.2	12
1983	36	37	38.5	37.5	40	37.5	37.5	37.5	36.5	36.5	35.5	39		37.4	12
1984	36.5	37.5	38.5	39	38	36.5	36.5	35.5	34	35	35.5	35.5		36.5	12
1985	35.5	37.5	38	40	37.5	35.5	36.5	35	34.5	34.5	35	35		36.2	12
1986	35	36.5	38	39	37	36	36.5	36.5	35.5	35	36.5	36		36.5	12
1987	36	37.5	37.5	40	40.5	36.5	37	37.5	36	37	37	37		37.5	12
1988	36.5	38	40.5	39.5	41	36.5	36.5	35	34.5	36	36	35.5		37.1	12
1989	37	37.5	38.5	40	38	37	38	36	37.5	35	36	36.5		37.2	12
1990	36.5	36.5	38.5	39	37.5	36	36.5	36.5	35.5	35	36	36.5		36.7	12
1991	37.5	38.5	39	38	38	36.5	38	37	36	35.5	35.5	36.5		37.2	12
1992	36	38.5	42	40	39.5	37	35.5	35.5	35.5	35.5	35	36.5		37.2	12
1993	36		39.5	40	39.5	38	38.5	37.5	35.5	36.5	37.5	35.5		37.6	11
1994	36	37	36.5		39.5	36.5	38	37	38	35	37	37		37	11
1995	37	38		40.5	37.5	37	38	35	35	35.5	36.5	36		36.9	11
1996	38.1	35.5	37.5	40.5	39	37	37.5	36	35	37.5	36.5	37		37.3	12
1997	38	38.5	40	40	42.5	37.5	39.5	38	37	37	38	36		38.5	12
1998	36	38	38.5	40.5	42.5	37.5	38.5	36.1	34.1	37.1	35.1	35.1		37.4	12
1999	36.1	36.1	38.1	38.1	37.1	36.1	35.1	34.1	33.1	34.1	34.1			35.6	11
2000							39.5	39.5	36.5	38	38			38.3	5
2001	37	40	39	41.5	41	39	39	40.5	38.5	39	39.5	39		39.4	12
2002	39.5		40	42	40.5	38	38	39	36.5	38.5	39.5	38		39	11
2003	39.5		41.5	40	40	35.5	38.5	38	37	38	38			38.6	10
2004	39	39	42.5	40.5	40.5	38	37	39	37	38	39.5			39.1	11
2005	39.5	40.5	41	40.5	38.5	36	37.5	39	38.5	38	39	37		38.8	12
2006	40	40.5	42	40.5	37	37	37	39	39	40.5				39.2	10
2007	39	40	41	40	40.5	36.5	37	36.5	38.5	40	40			39	11
2008	41	40	41.5	40	39.5	36.5	36.5	37	38.5	38.5	40			39	11
2009	39.5	40	41	40	38	38	39.5	39	38		40	38.5		39.2	11
MÍNIMA	35	35.5	36.5	37.5	37	34	35.1	34.1	33.1	34.1	34.1	35		35.6	5
MÁXIMA	41	40.5	42.5	42	42.5	41	39.5	40.5	39	40.5	40	39.5		39.4	12
MEDIA	37.7	38.3	39.7	40.2	39.5	37.2	37.4	37.2	36.5	36.8	37	37		37.9	11.6
DESV.ST	1.4	1.2	1.4	1	1.5	1.4	1.1	1.4	1.4	1.4	1.5	1.1		0.9	1.1

TEMPERATURA MÍNIMA PROMEDIO
AÑO	ENE	FEB	MAR	ABR	MAY	JUN	JUL	AGO	SEP	OCT	NOV	DIC	ACUM	PROM	MESES
1961	21.8	21.1	22	24.4	24.5	22.6	22.7	23.1	22.6	23.1	21.6	20		22.5	12
1962	19.5	20.1	22.1	23.7	24.1	23.2	23.1	22.9	22.7	23.3	21.8	20.6		22.3	12
1963	20.3	20	22.7	23.3	23.8	23.4	22.7	23.3	22.6	23.6	23	20.7		22.4	12
1964	19.9	20.8	22.8	24.4	24.1	22.8	22.7	22.4	22.6	23.5	23.1	21.4		22.5	12
1965	20.8	22.1	21.3	23.5	24	22.8	22.7	22.5	22.8	23.3	22.5	22.3		22.6	12
1966	20.7	21.9	22.9	23.9	23.7	22.9	23.1	22.8	22.4	23	23.1	20.6		22.6	12
1967	19.8	20	22	23.5	24.6	22.7	22.6	22.5	22.3	22.9	23.4	21.5		22.3	12
1968	20.7	19.9	20.7	23.6	23.3	22.9	22.4	22.6	22.6	22.9	21.8	21.7		22.1	12
1969	19.7	21.2	23.2	24.8	25.6	24.3	23.5	22.2	22.7	22.6	22.3	21.5		22.8	12
1970	20.3	21.3		23.9	23.5	23.8	22.4	22.3	22	22.8	21	21.8		22.3	11
1971	20.1	19.8	21.4	22.4	23.7	22.6	22.6	21.8	22.3	22.1	22.1	21		21.8	12
1972	20.6	21	22.5	23.6	23.5	22.8	23.2	22.8	22.7	22.5	22.1	21.8		22.4	12
1973	20.4	21.1	22.6	24.2	24.8	22.9	22.5	22.4	22.2	22.5	22.5	19.7		22.3	12
1974	20.7	20.5	21.5	22.3	22.9	22	21.6	22.5	22.1	24	21.4	21.4		21.9	12
1975	20.6	20.1	22.2	23.9	23.7	22.9	22.1	22.4	22.5	21.9	21.7	21.4		22.1	12
1976	20.5	20.4	21.6	23	23.8	22.6	22.7	22.4	22.3	22.5	23.4	21.8		22.2	12
1977	19.8	21.3	21.9	24.2	23.2	22.9	23.2	22.7	23	23.3	21.9	21.4		22.4	12
1978	20.9	20.9	22.4	23.6	24.2	22.8	22.4	22.7	22.1	22.4	22.6	21.4		22.4	12
1979	19.8	21.4	22.3	23.1	23.8	23.5	22.9	22.6	22.4	22.9	22.8	22.6		22.5	12
1980	20.6	21.5	21.7	24.3	23.9	23.4	22.7	22.5	22.5	23.3	24.1	22.1		22.7	12
1981	20.2	21.9	22.6	24	23.7	22.6	22.4	22.5	22.4	22.7	21.4	21.6		22.3	12
1982	20.4	21.8	22.2	24.1	23.5	22.7	22.6	22.8	22.7	22.7	22.2	20		22.3	12
1983	20.9	20.2	20.5	22.5	24.6	23.7	23.3	22.7	22.6	22.4	21.8	20.9		22.2	12
1984	20.6	20.9	21.1	22.4	23.3	22.9	22	22.3	21.5	22.4	21.3	20.8		21.8	12
1985	19.6	20.8	22.5	23.1	22.9	22.6	22.1	22.4	22.2	22	21.3	21.6		21.9	12
1986	20.4	20.1	21.3	22.8	23.3	22.3	22.4	22.1	22.2	22.3	22.1	21.1		21.9	12
1987	19.4	20.4	21.4	24	23.9	23.6	22.8	23.2	22.9	24.8	22.5	21.6		22.5	12
1988	22.2	21.7	22.4	23.4	24.7	23.2	22.6	22.5	22.3	23.2	22	21.6		22.6	12
1989	21.1	21.3	20	23	23.5	22.7	22.5	22.2	22.4	22.5	22.7	20.8		22.1	12
1990	20.4	21.4	22.5	23.6	24	22.7	22.6	23	22.6	22.9	23.1	20.9		22.5	12
1991	20.8	22	22.3	23.8	23.8	23.3	23	22.7	22.7	22.2	22.5	22.1		22.6	12
1992	21.7	20.5	23	23.4	23.8	23	22.3	22.5	22	22	21.7	22.1		22.3	12
1993	21		22	23.8	25	23.3	22.6	22.2	22.2	22.9	22.6	20.9		22.6	11
1994	20.7	21.3	21.5		23.6	22.9	23.1	22.6	22.8	22.2	21.4	21.7		22.2	11
1995	21	21.2		23.8	23.6	23.5	22.7	22.6	22.6	22.3	22.1	21.6		22.5	11
1996	21.8	20	20.5	23.4	24.2	23.7	23.4	23.5	23.8	23.6	24	22		22.8	12
1997	21.3	22.4	23.9	24.8	24.9	23.8	24	23.9	23.5	22.4	24.3	21.8		23.4	12
1998	21.9	20.6	23.3	23.9	24.8	25.1	23.8	26.7	25.3	26.3	26.5	25.9		24.5	12
1999	25.4	26.2	27.3	29	28.6	25.9	25.7	25.9	25	25.4	26.2			26.4	11
2000							23.9	24.2	23.2	23.8	23.4			23.7	5
2001	20.9	23.3	22.1	25.1	24.8	23.9	23.7	23.8	23.1	24.5	24	22.9		23.5	12
2002	22		23	24.9	25.5	23.5	23.3	23.7	22.8	23.3	23.6	22.3		23.4	11
2003	23.3		23	24.3	25.5	24	23.8	23.7	23.5	24.1	23.7			23.9	10
2004	21.8	22.1	25.2	24.2	25.1	23.8	23	24	23.3	23.4	22.8			23.5	11
2005	21.2	22	23.3	24.7	24.3	24.3	23.3	23.7	23.2	22.9	23.8	22		23.2	12
2006	22.2	21.7	23	24.1	24	23.4	23.9	24	23.3	23.9				23.4	10
2007	22.7	21.6	22.9	23.8	24.4	23.9	23.2	23.4	23.1	23.1	23.6			23.2	11
2008	21.3	21.9	22.5	24.1	24.5	23.3	23.1	23.3	23.2	23.5	23.1			23.1	11
2009	21.6	22.3	22.3	22.7	24.2	23.9	24	23.6	23.8		22.8	22.6		23.1	11
MÍNIMA	19.4	19.8	20	22.3	22.9	22	21.6	21.8	21.5	21.9	21	19.7		21.8	5
MÁXIMA	25.4	26.2	27.3	29	28.6	25.9	25.7	26.7	25.3	26.3	26.5	25.9		26.4	12
MEDIA	20.9	21.2	22.3	23.8	24.2	23.3	23	23	22.8	23.1	22.7	21.6		22.7	11.6
DESV.ST	1.1	1.1	1.2	1	0.9	0.7	0.7	0.9	0.7	0.9	1.1	1		0.8	1.1

TEMPERATURA MÍNIMA EXTREMA
AÑO	ENE	FEB	MAR	ABR	MAY	JUN	JUL	AGO	SEP	OCT	NOV	DIC	ACUM	PROM	MESES
1961	18	18	18	21.5	22.5	21	21	21.5	21	20	19	17.5		19.9	12
1962	17	17	19	20	22	21	21.5	20.5	21.5	21.5	18	17.5		19.7	12
1963	16	15.5	19	21	21.5	21.5	21	21.5	20	21.5	19	13		19.2	12
1964	16	17.5	21	22.5	20	21.5	21	21	21.5	21	20	18		20.1	12
1965	15	17	17	20	22	21	21	21	21	21	18	17.5		19.3	12
1966	16	16	18.5	22	21.5	22	22	22	20.5	19.5	16	15.5		19.3	12
1967	15.5	15.5	20	22	23	21.5	21	20.5	21.5	20.5	20	17.5		19.9	12
1968	16.5	16.5	15.5	21.5	21	21.5	21	20.5	21.5	18.5	18.5	15.5		19	12
1969	17	18	20	22	23	22	22	21	21	21	19	17		20.2	12
1970	17	16		21	19	20.5	20.5	21	21	20.5	16	18		19.1	11
1971	16	16	15	19.5	21.5	21	21	20	21.5	18	18	18		18.8	12
1972	18	18.5	20	21	21	21	22	21	21	21	20	18		20.2	12
1973	16	17	21	21.5	22.5	21.5	21	21	21	20	20.5	14.5		19.8	12
1974	19	17.5	17.5	20	21	20.5	18	21	21	20.5	17.5	19		19.4	12
1975	18	17	20	22	22	21	20.5	20.5	21	19.5	16.5	17.5		19.6	12
1976	16	16	17	21	21.5	20.5	21	21	21	20.5	19.5	17		19.3	12
1977	15.5	18	19	21	19.5	20.5	22	20.5	21.5	21	17	16		19.3	12
1978	15.5	17	18	21.5	21.5	20.5	21	21	20	17	20.5	17		19.2	12
1979	16.5	17	19.5	21	20	21.5	21.5	21	20.5	21	19	17.5		19.7	12
1980	17.5	18	17	22	21.5	21	20.5	21	21	20	19.5	16		19.6	12
1981	15.5	16.5	20	22.5	21.5	21.5	21	21	21	21.5	17.5	17.5		19.8	12
1982	18.5	18	18.5	22.5	22	21.5	20.5	21	21.5	20	19.5	15.5		19.9	12
1983	16	16	15	19.5	23	22.5	21	21	21.5	20	19.5	19		19.5	12
1984	17	18.5	16.5	20.5	20	21.5	20.5	21	20	21	17.5	18		19.3	12
1985	17	16	20	20	19.5	20.5	21	20.5	20	18.5	18.5	18		19.1	12
1986	13.5	18	17.5	20.5	18	19	21	19.5	20.5	20	19	19		18.8	12
1987	13.5	17	17.5	19.5	20.5	20	19.5	22	21	19	18.5	15.5		18.6	12
1988	17.5	19	20	21	21.5	22	21	21	21	20.5	19.5	16		20	12
1989	18.5	15	16.5	20	21	21.5	20	20	21.5	19	20	16		19.1	12
1990	18.5	19	20.5	21	22	21.5	21.5	21.5	21	21.5	19	18		20.4	12
1991	17	19	19.5	21.5	22	21.5	21	21.5	20	20	19	18		20	12
1992	18	15.5	20.5	20	21.5	22	20.5	21.5	20.5	19.5	19	18		19.7	12
1993	18		18	21	22	22	21	21	21.5	21	20	18		20.3	11
1994	16.5	18	18		20.5	21	21	21	21	20.5	18	18.5		19.5	11
1995	16.5	18		19.5	22	22	21	21.5	20.5	20	18.5	19.5		19.9	11
1996	16	16.5	18	20	22	22	22.5	21	22	22	20	20.5		20.2	12
1997	18	20	20.5	22	22	21	20.5	22.5	20	20	22	17.5		20.5	12
1998	18.5	17.5	19.5	21.5	22	22.5	23	25	23	25	25	23		22.1	12
1999	24	24	26	27	27	24	24	25	23	23	25			24.7	11
2000							22	22	22	22	20.5			21.7	5
2001	18	21	19	20.5	23.5	21.5	22.5	22	22.5	22	20	21		21.1	12
2002	18		21	23	23.5	21.5	21.5	22.5	21.5	22	20	19.5		21.3	11
2003	19		21	22.5	23	22.5	22.5	22	22	23	20.5			21.8	10
2004	17.5	19	22	22	23	22	21.5	22.5	22	22.5	18			21.1	11
2005	18	20	20.5	20.5	22.5	23	22	22	22	20.5	20	22		21.1	12
2006	18	19	20	22	23	22	22.5	23	22	22				21.4	10
2007	20	19	18	21.5	22.5	22.5	22	22	22	21	19			20.9	11
2008	19	19	19.5	21.5	22.5	22	22	22	21.5	22	19			20.9	11
2009	17.5	19.5	17.5	21	22	22	22.5	22.5	23		20	19.5		20.6	11
MÍNIMA	13.5	15	15	19.5	18	19	18	19.5	20	17	16	13		18.6	5
MÁXIMA	24	24	26	27	27	24	24	25	23	25	25	23		24.7	12
MEDIA	17.2	17.7	19	21.2	21.7	21.5	21.3	21.4	21.2	20.7	19.2	17.7		20.1	11.6
DESV.ST	1.7	1.7	2	1.3	1.4	0.8	1	1	0.8	1.4	1.7	1.9		1.1	1.1

TEMPERATURA MEDIA MENSUAL
AÑO	ENE	FEB	MAR	ABR	MAY	JUN	JUL	AGO	SEP	OCT	NOV	DIC	ACUM	PROM	MESES
1961	29	29.2	30	31.8	31.2	29.4	29.1	29.7	28.8	29.9	27.6	28.2		29.5	12
1962	28.4	29	30.6	31.1	31.6	28.4	29.3	28.7	28.6	28.8	28	27.9		29.2	12
1963	28	27.9	30.5	30.8	30.6	29.3	28.5	29.1	27.7	29.6	28.2	26.8		28.9	12
1964	27.2	28.4	30.4	31.2	30.7	28.1	28.2	28.2	28.2	28.6	29.2	28		28.9	12
1965	28.1	29.2	29.1	30.4	30.1	28.2	29	28.6	28.6	28.1	29	28.4		28.9	12
1966	27.9	29	30.1	31	29.6	28.6	28.7	28.7	28.3	28.1	28.2	26.7		28.7	12
1967	26.6	27.4	29.6	30.5	30.5	27.9	28.5	28.7	28.1	28.2	28.6	28		28.6	12
1968	27.7	26.9	28.3	30.3	29	28.2	28.3	28.6	28.1	28.2	28	27.8		28.3	12
1969	27.5	28.6	30	31.4	32.1	29.7	28.9	27.3	28.1	28.4	28.5	27.9		29	12
1970	27.1	28.2		30.7	30.2	29.6	28.2	27.8	27	28.1	26.7	28		28.3	11
1971	27.3	27.5	28.7	29.2	29.8	28.2	28.4	27.7	27.3	27.6	27.8	27.6		28.1	12
1972	27.5	28	29.4	29.8	29.2	28.1	29.6	29.5	29.4	29.4	28.6	28.4		28.9	12
1973	27.6	28.7	29.9	31.3	30.9	28.8	28.7	28.1	27.9	28.2	28.6	26.4		28.8	12
1974	28	27.6	28.7	29.3	29.3	27.4	28.4	29	27.7	29.1	28.2	28.4		28.4	12
1975	27.9	28	29.7	31.1	29.5	29.1	28.4	28.7	28.3	28.3	28.4	28.1		28.8	12
1976	27.1	27.6	29.1	30.3	30.3	27.8	29.1	28.8	28.5	28.5	28.6	27.9		28.6	12
1977	27.1	28.5	29.1	30.6	29.3	28.7	29.7	28.8	28.7	28.9	28	28		28.8	12
1978	27.6	27.7	29.1	30.7	30.5	28.9	28.2	28.9	27.4	28	28.8	27.8		28.6	12
1979	26.9	28.3	29.5	30.2	30.1	29	28.8	28.4	27.2	28.6	28	28.2		28.6	12
1980	27.4	28	29.1	30.5	30.1	29.2	28.6	28.2	27.8	28.7	29	27.8		28.7	12
1981	26.8	28.2	29.3	31	29.2	27.5	28.2	27.9	27.8	28.1	27.6	27.8		28.3	12
1982	27.4	28.6	28.6	30.2	29.1	28	28.7	29.1	28.1	28	28.2	26.8		28.4	12
1983	27	27.1	27.4	29.4	31.2	29.5	29.2	28.6	28	28.2	27.9	27.6		28.4	12
1984	27.2	27.8	28.5	29.6	29.2	28.2	27.6	27.7	26.5	27.7	27	27.3		27.9	12
1985	26	27.5	29.2	29.7	28.9	27.9	27.8	27.6	27.5	27.4	26.8	27.4		27.8	12
1986	26.4	27	27.7	29.5	28.5	27.9	28.3	28.2	27.6	27.6	28.1	27.4		27.9	12
1987	26.2	27.4	28.3	30.8	30.1	28.8	28.5	28.6	28.3	29.3	28.7	28.1		28.6	12
1988	27.8	28.6	29.1	30.1	31	28.3	28.4	27.6	27.1	28.4	27.9	27.4		28.5	12
1989	27.9	27.6	27	30	29.4	28	28.4	27.8	27.2	27.8	28.2	26.6		28	12
1990	27.6	27.6	29.2	30.2	29.8	28.4	28.2	28.8	28	28.3	28.2	27.2		28.5	12
1991	27.5	28.4	28.8	30.2	29.6	28.6	29	28.5	28.4	27.9	27.9	28.1		28.6	12
1992	27.6	27.4	29.8	30.4	30.4	28.4	28	28.1	27.4	27.9	27.5	28.2		28.4	12
1993	27.4		29.2	30.5	30.8	28.2	28.2	28	27.4	28.1	28.2	27.3		28.5	11
1994	27	28	28.2		29.7	28.5	29.2	28.3	28.7	27.7	27.8	28.3		28.3	11
1995	27.8	28.4		30.7	29.4	28.6	28.2	27.4	27.5	27	28	27.7		28.2	11
1996	28.5	26.8	27.2	30.2	29.8	29	28.6	28.6	28.7	28.9	29	28.2		28.6	12
1997	27.6	29	30.3	30.4	31.1	28.8	30	29.8	28.7	27.1	29.1	27.1		29.1	12
1998	28	27.2	29.5	30.5	31.2	30.2	29	29.6	27.7	29.2	29.4	29.2		29.2	12
1999	29.1	29.8	31.1	32.8	32	28.8	28.8	28.9	27.4	28.3	29.5			29.7	11
2000							29.6	29.4	28	29.5	29			29.1	5
2001	27.7	29.8	29	31.5	30.9	29.4	29.4	29.7	28.2	29.9	29.8	29.1		29.5	12
2002	28.6		29.8	31.4	31.4	28.5	29	29.5	27.9	29.3	29	28.6		29.4	11
2003	29.1		29.6	30.9	31.2	28.5	29.4	29.4	28.8	29	29.4			29.5	10
2004	28.6	29.1	31.9	31.1	30.7	28.9	28.6	29.5	28.6	29	29.2			29.6	11
2005	28.5	29.4	30.5	31.5	29.9	29.1	28.6	29.2	29	28.5	29.5	29.2		29.4	12
2006	29.1	28.9	30.1	30.9	29.4	28.8	28.6	29.3	28.9	29.2				29.3	10
2007	29.4	29.3	30.3	30.2	30.1	28.9	28.6	28.3	28.7	28.2	30			29.3	11
2008	29.5	29.6	30	30.9	30.3	28	28	28.5	28.6	28.6	29.2			29.2	11
2009	28.8	29.5	29.6	29.9	29.9	28.6	29.4	29.4	29.1		29.7	28.9		29.3	11
MÍNIMA	26	26.8	27	29.2	28.5	27.4	27.6	27.3	26.5	27	26.7	26.4		27.8	5
MÁXIMA	29.5	29.8	31.9	32.8	32.1	30.2	30	29.8	29.4	29.9	30	29.2		29.7	12
MEDIA	27.8	28.3	29.4	30.6	30.2	28.6	28.7	28.6	28.1	28.4	28.5	27.9		28.8	11.6
DESV.ST	0.8	0.8	1	0.7	0.8	0.6	0.5	0.7	0.6	0.7	0.8	0.7		0.5	1.1
