COMISIÓN NACIONAL DEL AGUA
COORDINACIÓN GENERAL DEL SERVICIO METEOROLÓGICO NACIONAL
BASE DE DATOS CLIMATOLÓGICA NACIONAL 

ESTADÍSTICA MENSUAL
EMISIÓN   : 25/10/2024 

DATOS DISPONIBLES EN LA BASE DE DATOS A: OCTOBER DE 2024; 
CON LA INFORMACIÓN SUMINISTRADA POR LAS UNIDADES ADMINISTRATIVAS 

 ESTACIÓN  : 7371 
 NOMBRE    : BELISARIO DOMINGUEZ II 
 ESTADO    : CHIAPAS 
 MUNICIPIO : MOTOZINTLA 
 SITUACIÓN : SUSPENDIDA 
 CVE-OMM   :   
 LATITUD   : 15.3 ° 
 LONGITUD  : -92.35 ° 
 ALTITUD   : 850 msnm 


LLUVIA MÁXIMA 24 H.
AÑO	ENE	FEB	MAR	ABR	MAY	JUN	JUL	AGO	SEP	OCT	NOV	DIC	ACUM	PROM	MESES
1990	13	14	23.7	34	45.5	38.4	38	45.7	52.4	61.8	73.7	33.4	473.6	39.5	12
1991	31.7	41.2	15.7	2.2	34.8	50.5	16.6	45.9	48.5	33.8	56.7	54.5	432.1	36	12
1992	20.5	2	20	22.4	23.5	72.9	90.2	44.9	31.2	37.2	22.3	33.5	420.6	35	12
1993	49.3	30.1	36.7	14.3	9.1	68.9	45.1	85.9	42.5	93.9	16.1	27.8	519.7	43.3	12
1994	44	27.6	21	10.4	127.5	42.2	41.5	42	49.2	60.8	14.5	23.7	504.4	42	12
1995	20	40.9	11.4	8.7	26.7	144.7	73.7	63.3	38.8	27.7	61.4	112.6	629.9	52.5	12
1996	51.2	23.7	23.3	52.8	32.7	50.5	47.7	45	61.5	28.9	106.6	17.8	541.7	45.1	12
1997	12	31.7	35.6	25.7	23.2	30	57	40	20	29.8	52.8	15.8	373.6	31.1	12
1998	10.7	19.1	0.6	4.5	0	40	53.7	43.8	42	46.4	48.1	34	342.9	28.6	12
1999	24.2	68.8	22.2	31.8	24.7	60.7	74.8	77.5	57.5	69.5	17.7	24.4	553.8	46.1	12
2000	2		20	6	3.5	51.3	44	42	96	3	3		270.8	27.1	10
2001	2	1	2	40	40	56.5	76	90	80	55	0	0	442.5	36.9	12
2002	0	0	0										0	0	3
MÍNIMA	0	0	0	2.2	0	30	16.6	40	20	3	0	0	0	0	3
MÁXIMA	51.2	68.8	36.7	52.8	127.5	144.7	90.2	90	96	93.9	106.6	112.6	629.9	52.5	12
MEDIA	21.6	25	17.9	21.1	32.6	58.9	54.9	55.5	51.6	45.6	39.4	34.3	423.5	35.6	11.2
DESV.ST	17.7	20	11.9	16.1	33	29.8	20.6	18.6	20.6	24	32.4	29.3	159.2	13	2.5

LLUVIA TOTAL MENSUAL
AÑO	ENE	FEB	MAR	ABR	MAY	JUN	JUL	AGO	SEP	OCT	NOV	DIC	ACUM	PROM	MESES
1990	35.69	30.87	82.5	39.91	148.2	115.6	145.5	183.3	306.3	259.8	267.51	102.7	1717.88	143.2	12
1991	83.3	99.51	28.89	3.41	79	242.4	50.21	174.4	251.01	197.5	213.8	157.82	1581.25	131.8	12
1992	70.6	6.52	25.13	45.51	101.3	321.46	227.81	137.12	264.7	131.32	66.11	59.69	1457.27	121.4	12
1993	149.91	43.36	61.78	50.61	30.1	423.02	162.5	354.02	349.4	317.4	54.79	73.52	2070.41	172.5	12
1994	112.01	54.6	62.52	33.83	189.4	124.98	143.92	206	176.22	167.52	58.9	53.31	1383.21	115.3	12
1995	114.3	117.81	17.61	29.61	65.2	392.21	358.8	415.81	290.8	110.7	129.4	155.36	2197.61	183.1	12
1996	154.02	56.91	58.72	143.92	141.16	163	221	252.7	376.01	148.45	220.67	69	2005.56	167.1	12
1997	31.92	103.82	45.41	40.6	51.21	186.52	223.5	245.4	131.51	192.6	140.31	55.32	1448.12	120.7	12
1998	30.28	21.56	1.6	9.5	0	193	279.52	235.1	289.3	292.11	150.71	64.85	1567.53	130.6	12
1999	92.71	158.7	32.31	75.22	52.2	425.9	291	340.6	335.82	300.7	81.46	80.44	2267.06	188.9	12
2000	6		53.5	11.5	14.7	459.6	368	329.5	808	33	14		2097.8	209.8	10
2001	8	3.01	4	193.7	287.5	413.3	467	792.5	750	412.5	0	0	3331.51	277.6	12
2002	0	0	0										0	0	3
MÍNIMA	0	0	0	3.41	0	115.6	50.21	137.12	131.51	33	0	0	0	0	3
MÁXIMA	154.02	158.7	82.5	193.7	287.5	459.6	467	792.5	808	412.5	267.51	157.82	3331.51	277.6	12
MEDIA	68.4	58.1	36.5	56.4	96.7	288.4	244.9	305.5	360.8	213.6	116.5	79.3	1778.9	150.9	11.2
DESV.ST	53.9	51.2	26.6	57	82.9	130.6	115.6	174.6	207.4	105.9	85.3	45.6	746.3	64.2	2.5

EVAPORACIÓN MENSUAL
AÑO	ENE	FEB	MAR	ABR	MAY	JUN	JUL	AGO	SEP	OCT	NOV	DIC	ACUM	PROM	MESES
1990	100.1	88.09	139.83	182.11	191.28	166.82	170.13	170.35	119.08	105.72	71.37	77.75	1582.63	131.9	12
1991	96.03	93.08	199.75	229.29	201.06	171.09	172.84	180.73	122.47	102.92	78.7	72.28	1720.24	143.4	12
1992	68.2	103.01	155.74	179.68	183.14	149.32	153.48	126.22	103.72	96.22	73.02	89.44	1481.19	123.4	12
1993	88.94	104.64	147.75	176.3	194.35	147.67	143.68	131.58	110.77	85.73	86.47	89.05	1506.93	125.6	12
1994	81.5	99.7	142.92	175.27	181.41	162.97	176.45	148.86	117.06	114.53	103.3	89.95	1593.92	132.8	12
1995	87.48	112.84	162.81	178.54	211.67	161.18	164.76	141.63	114.26	96	103.59	72.25	1607.01	133.9	12
1996	75.17	97.46	129.36	161.72	156.47	126.02	135.38	124.78	133.09	90.67	85.39	72.26	1387.77	115.6	12
1997	80.84	93.85	159.75	163.26	153.76	122.69	144.28	154.52	109.34	86.68	68.48	60.15	1397.6	116.5	12
1998	78.63	137.87	197.55	196.23	224.26	186.64	154.72	157.76	119.07	87.26	88.91	62.37	1691.27	140.9	12
1999	83.19	107.86	154.28	199.19	198.79	163.06	132.91	141.22	84.87	93.78	67.77	69.75	1496.67	124.7	12
MÍNIMA	68.2	88.09	129.36	161.72	153.76	122.69	132.91	124.78	84.87	85.73	67.77	60.15	1387.77	115.6	12
MÁXIMA	100.1	137.87	199.75	229.29	224.26	186.64	176.45	180.73	133.09	114.53	103.59	89.95	1720.24	143.4	12
MEDIA	84	103.8	159	184.2	189.6	155.7	154.9	147.8	113.4	96	82.7	75.5	1546.5	128.9	12
DESV.ST	9.5	14.1	23.2	19.8	22.2	19.8	15.7	18.5	12.8	9.4	13.3	10.9	112.6	9.4	0

TEMPERATURA MÁXIMA PROMEDIO
AÑO	ENE	FEB	MAR	ABR	MAY	JUN	JUL	AGO	SEP	OCT	NOV	DIC	ACUM	PROM	MESES
1990	26.3	27.9	29.4	33	34.8	32.4	31.7	31.6	30.6	29.2	28	26.4		30.1	12
1991	28	27.1	33.5	36.7	36.7	34.3	32.9	32.5	30.5	29.7	26.8	26.3		31.2	12
1992	25.5	28.5	31.3	33.2	32.9	34	31.8	32	30.9	29.6	29	28.3		30.6	12
1993	27.9	29.6	31.4	34.5	35.2	35	32.2	32.1	31.6	30.1	28.7	27.2		31.3	12
1994	27.9	27.4	30.5	32.9	33.5	32.2	31.4	30.6	29.4	30.9	29	27.7		30.3	12
1995	27.2	28.4	31	33.5	36.8	32.9	31.3	31.5	29.6	28.6	28.7	26.7		30.5	12
1996	25.7	28.5	28.7	32.2	32.4	32.3	31.4	30.8	32.5	29.7	26.8	26.5		29.8	12
1997	27.4	29.8	31.9	32.4	33	32.2	31	31	30.4	28.6	28.2	26.2		30.2	12
1998	28	31.5	31.8	34.2	37.4	36.3	31.7	31.9	31.9	29.5	28.5	26.5		31.6	12
1999	27.3	28.2	31	34.7	35.1	32.8	30.6	31.7	30	27.5	25.5	25.6		30	12
2000	29.2		30.9	30.5	31	29.7	30.3	30.9	29.7	29.5	30.8			30.2	10
2001	28.9	30.3	31.3	30.3	31	30.1	31	31.2	29.9	32.9	33.8	30.1		30.9	12
2002	30.4	31.3	32											31.2	3
MÍNIMA	25.5	27.1	28.7	30.3	31	29.7	30.3	30.6	29.4	27.5	25.5	25.6		29.8	3
MÁXIMA	30.4	31.5	33.5	36.7	37.4	36.3	32.9	32.5	32.5	32.9	33.8	30.1		31.6	12
MEDIA	27.7	29	31.1	33.2	34.1	32.9	31.4	31.5	30.6	29.6	28.6	27		30.6	11.2
DESV.ST	1.4	1.4	1.2	1.8	2.2	1.9	0.7	0.6	1	1.3	2.1	1.3		0.6	2.5

TEMPERATURA MÁXIMA EXTREMA
AÑO	ENE	FEB	MAR	ABR	MAY	JUN	JUL	AGO	SEP	OCT	NOV	DIC	ACUM	PROM	MESES
1990	32.5	36	36.5	38.5	39	34.5	33.5	34.5	35	34	35	35		35.3	12
1991	34.5	36	39.5	43	41	39	35.5	34.5	35	34	34	32.5		36.5	12
1992	33	36	38	39	39	40	36.5	35	33	34.5	36	34		36.2	12
1993	34.5	37	39.5	40	40.5	42.5	35	35.5	36	36.5	35	33		37.1	12
1994	36	35	37.5	40.5	39	36	35	32.5	34	36	36.5	32.5		35.9	12
1995	36	37.5	39	39	40	39.5	37	35	33	33	34	33		36.3	12
1996	32	35.5	37	38.5	36	37	36.5	34	36	34.5	33.5	32		35.2	12
1997	34	35	37	38	39	37	34.5	33	34	35	34	34		35.4	12
1998	34.5	38.5	39	40.5	41.5	42	36	36	36	35	33.5	32		37	12
1999	35	33	36	39	39.5	37	33	35	34	34.5	31	32		34.9	12
2000	31		32	33	33	31	32	32	31	31	33			31.9	10
2001	32	32	33	33	33	33	33	33	31	37	35	31		33	12
2002	32	33	33											32.7	3
MÍNIMA	31	32	32	33	33	31	32	32	31	31	31	31		31.9	3
MÁXIMA	36	38.5	39.5	43	41.5	42.5	37	36	36	37	36.5	35		37.1	12
MEDIA	33.6	35.4	36.7	38.5	38.4	37.4	34.8	34.2	34	34.6	34.2	32.8		35.2	11.2
DESV.ST	1.6	1.9	2.6	2.9	2.9	3.5	1.6	1.3	1.8	1.6	1.5	1.1		1.7	2.5

TEMPERATURA MÍNIMA PROMEDIO
AÑO	ENE	FEB	MAR	ABR	MAY	JUN	JUL	AGO	SEP	OCT	NOV	DIC	ACUM	PROM	MESES
1990	17.5	18	19.7	21.8	22.3	22.7	22.2	22.4	22.2	21.4	19.5	17		20.6	12
1991	18	17.6	19	21.6	23.8	23.5	22.5	22.5	22	21	18.9	19.2		20.8	12
1992	17.6	17	19.3	22.1	21.5	22.8	21.6	21.8	21.7	20.6	19	18.5		20.3	12
1993	18.1	17.4	18.1	21.4	22.4	22.3	22.1	22	22	21	19.8	17.9		20.4	12
1994	17.3	18.9	18.5	20.9	23.2	22.8	22.1	22.6	22.4	22.3	20.7	20.2		21	12
1995	17.4	17.3	19.2	23	24.2	23.6	22.8	23.2	23	21.2	21	19.6		21.3	12
1996	16.3	16.3	17.3	20.3	22	22.4	21.9	21.5	22.1	20.5	19.4	18.4		19.9	12
1997	16.5	17.7	19.4	21.4	22	22.2	22.3	22.2	22	20.7	20.6	15.1		20.2	12
1998	17	16.3	18.5	20.7	23	24.4	22.3	22.2	22.3	21.8	21.4	16.9		20.6	12
1999	15.5	16.4	16.8	20.1	21.8	21.6	21.4	21.6	21.5	20.2	17.7	16.4		19.2	12
2000	16.2		16.2	17.1	18	18.2	18	17.3	17.9	17.6	17.7			17.4	10
2001	16.2	16.1	16.5	17	18.3	18.4	18.5	18.6	18.8	19	16.7	16.7		17.6	12
2002	16.2	17.8	15.8											16.6	3
MÍNIMA	15.5	16.1	15.8	17	18	18.2	18	17.3	17.9	17.6	16.7	15.1		16.6	3
MÁXIMA	18.1	18.9	19.7	23	24.2	24.4	22.8	23.2	23	22.3	21.4	20.2		21.3	12
MEDIA	16.9	17.2	18	20.6	21.9	22.1	21.5	21.5	21.5	20.6	19.4	17.8		19.7	11.2
DESV.ST	0.8	0.8	1.3	1.8	1.9	1.9	1.6	1.7	1.5	1.3	1.5	1.5		1.5	2.5

TEMPERATURA MÍNIMA EXTREMA
AÑO	ENE	FEB	MAR	ABR	MAY	JUN	JUL	AGO	SEP	OCT	NOV	DIC	ACUM	PROM	MESES
1990	14	15.5	13	19	20.5	21	20.5	20.5	20.5	17	15	12		17.4	12
1991	12.5	14	9	15	22	21.5	18	21	20	18	15	16		16.8	12
1992	8	13	15	19	17	21	20	20.5	20.5	17.5	15.5	15		16.8	12
1993	12	14.5	14	16	18	18.5	20	20.5	20.5	13	15	14		16.3	12
1994	10.5	16.5	10	18	20.5	20	19.5	21	20.5	20	16	16		17.4	12
1995	12.5	12.5	14.5	19	20	21	20.5	22	21.5	17	16.5	16		17.8	12
1996	11.5	10.5	11	18	19	21	20	20	21	17	13.5	14		16.4	12
1997	12.5	15	14.5	17.5	20	19	21	21	21	17	17	8		17	12
1998	11.5	8	10	16	20	22.5	20.5	20.5	21.5	19.5	18	11.5		16.6	12
1999	11	12	11	17	20	20	20	20	20	17.5	13	10.5		16	12
2000	13		12	15	15	16	17	14	13	16	16			14.7	10
2001	13	14	14	14	15	16	16	16	16	16	14	14		14.8	12
2002	14	14	14											14	3
MÍNIMA	8	8	9	14	15	16	16	14	13	13	13	8		14	3
MÁXIMA	14	16.5	15	19	22	22.5	21	22	21.5	20	18	16		17.8	12
MEDIA	12	13.3	12.5	17	18.9	19.8	19.4	19.8	19.7	17.1	15.4	13.4		16.3	11.2
DESV.ST	1.6	2.3	2.1	1.7	2.2	2.1	1.6	2.3	2.5	1.8	1.4	2.6		1.2	2.5

TEMPERATURA MEDIA MENSUAL
AÑO	ENE	FEB	MAR	ABR	MAY	JUN	JUL	AGO	SEP	OCT	NOV	DIC	ACUM	PROM	MESES
1990	21.9	23	24.5	27.4	28.5	27.5	27	27	26.4	25.3	23.8	21.7		25.3	12
1991	23	22.4	26.2	29.2	30.2	28.9	27.7	27.5	26.2	25.4	22.9	22.8		26	12
1992	21.6	22.8	25.3	27.7	27.2	28.4	26.7	26.9	26.3	25.1	24	23.4		25.4	12
1993	23	23.5	24.8	28	28.8	28.6	27.2	27	26.8	25.6	24.2	22.5		25.8	12
1994	22.6	23.1	24.5	26.9	28.4	27.5	26.8	26.6	25.9	26.6	24.9	24		25.6	12
1995	22.3	22.9	25.1	28.2	30.5	28.2	27	27.4	26.3	24.9	24.9	23.1		25.9	12
1996	21	22.4	23	26.2	27.2	27.3	26.6	26.1	27.3	25.1	23.1	22.4		24.8	12
1997	22	23.8	25.6	26.9	27.5	27.2	26.6	26.6	26.2	24.6	24.4	20.6		25.2	12
1998	22.5	23.9	25.1	27.5	30.2	30.3	27	27	27.1	25.6	25	21.7		26.1	12
1999	21.4	22.3	23.9	27.4	28.5	27.2	26	26.6	25.8	23.9	21.6	21		24.6	12
2000	22.7		23.5	23.8	24.5	24	24.1	24.1	23.8	23.6	24.2			23.8	10
2001	22.5	23.2	23.9	23.6	24.6	24.2	24.8	24.9	24.4	26	25.2	23.4		24.2	12
2002	23.3	24.6	23.9											23.9	3
MÍNIMA	21	22.3	23	23.6	24.5	24	24.1	24.1	23.8	23.6	21.6	20.6		23.8	3
MÁXIMA	23.3	24.6	26.2	29.2	30.5	30.3	27.7	27.5	27.3	26.6	25.2	24		26.1	12
MEDIA	22.3	23.2	24.6	26.9	28	27.4	26.5	26.5	26	25.1	24	22.4		25.1	11.2
DESV.ST	0.7	0.7	0.9	1.7	2	1.8	1	1	1	0.8	1	1.1		0.8	2.5
