COMISIÓN NACIONAL DEL AGUA
COORDINACIÓN GENERAL DEL SERVICIO METEOROLÓGICO NACIONAL
BASE DE DATOS CLIMATOLÓGICA NACIONAL 

ESTADÍSTICA MENSUAL
EMISIÓN   : 25/10/2024 

DATOS DISPONIBLES EN LA BASE DE DATOS A: OCTOBER DE 2024; 
CON LA INFORMACIÓN SUMINISTRADA POR LAS UNIDADES ADMINISTRATIVAS 

 ESTACIÓN  : 7184 
 NOMBRE    : VILLA DE CHIAPILLA (CFE) 
 ESTADO    : CHIAPAS 
 MUNICIPIO : CHIAPILLA 
 SITUACIÓN : SUSPENDIDA 
 CVE-OMM   :   
 LATITUD   : 16.56944444 ° 
 LONGITUD  : -92.72 ° 
 ALTITUD   : 555 msnm 


LLUVIA MÁXIMA 24 H.
AÑO	ENE	FEB	MAR	ABR	MAY	JUN	JUL	AGO	SEP	OCT	NOV	DIC	ACUM	PROM	MESES
1970	0	0	0	5	32	17	83.5	60	54	10.5	0	17	279	23.2	12
1971	9	0.01	0.01	0.01	14	18	43	49.5	63	31.5	21.5	0	249.53	20.8	12
1972	0	0	3	7	24	71	24	43	25	18	58	2	275	22.9	12
1973	1	0	0	22	10	49	58	101	73	84	2	1.5	401.5	33.5	12
1974	3	0	18	23	40	32	31	36	46	3	6		238	21.6	11
1975	8	0	2.5	0	33	20	43	24	74	7	5	0	216.5	18	12
1976	0	0	6	7	22	58	83	65	27	37	34	0	339	28.2	12
1977	0	3	15	0	9	17	19	71	67	21	0	7	229	19.1	12
1978	0	0	1	5	62	35	68	39	41	38	1	17	307	25.6	12
1979	0	0	1.5	14	37	59	45	40	87	34	0	3	320.5	26.7	12
1980	22	0	0	18	15	27	75	29	102	11.5	13.5	0	313	26.1	12
1981	0	0	0	18	19	56	28	71	87	29	0	0	308	25.7	12
1982	0	8	6	4	53	100.2	31	15	51	19	8	3	298.2	24.9	12
1983	0	32	40	4	30	50	75	31	77	2.5	15	0	356.5	29.7	12
1984	0	0	4.63	0	43	53	78	31	60	15	0	0	284.63	23.7	12
1985	0	0	0	21	27	74	53	88.5	52	7	19	0	341.5	28.5	12
1986	0	0	0	0	64	36	35	15	26	50	0	0	226	18.8	12
1987	0	0	20	42	42	60	37	10	90	5	3	0	309	25.8	12
1988	5	0	0	11	17			40	20	9.5	0	0	102.5	10.2	10
1989	0	0	0	0	19.5	25	40	40	56	30	5	0	215.5	18	12
1990	0	3	0	0.01	35	22	56.4	31	92	49	38	6	332.41	27.7	12
1991	0	0	0	0	0	3	0.01	18	31	0	10	0	62.01	5.2	12
1992			9.9	12.1	10.2	30.5	51.6	50	20.9	10	16.6	4.5	216.3	21.6	10
1993	5.7	0	0	9.9	12.2	60.7	20.3	110.4	50	42.4	0	0	311.6	26	12
1994	0	2.6	0	3.6	18.8	60.4	50.9	28.1	57.5	16.1	8.2	0	246.2	20.5	12
1995	0.01	5.1	1.5	24.6	22.1	59.5	95.1	76.2	26.6	48.5	9.5	4.7	373.41	31.1	12
1996	0	0	0	0		45	71	40	37	15.5	0.01	0.6	209.11	19	11
1998										45.5	65	1	111.5	37.2	3
1999	0	0.01	5										5.01	1.7	3
2000										52.3	6	0	58.3	19.4	3
2001	0	3.2	0	6.8	127	29.9	22.5	39.7	45.3	42			316.4	31.6	10
MÍNIMA	0	0	0	0	0	3	0.01	10	20	0	0	0	5.01	1.7	3
MÁXIMA	22	32	40	42	127	100.2	95.1	110.4	102	84	65	17	401.5	37.2	12
MEDIA	1.9	2	4.6	9.2	31	43.3	48.8	46.2	54.9	26.1	11.9	2.4	253.3	23	10.9
DESV.ST	4.7	6.2	8.8	10.4	25	22.1	23.8	25.7	23.8	19.8	17	4.6	97.3	7.5	2.7

LLUVIA TOTAL MENSUAL
AÑO	ENE	FEB	MAR	ABR	MAY	JUN	JUL	AGO	SEP	OCT	NOV	DIC	ACUM	PROM	MESES
1970	0	0	0	5	75	64.5	309.5	215.5	215.5	23	0	17	925	77.1	12
1971	9	0.01	0.01	0.02	42.52	88.07	175.52	178.09	274.03	111.71	34.54	0	913.52	76.1	12
1972	0	0	30	9.5	57.5	242.5	161.5	140	116.5	58	120	2	937.5	78.1	12
1973	1	0	0	31	22	262.5	130.5	697	206	387.7	2	1.5	1741.2	145.1	12
1974	6	0	18	26	120	163	106	73.5	261.5	9.5	6		789.5	71.8	11
1975	9	0	2.5	0	74	92	148	78	313	26	8	0	750.5	62.5	12
1976	0	0	8	8	33	143	264	163	76	84	69	0	848	70.7	12
1977	0	3	15	0	30	56	44.5	243	259.5	40	0	14	705	58.8	12
1978	0	0	1	12	116	147	165.2	146.5	185	112	1	17	902.7	75.2	12
1979	0	0	1.5	27	37	139	156.5	219	299.5	68.5	0	3	951	79.2	12
1980	38.5	0	0	32.5	31.1	99.5	220.3	109	341.5	25.5	13.5	0	911.4	76	12
1981	0	0	0	56	47.2	246	155.3	281	242.5	132.5	0	0	1160.5	96.7	12
1982	0	8	11	6.5	104.5	299.2	69.5	49.51	237	97	18.5	4.5	905.21	75.4	12
1983	0	45	44	4	40.5	167.5	113.5	122	257	7.5	31.5	0	832.5	69.4	12
1984	0	0	4.63	0	230.5	284.85	234.02	123.2	190.5	25.51	0	0	1093.21	91.1	12
1985	0	0	0	21	33	303.52	182.51	141.01	158.2	21	21	0	881.24	73.4	12
1986	0	0	0	0	127	107.6	100.81	56.51	123.01	70.21	0	0	585.14	48.8	12
1987	0	0	20	51.5	42	146.2	141.72	33.5	164.5	5.01	4	0	608.43	50.7	12
1988	5	0	0	21	32			220.51	98.04	34.52	0	0	411.07	41.1	10
1989	0	0	0	0	54.83	133.51	149	149.01	229.51	88.03	13.5	0	817.39	68.1	12
1990	0	3.01	0	0.02	82.03	112.04	200.91	59	277.03	80.01	67	6	887.05	73.9	12
1991	0	0	0	0	0	3	0.05	46.06	33.01	0	10	0	92.12	7.7	12
1992			15.3	13.3	24	180.51	146.9	112.3	116.61	22.9	25.6	5.8	663.22	66.3	10
1993	5.7	0	0	13.2	21.5	212.2	125.1	239.01	152.8	71.7	0	0	841.21	70.1	12
1994	0	2.6	0	5.01	62.61	141.23	83.72	96.91	96.9	30.8	24.12	0	543.9	45.3	12
1995	0.05	5.1	1.5	28.7	38.8	201.4	274.4	453.2	171.5	101.61	11.6	4.77	1292.63	107.7	12
1996	0	0	0	0		263.01	201.53	169.04	149.07	49.41	0.04	0.61	832.71	75.7	11
1998										137.51	168.54	1	307.05	102.3	3
1999	0	0.01	5										5.01	1.7	3
2000										88.32	6.2	0	94.52	31.5	3
2001	0	4.2	0	14.3	223.6	109.7	93.5	152.2	273.54	80.14			951.18	95.1	10
MÍNIMA	0	0	0	0	0	3	0.05	33.5	33.01	0	0	0	5.01	1.7	3
MÁXIMA	38.5	45	44	56	230.5	303.52	309.5	697	341.5	387.7	168.54	17	1741.2	145.1	12
MEDIA	2.7	2.5	6.1	13.8	66.7	163.3	153.9	170.2	197.1	69.7	22.6	2.8	780	69.8	10.9
DESV.ST	7.6	8.6	10.7	15.6	56.4	79.2	70	135.9	78.7	71.8	38.8	5.1	350.4	27.6	2.7

EVAPORACIÓN MENSUAL
AÑO	ENE	FEB	MAR	ABR	MAY	JUN	JUL	AGO	SEP	OCT	NOV	DIC	ACUM	PROM	MESES
1970	127.8	146.9	212.2	209.2	192.7	148.6	115.8	116.9	87.7	115.6	94.3	133.2	1700.9	141.7	12
1971	150.66	167.19	226.99	220.29	208.83	159.04	167.83	121.48	112.69	124.11	108.63	141.69	1909.43	159.1	12
1972	163.1	180.2	239.6	229.9	197	137.1	172.1	142.5	131.6	138	122.9	145.6	1999.6	166.6	12
1973	152.7	159.7	245.4	214.4	216.2	153.9	162.1	120.3	121.2	113.8	121	130.5	1911.2	159.3	12
1974	145.3	158.5	197	207.5	201.7	110.7	158.3	162.3	114.7	117.2	127.9		1701.1	154.6	11
1975	136.5	171.6	231.6	235.1	186	154.7	153.7	139.5	127.1	113.4	124.2	133.8	1907.2	158.9	12
1976	130.3	165.2	227.1	224.9	210.1	142.4	158.5	169.3	130.9	140.6	143.2	163.7	2006.2	167.2	12
1977	148.4	119.1	174.4	195.2	211.9	161.1	176.6	143	162.9	144.1	135	129.8	1901.5	158.5	12
1978	150.1	153.2	215.8	219.8	185.4	194.4	151.6	142	146.6	143.2	139.1	131.9	1973.1	164.4	12
1979	155.4	149.1	196.7	186.2	157	168.5	160.7	145.6	148.8	149.2	112.4	104.1	1833.7	152.8	12
1980	143.4	154.8	209.2	183	222.8	142.5	154.9	128.6	101.7	133.4	112.6	107.5	1794.4	149.5	12
1981	131.4	153	200.8	201.5	186	115	141.2	145.3	164.3	107	111.8	140.6	1797.9	149.8	12
1982	145.9	150.8	199.9	185.2	161.9	102.6	138.6	147.9	90.5	104.8	116.7	110.6	1655.4	137.9	12
1983	131.2	117.1	184.6	185.6	181.5	150.5	155.2	122.5	96.6	116.2	123.7	127.9	1692.6	141.1	12
1984	123.18	147.68	180.75	187.71	163.38	103.87	134.27	133	140.56	123.27	124.79	136.05	1698.51	141.5	12
1985	140.65	148.6	217.7	186.42	164.62	114.93	126.4	127.55	115.05	108.4	111.15	114.4	1675.87	139.7	12
1986	125.8	149.05	199.75	206.04	174.3	126.95	152.6	123.09	136.8	146.38	165.75	128.3	1834.81	152.9	12
1987	132.9	160.9	218.4	182.4	172.15	143.32	119.85	140.93	144.32	166.15	105.6	117.3	1804.22	150.4	12
1988	116.95	149.1	213.05	244.5	195.41			92.6	96.7	106.1	120.4	131.2	1466.01	146.6	10
1989	154.8	156.5	221.3	208.1	164.8	91.1	102.46	101.7	139.6	111.6	104.2	138.6	1694.76	141.2	12
1990	129.3	133.8	185.9	202.3	176.1	108.8	151.1	107.8	104.1	131	143.6	161.3	1735.1	144.6	12
1991	122	136.95	137.89	169.2	152.55	137.61	142.7	145.6	88.93	113.8	162.39	131.6	1641.22	136.8	12
1992			211.99	200.9		122.89	118.47	116.13	110.93	74.54	93.93	122.05	1171.83	130.2	9
1993	134.16	151.59	202.31	219.64	208.53	135.4	131.58	127.92	112.21	98.56	111.29	117.15	1750.34	145.9	12
1994	126.96	149.51	207	185.26	168.51	126.91	148.51	99.29	115.26	144.11	113.25	123.11	1707.68	142.3	12
1995	130.63	152.58	171.96	198.11	182.4	140.44	128.95	122.88	123.47	73.92	94.09	83.97	1603.4	133.6	12
1996	114.98	130.41	161.71	187.45		137.56	169.12	145.81	133.09	99.25	83.3	92.05	1454.73	132.2	11
1998										97.82	80.98	91.3	270.1	90	3
1999	118.37	141.21	202.15										461.73	153.9	3
2000										101.03	110.5	97.78	309.31	103.1	3
2001	121.23	132.2	182.57	204.63	185.06	128.59	114.87	122.06	112.39	94.98			1398.58	139.9	10
MÍNIMA	114.98	117.1	137.89	169.2	152.55	91.1	102.46	92.6	87.7	73.92	80.98	83.97	270.1	90	3
MÁXIMA	163.1	180.2	245.4	244.5	222.8	194.4	176.6	169.3	164.3	166.15	165.75	163.7	2006.2	167.2	12
MEDIA	135.9	149.5	202.6	202.9	185.6	135.5	144.7	130.5	121.8	118.4	117.9	124.5	1595.6	144.7	10.8
DESV.ST	13.2	14.3	23.7	18.3	19.8	22.9	19.6	18.2	21.3	21.9	20.3	19.5	453.6	16.3	2.7

TEMPERATURA MÁXIMA PROMEDIO
AÑO	ENE	FEB	MAR	ABR	MAY	JUN	JUL	AGO	SEP	OCT	NOV	DIC	ACUM	PROM	MESES
1970	30.2	31.5	34.1	35.5	33	31.6	29.7	31.6	30.7	30.9	28.9	30.9		31.6	12
1971	30.5	32.5	35	34.8	35.3	32.6	30.9	30.8	32.1	32	31.5	32.5		32.5	12
1972	33	31.9	34.9	35	34.4	30.5	31.4	32.7	32.6	32.8	31.8	31.2		32.7	12
1973	30.7	32.1	36.1	35.7	35.2	31.5	31.4	30.3	32	30	31	29.2		32.1	12
1974	32	31.5	34.1	34.1	35	30.4	31.1	33.4	30.4	30.1	30.9			32.1	11
1975	30.4	32.9	34.2	36.4	35.4	32.2	31.3	31.8	30.7	30.5	31.2	30.5		32.3	12
1976	31.2	33	35	35.8	35.7	32.4	31.6	32.6	33.4	33.7	33.7	31.7		33.3	12
1977	33.5	33.7	38	36	36.1	34.3	33.8	34.5	36.4	33.2	34.2	32.1		34.6	12
1978	30.5	32.1	33.8	36.4	35.8	31.3	31.1	32	30.1	29.8	31.5	31.6		32.2	12
1979	31	33.2	35.1	37.2	35	30.9	31.7	30.8	27.8	30.2	29.6	28.6		31.8	12
1980	31.2	32.1	35.3	33.8	36.2	32.4	32.6	31.4	30	31	30.7	29.6		32.2	12
1981	30.9	33.4	34.7	35.6	35.2	32.3	31.6	31.7	30.1	30.1	29.8	31.6		32.2	12
1982	32.1	32.8	34.6	35.5	34.2	32.3	31.9	32.6	31.6	30.4	30.5	30.5		32.4	12
1983	30.4	31.8	33.1	36	35.8	32.9	32.3	32.2	31.6	31	32.2	31.2		32.5	12
1984	29.1	31.4	34.9	36.2	32.6	29.8	29.2	29.5	29	30.7	29.9	31.3		31.1	12
1985	30.4	31.7	34.8	34.2	34.9	30.9	30.4	30.6	30.7	31.2	31.3	31.1		31.9	12
1986	30.3	34.3	34.1	36.6	34.6	32.2	31.5	31	30.5	32.3	33.6	32.2		32.8	12
1987	31	32.8	34.6	33.1	35.2	32.6	32.3	33	33	30.8	31.4	32.6		32.7	12
1988	30.6	33	34.4	36.7	36			31.7	31.3	30.1	32	31.2		32.7	10
1989	32.4	31.3	33.3	36	35.2	31.8	31.7	32	30	29.9	31.4	29.5		32	12
1990	30.8	32	34.7	36	36.2	32.3	32.3	31.6	31.8	31.9	31.7	29.9		32.6	12
1991	30.6	32.4	33.6	35.6	35.5	34	33.5	33	31.6	32.1	31.7	32		33	12
1992			35.5	35.5	34.9	32.4	31.4	32.1	31.5	30.6	30.5	31.7		32.6	10
1993	31.5	33.1	34.5	36.1	36	34.3	31.6	31.6	31.4	30.9	31.2	31		32.8	12
1994	30.4	32.9	35	36.6	35.9	32.6	34	32.4	33	33.7	33.8	32.1		33.5	12
1995	32.5	33.6	35	36.3	36.4	33	31.7	31.4	30.6	29.4	31.2	30.5		32.6	12
1996	30.7	32.5	33.4	35.7		35	35.3	35.3	37.2	35.6	35.6	35.4		34.7	11
1998										35	34.1	33.8		34.3	3
1999	35.5	37.3	40.1											37.6	3
2000										35.1	36.6	36.6		36.1	3
2001	39.4	41.8	39.4	38.2	36.8	33.4	33.6	36.5	32	32.5				36.4	10
MÍNIMA	29.1	31.3	33.1	33.1	32.6	29.8	29.2	29.5	27.8	29.4	28.9	28.6		31.1	3
MÁXIMA	39.4	41.8	40.1	38.2	36.8	35	35.3	36.5	37.2	35.6	36.6	36.6		37.6	12
MEDIA	31.5	33	35	35.7	35.3	32.3	31.9	32.1	31.5	31.6	31.8	31.5		33	10.9
DESV.ST	2	2.1	1.6	1.1	0.9	1.2	1.3	1.5	1.9	1.7	1.8	1.7		1.5	2.7

TEMPERATURA MÁXIMA EXTREMA
AÑO	ENE	FEB	MAR	ABR	MAY	JUN	JUL	AGO	SEP	OCT	NOV	DIC	ACUM	PROM	MESES
1970	36	35.5	38	38	37.5	34	33	36	34	35	32	33		35.2	12
1971	34	35.5	38	38	37.5	37	34	34	34	35	34	34		35.4	12
1972	35	36	37	39	39	33	34	36	35	36	36	34		35.8	12
1973	33.5	36	40	39	38.5	34	36	34	35	36	35	34		35.9	12
1974	35	36	37	38	39	36	35	36	33.5	34	36			36	11
1975	34	38	37.5	39	39	35	35	34.5	36	34	39	35		36.3	12
1976	37	38	39	38	38	38	35	36	39	38	38	39		37.8	12
1977	39	38	44	39	39	38	39	38	39	38	39	38		39	12
1978	36	37	38	39	40	35	37	37	33	33	34	35		36.2	12
1979	36	41	42	43	38	35	34.5	34	32	34	34	32		36.3	12
1980	34	38	39	38	39	36	36	36	34	36	33	34		36.1	12
1981	36	36	39	38.5	38	38	38	36	35	35	34	36		36.6	12
1982	35	36	38	38.5	38	36	36	36	36	34	35	34		36	12
1983	35	36	37	40	39	37	36	37	36	36	36	36		36.8	12
1984	36	36	39	39	38	34	31	31	32	33.5	33	36		34.9	12
1985	34	35	39	37	38	33	33	33	36	33	34	35.5		35	12
1986	34	37	38	39	38	37	34	33.5	33	38	37	36		36.2	12
1987	36	37.5	41	38	38	36	35	35	35	38	35	35.5		36.7	12
1988	35	36	38	40	39			35	33	33.5	34	33		35.6	10
1989	33.5	35	37	39	39	35	35	35	36	33	33	33		35.3	12
1990	34	35	38	39	38.5	35	35	33.5	33.5	33	34	34		35.2	12
1991	35	37	38	38	38	38	35.5	35	34	34	34	36		36	12
1992			39	39	38	37	33	34	35	33	34	34		35.6	10
1993	34.5	37	39	39	39	41	35	34	34	34	34	33		36.1	12
1994	33	36	39	39	39	36	37	36	36.5	38	36	34.5		36.7	12
1995	35	38	39	40	39.5	38	35	34	34	33	33.5	34		36.1	12
1996	34.5	35	37	39		37	38	38	39	39	40	38		37.7	11
1998										37	36	36		36.3	3
1999	39	40	43											40.7	3
2000										37	39	42		39.3	3
2001	44	46	41	41	41	36	37.5	40.5	35	36				39.8	10
MÍNIMA	33	35	37	37	37.5	33	31	31	32	33	32	32		34.9	3
MÁXIMA	44	46	44	43	41	41	39	40.5	39	39	40	42		40.7	12
MEDIA	35.5	37.1	38.9	39	38.6	36.1	35.3	35.3	34.9	35.2	35.2	35.2		36.5	10.9
DESV.ST	2.2	2.3	1.8	1.1	0.8	1.8	1.8	1.9	1.9	1.9	2.1	2.1		1.4	2.7

TEMPERATURA MÍNIMA PROMEDIO
AÑO	ENE	FEB	MAR	ABR	MAY	JUN	JUL	AGO	SEP	OCT	NOV	DIC	ACUM	PROM	MESES
1970	15.8	14.7	14.9	18.6	18.7	19	20.7	20.1	20.4	20	15.2	15.2		17.8	12
1971	15.4	16.5	18.1	18.1	22	21	20.3	19.8	20.5	20.7	20.3	17.1		19.2	12
1972	16.6	15.9	19.1	21.2	21.5	21.1	20.5	19.6	20	20	19.6	16.2		19.3	12
1973	15.1	15.7	20	20.9	22.2	21.3	20.8	20.3	20.7	20.4	18.2	12.9		19	12
1974	16.1	15.6	17.3	19.7	21	20.7	19.9	20.1	20.2	18.3	17.5			18.8	11
1975	15.8	18	19.9	21	22.3	20.6	19.7	20	20	19.4	18	16.8		19.3	12
1976	17.5	18.2	19.5	20.1	21	19.1	19.9	19.4	19	17.5	15.4	15.7		18.5	12
1977	14.8	15.5	17.1	19.8	22	21.4	20.6	20.8	22.9	20.1	17.9	17.7		19.2	12
1978	15.2	16.9	18.1	20.7	21.6	20.9	20.3	20.2	20.1	19	18.3	16.9		19	12
1979	14.5	15.9	19	20.8	21.6	20.9	20.9	20.2	20.1	19.7	17.3	16.2		18.9	12
1980	17.2	16.6	18.3	19.7	22	21.1	20.4	20.4	20.7	19	17.4	15.3		19	12
1981	14.7	16.8	18.8	20.5	21.3	21	20.5	20.4	20.4	19.4	16.8	16.6		18.9	12
1982	15.8	16.6	18.4	21.5	21.5	21.3	20.4	20.2	20.6	19.1	17.1	16		19	12
1983	15.1	16.8	17	20.1	22.4	21.8	21.1	20.7	20.3	19.4	18.7	16.9		19.2	12
1984	14.5	17.4	18.7	19.3	20.8	20.2	19.7	19.9	19.9	19.3	15.1	15.9		18.4	12
1985	14.7	15.8	18.1	20.1	20	20.5	19.4	19.8	19.5	19.1	17.9	17.1		18.5	12
1986	14.1	15.9	15.9	20.1	21.9	20.7	19.3	20.3	19.2	19.1	19.5	16.3		18.5	12
1987	15.4	16.3	18.2	18.5	20.4	20.9	20.7	20.7	20.9	18.3	16.5	16.6		18.6	12
1988	15.4	15.9	17.7	21.1	20.9			20.8	20.1	18.7	17.6	15.4		18.4	10
1989	16.5	16.7	16.3	19.5	20.9	20.9	20.3	20.3	20.2	18.8	18.5	15.7		18.7	12
1990	16.5	16.5	18.2	20	21.4	20.5	20.4	18	20.3	19.4	18.5	16.2		18.8	12
1991	14.8	18.7	20.2	22	21.8	21.6	20.4	21	19.3	16.9	17.2	17.1		19.2	12
1992			18.5	20.5	20.9	21.4	20.2	20.4	20.6	18.5	17.6	16.5		19.5	10
1993	15.2	16.1	18.1	20.8	21.7	21.6	19.9	20.1	20.3	19.5	17.5	15.5		18.9	12
1994	15.7	16.1	17.9	20.3	20.9	20.7	19.3	19.3	20.2	19.3	17.8	16.7		18.7	12
1995	15.3	15.9	17.6	21.6	22	20.6	19.7	19.7	20.1	18.3	17.5	16.1		18.7	12
1996	13.6	15.5	16.4	18.4		19.4	18.6	18.6	20.6	19.2	16.7	15.7		17.5	11
1998										17.4	17.4	15.5		16.8	3
1999	15.2	16.2	17.8											16.4	3
2000										19.3	18.8	15.6		17.9	3
2001	14.3	17.1	17.8	21.3	21	20.5	20.8	21	20.4	20.2				19.4	10
MÍNIMA	13.6	14.7	14.9	18.1	18.7	19	18.6	18	19	16.9	15.1	12.9		16.4	3
MÁXIMA	17.5	18.7	20.2	22	22.4	21.8	21.1	21	22.9	20.7	20.3	17.7		19.5	12
MEDIA	15.4	16.4	18	20.2	21.3	20.8	20.2	20.1	20.3	19.1	17.6	16.1		18.6	10.9
DESV.ST	0.9	0.9	1.2	1	0.8	0.7	0.6	0.7	0.7	0.9	1.2	0.9		0.7	2.7

TEMPERATURA MÍNIMA EXTREMA
AÑO	ENE	FEB	MAR	ABR	MAY	JUN	JUL	AGO	SEP	OCT	NOV	DIC	ACUM	PROM	MESES
1970	11	10.5	11	15	12	14	18.5	17	18	18	12	13		14.2	12
1971	12	13	11	13	20	19	19	18	19	20	13	12		15.8	12
1972	13	10	14	18	19	19	19	15	18	18	16	11		15.8	12
1973	9	10	14	17	20	19	19	17	19.5	12	15	6		14.8	12
1974	10	11	12	15	19	18	18	18	18	14	12			15	11
1975	12	14	17	15	19	15	17	18.5	18	15	13.5	12.5		15.5	12
1976	10	13	17	15	17	15	15	16	14	12	10	11		13.8	12
1977	9	10	12	15	17	19	18.5	12	20	16	13	10		14.3	12
1978	10	12	12	16	15	19	19	17	17	14	15	12		14.8	12
1979	12	12	16	19	19	19	18	19	18	18	14	13		16.4	12
1980	13	12	12	15	19	17	17	19	19	16	14	10		15.2	12
1981	11	13	14	18	18	19	19	19	19	16	14	12		16	12
1982	10	10	12	18.5	14	19	19	19	19	14	14	11		15	12
1983	11	13	12	16	20	20	20	19	15.5	16	15	10		15.6	12
1984	3	14	13	1	11.5	10	12.5	11	18	12	9.5	11.5		10.6	12
1985	10	11.58	16	14	12	18.5	16.5	18	17	15	15	14		14.8	12
1986	8	11	10	16	18	18	14	18	16	16	15	14		14.5	12
1987	10	11	11	13	12	16	12	19	19	15	13.5	13		13.7	12
1988	10	12	12	17	16			19	18	15	15.5	11		14.6	10
1989	15	9	11	16.5	18.5	20	18	18	18	15	17	8		15.3	12
1990	12	12	14	17.5	19	18	17	15	17	17	15	11		15.4	12
1991	11	16	17	17	19	12	18	18	16	14	13	12		15.2	12
1992			15	17	17	20	19	17	18	16	7	14		16	10
1993	11	14	15	18	20	20	18	19	19	17	16	12		16.6	12
1994	12	14	11	15	18	19	18	17.5	19	17	15	15		15.9	12
1995	14	13	12	18	20	18	17	16	17	15	13	14		15.6	12
1996	9	14	12	15		17	17	15	19	15.5	12	12		14.3	11
1998										14.5	15	12		13.8	3
1999	12	12	12											12	3
2000										16	15	12		14.3	3
2001	10	14	13	19	17	15.5	19	19	19	17				16.2	10
MÍNIMA	3	9	10	1	11.5	10	12	11	14	12	7	6		10.6	3
MÁXIMA	15	16	17	19	20	20	20	19	20	20	17	15		16.6	12
MEDIA	10.7	12.2	13.1	15.7	17.3	17.5	17.5	17.2	17.9	15.5	13.7	11.8		14.9	10.9
DESV.ST	2.2	1.7	2	3.3	2.7	2.5	2	2.1	1.4	1.8	2.1	1.9		1.2	2.7

TEMPERATURA MEDIA MENSUAL
AÑO	ENE	FEB	MAR	ABR	MAY	JUN	JUL	AGO	SEP	OCT	NOV	DIC	ACUM	PROM	MESES
1970	23	23.1	24.5	27	25.9	25.3	25.2	25.9	25.5	25.4	22	23		24.6	12
1971	23	24.5	26.6	26.4	28.6	26.8	25.6	25.3	26.3	26.4	25.9	24.8		25.9	12
1972	24.8	23.9	27	28.1	28	25.8	26	26.2	26.3	26.4	25.7	23.7		26	12
1973	22.9	23.9	28	28.3	28.7	26.4	26.1	25.3	26.4	25.2	24.6	21		25.6	12
1974	24	23.6	25.7	26.9	28	25.5	25.5	26.8	25.3	24.2	24.2			25.4	11
1975	23.1	25.4	27	28.7	28.9	26.4	25.5	25.9	25.4	25	24.6	23.6		25.8	12
1976	24.4	25.6	27.2	28	28.4	25.8	25.8	26	26.2	25.6	24.6	23.7		25.9	12
1977	24.1	24.6	27.6	27.9	29	27.8	27.2	27.6	29.6	26.7	26	24.9		26.9	12
1978	22.9	24.5	26	28.5	28.7	26.1	25.7	26.1	25.1	24.4	24.9	24.2		25.6	12
1979	22.8	24.6	27	29	28.3	25.9	26.3	25.5	24	25	23.5	22.4		25.4	12
1980	24.2	24.4	26.8	26.8	29.1	26.8	26.5	25.9	25.4	25	24	22.5		25.6	12
1981	22.8	25.1	26.8	28	28.2	26.6	26	26	25.2	24.8	23.3	24.1		25.6	12
1982	24	24.7	26.5	28.5	27.9	26.8	26.1	26.4	26.1	24.8	23.8	23.2		25.7	12
1983	22.8	24.3	25	28	29.1	27.4	26.7	26.5	26	25.2	25.5	24		25.9	12
1984	21.8	24.4	26.8	27.8	26.7	25	24.4	24.7	24.4	25	22.5	23.6		24.8	12
1985	22.5	23.8	26.4	27.2	27.4	25.7	24.9	25.2	25.1	25.1	24.6	24.1		25.2	12
1986	22.2	25.1	25	28.4	28.2	26.5	25.4	25.6	24.9	25.7	26.6	24.2		25.6	12
1987	23.2	24.5	26.4	25.8	27.8	26.8	26.5	26.9	27	24.6	24	24.6		25.7	12
1988	23	24.4	26	28.9	28.4			26.2	25.7	24.4	24.8	23.3		25.5	10
1989	24.4	24	24.8	27.8	28	26.4	26	26.1	25.1	24.4	25	22.6		25.4	12
1990	23.6	24.2	26.5	28	28.8	26.4	26.3	24.8	26	25.6	25.1	23		25.7	12
1991	22.7	25.5	26.9	28.8	28.6	27.8	27	27	25.5	24.5	24.4	24.6		26.1	12
1992			27	28	27.9	26.9	25.8	26.2	26	24.6	24	24.1		26	10
1993	23.4	24.6	26.3	28.5	28.9	28	25.8	25.9	25.9	25.2	24.4	23.2		25.8	12
1994	23	24.5	26.4	28.5	28.4	26.6	26.6	25.9	26.6	26.5	25.8	24.4		26.1	12
1995	23.9	24.8	26.3	29	29.2	26.8	25.7	25.5	25.4	23.9	24.4	23.3		25.7	12
1996	22.1	24	24.9	27		27.2	27	27	28.9	27.4	26.1	25.5		26.1	11
1998										26.2	25.8	24.6		25.5	3
1999	25.4	26.8	29											27.1	3
2000										27.2	27.7	26.1		27	3
2001	26.9	29.4	28.6	29.8	28.9	27	27.2	28.8	26.2	26.4				27.9	10
MÍNIMA	21.8	23.1	24.5	25.8	25.9	25	24.4	24.7	24	23.9	22	21		24.6	3
MÁXIMA	26.9	29.4	29	29.8	29.2	28	27.2	28.8	29.6	27.4	27.7	26.1		27.9	12
MEDIA	23.5	24.7	26.5	28	28.3	26.5	26	26.1	25.9	25.4	24.8	23.8		25.8	10.9
DESV.ST	1.1	1.2	1.1	0.9	0.7	0.8	0.7	0.8	1.2	0.9	1.2	1		0.7	2.7
