COMISIÓN NACIONAL DEL AGUA
COORDINACIÓN GENERAL DEL SERVICIO METEOROLÓGICO NACIONAL
BASE DE DATOS CLIMATOLÓGICA NACIONAL 

ESTADÍSTICA MENSUAL
EMISIÓN   : 25/10/2024 

DATOS DISPONIBLES EN LA BASE DE DATOS A: OCTOBER DE 2024; 
CON LA INFORMACIÓN SUMINISTRADA POR LAS UNIDADES ADMINISTRATIVAS 

 ESTACIÓN  : 7064 
 NOMBRE    : FINCA MORELIA 
 ESTADO    : CHIAPAS 
 MUNICIPIO : TILA 
 SITUACIÓN : SUSPENDIDA 
 CVE-OMM   :   
 LATITUD   : 17.38333333 ° 
 LONGITUD  : -92.55 ° 
 ALTITUD   : 653 msnm 


LLUVIA MÁXIMA 24 H.
AÑO	ENE	FEB	MAR	ABR	MAY	JUN	JUL	AGO	SEP	OCT	NOV	DIC	ACUM	PROM	MESES
1954						30.5	35.5	61	64	58.5	27.5	40	317	45.3	7
1955	22	84	20.5	14	33.5	47.5	34	36	37	199	18	28	573.5	47.8	12
1956	9.5	11.5	53.5	3	77	41	49.5	23.5	49.5	74	150	18	560	46.7	12
1957	35	34	19.5	11	16	53	47.5	180	41.5	41	76	56.5	611	50.9	12
1958	57	14.5	12	28	39.5	93	54.5	28	36	42	49	57	510.5	42.5	12
1959	44	66.5	82	81.5	13.5	96.5	43	44	29	66	106	30.5	702.5	58.5	12
1960	23.5	12.5	23	35.5	78	95.5	99	66	89	66	44.5	24.3	656.8	54.7	12
1961	50.1	41	51	29.5	54.3	37.5	58	91.3	55.5	218	37	18	741.2	61.8	12
1962	26.2	1.5	25.4	68.4	27.3	76.2	61	33.7	62.2	53.9	14.5	13.5	463.8	38.6	12
1963	23	84.6	148.3	17.7	46.5	17	71.2	65	152.6	26.2	160.2	35.5	847.8	70.7	12
1964	44.4	42.6	71	35.8	29	48.5	62.5	97	51.5	41	78	97	698.3	58.2	12
1965	30.5	34	77	16.5	55	51.5	50	50	57	46.5	29.5	48	545.5	45.5	12
1966	47.5	37	45	47.5	72	76.5	37	42	79	72.5	40	49	645	53.8	12
1967	75	28	14.5	33.5	38	92.5							281.5	46.9	6
1968			20.5	33.5	87.2	35.5	57.4	43.2	44.5	65.6	38.3	114.1	539.8	54	10
1969	48.6	77.4	62.7	99.4	43	52.2	72	55.6	78.4	73.8	134.8	16.5	814.4	67.9	12
1970	17	16.3	16.3	4.3	94.3	42.9	78.8	85.3	81.7	61.4	78	13.4	589.7	49.1	12
1971	29.2	29.4	76.6	31.7	26.7	94.3	34	57.2	68.6	77.7	76.4	18.5	620.3	51.7	12
1972	99.8	89.8	26.6	19.5	19.5	81.4	54.2	45.8	74.3	44.4	94.6	44.7	694.6	57.9	12
1973	44.4	39	7.1	38.5	61.7	57.7	35.5	78.3	43	54.5	64.4	47.3	571.4	47.6	12
1974	51.4	69.8	17.7	84.8	44.4	55.4	37.4	52	80	84.8	92	40.7	710.4	59.2	12
1975	68.3	35.5	25.1	4.5	29.5	66	98	62	72	74	84	16	634.9	52.9	12
1976	85	46	4	32.5	20.4	41	56.5	84	53	57.5	55	43	577.9	48.2	12
1977	65.3	14.1	12.5	12	20	71.4	47	60	33.2	54	57.7		447.2	40.7	11
MÍNIMA	9.5	1.5	4	3	13.5	17	34	23.5	29	26.2	14.5	13.4	281.5	38.6	6
MÁXIMA	99.8	89.8	148.3	99.4	94.3	96.5	99	180	152.6	218	160.2	114.1	847.8	70.7	12
MEDIA	45.3	41.3	39.6	34	44.6	60.6	55.4	62.6	62.3	71.8	69.8	39.5	598.1	52.1	11.4
DESV.ST	23	26.5	34.2	26.5	23.9	23.2	18.6	32.4	26.3	45.5	40	25.8	134.7	8	1.6

LLUVIA TOTAL MENSUAL
AÑO	ENE	FEB	MAR	ABR	MAY	JUN	JUL	AGO	SEP	OCT	NOV	DIC	ACUM	PROM	MESES
1954						166.51	201.59	385.51	391.52	267.51	61	108.5	1582.14	226	7
1955	33.53	176.54	51.01	22	73.02	167.54	292.53	342.02	342.02	849.01	83.52	107	2539.74	211.6	12
1956	41	26.51	126.5	6.21	379.51	377	244.54	149.52	429.03	364.03	239.54	69.55	2452.94	204.4	12
1957	70.51	80.03	47.04	23.01	75	349.01	201.05	409.02	402.02	123.01	179.01	108.05	2066.76	172.2	12
1958	112.09	40.02	39	36.55	207	442.51	433.52	178.03	322.53	239.53	152.03	242.54	2445.35	203.8	12
1959	96.54	81.02	172.51	205.03	54.5	333.3	232.1	225.81	180.51	398.71	482.51	77.21	2539.75	211.6	12
1960	69.03	41.56	31.12	77.5	155	467	393.52	366.03	462.52	296.6	206.24	55.84	2621.96	218.5	12
1961	176.24	94.17	173.72	100.63	169	213.6	303.6	370.9	265.81	616.34	92.54	72.23	2648.78	220.7	12
1962	114.54	1.52	75.44	208.33	96.82	268.2	232.91	229.03	372.61	337.13	44.2	41.5	2022.23	168.5	12
1963	118.52	159.12	234.1	38.4	126.9	141.31	362.2	405.8	627.2	161.22	290.6	144.9	2810.27	234.2	12
1964	119.4	171.11	128.7	56.9	123.5	344.7	417.3	322.5	333	147.5	335.31	379.92	2879.84	240	12
1965	95.13	94.51	119.04	28.51	77.5	318.51	179.01	264.51	389.02	353.06	106.5	179	2204.3	183.7	12
1966	152	102	119.52	132.2	142	452.01	236.52	225.1	553.5	451.03	142.61	131.07	2839.56	236.6	12
1967	233.57	113.05	24.5	87.5	71.51	397.52							927.65	154.6	6
1968			61.61	66.72	261.11	226.23	233.52	333.33	447.21	459.1	153.3	290.12	2532.25	253.2	10
1969	246.9	254.1	211.2	133.5	164.5	179.7	449	452.2	660.4	341.5	400	24.4	3517.4	293.1	12
1970	72.5	52.3	45.4	4.3	223.4	139.8	477.3	393.9	683.9	197.1	255.6	38.5	2584	215.3	12
1971	60.8	52.11	220.5	72.7	34.51	332.51	264.81	464.6	421.41	179.93	276.81	67.4	2448.09	204	12
1972	148.3	132.71	56.7	47.9	61.3	471.5	402.21	337.02	351.63	225.5	321.4	123.8	2679.97	223.3	12
1973	119.41	174.5	10.72	98.2	226.81	296.6	227.5	682	318.7	442.1	180.2	166	2942.74	245.2	12
1974	105.91	203.6	27.3	288.01	126.61	391.6	262.01	200.51	467.1	588.2	256	72.2	2989.05	249.1	12
1975	256.6	122.52	79.6	4.51	110	277	260.52	384.6	449.6	527.12	287.11	87	2846.18	237.2	12
1976	207.01	137.5	9.5	64.5	92	416.4	304	407	254.7	365.3	229.1	198.6	2685.61	223.8	12
1977	238.6	77.8	26.7	44.8	78.21	315	103.5	348.6	247.9	273.1	204.41		1958.62	178.1	11
MÍNIMA	33.53	1.52	9.5	4.3	34.51	139.8	103.5	149.52	180.51	123.01	44.2	24.4	927.65	154.6	6
MÁXIMA	256.6	254.1	234.1	288.01	379.51	471.5	477.3	682	683.9	849.01	482.51	379.92	3517.4	293.1	12
MEDIA	131.3	108.6	90.9	80.3	136.1	311.9	291.9	342.5	407.6	356.7	216.5	126.6	2490.2	217	11.4
DESV.ST	68.1	63.2	70.5	72.2	80.8	105.7	97.6	115.6	129.8	173.8	109.3	87.9	518.3	31	1.6

TEMPERATURA MÁXIMA PROMEDIO
AÑO	ENE	FEB	MAR	ABR	MAY	JUN	JUL	AGO	SEP	OCT	NOV	DIC	ACUM	PROM	MESES
1955		24.7												24.7	1
1956				31.8		28.2	29	29.9	29	28.6	26.6	27.5		28.8	8
1957	28.2	29.3	31.3	32.9	34	32.3	30.6	30.8	30.4	29.3	30.4	24.7		30.4	12
1958	22.8	27.2	30.6	32.4	31.2	31.4	30.6	31.2	30.8	29.3	29.5	25.5		29.4	12
1959	25.9	29.9	28.5	29.6	31.8	32.1	30.7	30.2	30.5	29.9	26.1	24.9		29.2	12
1960	27.8	26	28.4	30.8	32	30.7	30.5	31	29.6	30.9	29.3	26.1		29.4	12
1961	23.5	25.6	29.9	31.4	33.1	31	30.2	31.4	31.1	27.9	28.3	28.8		29.4	12
1962	25.3	30.5	30.4	30.3	31.5	31.4	30.1	30.6	30	29.1	26.7	25.5		29.3	12
1963	28.9	27.5	30.4	32.7	31.9	33	31.3	31.2	29.1	28.2	28.9	26.1		29.9	12
1964	25	27.2	31.2	33	32.4	30.6	30	31.7	30.9	27.5	27.5	26.5		29.5	12
1965	27.2	28.2	29.6	32.5	32.8	31.7	30.9	30.9	30.7	28.8	28.7	26.9		29.9	12
1966	25.5	27.1	28	32.6	32.2	30.6	31.4	31.3	30.9	29.3	26.9	26.1		29.3	12
1967	25.7	26.8	29.7	32	34.3	31.9								30.1	6
1968			28.3	33	33.5	32.4	31.7	31.5	31	29.9	28.6	26.5		30.6	10
1969	27.3	28.4	28.3	33.3	33.7	33.8	32.7	31.1	29.9	29.7	26.6	26.4		30.1	12
1970	25.3	25.1	29.7	33.6	32.3	33.2	31.5	32	30.8	29.9	26.3	28.4		29.8	12
1971	28	30.1	30.3	31.2	34.8	34.1	32.6	31.8	32.1	31.1	29	29.1		31.2	12
1973	26.6	27.6	32.8	32.2	33.2		32.5	30	32.1	29.1	29.8	25.2		30.1	11
1974	29	27.1	31.5	32.6	26.5									29.3	5
1975			31.7	34.6	35.5	34.2	33	33.1	30.1	28.7	28.1	26.6		31.6	10
1976	24.2	26.9	32.3	32	33.4	31.8	31.7	31.6	31.4	28.6	24.6	22.8		29.3	12
1977	24.8	25.3	30.4	30.2	33.3	32.1	31.9	32.4	31.8	29.1	33.8			30.5	11
MÍNIMA	22.8	24.7	28	29.6	26.5	28.2	29	29.9	29	27.5	24.6	22.8		24.7	1
MÁXIMA	29	30.5	32.8	34.6	35.5	34.2	33	33.1	32.1	31.1	33.8	29.1		31.6	12
MEDIA	26.2	27.4	30.2	32.1	32.7	31.9	31.2	31.2	30.6	29.2	28.2	26.3		29.6	10.5
DESV.ST	1.8	1.7	1.4	1.2	1.8	1.4	1.1	0.8	0.9	0.9	2	1.5		1.3	2.9

TEMPERATURA MÁXIMA EXTREMA
AÑO	ENE	FEB	MAR	ABR	MAY	JUN	JUL	AGO	SEP	OCT	NOV	DIC	ACUM	PROM	MESES
1955		30												30	1
1956				33.5		32	30	34	31	31	33	33		32.2	8
1957	31	33	39	37	39	36	34	32	34	34	34	30.5		34.5	12
1958	31	33	35	37	36	34	33	34	34	33	33	31		33.7	12
1959	31	33	34	34	35	34	33	33	34	33	32.5	31		33.1	12
1960	33	34	35	36	36	35	33	33	32.5	34	32.5	31		33.8	12
1961	31.5	31	34	36	37.5	34.5	33.5	33	34.5	32	33	34		33.7	12
1962	33	35	37	36	35.5	36	32.5	33	33.5	33	34	30.5		34.1	12
1963	34	34	35.5	36	36	36	34.5	34	33	32	34	33		34.3	12
1964	32.5	33	36	36.5	38	34.5	33	33	32	32	31	32		33.6	12
1965	32	34	34	36	36	36	33	34	32	33	33	33		33.8	12
1966	31	35	34	35	37	34	33	33	33	34	33	34		33.8	12
1967	33	34	34	37	39	37								35.7	6
1968			36	37	37	35	34	33	34	33	33	32		34.4	10
1969	32	31	36	38	38	37	35	34	33	33	31	31		34.1	12
1970	29	33	36	36	39	36	34	35	34	34	31	32		34.1	12
1971	32	35	35	37	38	37	36	35	36	34	33	32		35	12
1973	32	31	37	37	38		35	33	35	33	33	30		34	11
1974	31	33	36	36	32									33.6	5
1975			35	37	39	37	35	35	34	32	31	30		34.5	10
1976	31	35	35	35	37	35	34	34	33	33	31	29		33.5	12
1977	31	33	35	35	35	35	33	34	35	33	36			34.1	11
MÍNIMA	29	30	34	33.5	32	32	30	32	31	31	31	29		30	1
MÁXIMA	34	35	39	38	39	37	36	35	36	34	36	34		35.7	12
MEDIA	31.7	33.2	35.4	36.1	36.9	35.3	33.6	33.6	33.6	32.9	32.7	31.6		33.8	10.5
DESV.ST	1.1	1.5	1.3	1.1	1.8	1.3	1.3	0.8	1.2	0.8	1.3	1.4		1.1	2.9

TEMPERATURA MÍNIMA PROMEDIO
AÑO	ENE	FEB	MAR	ABR	MAY	JUN	JUL	AGO	SEP	OCT	NOV	DIC	ACUM	PROM	MESES
1955		16												16	1
1956				19.2		19.1	18.6	18.6	18.5	18.1	16	16.6		18.1	8
1957	14.3	15.9	18.1	19.2	19.9	20.1	19	18.7	18.9	17.7	16.8	14.6		17.8	12
1958	13.6	13.6	18.1	19.3	19.2	20.2	19.9	19.4	20.1	19	17.9	15.3		18	12
1959	14.5	16	16.4	18	19.6	20.1	19.7	18.6	20.1	18.4	16	14.6		17.7	12
1960	14.6	13.2	16.3	17.7	19.6	18.9	19.4	19.4	18.4	19	16.7	14.8		17.3	12
1961	14.5	14.7	17	20.4	20.4	19.9	18.9	19.3	19.6	17.6	17	16		17.9	12
1962	13.9	15.9	17.5	18.6	18.6	19.5	18.5	18.6	18.5	18.2	14.7	14.6		17.3	12
1963	14.5	14.5	17.7	18.8	19.7	20.1	19	19.3	19.3	18.2	16.9	13.5		17.6	12
1964	14.5	15.5	18.2	20	19.9	19.9	18.8	18.5	18.5	16.5	15.4	16.4		17.7	12
1965	14.6	15.3	16.5	17.5	19.2	19.7	18.8	18.7	18.6	17.9	16.9	15.7		17.4	12
1966	14.1	15.4	16.1	18.6	19.2	19.2	19.1	19.2	19.6	18.6	15.2	13.7		17.3	12
1967	13.7	14.1	15.8	17.7	19.8	19.6								16.8	6
1968			14.9	17.3	19.1	19.5	18.9	18.9	19	18	15	14.6		17.5	10
1969	14.7	16.5	16.9	19.8	20.6	20.5	19.9	20.1	20.1	19.7	17.2	15.6		18.5	12
1970	15.1	14.1	16.7	19.3	19.2	20.6	20.1	20	19.7	20.1	16.1	16.5		18.1	12
1971	15.9	16	17.3	18	20.3	20.2	19.3	19.4	20.1	19.4	18.4	17.3		18.5	12
1973	15.2	16.7	18.5	19.7	21		19.8	19.9	20.7	20.4	19.3	15.2		18.8	11
1974	17.4	16.2	19	19.5	15.4									17.5	5
1975			17.4	19.8	21	20.2	19.3	19.7	19.5	19	17.3	15.5		18.9	10
1976	14.4	14.3	17.3	18.5	19.4	18.7	18.5	18.4	18.5	18.3	17.4	15.6		17.4	12
1977	15.4	16.1	18.2	18.6	19.9	20.1	19.8	19	18.8	18.7	20.4			18.6	11
MÍNIMA	13.6	13.2	14.9	17.3	15.4	18.7	18.5	18.4	18.4	16.5	14.7	13.5		16	1
MÁXIMA	17.4	16.7	19	20.4	21	20.6	20.1	20.1	20.7	20.4	20.4	17.3		18.9	12
MEDIA	14.7	15.3	17.2	18.8	19.6	19.8	19.2	19.1	19.3	18.6	16.9	15.3		17.8	10.5
DESV.ST	0.9	1	1	0.9	1.2	0.5	0.5	0.5	0.7	0.9	1.4	1		0.7	2.9

TEMPERATURA MÍNIMA EXTREMA
AÑO	ENE	FEB	MAR	ABR	MAY	JUN	JUL	AGO	SEP	OCT	NOV	DIC	ACUM	PROM	MESES
1955		12												12	1
1956				19		17	17	17	17	15	12.5	11		15.7	8
1957	10.5	12	12	17	17	18	17	17	17	13	13	10		14.5	12
1958	8.5	9	14	14	15	19	18	17	18	15	15	11		14.5	12
1959	10	12	13	12	17	18	17	16	17	16	13	11		14.3	12
1960	9	8	12	10.5	14	16	17	18	16.5	17.5	13	12		13.6	12
1961	12.5	9.5	11.5	17.5	12.5	17	16	16.5	17	15	12	11		14	12
1962	9	11	12	14	15	17	16	17	17	15.5	11	12		13.9	12
1963	11	9	14	16	17	18	16	18	16	16	12	8		14.2	12
1964	10	13	14	17.5	17	18	17	17	17	12	12	13		14.8	12
1965	9	9	13	14	17	18	17	17	17	13	15	11		14.2	12
1966	10	10	12	15	17	17	17	17	17	14	12	8		13.8	12
1967	10	8	13	15	17	17								13.3	6
1968			10	14	17	18	17	16	15	13	10	10		14	10
1969	12	15	13	17	17	18	18	18	18	17	14	12		15.8	12
1970	13	9	10	17	13	20	18	18	18	19	12	14		15.1	12
1971	13	10	13	12	18	17	18	18	19	17	15	14		15.3	12
1973	10	13	14	16	18		18	18	20	19	16	11		15.7	11
1974	16	12	13	17	10									13.6	5
1975			14	18	19	19	18	18	17	16	11	11		16.1	10
1976	10	11	14	16	17	15	17	17	16	15	14	11		14.4	12
1977	11	11	15	14	17	19	17	17	18	13	19			15.5	11
MÍNIMA	8.5	8	10	10.5	10	15	16	16	15	12	10	8		12	1
MÁXIMA	16	15	15	19	19	20	18	18	20	19	19	14		16.1	12
MEDIA	10.8	10.7	12.8	15.4	16.1	17.7	17.2	17.2	17.2	15.3	13.2	11.2		14.5	10.5
DESV.ST	1.9	1.9	1.3	2.2	2.2	1.2	0.7	0.7	1.1	2	2.1	1.6		1	2.9

TEMPERATURA MEDIA MENSUAL
AÑO	ENE	FEB	MAR	ABR	MAY	JUN	JUL	AGO	SEP	OCT	NOV	DIC	ACUM	PROM	MESES
1955		20.4												20.4	1
1956				25.5		23.6	23.8	24.2	23.8	23.4	21.3	22		23.4	8
1957	21.2	22.6	24.7	26	27	26.2	24.8	24.8	24.6	23.5	23.6	19.6		24	12
1958	18.2	20.4	24.4	25.9	25.2	25.8	25.2	25.3	25.5	24.1	23.7	20.4		23.7	12
1959	20.2	23	22.4	23.8	25.7	26.1	25.2	24.4	25.3	24.1	21	19.8		23.4	12
1960	21.2	19.6	22.4	24.2	25.8	24.8	25	25.2	24	25	23	20.5		23.4	12
1961	19	20.1	23.4	25.9	26.8	25.4	24.5	25.4	25.4	22.8	22.6	22.4		23.6	12
1962	19.6	23.2	24	24.5	25	25.4	24.3	24.6	24.2	23.6	20.7	20		23.3	12
1963	21.7	21	24	25.8	25.8	26.6	25.1	25.2	24.2	23.2	22.9	19.8		23.8	12
1964	19.8	21.4	24.7	26.5	26.1	25.2	24.4	25.1	24.7	22	21.4	21.4		23.6	12
1965	20.9	21.8	23	25	26	25.7	24.9	24.8	24.6	23.4	22.8	21.3		23.7	12
1966	19.8	21.2	22	25.6	25.7	24.9	25.2	25.2	25.2	24	21	19.9		23.3	12
1967	19.7	20.4	22.8	24.9	27	25.8								23.4	6
1968			21.6	25.1	26.3	26	25.3	25.2	25	24	21.8	20.6		24.1	10
1969	21	22.4	22.6	26.5	27.2	27.1	26.3	25.6	25	24.7	21.9	21		24.3	12
1970	20.2	19.6	23.2	26.5	25.8	26.9	25.8	26	25.2	25	21.2	22.4		24	12
1971	22	23	23.8	24.6	27.5	27.1	26	25.6	26.1	25.2	23.7	23.2		24.8	12
1973	20.9	22.1	25.6	26	27.1		26.1	25	26.4	24.8	24.6	20.2		24.4	11
1974	23.2	21.6	25.2	26	21									23.4	5
1975			24.5	27.2	28.2	27.2	26.1	26.4	24.8	23.9	22.7	21		25.2	10
1976	19.3	20.6	24.8	25.2	26.4	25.2	25.1	25	25	23.5	21	19.2		23.4	12
1977	20.1	20.7	24.3	24.4	26.6	26.1	25.9	25.7	25.3	23.9	27.1			24.6	11
MÍNIMA	18.2	19.6	21.6	23.8	21	23.6	23.8	24.2	23.8	22	20.7	19.2		20.4	1
MÁXIMA	23.2	23.2	25.6	27.2	28.2	27.2	26.3	26.4	26.4	25.2	27.1	23.2		25.2	12
MEDIA	20.4	21.3	23.7	25.5	26.1	25.8	25.2	25.2	25	23.9	22.5	20.8		23.7	10.5
DESV.ST	1.2	1.2	1.1	0.9	1.4	0.9	0.7	0.5	0.7	0.8	1.6	1.1		0.9	2.9
