COMISIÓN NACIONAL DEL AGUA
COORDINACIÓN GENERAL DEL SERVICIO METEOROLÓGICO NACIONAL
BASE DE DATOS CLIMATOLÓGICA NACIONAL 

ESTADÍSTICA MENSUAL
EMISIÓN   : 25/10/2024 

DATOS DISPONIBLES EN LA BASE DE DATOS A: OCTOBER DE 2024; 
CON LA INFORMACIÓN SUMINISTRADA POR LAS UNIDADES ADMINISTRATIVAS 

 ESTACIÓN  : 7365 
 NOMBRE    : OCOTEPEC 
 ESTADO    : CHIAPAS 
 MUNICIPIO : OCOTEPEC 
 SITUACIÓN : OPERANDO 
 CVE-OMM   :   
 LATITUD   : 17.2225 ° 
 LONGITUD  : -93.17444444 ° 
 ALTITUD   : 1460 msnm 


LLUVIA MÁXIMA 24 H.
AÑO	ENE	FEB	MAR	ABR	MAY	JUN	JUL	AGO	SEP	OCT	NOV	DIC	ACUM	PROM	MESES
1983			3.9										3.9	3.9	1
1984										5.4	82.5	106.5	194.4	64.8	3
1985	58	70	4	11	16.5	0	0	40.6	50.5	60	68.5	60.6	439.7	36.6	12
1986	30.9	17	43.8	10	70.8	14	26.5	25.4	34.4	40.9	40.5	15	369.2	30.8	12
1987	25.6	23.8		13	20.8	48.5	48.5	32.5	41.2	119.5	116.5	120.5	610.4	55.5	11
1988	25.6	23.8	76.3	13	20.8	48.5	48.5	32.5	41.2	119.5	116.5	120.5	686.7	57.2	12
1989	89.5	91.5	69.5	64.8	55.5	169.4	48.5	23.5	129.4	225.9	140	250.9	1358.4	113.2	12
1990	40.5	68.9	60.1	26.5	41.3	77.5	84.5	67.5	90.5	160	211	645	1573.3	131.1	12
1991					33.2	82.2	35.2	57.2	115.5	78.5	162.5	112.5	676.8	84.6	8
1992	60.3	35.4	41.5	28.6	34.5	80.5	69.5	82.5	115.3		89.5	65.2	702.8	63.9	11
1993	120.3	91.7	85.3	98.5	67.5	207.1	47.2	67.5	114.5	116.7	129.5	81.2	1227	102.2	12
1994	179.5	213.5	203.6	110.5	61.4	61	80.5	114.5	54.9	175.5	18.2	12.2	1285.3	107.1	12
1995	80	55.2	34.5	184.2	46.2	90.4	61.2	64.5	108.5	180.2	29.2	119.5	1053.6	87.8	12
1996	185.2	185.6	125.2	125.4	52.3	45.5	83.2	82.3	123.1	120.1	153.9	95.4	1377.2	114.8	12
1997	63.4	80.2	61.5	85.7	62.5	46.5	128.5	40.4	45.5	261.5	149.4	67.1	1092.2	91	12
1998	25.4	39.5	7.5	20.5	0	81.5	61.5	64.5	65.3	217.3	68.5	108.2	759.7	63.3	12
1999	145.5	149.1	46.6	50.1	27.5	88.5	58.5	149.2	165.4	164.5	158.2	44.5	1247.6	104	12
2000	128.2	48.1	10.5	43.1	105.2	72.4	70.3	141.5	285.3	140.2	44.5	187.1	1276.4	106.4	12
2001	28.2	82.3	38.2	101.5	101.5	13.1	35.5	54.6	87.3	89.3	115.3	118.4	865.2	72.1	12
2002	110.5	220.3	160.2	6.5	192.4	46.9	32.3	36.1	85.4	43.5	168.5	189.4	1292	107.7	12
2003	58.4	26.5	160.5	98.5	70.3	30.4	76.5	41.3	42.3	125.4	180.3	159.2	1069.6	89.1	12
2004	146.2	57.4	81.2	35.4	160.5	53.3	50.3	18.9	29.7	38.1	260.5	62	993.5	82.8	12
2005	34.5	38.2	40.2	17.2	9.3	45.3	45.4	63.2	56.2	82.7	72.3	173.4	677.9	56.5	12
2006	100.1	163.9	86.5	17.4	81.5	53.4	66.5	49.5	31.7	98.2	74.5	112.6	935.8	78	12
2007	161.5	35.6	107.6	46.3	36.3	59.8	48.5	141.5	57.3	287.8	66.3	27.7	1076.2	89.7	12
2008	102.3	166.7	61.3	82.4	165.6	163.1	40.5	42.5	168.6	87.4	163.5	27	1270.9	105.9	12
2009	208.5	68.7	114.3	130.1	35.3	80.2	33.5	67.9	35.3	135.4	125.3	85.5	1120	93.3	12
2010	167.5	78.3	68.7	55.3	78.9	168.3	97.8	169.6	197.8	140.7	169.7	87.3	1479.9	123.3	12
2011	50.3	101.6	160.5	129.7	93.2	91.3	58.7	87.5	48.9	194.3	304.5		1320.5	120	11
2012				48.3	121.8	22.4	37.5	164.5	76.3	16.3	9.4	205.6	702.1	78	9
2013	130.8	9.5	25.5	220.5	29.9	45.4	60.4	65.4	53.4	88.4	121.1	101.5	951.8	79.3	12
2014	245.5	13.5	41.6	187.5	95.7	65.3	38.5	45.5	62.3	179.3	263.2	51.3	1289.2	107.4	12
2015	55.9	94.1	86.1	62.8	34.5	43.8	14.2	64.2	137.6	160.7	248.8	278.5	1281.2	106.8	12
2016	69.7	92.7	82.8	56.3	52.8	85.4	63.4	194.4	38.7	42.4	105.6	60.2	944.4	78.7	12
2017	200.3	29.3	80.3	168.4	57.4	180.2	40.1	57.5	135.5	139.5	180.3	55.5	1324.3	110.4	12
2018										45.5	189.5	40.5	275.5	91.8	3
2019	101.4	130.5	77.5	61.5	50.4	85.4	25.4	25.5	47.5	95.4	195.8	120.7	1017	84.8	12
2020	80.4	97.5	62.5	5.3	109.3	120.4	45.3	38.4	160.5	215.5	208.5	190.5	1334.1	111.2	12
2021	56.3	82.4	91.5	51.3	45.4	45.5	21.1						393.5	56.2	7
MÍNIMA	25.4	9.5	3.9	5.3	0	0	0	18.9	29.7	5.4	9.4	12.2	3.9	3.9	1
MÁXIMA	245.5	220.3	203.6	220.5	192.4	207.1	128.5	194.4	285.3	287.8	304.5	645	1573.3	131.1	12
MEDIA	99	81.8	73.6	70.5	64.9	75.3	52.3	71.8	89.5	124.8	135.2	121.1	962.8	85.7	10.9
DESV.ST	60.4	56.9	47.5	57.3	44.3	49	24.6	46	57.4	68.6	72	110.3	387	27.3	2.7

LLUVIA TOTAL MENSUAL
AÑO	ENE	FEB	MAR	ABR	MAY	JUN	JUL	AGO	SEP	OCT	NOV	DIC	ACUM	PROM	MESES
1983			4.8										4.8	4.8	1
1984										11.1	352.8	157.2	521.1	173.7	3
1985	158.4	187.8	8.8	27.5	50.1	0	0	207.6	256.5	169.9	117.7	205.3	1389.6	115.8	12
1986	185.6	351	121.8	20.8	245.9	86	109.6	108.5	193.5	166.3	155.7	363	2107.7	175.6	12
1987	131.7	63		20.8	26.9	263.7	383.37	148.56	309.72	578.36	342.54	197.97	2466.62	224.2	11
1988	131.7	63	199.44	20.8	26.9	263.7	383.3	148.4	309.6	578.2	342.3	197.7	2665.04	222.1	12
1989	184.5	257.7	178.5	132.6	137.9	378.7	125.5	133.2	958.2	964.3	428	774.5	4653.6	387.8	12
1990	126.7	250	152.5	37.7	163.5	218.8	346.6	166.9	432.4	824.1	636.7	1166.8	4522.7	376.9	12
1991					89.4	371.5	141.5	190.6	484.6	268.8	571.6	467.5	2585.5	323.2	8
1992	400.3	104.3	101.3	56.6	119.2	407.1	257.9	387.9	618.8		588.6	128.4	3170.4	288.2	11
1993	479.7	216.2	192.4	247	162	830.4	161.5	474.4	552.2	685.2	439.5	271.4	4711.9	392.7	12
1994	708.5	441.4	442.1	250	169.2	170.9	214.5	580.1	249.2	741	63.9	64.6	4095.4	341.3	12
1995	177	184.3	52.3	300.4	83.5	386.4	294.6	364.2	653.5	627.9	93.5	391.8	3609.4	300.8	12
1996	497.5	417.1	249.7	252.1	137.2	226.6	479	402.4	353.8	572.7	745.8	126.6	4460.5	371.7	12
1997	128.4	349	116	174.1	173.4	226.2	368.2	153	302.3	780.7	529.8	266	3567.1	297.3	12
1998	70.5	59.8	18.3	59.1	0	216.7	421	216.1	344.4	830.1	228.6	263.6	2728.2	227.3	12
1999	284	324.2	73	152.7	85.7	260.3	126.6	418.3	655.5	1034.3	322.7	189.5	3926.8	327.2	12
2000	283.3	108.4	17.7	123.7	390.4	420	209.6	513.3	1043	401.7	151.9	474.7	4137.7	344.8	12
2001	75.5	343.1	78.6	286	289.7	58.4	126.3	281.6	716.8	499.6	222	258.8	3236.4	269.7	12
2002	324.8	648.3	393.2	10.8	296	241.2	148.6	143.2	438.3	119.3	615	507.5	3886.2	323.9	12
2003	109	58.1	316.7	111.3	293.7	263.5	234.7	135.4	242.1	490.7	745.9	526.8	3527.9	294	12
2004	518.8	159.5	157.2	103.5	369	291.5	150.9	68.9	260.8	154	624	184.6	3042.7	253.6	12
2005	91.4	90.4	79.9	85.6	35.2	241.8	227.3	336.7	285	276.9	221.2	352.5	2323.9	193.7	12
2006	459.5	463.7	152.8	50.3	361.6	302.1	216.9	247.8	196.6	576.2	220.3	304.2	3552	296	12
2007	470.7	140	166.8	98.8	71.6	335	322.6	478.7	296.5	1288.4	148.1	47.9	3865.1	322.1	12
2008	326.7	377.2	231.1	258.5	331	298.4	278.5	253.3	811.2	409.6	392.6	83.2	4051.3	337.6	12
2009	349.5	111.8	200	274.1	144.2	369.6	164.8	345.7	143.8	234.5	705.9	195.9	3239.8	270	12
2010	390.8	242	179.1	142.8	117.6	669.9	499.8	782.7	764.7	183	756.9	187.8	4917.1	409.8	12
2011	187.6	248.3	295.7	153.8	251.5	558.4	373	489.7	409.3	1005.6	524.4		4497.3	408.8	11
2012				116.2	301.8	174.6	147	649.5	215.3	82.1	14	344.6	2045.1	227.2	9
2013	543.9	27.9	87.6	257.9	111.4	288.5	256.6	332	372.6	317.95	778.4	566.5	3941.25	328.4	12
2014	885.4	32.5	122.7	489.8	532.1	243.2	130.9	227.6	376	715.3	759.7	65.7	4580.9	381.7	12
2015	338.9	216.3	236.7	161.2	85.8	195.6	47.2	312.7	668.5	628.3	465.1	835	4191.3	349.3	12
2016	366.1	255.7	122.7	72.6	129.9	336.6	149	359.3	145.1	107.4	368.01	133	2545.41	212.1	12
2017	313	40.9	91	221.1	228.5	430.3	148.8	173	365.8	638.3	319.3	155.9	3125.9	260.5	12
2018										194.6	513.5	90.4	798.5	266.2	3
2019	320.1	253.4	308.8	90	169	179.3	85.1	120	130.6	379	497.5	351	2883.8	240.3	12
2020	193.2	280.7	78.1	5.3	358.5	719.8	217.6	306.6	647.8	711.9	1362	445.5	5327	443.9	12
2021	247.82	186.1	168.7	120.5	139.7	233.2	64.7						1160.72	165.8	7
MÍNIMA	70.5	27.9	4.8	5.3	0	0	0	68.9	130.6	11.1	14	47.9	4.8	4.8	1
MÁXIMA	885.4	648.3	442.1	489.8	532.1	830.4	499.8	782.7	1043	1288.4	1362	1166.8	5327	443.9	12
MEDIA	307.7	222.2	158.7	142.5	185.5	309.9	222.6	304.5	434.4	506.9	442.3	315.1	3232.4	285.9	10.9
DESV.ST	187.3	145.4	105.7	108.1	124.4	171	122.8	168.3	236.2	312.3	270.7	238.8	1262.2	89.4	2.7

EVAPORACIÓN MENSUAL
AÑO	ENE	FEB	MAR	ABR	MAY	JUN	JUL	AGO	SEP	OCT	NOV	DIC	ACUM	PROM	MESES
1984										62.85	89.4		152.25	76.1	2
1985	80.38	84.33	102.29	112.24						90.75	80.52	69.85	620.36	88.6	7
1986	54.79	50.66	57.18	52.15	76.83	86				57.21	82.86	94.32	612	68	9
1987	129.17	42.24		55.46	45.05	124.24		97.65			90.08	85.69	669.58	83.7	8
1988	129.17	42.24	85.7	55.46	45.05	124.24		97.65	68.13	71.14	90.08	85.69	894.55	81.3	11
1989	100.67	86.27	113.54	108.6	93.5	70.25	84.62	67.59	67.71	68.9	57.73	72.96	992.34	82.7	12
1990	81.46	79.88	75.45	102.8	100.48	66.39	77.97	71.42	72.23	68.2		62.47	858.75	78.1	11
1991					86.87	97.63	89.47	108.97	83.54	68.89	72.44	85.43	693.24	86.7	8
1992	72.59	67.06	83.98	93.32	91.29	90.44	61.27	89.24	84.49		78.86	53.44	865.98	78.7	11
1993	59.57	60.17	74.57	63.51	51.98	68.75	82.39	85.95	68.95	78.6	68.6	93.66	856.7	71.4	12
1994	79.29	80.05	98.02	96.66	91.07	85.36	101.47	141.81	114.12	104.17	71.64	82.56	1146.22	95.5	12
1995	89.06	73.76	112.3	109.68	116.94	111.2	117.7	109.97	91.07	102.41	100	92.94	1227.03	102.3	12
1996	90.9	91.31	130	98.68	139.82	123.74	130.49	122.15	106.73	112.21	99.44	106.19	1351.66	112.6	12
1997	75.38	88.89	138.8	134.01	128.8	133.28	133.56	131.34	94.45	93.64	105.54	86.71	1344.4	112	12
1998	110.86	93.39	121.66	129.49	142.67	142.43	116.83	126.18	123.97	111.6	120.48	107.02	1446.58	120.5	12
1999	106.72	113.47	119.99	115.56	126.41	75.03	88.52	81.95	98.01	73.98	52.46	67.34	1119.44	93.3	12
2000	83.18	99.78	108.34	137.72	85.02	106.93	117.74	95.71	80.31	68.57	84.34	70.8	1138.44	94.9	12
2004					91.66	87.1	60.69	86.3	69.95	93.56	36.99	95.08	621.33	77.7	8
2005	64.04	78.72	125.27	100.93									368.96	92.2	4
2007					121.72	109.85	95.6				76.61	66.93	470.71	94.1	5
2008	71.33	73.97	105.77	111.46	139.39	76.5	95.06	78.64	72.15	70.56	53.17	60.27	1008.27	84	12
2009	64.43	53.39	31.78									66.49	216.09	54	4
2010	52.97	58.95	99.98	96.93	100.55	62.67	38.11	69.35	40.16	61.17	60.69	70.41	811.94	67.7	12
2011	62.85	78.01	78.64	94.59	52.3	31.86	44.16	26.59	17.84	35.85	38.02		560.71	51	11
2012	3.52			111.44	69.28	65.89	114.13	88.81	57.25	59.85	53.75	65.29	689.21	68.9	10
2013	41.03	65.42	78.1	115.47	100.67	95.02	71.84	65.5	55.2	53.26	39.8	45.35	826.66	68.9	12
2014	42.67	49.81	65.15	102.43	80.93	77.1	98.09	89.55	67.68				673.41	74.8	9
2019										68.95	70.53	72.94	212.42	70.8	3
2020	56.48	71.04	85.33	96.54	85.31	44.18	75.36	54.43	47.57	43.62	38.44	57.65	755.95	63	12
2021	53.72	67.26	95.94	66.97	68.72	57.15	72.19						481.95	68.8	7
MÍNIMA	3.52	42.24	31.78	52.15	45.05	31.86	38.11	26.59	17.84	35.85	36.99	45.35	152.25	51	2
MÁXIMA	129.17	113.47	138.8	137.72	142.67	142.43	133.56	141.81	123.97	112.21	120.48	107.02	1446.58	120.5	12
MEDIA	74.2	72.9	95.1	98.4	93.3	88.5	89.4	90.3	75.3	74.8	72.5	76.7	789.6	82.1	9.5
DESV.ST	28.2	18.2	25.6	24	29.2	28.3	26	26.8	25	20.7	22.7	16.2	340	16.5	3.2

TEMPERATURA MÁXIMA PROMEDIO
AÑO	ENE	FEB	MAR	ABR	MAY	JUN	JUL	AGO	SEP	OCT	NOV	DIC	ACUM	PROM	MESES
1983			25.6											25.6	1
1984										26.9	26.8	24		25.9	3
1985	21.1	23	25.2	25.4	24.9			22.2	23.6	25.9	26.2	22.9		24	10
1986	21	24.7	22.8	25.1	25.4	24.2	23.3	23.4	23.9	23.3	23.5	23.1		23.6	12
1987	21.7	17.8		20.7	29.2	28.1	29.3	23.5	24.7	18.1	19.3	25.8		23.5	11
1988	21.6	17.9	25.2	20.7	29.2	28.1	29.3	23.5	24.7	18.1	19.4	25.8		23.6	12
1989	25.1	23.1	25.2	27.1	27.4	25.1	27.3	26.2	24.4	23.8	25.9	21.8		25.2	12
1990	25.3	23.2	25.9	31.1	29.1	27.7	27.3	26.9	28.8	27.1	26.5	27.7		27.2	12
1991					29.6	28.3	28.4	30.1	28.2	27.2	25.2	22.8		27.5	8
1992	24.6	27.1	29.9	30.6	28.2	30	29.5	29.9	29.1		28.1	28.5		28.7	11
1993	28.1	28.6	29.4	30	28	29.6	29.6	29	28.3	29.6	28.9	27.3		28.9	12
1994	27	27.4	29.8	28.9	26.5	26.7	25.9	26.1	24.2	26.1	24.2	22.8		26.3	12
1995	23.9	23.8	26.1	28.4	29	26.8	26.7	26	23.6	24.6	25	24		25.7	12
1996	22.3	23.5	26.1	28	26.8	25.4	25.5	25.1	25.4	24.6	23.9	23.3		25	12
1997	23	23	25.6	26.8	26	25.4	25.2	25.2	24.8	25.4	24.9	23.6		24.9	12
1998	24	25.5	26	28.2	30	27.7	25.4	25.5	26.3	23.5	22.8	22.1		25.6	12
1999	23.4	24.2	25.6	28.6	27.8	23.8	23.2	23.4	22.6	20.4	18.2	20.4		23.5	12
2000	21	20.8	24.4	25.1	25	23.7	24.1	22.7	22.9	21.1	22.6	19.2		22.7	12
2001	20	21.2	23.5	24.3	23.1	24.8	24	23.5	22.8	21.8	21.6	21		22.6	12
2002	20.9	19.5	22.5	24	24.8	24.5	23.7	24.1	23.9	23.4	20.5	21.4		22.8	12
2003	18.2	22.4	24.8	26	26.6	24.5	23.5	23.9	23.9	22.4	20.9	19.2		23	12
2004	21.2	22.7	21.8	23.4	23.2	23.6	23.9	23.9	24.9	25	20.2	18		22.6	12
2005	16.8	17.6	24.7	24.5	26.3	26.5	25	25.1	23.9	20.9	20.8	22.3		22.9	12
2006	21.1	23.7	24.3	26.4	25.6	24.3	25.4	25.8	25.5	24.8	22.4	21.8		24.3	12
2007	22.4	24.6	26	26.6	26	26	25.7	25.5	25.1	22.1	23	24.6		24.8	12
2008	23.8	26.2	24.9	27.1	28.7	25.2	24.8	25	24.9	23.3	23.1	23.4		25	12
2009	23.1	23.6	23.9	26.8	26.5	25.8	27	26.5	25.8	26.1	21.1	23.7		25	12
2010	20.9	23.9	26.4	28.3	28.2	27.1	26.1	25.1	24.5	23.4	22.7	23.7		25	12
2011	24.1	24.1	25.2	28.1	28.2	24.8	24	24.5	23.4	22.6	23.7			24.8	11
2012				26.1	25.5	24.7	24.8	24.7	24.1	24.2	22.9	24.3		24.6	9
2013	19.2	25.4	23.6	27.4	27.3	25.7	24.1	23.9	23.4		21.3	21.5		23.9	11
2014	20.4	23.8	25.8	25.7	23.6	24.2	26	26.3	24.8	24.2	23.1	23		24.2	12
2015	20.4	23.2	23.6	27.7	27.1	25.5	25.2	26.3	24.6	25.1	25.8	25.1		25	12
2016	22.7	21.9	27.4	27.2	27.1	25.2	25.2	25.4	25.4	25.3	21.9	23.4		24.8	12
2017	23.3	25.4	25.4	26.6	27.5	24.7	25.4	25.7	25	24.9	24	21.7		25	12
2018										25.2	23.7	22.2		23.7	3
2019	22.3	25.3	25.2	27.2	28.5	25.8	25.5	26	25.2	24.1	21.9	21.7		24.9	12
2020	22.7	23.7	25.3	24.8	22.2	21.2	21.7	21.2	19.7	18.8	17.8	16		21.3	12
2021	16.3	16.5	17.3	19.1	20.2	20.6	20.3							18.6	7
MÍNIMA	16.3	16.5	17.3	19.1	20.2	20.6	20.3	21.2	19.7	18.1	17.8	16		18.6	1
MÁXIMA	28.1	28.6	29.9	31.1	30	30	29.6	30.1	29.1	29.6	28.9	28.5		28.9	12
MEDIA	22.1	23.2	25.1	26.3	26.6	25.6	25.5	25.2	24.8	23.8	23.1	22.9		24.5	10.8
DESV.ST	2.5	2.8	2.3	2.6	2.2	2	2.1	1.9	1.8	2.6	2.6	2.5		1.9	2.7

TEMPERATURA MÁXIMA EXTREMA
AÑO	ENE	FEB	MAR	ABR	MAY	JUN	JUL	AGO	SEP	OCT	NOV	DIC	ACUM	PROM	MESES
1983			29											29	1
1984										30	29.5	28.5		29.3	3
1985	28	27	27.5	29.5	29			25.5	26.5	33.5	28.5	28.8		28.4	10
1986	26.5	30	29	28	29.5	26.5	26.5	26.5	27	25.5	26.5	26.5		27.3	12
1987	26.5	25		24.5	35.5	29.5	33.5	29.7	28.9	20.6	23.7	29.9		27.9	11
1988	26.5	25	27.5	24.5	35.5	29.5	33.5	29.7	28.9	20.6	23.7	29.9		27.9	12
1989	30	28	39	31	32.5	30	31	30.5	30	29.5	29.5	28.5		30.8	12
1990	30	29.5	30.9	39	35.1	33.1	29.8	31.7	31.9	32	30.5	30		32	12
1991					32.5	30.5	32	32.5	31.5	30.5	31	29		31.2	8
1992	30	33	33	34.5	32.5	33.5	32.5	33.5	32.5		32.5	33		32.8	11
1993	32.5	35	38	38	35	38	35	32.5	32	35	33	31		34.6	12
1994	31.5	33	34	34	30.5	30.5	29.5	30.5	26	29	29.8	28.5		30.6	12
1995	29	32	31.5	31.5	33	32	33.5	30.5	27.5	28.5	29.5	28		30.5	12
1996	27	28	35	34	31	31	30.5	33.5	30.5	29.5	30	28		30.7	12
1997	29.5	27	30.5	32	31.5	29.5	27.5	28.5	27.5	29.5	28.5	30.5		29.3	12
1998	29.5	30	31.5	34	35	33.5	29.5	27.5	30	26.5	27.5	26.5		30.1	12
1999	27.5	27.5	29.5	33.5	32.5	29.5	26.5	26.5	27.5	25	25	26.5		28.1	12
2000	26.5	26.5	31.5	31.5	29.5	26.5	26.5	25	28.5	26.5	26.5	24		27.4	12
2001	27.5	26	30.5	30.5	28	28.5	26.5	26.5	26.5	26	26.5	26.5		27.5	12
2002	26.5	25	27.5	29.5	29.5	27.5	26.5	27.5	28.5	27.5	27.5	27.5		27.5	12
2003	25	28.5	30.5	35.5	33.5	29	26.5	26.5	29.5	26.5	26.5	25		28.5	12
2004	26.5	29	29.5	30.5	29.5	28.5	26.5	26.5	29.5	29.5	26.5	22		27.8	12
2005	22	23	31.5	32.5	31.5	31.5	27.5	27.5	27	26	27	29		28	12
2006	28	27.5	30.5	30.5	31.5	28	28.5	28	30.5	31.5	27.5	29.5		29.3	12
2007	29	33	32	32	30.5	29	29	29	28	28	27	28		29.5	12
2008	29.5	30.5	30.5	32.5	33.5	28	27	27	28	26	28	28		29	12
2009	28	29	29	32.5	31.5	31.5	29	29	30.5	29	28	29		29.7	12
2010	30.5	28	31.5	33.5	32.5	32.5	30	30	29	29	31.5	30.5		30.7	12
2011	30.5	30.5	31.5	31.5	31.5	29	27	27	27	27	29			29.2	11
2012				32.5	30	28	27	28	27	30	30	29		29.1	9
2013	28	30.5	30.5	32.5	30	29	26	28	27		28	29		29	11
2014	28	28	30	37	30.5	27	29	29	29	29	30.5	30.5		29.8	12
2015	29	30	30.5	30.5	30	29	29	29	28	29	28	30		29.3	12
2016	29	29	33.5	33.5	31.5	28	28	28	29	29	29	29		29.7	12
2017	30.5	30	30.5	32.5	32.5	29	29	28	30.5	30.5	28	28		29.9	12
2018										29	30.5	29		29.5	3
2019	28	32.5	30.5	30.5	31.5	30.5	28	30.5	29	30.5	27	27		29.6	12
2020	27	30.5	30.5	32	27	27	24	32	23	21	22	19		26.2	12
2021	20	19	19	21	25	23	29							22.3	7
MÍNIMA	20	19	19	21	25	23	24	25	23	20.6	22	19		22.3	1
MÁXIMA	32.5	35	39	39	35.5	38	35	33.5	32.5	35	33	33		34.6	12
MEDIA	28	28.7	30.8	31.8	31.4	29.6	28.9	28.9	28.7	28.2	28.2	28.1		29.2	10.8
DESV.ST	2.5	3.2	3.3	3.5	2.3	2.6	2.6	2.2	2	3.2	2.4	2.6		2	2.7

TEMPERATURA MÍNIMA PROMEDIO
AÑO	ENE	FEB	MAR	ABR	MAY	JUN	JUL	AGO	SEP	OCT	NOV	DIC	ACUM	PROM	MESES
1983			14.6											14.6	1
1984										14.8	11.4	12.5		12.9	3
1985	11.5	12.3	14.9	14.2	13.7			14.8	14.8	14.4	13.9	12.5		13.7	10
1986	10.9	12.5	12.1	13.7	15.7	15.6	15	15.4	15.3	14.3	12.9	11.7		13.8	12
1987	9.5	11.7		14.8	14.3	16.2	15.8	16.1	15.4	12.4	12.1	12.8		13.7	11
1988	9.8	11.8	12.4	14.8	14.3	16.2	15.8	16.1	16	12.4	12.1	12.8		13.7	12
1989	11.5	10.2	11.2	14.1	15.8	16.6	15.3	15.3	15.4	13.7	13.3	11.1		13.6	12
1990	10.7	11.8	11.3	14.6	14.2	14.7	14.1	13	12.7	12.2	12.5	11.2		12.8	12
1991					16.2	15.9	15.1	14.9	15.1	14.2	12.9	10.9		14.4	8
1992	10.2	11.4	13.9	14.6	13.7	15.3	14.5	14.4	14.8		13.7	12		13.5	11
1993	12.4	13	11.4	13.1	13.2	14.3	14	14.7	14.4	14.9	14	12		13.4	12
1994	11	11.9	12.7	15.4	15.6	15.6	15.2	15.5	15.5	15.3	13.7	12.2		14.1	12
1995	11.7	11.7	13.2	15.1	16.4	16.2	15.5	16	15.3	15.1	13.3	12.5		14.3	12
1996	8.6	11.6	13	14.6	15.1	15.9	15.7	15.3	16.3	15	13.7	12		13.9	12
1997	11	12.5	14.5	15.4	15.5	15.6	15.3	15.1	15.3	14.5	14.5	11.1		14.2	12
1998	12.1	12.5	13	15.2	15.7	16.6	15.4	15.3	15.3	15.5	14.2	11.9		14.4	12
1999	11	11.6	12.4	15.3	16.2	15.8	15.8	15.7	16.4	14.5	12.6	11.6		14.1	12
2000	10.8	11.7	14.1	14.7	16.3	15.7	14.8	14.7	15.2	13.9	14.3	11.1		13.9	12
2001	10.5	12.3	12.8	14.5	14.5	16	15.5	15.6	15.4	14.5	12.9	12.8		13.9	12
2002	11.6	11.7	13.7	14.5	15.6	16.4	15.6	15.8	16.3	15.2	13.4	12.6		14.4	12
2003	10.7	12	14.3	14.3	16.8	16.4	15	15.6	15.6	14.7	13.6	10.2		14.1	12
2004	12.5	11.9	13.3	14	15	15.7	15.4	15.3	16.1	16.3	13.8	12.5		14.3	12
2005	11.2	13.4	15.5	14.7	15.8	16.2	15.6	15.7	15.2	13.5	11.8	12.3		14.2	12
2006	10.3	11.2	12.3	14.4	15.4	15.2	15.1	15	15	15.6	11.9	11.7		13.6	12
2007	10.5	11	11.7	14.5	15	15.4	15.2	15.2	15	12.8	11.7	10.5		13.2	12
2008	10.1	12.7	12.4	14.3	16.2	15.3	15	14.8	15.1	13.2	10.7	10.8		13.4	12
2009	10	10.9	12.1	14.6	15.4	15.4	15.7	15.1	15.8	15.1	11.6	12.8		13.7	12
2010	10.5	11.7	12.6	15.7	16.2	16.2	16.1	16	15.6	12.6	11.9	9.7		13.7	12
2011	11.6	11.9	12.7	15.3	15.7	15.6	15.4	15.3	15.6	13.1	12.4			14.1	11
2012				13.7	15.1	16.1	15.3	14.9	15	14.5	11.5	11.5		14.2	9
2013	11.5	12.6	12.3	15.1	16.1	15.6	14.8	14.7	16		13.4	12.3		14	11
2014	10.1	12.2	13.5	14.5	14.6	15.6	15.3	15	15.3	14.9	12.7	11.9		13.8	12
2015	11.4	11.5	12.5	15.5	15.1	15.3	14.9	15	15.3	14.9	14.9	13.6		14.2	12
2016	14.1	11.3	14.6	15.7	16	15.8	15.7	15.6	15.2	13.8	12.6	13.2		14.5	12
2017	11.4	13.2	12.8	15.2	14.9	15.5	15	15	15.8	14.5	12.5	11.1		13.9	12
2018										14.9	14.7	11.9		13.8	3
2019	11.8	13.4	13.7	15.1	16.1	15.8	15.5	15.7	15.7	15.1	12.9	12.1		14.4	12
2020	12.2	12.4	13.9	15.8	15.9	15.3	15.8	14.9	14.9	13.6	10.7	10.5		13.8	12
2021	11.9	11.9	13.2	14.7	14.5	15.2	15.3							13.8	7
MÍNIMA	8.6	10.2	11.2	13.1	13.2	14.3	14	13	12.7	12.2	10.7	9.7		12.8	1
MÁXIMA	14.1	13.4	15.5	15.8	16.8	16.6	16.1	16.1	16.4	16.3	14.9	13.6		14.6	12
MEDIA	11.1	12	13.1	14.7	15.3	15.7	15.3	15.2	15.3	14.3	12.9	11.8		13.9	10.8
DESV.ST	1	0.7	1.1	0.6	0.9	0.5	0.5	0.6	0.7	1	1.1	0.9		0.4	2.7

TEMPERATURA MÍNIMA EXTREMA
AÑO	ENE	FEB	MAR	ABR	MAY	JUN	JUL	AGO	SEP	OCT	NOV	DIC	ACUM	PROM	MESES
1983			8.5											8.5	1
1984										13.5	8.5	6.5		9.5	3
1985	5	8	12	11.5	10.5			10.5	10.5	11.5	10.5	9.5		9.9	10
1986	5.1	8.5	6	10	12	13.5	12.5	11.5	12	10.5	8	7		9.7	12
1987	0	6.5		10	10.5	11.5	10.5	14.4	2.07	10	8.9	5.6		8.2	11
1988	5	6.5	7.5	10	10.5	11.5	10.5	14.4	13.4	10	5.5	5.6		9.2	12
1989	4.5	3.5	2.5	11.5	13	13	13	12.5	11.5	10.5	10.5	3.5		9.1	12
1990	5.5	7.5	7.2	10.3	10.9	11.4	10.3	9.7	6.7	3.5	7	8		8.2	12
1991					13.5	13	12.5	12.5	11.5	10.5	8.5	5.5		10.9	8
1992	3.5	4.5	11.5	10.5	10.5	13.5	10.5	12	11.5		5.5	4.5		8.9	11
1993	4	7.5	4	8	8	10.5	8	10.5	12	12	9	7.2		8.4	12
1994	6	9	1	11.5	13	12.5	13	13	13	13.5	9.4	8.5		10.3	12
1995	7	8	7	12.5	12.5	14	12.5	14	13.5	12	9	5		10.6	12
1996	1	7	6	11	13	13.5	14	13	13	11	10.5	9		10.2	12
1997	6	8	11	12	13.5	12	13.5	13	14	11	12	5		10.9	12
1998	8	8	8.5	10.5	12.5	14	13.5	14	12.5	14	11	7		11.1	12
1999	8	8	8	12	14.5	14.5	14.5	12.5	15	9	10	7		11.1	12
2000	1	6	11	10	14	13.5	12	13	13.5	11	10	8		10.2	12
2001	5	9	8	12	12	14	13	14	13	8	9	11		10.7	12
2002	6	5	9	12	11	15	13	13	13	13	7	10		10.6	12
2003	5	7	8	5	14	13	12	12	13	11	6	5		9.2	12
2004	6	5	6	7	12	13	12	13	14	15	9	4		9.7	12
2005	2	10	13	7	14	13	14	13	12	10	4	9		10.1	12
2006	5	4	9	10	11	11	13	12	14	11	7	5		9.3	12
2007	5	5	7	10	11	13	11	12	13	5	9	7		9	12
2008	4	9	7	10	13	14	13	12	8	8	7	5		9.2	12
2009	6	5	7	7	12	13	13	13	13	12	9	9		9.9	12
2010	4	7	9	14	14	14	14	13	9	10	7	5		10	12
2011	8	9	8	12	13	14	14	13	13	8	8			10.9	11
2012				10	11	14	13	10	13	12	7	2		10.2	9
2013	8	8	7	10	13	14	12	13	14		9	8		10.5	11
2014	6	7	10	8	8	13	13	12	14	12	9	8		10	12
2015	7	7	9	13	14	14	13	13	13	12	11	10		11.3	12
2016	9	5	11	12	10	14	14	14	12	12	8	4		10.4	12
2017	5	10	9	12	8	6	13	13	14	11	7	2		9.2	12
2018										12	12	2		8.7	3
2019	8	10	10	13	12	14	15	13	14	13	10	8		11.7	12
2020	7	7	9	15	12	11	12	4.3	13	9	5	6		9.2	12
2021	6	7	7	10	1	13	12							8	7
MÍNIMA	0	3.5	1	5	1	6	8	4.3	2.07	3.5	4	2		8	1
MÁXIMA	9	10	13	15	14.5	15	15	14.4	15	15	12	11		11.7	12
MEDIA	5.3	7.1	8.1	10.6	11.6	12.9	12.6	12.4	12.2	10.8	8.5	6.5		9.8	10.8
DESV.ST	2.1	1.7	2.5	2.1	2.5	1.6	1.4	1.8	2.5	2.3	1.9	2.3		0.9	2.7

TEMPERATURA MEDIA MENSUAL
AÑO	ENE	FEB	MAR	ABR	MAY	JUN	JUL	AGO	SEP	OCT	NOV	DIC	ACUM	PROM	MESES
1983			20.1											20.1	1
1984										20.9	19.1	18.2		19.4	3
1985	16.3	17.6	20	19.8	19.3			18.5	19.2	20.1	20	17.7		18.9	10
1986	15.9	18.6	17.4	19.4	20.5	19.9	19.1	19.4	19.6	18.8	18.2	17.4		18.7	12
1987	15.6	14.8		17.8	21.8	22.1	22.6	19.8	20	15.2	15.7	19.3		18.6	11
1988	15.7	14.8	18.8	17.8	21.8	22.1	22.6	19.8	20.4	15.2	15.8	19.3		18.7	12
1989	18.3	16.6	18.2	20.6	21.6	20.9	21.3	20.8	19.9	18.8	19.6	16.4		19.4	12
1990	18	17.5	18.6	22.9	21.6	21.2	20.7	20	20.8	19.6	19.5	19.4		20	12
1991					22.9	22.1	21.8	22.5	21.6	20.7	19	16.9		20.9	8
1992	17.4	19.2	21.9	22.6	21	22.6	22	22.1	22		20.9	20.2		21.1	11
1993	20.2	20.8	20.4	21.6	20.6	22	21.8	21.9	21.4	22.2	21.4	19.6		21.2	12
1994	19	19.6	21.2	22.1	21	21.1	20.5	20.8	19.9	20.7	19	17.5		20.2	12
1995	17.8	17.8	19.6	21.8	22.7	21.5	21.1	21	19.5	19.9	19.1	18.2		20	12
1996	15.4	17.6	19.6	21.3	21	20.6	20.6	20.2	20.9	19.8	18.8	17.6		19.4	12
1997	17	17.8	20	21.1	20.8	20.5	20.2	20.1	20	20	19.7	17.4		19.6	12
1998	18	19	19.5	21.7	22.9	22.1	20.4	20.4	20.8	19.5	18.5	17		20	12
1999	17.2	17.9	19	22	22	19.8	19.5	19.5	19.5	17.4	15.4	16		18.8	12
2000	15.9	16.2	19.2	19.9	20.6	19.7	19.5	18.7	19	17.5	18.5	15.1		18.3	12
2001	15.2	16.8	18.1	19.4	18.8	20.4	19.8	19.6	19.1	18.1	17.2	16.9		18.3	12
2002	16.2	15.6	18.1	19.2	20.2	20.4	19.6	20	20.1	19.3	17	17		18.6	12
2003	14.4	17.2	19.6	20.1	21.7	20.4	19.2	19.8	19.8	18.5	17.2	14.7		18.6	12
2004	16.9	17.3	17.6	18.7	19.1	19.6	19.6	19.6	20.5	20.6	17	15.2		18.5	12
2005	14	15.5	20.1	19.6	21	21.4	20.3	20.4	19.5	17.2	16.3	17.3		18.6	12
2006	15.7	17.4	18.3	20.4	20.5	19.8	20.2	20.4	20.2	20.2	17.1	16.8		18.9	12
2007	16.4	17.8	18.9	20.6	20.5	20.7	20.4	20.4	20	17.5	17.4	17.6		19	12
2008	17	19.4	18.6	20.7	22.4	20.2	19.9	19.9	20	18.2	16.9	17.1		19.2	12
2009	16.6	17.2	18	20.7	21	20.6	21.4	20.8	20.8	20.6	16.4	18.2		19.4	12
2010	15.7	17.8	19.5	22	22.2	21.6	21.1	20.6	20	18	17.3	16.7		19.4	12
2011	17.9	18	19	21.7	22	20.2	19.7	19.9	19.5	17.9	18			19.4	11
2012				19.9	20.3	20.4	20	19.8	19.6	19.4	17.2	17.9		19.4	9
2013	15.3	19	18	21.2	21.7	20.6	19.5	19.3	19.7		17.4	16.9		19	11
2014	15.2	18	19.6	20.1	19.1	19.9	20.6	20.6	20	19.6	17.9	17.4		19	12
2015	15.9	17.4	18	21.6	21.1	20.4	20	20.6	20	20	20.4	19.4		19.6	12
2016	18.4	16.6	21	21.4	21.6	20.5	20.4	20.5	20.3	19.6	17.2	18.3		19.6	12
2017	17.4	19.3	19.1	20.9	21.2	20.1	20.2	20.4	20.4	19.7	18.2	16.4		19.4	12
2018										20	19.2	17		18.7	3
2019	17	19.4	19.4	21.1	22.3	20.8	20.5	20.9	20.4	19.6	17.4	16.9		19.6	12
2020	17.4	18	19.6	20.3	19	18.2	18.8	18	17.3	16.2	14.2	13.2		17.5	12
2021	14.1	14.2	15.2	16.9	17.4	17.9	17.8							16.2	7
MÍNIMA	14	14.2	15.2	16.9	17.4	17.9	17.8	18	17.3	15.2	14.2	13.2		16.2	1
MÁXIMA	20.2	20.8	21.9	22.9	22.9	22.6	22.6	22.5	22	22.2	21.4	20.2		21.2	12
MEDIA	16.6	17.6	19.1	20.5	21	20.6	20.4	20.2	20	19	18	17.3		19.2	10.8
DESV.ST	1.4	1.5	1.2	1.4	1.3	1	1	0.9	0.8	1.6	1.6	1.4		0.9	2.7
