COMISIÓN NACIONAL DEL AGUA
COORDINACIÓN GENERAL DEL SERVICIO METEOROLÓGICO NACIONAL
BASE DE DATOS CLIMATOLÓGICA NACIONAL 

ESTADÍSTICA MENSUAL
EMISIÓN   : 25/10/2024 

DATOS DISPONIBLES EN LA BASE DE DATOS A: OCTOBER DE 2024; 
CON LA INFORMACIÓN SUMINISTRADA POR LAS UNIDADES ADMINISTRATIVAS 

 ESTACIÓN  : 7347 
 NOMBRE    : GUADALUPE VICTORIA 
 ESTADO    : CHIAPAS 
 MUNICIPIO : MAPASTEPEC 
 SITUACIÓN : SUSPENDIDA 
 CVE-OMM   :   
 LATITUD   : 15.50388889 ° 
 LONGITUD  : -92.87944444 ° 
 ALTITUD   : 130 msnm 


LLUVIA MÁXIMA 24 H.
AÑO	ENE	FEB	MAR	ABR	MAY	JUN	JUL	AGO	SEP	OCT	NOV	DIC	ACUM	PROM	MESES
1982	1	7.1	0.5	44.5	72.4	76.9	56.5	102.6	79.8	51.2	9.1	1.7	503.3	41.9	12
1983	0												0	0	1
1984					123.8	134	100		93	67	32	0	549.8	78.5	7
1985	0	25	4	18	59		64.5	75		77.8	80	0	403.3	40.3	10
1986	0	1.6	0					110.5	48.4	61	35	6	262.5	32.8	8
1987							65	92	100	0	0	0	257	42.8	6
1988		0	0	61	16.4	85	33	52	180.8	0		0	428.2	42.8	10
1989				19	57	68	63	67.2	92.3	60.3	45	25.4	497.2	55.2	9
1990	0	8	19	100	40	79		68	45.5	106	32	7	504.5	45.9	11
1991	15	0	0	20	40.2	85.5	82.3	102	87	70	19	0	521	43.4	12
1992	12	2	30	56.4	23	62	104	70	64	77	48	6	554.4	46.2	12
1993			0	5	67	77	40	52	78	59	8	20	406	40.6	10
1994	0	0	0	34	88	77	53	73	64	62	27	29	507	42.2	12
1995	0	0	0	85		52		80	158				375	53.6	7
1996		0	0	16.5	24	85.5	50	63	63	20	77	12	411	37.4	11
1997	0	0	23	58	40	72	49	53	64	87	110	0	556	46.3	12
1998	0	0	0	0	5	82	61		40.1				188.1	23.5	8
1999				7	67	57.3	48	91	83	95	0	47	495.3	55	9
2000	0	0	0	25	85	75	73	109	116	111	101	0	695	57.9	12
2001	0	0	12	67		60.7	52.7	93.3	60.8	38.7	0	0	385.2	35	11
2002	0	0	0	35	63	60.3	89.3	63.4	95.1	46	27.2	0	479.3	39.9	12
2003	0	0	7	1	58.1	86	65.6	95	70.3	73.3	24	0	480.3	40	12
2004	22	21	0	3	77	58	68	76	82	84	24	67	582	48.5	12
2005	0	13	30	23	79	96	79	95	162	552	4		1133	103	11
2012										55.7	24.3	1.8	81.8	27.3	3
2013	0	0	0	0	25.7	22.7	20.2	21	19.3	22.9	14.5	0	146.3	12.2	12
2014	0	3.5	4	8	16	7	7.5	8		193	145	0	392	35.6	11
2015	0	40	35	75									150	37.5	4
MÍNIMA	0	0	0	0	5	7	7.5	8	19.3	0	0	0	0	0	1
MÁXIMA	22	40	35	100	123.8	134	104	110.5	180.8	552	145	67	1133	103	12
MEDIA	2.5	5.8	7.5	33.1	53.6	70.9	60.2	74.4	84.6	86.2	38.5	9.7	426.6	43	9.5
DESV.ST	6.2	10.7	11.8	29.7	29.5	25.1	23.4	26.1	39.2	106.8	38.8	17.4	216.1	18.5	3

LLUVIA TOTAL MENSUAL
AÑO	ENE	FEB	MAR	ABR	MAY	JUN	JUL	AGO	SEP	OCT	NOV	DIC	ACUM	PROM	MESES
1982	1	18.1	0.8	165.8	358.2	554.9	367.4	458.7	592.7	234.4	24.7	2.5	2779.2	231.6	12
1983	0												0	0	1
1984					486.8	541.3	499.6		439.8	203	78	0	2248.5	321.2	7
1985	0	25	4	39	240		397.1	683.9		307.9	178.9	0	1875.8	187.6	10
1986	0	1.6	0					429.5	293.2	323.5	97.5	6	1151.3	143.9	8
1987							447	543	469	0	0	0	1459	243.2	6
1988		0	0	61	32.9	427.4	160.1	372.4	291	0		0	1344.8	134.5	10
1989				29	204	529	548	364.8	705.6	130.8	84.3	25.4	2620.9	291.2	9
1990	0	9	39	444.7	336.3	617.8		183.4	106.6	299.1	51.9	10.5	2098.3	190.8	11
1991	29.7	0	0	51	141.1	476.9	414	414.7	427.5	441.8	34	0	2430.7	202.6	12
1992	13	2	112	68.4	113.1	412.2	566	293.5	753	348.2	75	8	2764.4	230.4	12
1993			0	6	91	416.4	300	346.4	402	278	16	20	1875.8	187.6	10
1994	0	0	0	48	196	298	437	355	407	324	45	56	2166	180.5	12
1995	0	0	0	284		264		693	812				2053	293.3	7
1996		0	0	57.7	184.4	543.8	389	243.91	566.91	24	119	16.01	2144.73	195	11
1997	0	0	61	142	264	456	335	451	438	379.01	340	0	2866.01	238.8	12
1998	0	0	0	0	5	670	372		109.1				1156.1	144.5	8
1999				7	264.6	564.6	560	668	854.5	423.2	0	47	3388.9	376.5	9
2000	0	0	0	66	293.3	415	699.7	694.1	570	238.5	194	0	3170.6	264.2	12
2001	0	0	13	183		256.1	561.6	526	515.8	197.8	0	0	2253.3	204.8	11
2002	0	0	0	87	295.8	450.5	613.5	375.7	611.1	331.2	88.3	0	2853.1	237.8	12
2003	0	0	8	1.3	317.5	598.9	537.7	465.9	623.2	442.9	99.4	0	3094.8	257.9	12
2004	22	21	0	4	344.4	521	541	548	616	420.4	49	98	3184.8	265.4	12
2005	0	13	36	52	465	717.6	622	805	951	1915.6	4		5581.2	507.4	11
2012										333.7	46.1	1.8	381.6	127.2	3
2013	0	0	0	0	268.76	197.9	185.4	173.3	155.8	230.1	76.2	0	1287.46	107.3	12
2014	0	3.5	6	12.7	81.1	39.4	32.73	38.31		1912	647	0	2772.74	252.1	11
2015	0	163	35	97									295	73.8	4
MÍNIMA	0	0	0	0	5	39.4	32.73	38.31	106.6	0	0	0	0	0	1
MÁXIMA	29.7	163	112	444.7	486.8	717.6	699.7	805	951	1915.6	647	98	5581.2	507.4	12
MEDIA	3.3	12.2	14.3	82.9	237.3	453.1	435.7	440.3	509.2	405.8	102.1	12.7	2189.2	217.5	9.5
DESV.ST	8.3	35.4	27.7	105.5	129.9	162.6	164	189.9	227.1	481.9	141.6	24.1	1121.6	96.4	3

EVAPORACIÓN MENSUAL
AÑO	ENE	FEB	MAR	ABR	MAY	JUN	JUL	AGO	SEP	OCT	NOV	DIC	ACUM	PROM	MESES
1982	167.9	144.5	161.5	139.1	105.3	102.9	106.4	125.5	91.6	114.9	126.7	122.3	1508.6	125.7	12
1983	168.9												168.9	168.9	1
1984									63.29	98.93	112.21	113.81	388.24	97.1	4
1985		148.71	166.79	141.76	149.59		85.74	94.3		103.2	102.52	118.89	1111.5	123.5	9
1986	169.56	148.09	180.37					150.25	139.57	113.68	107.46	120.83	1129.81	141.2	8
1988		178.72	169.6	186.46									534.78	178.3	3
1989				205.35	140.72	123.5	144.61	123.36	93.36		120.62		951.52	135.9	7
1990	150.7	163.2	180.05	161.92	150.05	111.45		110.03	46.88	104.04	141.49	154.86	1474.67	134.1	11
1991	118.33	173.44	216.85	181.18	127.26	136.8	111.59	114.75	98.8	114	118.88	140.68	1652.56	137.7	12
1992	135.91	153.53	199.48	168.32	148.99	115.28	135.91	117.51	122.56	108.28	108.04	142.59	1656.4	138	12
1993				171.25	138.62	108.03	109.49	105.27	113.96	114.17	118.18	156.27	1135.24	126.1	9
1994	165.08	157.81	200.34	184.12	130.08	102.69	137.2	110.8	98.41	114.85	112.87	116.3	1630.55	135.9	12
1995	139.73	147.24	167.99	129.72				84.79	79.2				748.67	124.8	6
2001	149.11	111.74				140.05							400.9	133.6	3
2004												111.26	111.26	111.3	1
2005	105.1	108.29	123.72	150.21									487.32	121.8	4
MÍNIMA	105.1	108.29	123.72	129.72	105.3	102.69	85.74	84.79	46.88	98.93	102.52	111.26	111.26	97.1	1
MÁXIMA	169.56	178.72	216.85	205.35	150.05	140.05	144.61	150.25	139.57	114.9	141.49	156.27	1656.4	178.3	12
MEDIA	147	148.7	176.7	165.4	136.3	117.6	118.7	113.7	94.8	109.6	116.9	129.8	943.2	133.4	7.1
DESV.ST	22.4	22	25.8	23.3	15.3	14.5	21.1	17.9	27.3	6.1	11.2	17.2	547.3	19.3	4.1

TEMPERATURA MÁXIMA PROMEDIO
AÑO	ENE	FEB	MAR	ABR	MAY	JUN	JUL	AGO	SEP	OCT	NOV	DIC	ACUM	PROM	MESES
1982	33.8	35.7	36.7	36	33.8	33.4	33.6	34.7	33.4	34	34.1	34.2		34.5	12
1983	35.4													35.4	1
1984					33.9	32.3	32		31.1	33.3	33.6	34.4		32.9	7
1985	33.4	35.3	35.3	35.3	34.9		33.7	34		32.7	34.2	35		34.4	10
1986	35.5	38	37.6					33.9	34.2	34.4	34.3	33.4		35.2	8
1987							37	35.8	36.8	37.7	39	38.3		37.4	6
1988		38.1	38.4	39.1	37.5	34	33.4	34.5	32.5	33	33	33		35.1	11
1989				35.8	34.2	32.2	33	32.9	31.8	31.4	32.4	32		32.9	9
1990	33.5	34.2	34.8	34.5	34.6	33		31.7	31.7	32.1	32.5	32.5		33.2	11
1991	33	34.7	35.6	36.2	34.4	34.5	33.9	33.5	33.1	31.8	33.2	33.2		33.9	12
1992	32.8	33.9	35.8	34.4	35.1	33.3	32.7	32.1	31.6	31.7	31.8	32.5		33.1	12
1993			35.1	36.1	35.4	33.8	33.9	33.3	32.6	32.4	32.8	32.6		33.8	10
1994	33.6	35	36	36.3	35.7	34.5	33.8	33.1	33.2	32.4	32.9	32.4		34.1	12
1995	32.4	33.4	33.5	34.1		34		33	32.3					33.2	7
1996		34.6	34.6	35.7	33.8	33.4	32.9	32.6	32.5	31.4	32.5	32.8		33.3	11
1997	33.2	35	35.7	35.3	34.9	33.7	34.6	34.3	32.8	32.2	32	32.1		33.8	12
1998	32.7	33.1	34.2	36.8	36.4	34.8	34.2							34.6	7
2000							37.8	38	36.7	37.7	39.1	31.1		36.7	6
2001	31.3	31.6	40.8	41.4		32.6	33.3	34.3	33.3	33	33.7	35.7		34.6	11
2002	36	34.9	36.4	35.7	34.8	32.3	33.8	33.2	32.7	33.7	34.6	34.7		34.4	12
2003	35.5	35.7	36	37.9	36.4	33.7	34.6	35.3	33.8	35.5	40.9	40.6		36.3	12
2004	37.6	37.7	38.2	37.9	36.6	34.5	36.6	37.3	37.5	37.6	38.1	36.2		37.1	12
2005	36	36.1	37.2	36.8	35.9	37.6	36.6	36.5	35.9	29.9	33.4			35.6	11
2014	33	34.2		36.4	33.9	33.6	34.4	33.9		36.2	35	35.8		34.6	10
2015	35.9	35.8	35.7	36.1										35.9	4
MÍNIMA	31.3	31.6	33.5	34.1	33.8	32.2	32	31.7	31.1	29.9	31.8	31.1		32.9	1
MÁXIMA	37.6	38.1	40.8	41.4	37.5	37.6	37.8	38	37.5	37.7	40.9	40.6		37.4	12
MEDIA	34.1	35.1	36.2	36.4	35.1	33.7	34.3	34.2	33.5	33.5	34.4	34.1		34.6	9.4
DESV.ST	1.7	1.7	1.7	1.7	1.1	1.2	1.5	1.6	1.8	2.2	2.6	2.3		1.3	3

TEMPERATURA MÁXIMA EXTREMA
AÑO	ENE	FEB	MAR	ABR	MAY	JUN	JUL	AGO	SEP	OCT	NOV	DIC	ACUM	PROM	MESES
1982	35	38	38.5	38	37	35.5	35.5	37.5	35	35.5	36	36		36.5	12
1983	36.5													36.5	1
1984					37	34	39		33	36	36	36.5		35.9	7
1985	36	38	39	39	37		36.5	35.5		34	36	38		36.9	10
1986	39	39.5	40.5					35	36	36	35	36		37.1	8
1987							39.5	39.5	40	39	40	40		39.7	6
1988		39.5	40	40	42	39	35	36.5	34.5	34.5	34.5	34.5		37.3	11
1989				38	37	34	36	35.5	33.5	33.5	34	34		35.1	9
1990	35	36	37	36.5	37	34.5		33.5	33	33.5	34.5	34		35	11
1991	34.5	36.5	38.5	37.5	36.5	37	36	37	36	37	35	38		36.6	12
1992	34	36.5	38	36	37.5	36	35	33.5	33.5	34	33	33.5		35	12
1993			36.5	38	36.5	38.5	37	36	34.5	34	36	34		36.1	10
1994	35	37	37	37	37	36	36	39	34.5	34	34	34.5		35.9	12
1995	34	35	37	37		36.5		35	35					35.6	7
1996		36.5	38	38	37	35	36	34.5	34.5	34.5	35	34.5		35.8	11
1997	34.5	38	39	37	37	36	37	36	35	35	34.5	34.5		36.1	12
1998	34.5	36	39	40	39	36	38							37.5	7
2000							39	40	41	40	42	33		39.2	6
2001	35	34	45	44		36	36	37	36	36	36	45		38.2	11
2002	45	40	40	40	37	35	36	35	35	36	38	37		37.8	12
2003	37	36	38	39	40	36	37	41	36	43	48	45		39.7	12
2004	43	41	40	40	41	37	39	40	40	39	40	38		39.8	12
2005	37	37	39	40	39	40	38	41	39	34	36			38.2	11
2014	35	35.5		38	35	34.5	36	35		40	39	40		36.8	10
2015	40	40	40	40										40	4
MÍNIMA	34	34	36.5	36	35	34	35	33.5	33	33.5	33	33		35	1
MÁXIMA	45	41	45	44	42	40	39.5	41	41	43	48	45		40	12
MEDIA	36.7	37.4	38.9	38.6	37.8	36.1	36.9	36.8	35.8	36.1	36.8	36.8		37.1	9.4
DESV.ST	3.2	1.9	1.9	1.8	1.8	1.6	1.4	2.4	2.4	2.6	3.5	3.5		1.6	3

TEMPERATURA MÍNIMA PROMEDIO
AÑO	ENE	FEB	MAR	ABR	MAY	JUN	JUL	AGO	SEP	OCT	NOV	DIC	ACUM	PROM	MESES
1982	18.9	20.1	21.5	22.6	22.6	21.8	21.6	22.2	21.4	20.5	19.4	19.1		21	12
1983	18.8													18.8	1
1984					21.8	21.4	20.8		21	21.3	20	19.8		20.9	7
1985	17.8	18.2	20.5	20.9	21.5		20.7	20.9		21.1	20	19.5		20.1	10
1986	18.2	19	20.2					20.7	20.8	20.9	20.7	18.8		19.9	8
1987							21.4	21.5	21.4	19.8	19.5	19.3		20.5	6
1988		19	20.2	21.7	21.7	21.1	21.6	21.5	21.3	21.5	21.4	21.7		21.2	11
1989				20	21.1	20.9	20.5	20.9	21	20.2	20.1	19		20.4	9
1990	18.4	19.3	19.8	20.7	21.3	20.7		19.1	20.3	19.9	20.3	18.6		19.9	11
1991	18.2	18.2	19.5	21.1	21.2	21.8	20.8	20.9	21	20.2	19	19		20.1	12
1992	18.5	18.7	19.6	20.3	20.9	20.1	20	18.9	19.8	18.5	18.8	18.4		19.4	12
1993			19.9	21.2	20.4	20.7	20.8	20.5	19.4	19.2	18.6	18.5		19.9	10
1994	18.9	19.3	19.9	20.2	20.7	20.9	20.7	20.5	20.6	19.4	19	18.7		19.9	12
1995	17.7	18.4	18.8	20.9		21.6		21.4	21.6					20.1	7
1996		19.6	19.5	21.7	22	21.9	21.6	21.5	21.9	21.5	20.6	19.5		21	11
1997	18.8	19.7	20.6	20.9	21.8	21.6	20.9	20.5	20.5	19.4	19.3	19.8		20.3	12
1998	18.2	18.1	20.4	21.3	22	22.1	21.8							20.6	7
2000							24.9	24.7	24.5	25.1	24.9	22.2		24.4	6
2001	21.5	21.5	25.9	24.7		21.4	21.5	21.6	21.5	21.8	20.4	21.3		22.1	11
2002	19.7	20.9	20.7	21.5	22.4	21.7	21.4	20.8	21.4	21.6	20.6	19.9		21	12
2003	19.5	20	20.8	21.9	22.6	22	21.6	22.2	21.6	21.8	21.4	18.5		21.2	12
2004	18.9	19.6	21.1	20.8	21.7	21.2	20.5	20.2	20.7	21	20.2	20.5		20.5	12
2005	20.2	19.7	22	21.6	21.6	23.1	22.8	22.5	22.6	21	20.9			21.6	11
2014	17.2	19.5		22.6	22.1	22.5	22.8	22.1		23.8	23.8	23.8		22	10
2015	24.5	23.8	23.6	23.8										23.9	4
MÍNIMA	17.2	18.1	18.8	20	20.4	20.1	20	18.9	19.4	18.5	18.6	18.4		18.8	1
MÁXIMA	24.5	23.8	25.9	24.7	22.6	23.1	24.9	24.7	24.5	25.1	24.9	23.8		24.4	12
MEDIA	19.1	19.6	20.8	21.5	21.6	21.5	21.4	21.2	21.2	20.9	20.4	19.8		20.8	9.4
DESV.ST	1.7	1.3	1.6	1.2	0.6	0.7	1.1	1.2	1.1	1.5	1.5	1.4		1.3	3

TEMPERATURA MÍNIMA EXTREMA
AÑO	ENE	FEB	MAR	ABR	MAY	JUN	JUL	AGO	SEP	OCT	NOV	DIC	ACUM	PROM	MESES
1982	17	18	18.5	21.5	21	20	19	21	20	17.5	17	17		19	12
1983	16													16	1
1984					19	20	19		20	19	18	18		19	7
1985	15	16	17	18	19		19	19.5		18.5	18.5	16		17.6	10
1986	14	15.5	16.5					20	20	20	20	17		17.9	8
1987							18.5	20	20	17.5	16	17.5		18.2	6
1988		16.5	17	19.5	19	18.5	20	20	19	20	20	20		19	11
1989				16	18.5	19.5	19	19	19	19	18	16		18.2	9
1990	16	17	18	19	20	20		17	13.5	17	17.5	16		17.4	11
1991	16	15	17	19	19	21	19	18	19	18	16.5	17		17.9	12
1992	17	14.5	18	18	18.5	18	18.5	17.5	18	17	18	17		17.5	12
1993			17	19.5	19	20	19	19	18.5	17	17	17		18.3	10
1994	17	18.5	18	20	20	20	19	18	19	18	18	17		18.5	12
1995	15	16	17	19		19.5		19.5	20					18	7
1996		16.5	15.5	19.5	20	20	20	19.5	20.5	19.5	16.5	17		18.6	11
1997	16.5	16.5	17	19.5	19.5	19.5	19.5	18.5	19	17	17.5	16		18	12
1998	13	17	17	19.5	19	18.5	20							17.7	7
2000							24	23	20	24	24	20		22.5	6
2001	20	20	21	23		19	20	21	21	21	14	20		20	11
2002	17	19	20	20	21	20	19	19	20	21	18	17		19.2	12
2003	15	17	20	20	21	21	21	21	21	19	20	15		19.2	12
2004	17	17	19	19	21	20	20	19	20	19	16	16		18.6	12
2005	15	18	20	21	20	21	21	21	21	19	19			19.6	11
2014	15	17		21	21	20	21.5	20		19	18	19		19.1	10
2015	19	20	19	20										19.5	4
MÍNIMA	13	14.5	15.5	16	18.5	18	18.5	17	13.5	17	14	15		16	1
MÁXIMA	20	20	21	23	21	21	24	23	21	24	24	20		22.5	12
MEDIA	16.1	17.1	18	19.6	19.8	19.8	19.8	19.5	19.4	18.9	18	17.3		18.6	9.4
DESV.ST	1.7	1.5	1.5	1.4	0.9	0.8	1.3	1.4	1.6	1.7	2	1.4		1.2	3

TEMPERATURA MEDIA MENSUAL
AÑO	ENE	FEB	MAR	ABR	MAY	JUN	JUL	AGO	SEP	OCT	NOV	DIC	ACUM	PROM	MESES
1982	26.3	27.9	29.1	29.3	28.2	27.6	27.6	28.5	27.4	27.2	26.8	26.7		27.7	12
1983	27.1													27.1	1
1984					27.9	26.8	26.4		26	27.3	26.8	27.1		26.9	7
1985	25.6	26.8	27.9	28.1	28.2		27.2	27.4		26.9	27.1	27.2		27.2	10
1986	26.9	28.5	28.9					27.3	27.5	27.6	27.5	26.1		27.5	8
1987							29.2	28.6	29.1	28.8	29.2	28.8		29	6
1988		28.6	29.3	30.4	29.6	27.6	27.5	28	26.9	27.2	27.2	27.4		28.2	11
1989				27.9	27.7	26.6	26.8	26.9	26.4	25.8	26.2	25.5		26.6	9
1990	26	26.8	27.3	27.6	28	26.9		25.4	26	26	26.4	25.6		26.5	11
1991	25.6	26.5	27.6	28.7	27.8	28.1	27.4	27.2	27	26	26.1	26.1		27	12
1992	25.6	26.3	27.7	27.4	28	26.7	26.4	25.5	25.7	25.1	25.3	25.4		26.3	12
1993			27.5	28.6	27.9	27.2	27.4	26.9	26	25.8	25.7	25.6		26.9	10
1994	26.2	27.1	28	28.2	28.2	27.7	27.2	26.8	26.9	25.9	26	25.5		27	12
1995	25	25.9	26.1	27.5		27.8		27.2	27					26.6	7
1996		27.1	27	28.7	27.9	27.6	27.2	27	27.2	26.4	26.6	26.1		27.2	11
1997	26	27.4	28.2	28.1	28.4	27.7	27.8	27.4	26.6	25.8	25.6	26		27.1	12
1998	25.5	25.6	27.3	29	29.2	28.4	28							27.6	7
2000							31.3	31.4	30.6	31.4	32	26.6		30.6	6
2001	26.4	26.6	33.3	33		27	27.4	28	27.4	27.4	27	28.5		28.4	11
2002	27.9	27.9	28.5	28.6	28.6	27	27.6	27	27	27.7	27.6	27.3		27.7	12
2003	27.5	27.9	28.4	29.9	29.5	27.9	28.1	28.8	27.7	28.6	31.1	29.6		28.8	12
2004	28.2	28.7	29.7	29.4	29.1	27.9	28.6	28.8	29.1	29.3	29.1	28.4		28.9	12
2005	28.1	27.9	29.6	29.2	28.8	30.4	29.7	29.5	29.2	25.4	27.1			28.6	11
2014	25.1	26.9		29.5	28	28	28.6	28		30	29.4	29.8		28.3	10
2015	30.2	29.8	29.7	30										29.9	4
MÍNIMA	25	25.6	26.1	27.4	27.7	26.6	26.4	25.4	25.7	25.1	25.3	25.4		26.3	1
MÁXIMA	30.2	29.8	33.3	33	29.6	30.4	31.3	31.4	30.6	31.4	32	29.8		30.6	12
MEDIA	26.6	27.4	28.5	29	28.4	27.6	27.9	27.7	27.3	27.2	27.4	27		27.7	9.4
DESV.ST	1.3	1.1	1.5	1.3	0.6	0.8	1.2	1.3	1.3	1.6	1.8	1.4		1.1	3
