COMISIÓN NACIONAL DEL AGUA
COORDINACIÓN GENERAL DEL SERVICIO METEOROLÓGICO NACIONAL
BASE DE DATOS CLIMATOLÓGICA NACIONAL 

ESTADÍSTICA MENSUAL
EMISIÓN   : 25/10/2024 

DATOS DISPONIBLES EN LA BASE DE DATOS A: OCTOBER DE 2024; 
CON LA INFORMACIÓN SUMINISTRADA POR LAS UNIDADES ADMINISTRATIVAS 

 ESTACIÓN  : 7038 
 NOMBRE    : DESPOBLADO 
 ESTADO    : CHIAPAS 
 MUNICIPIO : VILLA COMALTITLÁN 
 SITUACIÓN : OPERANDO 
 CVE-OMM   :   
 LATITUD   : 15.2025 ° 
 LONGITUD  : -92.55805556 ° 
 ALTITUD   : 63 msnm 


LLUVIA MÁXIMA 24 H.
AÑO	ENE	FEB	MAR	ABR	MAY	JUN	JUL	AGO	SEP	OCT	NOV	DIC	ACUM	PROM	MESES
1964									106	55	93.6	25.5	280.1	70	4
1965	33.1	5.5	20	33.5	38.5	142	117.5	88	95.5	70.5	83.5	0	727.6	60.6	12
1966	0	21	0	50.5	81.5	96.5	56	86	67	76.8	8.5	28.5	572.3	47.7	12
1967	0	0	38	39.5	60	111.5	81	41	120.5	57	36.5	8	593	49.4	12
1968	2.5	8.5	0	21	133.5	102.5	118	89.5	92.5	118	42.5	9	737.5	61.5	12
1969	0.5	4.4	2	24	65.5	110.5	79	93	147	96.5	87	14	723.4	60.3	12
1970	1	0.5	0	14.5	53	64.5	107	91	78.5	78.5	74.5	1	564	47	12
1971	1	3	10	19	101	89.5	100	91.5	123.5	59.5	46	26.5	670.5	55.9	12
1972	3.5	0	22.5	28.5	64	50.5	59.5	66.5	110.5	114.5	71	20.5	611.5	51	12
1973	0	0	2	31.5	60	67	88.5	103.5	86.5	103.5	34	5	581.5	48.5	12
1974	25	49.5	20.2	33	78	68	80	74	130.1	83	18.2	7.5	666.5	55.5	12
1975	8.5	2	35.5	8	51.5	108.5	89	92.5	92.5	44.5	70	13.5	616	51.3	12
1976	0.3	0.2	8	28	86.5	85.5	48	35	84	54.5	71.5	0	501.5	41.8	12
1977	0.5	0	0	17.5	100.5	82.5	70.5	89.5	69.5	92	6.5	46	575	47.9	12
1978	4.5	0	1.4	22.5	75	100	130.5	115	152.5	66	13	29.5	709.9	59.2	12
1979	0.6	0	26.5		45	122	102.5	102.5	89.5	126.5	19	41	675.1	61.4	11
1980	2.3	0.6	0.7	51.5	93.5	146	45	89.5	63.5	70	16.5	30	609.1	50.8	12
1981	0	0	12	19	86	144.5	41	94	52.5	61.5	28	20.5	559	46.6	12
1982	0	61	23.5	67.5	103	102	68	68.5	154	36.5	60	6	750	62.5	12
1983	0	41.9	27	0	50.5	100	60	81.5	125	82.5	48	19.2	635.6	53	12
1984	0	0.2	7	0	79	70.5	94.5	90	97	61.2	36	0.01	535.41	44.6	12
1985	0.01	4.7	5.3	50	71.5	32	102.5	95	79	130	78	5.6	653.61	54.5	12
1986	4.6	0	0	23.5	150	67.51	71.3	78	73	86.5	36.5	0	590.91	49.2	12
1987	3	0	4.5	5.5	93.5	70	89	65.5	68	45	0	35	479	39.9	12
1988	47	0	37.5	1.5	35.1	60	94	110	203.5	60	36	8	692.6	57.7	12
1989	15.3	12	0.01	6	70	87.5	110	65.8	60	38	47.2	6.5	518.31	43.2	12
1990	2.3	15.3	40	35.5	123	123.4	67	69.1	72	102	82	0	731.6	61	12
1991	23.5	2	0	0	103	0							128.5	21.4	6
1992	35.2	1	77	14.5	62.5	0							190.2	31.7	6
1993	35	0.2	15.5	33	70	90	64.5	66	59.4	74	13.3	14.8	535.7	44.6	12
1994	0	0	5.5	8	128	108	64.4	99	60	138	76	45	731.9	61	12
1995	25.4	19.5	19.5	41.5	128	88	82	125.2	137	96.5	34	25.6	822.2	68.5	12
1996	14	0	0	25	107.5	96.5	56	68	85.5	55.5	54		562	51.1	11
1997	0	0	22	98	44	58	55	80	91.5	57.5	117.2	17.5	640.7	53.4	12
1998	0	0	0	0	38.9	87.1	96.2	83	217.5	61.5	113.5	0	697.7	58.1	12
1999	0	8	2.5	27.5	45.5		95	115.5	51.5	86	13	17	461.5	42	11
2000	0.1	7.5	4.5	7.5	130.5	77.5	59	148	107	100	46.5		688.1	62.6	11
2001	1.3	0.7	2.5	32.3	96.5	73	77.9	96.5	114	52.8	6.8	9.8	564.1	47	12
2002	9.8	0.01	0	20	82.5	53.9	120.5		63.3	157	87	0	594.01	54	11
2003	1.8	5	2.4	23.4	46.5	107.3	70	112.5	141.5	74.6	65	0	650	54.2	12
2004	0	2	7.5	0	103	100	96	60	104.5	81	8.5	0	562.5	46.9	12
2005	0	4	12.5	32.5	50.5	83.3	123	81.5	79.5	273	28	39.5	807.3	67.3	12
2006	6.4	0	23.5	26.5	80	81.5	82.5	44	80.5	60.5	137	41	663.4	55.3	12
2007	4.5	1.5	3.5	29.5	112	102	81	136.5	109.8	98.5	20	0.7	699.5	58.3	12
2008	1.3	1.5	20	35	77	117.7	78.5	105	138	32.2	0	2	608.2	50.7	12
2009	2.5	0	7.2	20	69	81.2	89.5	80.4	72.5	67.4	12	19	520.7	43.4	12
2010	0	1	6.5	31.5	83	126.5	68	108	204.7	31.5	19.5	3.7	683.9	57	12
2011	8	4.5	22.5	109	70	60.5	123	48	95	123.5	0.1	0.1	664.2	55.4	12
2012	11.5	3.8	20.5	37.5	99	66	62	63	82	74	13	4.5	536.8	44.7	12
2013	17	8	0	12	95.5	63	51	64	120	72	42.5	2.4	547.4	45.6	12
2014	0	18.5	27	57	83	95	51.5	78	107	73.5	2.5	0	593	49.4	12
2015	0	0	14	25	40	57.5	75	100	54.5	145	53.3	3.5	567.8	47.3	12
2016	0	0.5	0	24.8	148	71	72	82	78.5	53.5	95.8	0	626.1	52.2	12
MÍNIMA	0	0	0	0	35.1	0	41	35	51.5	31.5	0	0	128.5	21.4	4
MÁXIMA	47	61	77	109	150	146	130.5	148	217.5	273	137	46	822.2	70	12
MEDIA	6.8	6.1	12.7	27.5	81.6	85.3	81.3	85.9	100.9	82.5	45.1	13.3	602	52	11.5
DESV.ST	11.2	12.5	14.9	21.9	29.4	30.4	22.7	23.1	38.6	40.1	34.3	14.1	128.7	8.8	1.6

LLUVIA TOTAL MENSUAL
AÑO	ENE	FEB	MAR	ABR	MAY	JUN	JUL	AGO	SEP	OCT	NOV	DIC	ACUM	PROM	MESES
1964									260.9	325.87	123.47	42.32	752.56	188.1	4
1965	72.4	5.5	32	105.5	210.5	744.5	531.5	514	443.6	434	181.6	0	3275.1	272.9	12
1966	0	21	0	146	327	715.51	515.5	634.5	465	382	25	28.5	3260.01	271.7	12
1967	0	0	118.5	145.22	334.03	562.5	619.02	289	490.5	283	133	18	2992.77	249.4	12
1968	2.5	8.5	0	47.52	506.51	707.5	534	701.01	685	725.52	74.5	24	4016.56	334.7	12
1969	0.5	5	4.5	77	170	717	677	871	549	669.5	170.2	18	3928.7	327.4	12
1970	1.6	0.5	0	41.5	187.1	432.5	555	742.8	650.5	480.7	100	2.4	3194.6	266.2	12
1971	1	3	16	26	530	645.3	817.8	716.5	523.1	477.5	190.5	58.5	4005.2	333.8	12
1972	6.5	0	51.5	96.2	534	311.3	341.4	424.1	584.1	333.6	281.5	24	2988.2	249	12
1973	0	0	2.3	80.5	156.1	645.21	612.11	720.51	510.2	712.5	71.3	5.7	3516.43	293	12
1974	80	54.5	73.5	73.7	608.4	533.1	520.1	533	657.8	315	58.4	12	3519.5	293.3	12
1975	11	2.5	68	22.1	294.2	861.7	645.8	717.7	806.2	306.5	189.7	41.51	3966.91	330.6	12
1976	0.3	0.2	11.7	127.3	257	528.2	344.4	262.6	731.01	347.1	175.7	0	2785.51	232.1	12
1977	0.5	0	0	30.3	418.61	408.9	451.7	473.4	478.2	383.6	7.91	86.9	2740.02	228.3	12
1978	7	0	1.7	69.2	231.2	549.3	644.6	788	750	254.3	31.2	62.8	3389.3	282.4	12
1979	0.6	0	54.5		318.5	480.3	400.51	587.9	497.2	560.8	34	82.2	3016.51	274.2	11
1980	6.3	0.6	0.7	75	435.8	428.8	339.51	572.51	594.3	360	35	38.5	2887.02	240.6	12
1981	0	0	30.4	97.9	433	685.7	361.4	661.5	364.5	615.2	62.3	29.5	3341.4	278.4	12
1982	0	88.3	23.5	243.1	493.5	515.8	413.5	351	951	240.5	93.5	7	3420.7	285.1	12
1983	0	84.1	44	0	150.9	537.3	477.5	418	844.5	365.2	112.2	50.9	3084.6	257	12
1984	0	0.2	7	0	367.21	568.41	820.51	586.61	620.93	383.7	88.21	0.01	3442.79	286.9	12
1985	0.06	4.7	11.1	85.81	335.6	315.52	720.3	686.9	456.8	510.4	125.4	5.6	3258.19	271.5	12
1986	4.6	0	0	29.71	465.2	264.61	389.6	466.2	433.4	539.9	170.1	0	2763.32	230.3	12
1987	3.5	0	4.5	8.5	198.4	347.91	631.04	448.71	561.01	102.7	0	40	2346.27	195.5	12
1988	68.01	0	42	1.5	103.11	450.9	845.4	648.7	824.5	286.11	138.82	8.2	3417.25	284.8	12
1989	21.3	18.4	0.01	6	418.7	625.93	615	438.7	690.5	166.2	100.3	8.7	3109.74	259.1	12
1990	4.2	19.5	42.5	138.9	445	618.5	512.3	546.4	498	550.4	138.3	0	3514	292.8	12
1991	38.1	2	0	0	276.8	0							316.9	52.8	6
1992	46.6	1	170.9	43.2	138.6	0							400.3	66.7	6
1993	61.3	0.21	19.4	77.51	279.92	557.4	264.5	733.8	543.51	325.4	42.6	23	2928.55	244	12
1994	0	0	5.6	8.1	494.3	493.1	372.6	512.1	429.7	899.9	274.5	91.9	3581.8	298.5	12
1995	25.5	27	19.6	171.6	485.2	433.5	442.1	682.3	799	376.8	106.6	52.4	3621.6	301.8	12
1996	14.1	0	0	91.8	663.1	509.6	546	435	471.6	361	66.5		3158.7	287.2	11
1997	0	0	41	217	234	383.6	606.2	302.6	660.6	229.5	225.7	26	2926.2	243.9	12
1998	0	0	0	0	39.9	557.4	371.8	695.4	759.31	372.7	363.2	0	3159.71	263.3	12
1999	0	8.1	2.6	110.1	267.3		725	764.9	451.9	547.5	13.3	21.5	2912.2	264.7	11
2000	0.2	7.6	5.5	9	608.6	378.1	492.6	500.5	704.4	357.32	169.51		3233.33	293.9	11
2001	1.31	0.71	3.9	65.82	475.63	370.83	633.11	513.91	710.1	358.53	10.01	11.6	3155.46	263	12
2002	9.8	0.01	0	91.12	342.4	324.92	675.22		456.61	561.12	162.3	0	2623.5	238.5	11
2003	1.8	5	2.4	27.7	315.82	634.71	489.01	759.22	827.91	736.51	130.4	0	3930.48	327.5	12
2004	0	2	9.91	0	538.91	454.26	552.92	328.92	595	670.72	12.51	0	3165.15	263.8	12
2005	0	4	19.02	35.71	304.21	738.92	706.11	721.03	801.9	965.9	37	76	4409.8	367.5	12
2006	6.41	0	23.5	167.62	300.02	519.31	482.54	442.41	700.5	480.12	224.44	62.01	3408.88	284.1	12
2007	4.5	1.5	4.02	106.02	436.03	467.22	534.5	580.51	589.2	445.7	36	1.21	3206.41	267.2	12
2008	1.3	2.71	32.01	78.03	232.3	567.1	487.13	638.31	659.91	232.43	0	2	2933.23	244.4	12
2009	4	0	9.71	39.5	303.22	643.92	514.01	659.4	534.12	504.14	41.61	19	3272.63	272.7	12
2010	0	2.3	7.1	98.51	476.6	982.2	765.61	919.6	805.33	119.82	57.61	4.2	4238.88	353.2	12
2011	9	15.51	63.51	275.01	335.53	257.08	763.01	400.06	648.13	476.1	0.25	0.2	3243.39	270.3	12
2012	11.51	5.82	35.53	59.23	289.32	233.06	474.5	534.06	493.51	497.51	22.52	4.74	2661.31	221.8	12
2013	17.08	8	0	16.56	335	302.56	314.5	618.5	451.5	450	221.5	2.4	2737.6	228.1	12
2014	0	20.1	35.01	134	655.03	575.12	267.52	561.03	478.87	338.75	4.03	0	3069.46	255.8	12
2015	0	0	30.9	90	306.4	294.8	322.1	464.7	252.5	424.5	159.5	3.5	2348.9	195.7	12
2016	0	0.5	0	26.3	382.5	451.7	340.8	457.2	677.4	529.5	329.9	0	3195.8	266.3	12
MÍNIMA	0	0	0	0	39.9	0	264.5	262.6	252.5	102.7	0	0	316.9	52.8	4
MÁXIMA	80	88.3	170.9	275.01	663.1	982.2	845.4	919.6	951	965.9	363.2	91.9	4409.8	367.5	12
MEDIA	10.5	8.3	22.7	74.8	354.7	496.7	529.6	572	596.6	438.7	110.3	22.4	3090.1	263.1	11.5
DESV.ST	19.9	18.4	32.2	64.4	144.4	187.6	151.7	153.1	153.4	178.8	89.6	26.3	776.3	55.2	1.6

EVAPORACIÓN MENSUAL
AÑO	ENE	FEB	MAR	ABR	MAY	JUN	JUL	AGO	SEP	OCT	NOV	DIC	ACUM	PROM	MESES
1964										90.4	93.9	103.8	288.1	96	3
1965	116.4	137.2	157.8	124.1	143.1	137.5	152.4	143.3	120.9	122	109.6	108.3	1572.6	131.1	12
1966	127.9	147.1	180.9	162.8	137.5	130.7	135.8	151.4	138.3	126	110.5	117.5	1666.4	138.9	12
1967	132.1	137.7	174	142.4	138.8	133.7	147.4	128.6	112.5	122.6	110.6	109.7	1590.1	132.5	12
1968	119.3	144	174.6	146.2	154.5	138.2	136.8	152.6	142.8	146.8	107.4	108	1671.2	139.3	12
1969	124.2	137.5	170.5	156.4	138.7	130.8	144.2	133.11	96.87	125.6	112.6	102.7	1573.18	131.1	12
1970	119.7	125.8	157.9	134.4	147.3	131.3	113.1	120.5	115.8	112.7	100	94	1472.5	122.7	12
1971	117.28	128.24	164.98	164.46	149.68	142.11	149.78	139.7	118.72	129.61	96.68	99.9	1601.14	133.4	12
1972	108.4	142.2	152.6	133.7	140.9	112.8	132.3	109.5	120	121.2	107.6	110.6	1491.8	124.3	12
1973	127.4	135.6	160.9	146.4	121.5	129.7	111.7	125	109	120.7	98.8	102	1488.7	124.1	12
1974	109.9	104.4	121	134.4	154.3	107.1	123.4	121	104.7	108	86.8	92.1	1367.1	113.9	12
1975	115.3	128.5	135.6	121.2	121.1	152.1	136.3	130.8	121.3	99.6	97.4	99.2	1458.4	121.5	12
1976	119.6	141.1	140.5	128.8	128.5	103.4	116.7	96.9	129.4	111.4	92.4	91.7	1400.4	116.7	12
1977	114.3	127	161.9	155.9	130	103.4	124.1	113.8	107.4	108.7	106.7	111.9	1465.1	122.1	12
1978	124.5	149.8	181	156.5	148.1	121.5	112.5	130.3	103.3	106.9	108.6	120.9	1563.9	130.3	12
1979	140.4	141.8	162.1		130.5	108.7	126.7	111	88.6	104.3	108.6	108.4	1331.1	121	11
1980	125.8	141.7	157.2	143.2	159	115.8	115.9	120.1	104.7	107.4	98.2	109.3	1498.3	124.9	12
1981	116.6	135.3	149.5	132.9	110.2	108.2	108.9	114.3	112.7	116	106.9	108.6	1420.1	118.3	12
1982	126.9	130.3	146.7	121.9	103.4	111.6	112.3	120.8	110.6	108.7	117.8	123.3	1434.3	119.5	12
1983	132.7	113.5	146.4	164.5	147.5	119.6	104.7	120.9	112.74	112.3	119.16	113.3	1507.3	125.6	12
1984	129	136.24	163.62	153.47	125.82	128.08	115.8	110.81	83.35	98.9	107.2	118.84	1471.13	122.6	12
1985	121.94	125.75	145.2	146.67	130.28	108.93	129.26	118.11	100.29	117.94	73.68	91.75	1409.8	117.5	12
1986	128.35	141.38	158.98	155.76	147.94	95.77	127.25	113.35	93.26	109.52	91.51	100.88	1463.95	122	12
1987	113.08	124.94	162.42	165.25	146.13	104.94	125.14	107.22	123.47	112.18	123.4	120.6	1528.77	127.4	12
1988	117.95	133.85	145.35	156.25	143.3	108.03	116.56	96.26	96.64	103.86	93.6	90.96	1402.61	116.9	12
1989	115.6	133.27	156.02	162.35	125.3	101.5	96.35	100.53	88.52	88.91	82.9	111.83	1363.08	113.6	12
1990	116.72	119.52	138.52	127.31	105.24	103.04	113.11	98.9	94.11	95.64	83.71	101.82	1297.64	108.1	12
1991	107.7	113.49	144.05	144.68	115.05								624.97	125	5
1992	107.71	126.15	160.99	134.33	125.73								654.91	131	5
1993	111.68	138.14	173.44	173.53	145.36	116.18	123.46	137.72	127.73	116.83	111.36	105.71	1581.14	131.8	12
1994	122.25	140.06	180.94	169.32	148.24	130.97	123.5	132.43	118.68	130.13	111.71	101.03	1609.26	134.1	12
1995	111.7	122.16	168.3	135.42	137.01	107.86	29.83						812.28	116	7
2001						59.93	134.86	117.44	122.84	112.99	98.87	80.83	727.76	104	7
2002	107.67	123.8	161.92	125.96	120.16	93.15	105.32		113.07	125.45	103.86	108.44	1288.8	117.2	11
2003	129.4	137.92	167.58	151.34	115.19	101.53	116.76	127.84	113.26	89.02	89.2	91	1430.04	119.2	12
2004	108.75	128.34	142.62	171.55	140.9	93.03	111.72	109.68	109.54	112.35	81.18	93.97	1403.63	117	12
2005	107.79	115.52	137.68	139.45	121.6	123.52	93.47	104	104.34	56.3	82.01	75.06	1260.74	105.1	12
2006	100.14	120.69	150.18	134.52	99.84	98.68	105.7	105.64	95.59	89.47	77.82	83.49	1261.76	105.1	12
2007	91.77	125.45	155.06	144.08	105.38	84.24	84.37	62.45	65	57.18	84.57	87.88	1147.43	95.6	12
2008	130.3	130.9	155	143.89			73.14	82.43	61.13	65.89	97.2	34.32	974.2	97.4	10
2009	94.61	132.42	154.3	164.26	121.64	103.08	93.96	93.76	80.21	76.91	66.87	14.41	1196.43	99.7	12
2010	97.3	113.21	152.01	151.08	109	68.67	70.17	69.81	58.22	91.94	83.23	94.39	1159.03	96.6	12
2011	103.75	110.5	124	106.5	109.3	59.55	65.75	68.9	53.11	52.8	45.1	51.25	950.51	79.2	12
2012	95.3	101.9	127.45	116.95	11.1				48.2	68.7	77.2	17.3	664.1	73.8	9
2013	66	98.6	144.61	127.29	108.44	66.2	68.4	79.44	48.1	63.08	68.95	17.1	956.21	79.7	12
2014	25.34	2.68			73.13	64.95	107.01	79.2	53.2	64.8	65.55		535.86	59.5	9
2015											31.65	30.28	61.93	31	2
2016										100.74	81.87	91.78	274.39	91.5	3
2017	88.07	95.79	100.78	98.6	67.51	56.01							506.76	84.5	6
MÍNIMA	25.34	2.68	100.78	98.6	11.1	56.01	29.83	62.45	48.1	52.8	31.65	14.41	61.93	31	2
MÁXIMA	140.4	149.8	181	173.53	159	152.1	152.4	152.6	142.8	146.8	123.4	123.3	1671.2	139.3	12
MEDIA	112.6	125.4	153.8	143.5	125.1	107.5	112.8	112.5	100.5	102.3	93.4	92	1222.1	112.4	10.6
DESV.ST	19.2	22.7	16.6	17.6	26.9	23.8	24.9	21.9	24.6	22.4	18.9	28.5	409.7	21.4	2.8

TEMPERATURA MÁXIMA PROMEDIO
AÑO	ENE	FEB	MAR	ABR	MAY	JUN	JUL	AGO	SEP	OCT	NOV	DIC	ACUM	PROM	MESES
1964									32.4	32.5	32.2	33		32.5	4
1965	32.7	34	35.4	34.3	34.3	32.9	33.8	33.3	33	32.9	33.7	34		33.7	12
1966	34.9	35.5	36.2	35.8	33.8	32.9	33.9	34	33.3	33.5	33.6	33.7		34.3	12
1967	34.6	35.2	35.2	34.4	34.2	32.3	33.7	33.9	32.6	33.8	34.1	34.1		34	12
1968	34.3	34.3	35.6	35.6	33.8	33	33.6	33.9	33	33.2	33.8	33.7		34	12
1969	34.4	35.4	36.6	36.6	35.6	33.5	33.9	31.9	32.6	32.9	33.7	33.9		34.2	12
1970	34	35.1	35.6	35.9	35.6	33.8	32.5	32.7	31.8	32.7	32.6	33.2		33.8	12
1971	34	34.8	35.5	35.5	34.1	33	33.4	32.4	32.5	33	32.8	33.1		33.7	12
1972	33.9	34.7	35.7	35.4	34.2	33.1	34.2	33.5	34	34.3	33.8	34.3		34.3	12
1973	35.2	36.1	37	36.4	34.3	33	33.4	33.3	33.2	33	34.4	33.4		34.4	12
1974	34.1	34.2	34.9	35.8	34.3	32.8	33.8	33.7	32.9	33.5	33.8	34.3		34	12
1975	34.9	35.7	35.5	36.3	34.3	34	33.5	33.5	32.8	33.2	33.6	33.8		34.3	12
1976	34.3	35.3	36.1	34.9	34.8	32	34.3	33.5	33.6	34	33.7	34.5		34.2	12
1977	35.4	36.1	37.4	37.5	34.1	32.9	34	33.5	33.5	33.5	34.6	34.4		34.7	12
1978	34.9	36.5	37.4	36.8	35.4	33.3	32.2	33.5	32.7	33.2	34.8	35.1		34.6	12
1979	35	36.4	37.1		34.5	32.7	33.7	33.2	31.6	33	34.7	35.6		34.3	11
1980	35.9	36.3	37.6	36.6	35.4	33.3	33.4	32.5	31.8	33.1	34.2	34.5		34.5	12
1981	34.9	36.7	36.6	36.2	33.7	32.2	33.1	32.6	33.1	32.7	33.8	34.4		34.2	12
1982	35.5	36	36.2	34.6	33.1	33.1	33.9	34.4	32.7	33.7	35	35.6		34.5	12
1983	35.8	35.4	36	37.9	37.2	34.6	34.4	34.4	33.7	33.9	34.2	34.3		35.1	12
1984	35.3	35.8	36.9	37.5	35.1	33.9	32.6	32.8	32.3	33.6	33.9	35.3		34.6	12
1985	35.2	36.4	36.7	36.7	35	33.4	33.3	33.4	33.6	33.4	33.1	34.7		34.6	12
1986	36.2	36.1	36.3	36.7	35.2	33.9	34	34.4	34.2	33.2	34.4	34.4		34.9	12
1987	34.8	35.2	36.2	37.3	36.6	33.7	34	33.3	33.6	34.4	35.9	35.3		35	12
1988	35	36.2	36.3	37	35.7	33.1	33.1	32.1	32	33.5	33.7	34.1		34.3	12
1989	34.7	35.6	35.9	37.3	34.5	32.7	32.6	32.8	31.7	32.5	32.5	33		33.8	12
1990	34.1	34.6	35.7	34.5	33.1	32.7	32.5	32.7	32.2	32.4	33	33.2		33.4	12
1991	33.2	34.7	35.4	35.7	34.3									34.7	5
1992	32.5	34.1	35.4	35.1	34.7									34.4	5
1993	32.6	34	34.9	36.4	33.7	33.2	31.8	31.5	31.7	32.3	33.1	33.2		33.2	12
1994	33.1	34.7	36	36.4	34.2	32.4	33.1	32.5	32.8	32	32.5	32.6		33.5	12
1995	32.9	33.7	35.5	34.6	33.4	32.7	32.1	32.2	32.1	32.2	33.5	32.6		33.1	12
1996	33.4	34.9	34.9	35.2	33.2	32.5	32.5	32	32.5	32.7	33.4			33.4	11
1997	34.7	35.8	36.2	34.9	34.5	31.6	32.4	32.6	31.3	31.8	32	32		33.3	12
1998	33.8	33.7	35.2	35.7	35.1	32.6	31.8	32	29.2	30.9	30.7	31.9		32.7	12
1999	32.3	32.6	33.1	34.4	33.1		31	31.4	30.1	30.6	31.9	31.5		32	11
2000	32.2	33.2	33.1	34.2	31.9	31.4	32	31.6	30.5	31.8	31.9			32.2	11
2001	32.3	33.9	33.9	34.4	32.8	31.9	31.6	32.7	30.9	31.5	32.2	31.7		32.5	12
2002	32.1	32.7	33.7	33.1	32.5	30.9	31		29.6	30.5	30.6	31.3		31.6	11
2003	31.8	32.3	32.7	32.9	31	29	29.7	31.7	33.8	33.3	34	34		32.2	12
2004	33.5	35.3	36	36.6	35.3	33.5	33.4	34	33.5	33.4	34.2	34.5		34.4	12
2005	34.6	34.7	36.1	36.4	34.6	33.4	33.1	33	33	31.9	33.9	33.6		34	12
2006	33.8	34.4	34.9	35	33.8	32.9	32.8	33.3	33.2	33.4	33.1	34		33.7	12
2007	34.2	34.6	35.1	35.4	34.3	32.7	33.1	32.3	32.3	31.8	34	33.5		33.6	12
2008	34.2	34.6	35.2	35.5	34.4	32.3	32.1	32.3	32.1	31.9	33.5	33.8		33.5	12
2009	33.6	34.2	34.5	35.6	34.3	32.8	33.5	33.1	33	33.2	33.1	34.7		33.8	12
2010	33.6	34.3	35.2	35.6	33.4	32.2	32	31.9	31	33	32.6	32.4		33.1	12
2011	33.5					34	33.3	33.8	31.5	30.1	32.4	32.1		32.6	8
2012	32.1	33	34.2	34.3	33.7	32.4	33.5	32.7	32.8	32.5	33.4	32.7		33.1	12
2013	33.7	34	34.8	35.9	33.9	32.8	32.8	32.6	31.8	32.3	32.6	32.6		33.3	12
2014	33	34.6	36	36.7	34.7	33.2	34.9	34	32.9	32.5	34.7	35.5		34.4	12
2015	34.8	35.8	36.1	35.6	35.6	34.2	34.5	35	34.3	33.9	34.1	35.1		34.9	12
2016	34.6	36	36.3	37.6	35.7	33.1	34.2	34.6	33.8	33.4	33.9	34.4		34.8	12
2022	34.4	35.9	38.2	39.4	36.5	34.3	35.8	35.2	34.6	33.7	33.3	32.7		35.3	12
2023	34.1	35	35.5	36.5	36.8	34.9	35	35.1	35.3	34.1	34.6	34.8		35.1	12
MÍNIMA	31.8	32.3	32.7	32.9	31	29	29.7	31.4	29.2	30.1	30.6	31.3		31.6	4
MÁXIMA	36.2	36.7	38.2	39.4	37.2	34.9	35.8	35.2	35.3	34.4	35.9	35.6		35.3	12
MEDIA	34	34.9	35.7	35.8	34.4	32.9	33.1	33.1	32.6	32.8	33.4	33.7		33.9	11.4
DESV.ST	1.1	1.1	1.1	1.2	1.2	1	1.1	1	1.2	1	1	1.1		0.9	1.8

TEMPERATURA MÁXIMA EXTREMA
AÑO	ENE	FEB	MAR	ABR	MAY	JUN	JUL	AGO	SEP	OCT	NOV	DIC	ACUM	PROM	MESES
1964									34	34	34	34		34	4
1965	34.5	35.5	37	36	36.5	35	36	34.5	34.5	35	35	36		35.5	12
1966	36	37	37.5	38	35.5	35	36	36	35	35.5	34.5	34.5		35.9	12
1967	36	37	36.5	36	35.5	35	35	36	35.5	35	36	35.5		35.8	12
1968	35.5	35.5	37.5	38	36.5	35	35.5	35.5	34.5	34.5	35	34.5		35.6	12
1969	36	37	38	38.5	37.5	36.5	36.5	34.5	36	34.5	37.5	36		36.5	12
1970	35.5	38	37	38	37.5	36.5	34.5	35.5	33.5	34.5	33.5	34		35.7	12
1971	35	36	36.5	37.5	36.5	34.5	35	34	34	34.5	34	34		35.1	12
1972	35.5	36	37	37.5	36	35.5	35.5	35.5	36	35.5	35	37		36	12
1973	37	37	38	38	36	35.5	35.5	35.5	35	34.5	35.5	35		36	12
1974	35	36	36	37.5	36	38	36	36	35	35	34.5	36		35.9	12
1975	36.5	37	37.5	37.5	36	35.5	35.5	36.5	35	35	35	35.5		36	12
1976	35.5	37	38	37	37	34	36.5	35.5	36	36	35	35.5		36.1	12
1977	37	37	39	39	36.5	35	36	36	35.5	35	36	36.5		36.5	12
1978	37	38.5	39.5	38.5	38.5	34.5	34.5	35	35	35.5	39	37		36.9	12
1979	37	38	38.5		36.5	36	36	35.5	35.5	35.5	37	37		36.6	11
1980	38	37.5	39	39.5	38	36	35.5	35	34.5	35	37	35.5		36.7	12
1981	36	39	38.5	39	36.5	36	35.5	35	34.5	34.5	35	36.5		36.3	12
1982	37	37.5	37.5	37	36	35	39	36	35	37	36.5	39.5		36.9	12
1983	37.5	38.5	37.5	39.5	39.5	36.5	37	36.5	36.5	37.5	37.5	36		37.5	12
1984	37.5	37.5	38.5	39	39.5	36.5	35.5	36.5	34.5	35	36	36		36.8	12
1985	37	39	39	38	36.5	35	34.5	36.5	36	35	35	36.5		36.5	12
1986	37	38.5	38.5	38.5	37.5	36.5	36	36.5	37.5	35	36	36		37	12
1987	38	37	38.5	39	38.5	37	38	35	36.5	36.5	37.5	37		37.4	12
1988	37	37.5	38.5	39	39	38.8	35.6	36.2	34.5	35	35.2	35		36.8	12
1989	36.5	37.5	37.8	39	38.5	35	35	36	37	34.5	34	34.5		36.3	12
1990	36.5	36.5	38.5	37.5	36	36	34.5	35.2	37.5	33.5	34.5	34.5		35.9	12
1991	35	37.5	38	37.5	37									37	5
1992	34	37	38	37	37									36.6	5
1993	37.5	39.5	37.5	38	36	38	34.5	34	34	34	34.5	34.5		36	12
1994	34.5	36.5	37	38	37	34.5	35	35	34.5	33.5	35	36		35.5	12
1995	35	35.5	37	36.5	38	35.5	35	35	34.5	34.5	38	34		35.7	12
1996	35.5	37	38.5	37.5	36	33.5	35.5	33.5	34	34.5	35			35.5	11
1997	37	38	38	36.5	37.5	34.5	34	37	34	35	36	33.5		35.9	12
1998	38	36	37.5	37.5	37.5	36.5	36	36.5	33	34	32.8	33		35.7	12
1999	34	34.5	35.5	36.5	34.5		33	33.5	33.5	35.5	33.5	33		34.3	11
2000	33.5	34.5	35.5	35.5	35	34	33.5	33.5	32	33	34			34	11
2001	33.5	36.5	36	36	35	34.5	33.5	35	32.5	33.5	33.5	33		34.4	12
2002	34.5	35.5	36	35.5	35.5	35	32.5		32.5	32.5	33	32.5		34.1	11
2003	33.5	34	34.5	35	34.5	31.5	31.5	41.5	36	35	36	36		34.9	12
2004	36	36.5	38	38.5	38.5	35	36	35.5	35.5	34.5	36	37		36.4	12
2005	37	36	37.5	38.5	37	37	35	35	35.5	34	36.5	35		36.2	12
2006	35.5	36.5	37	36.5	36	34.5	35.5	35.5	34.5	34.5	35.5	37		35.7	12
2007	36.5	36.5	36.5	37.5	36.5	35	35	34	34	34	36	35		35.5	12
2008	37	36.5	36.5	36.5	36.5	36	34	33.5	34	35	34.5	35.5		35.5	12
2009	34.5	35.5	38.5	38	36	35.5	37	35	35	34.5	35.5	35.5		35.9	12
2010	34.5	35.5	37	37.5	36.5	37.5	33.5	33.5	33.5	34.5	34	35		35.2	12
2011	34.5					36.5	35.3	35	34.2	33	34.3	33.5		34.5	8
2012	35.2	34.5	35.5	36	36.7	35	35.5	34	34.4	34.9	34.6	33.2		35	12
2013	35.2	35	36.5	39.3	37	35.2	34.8	34	34.7	33.9	35.1	33.2		35.3	12
2014	34	36.5	38	38.4	36.5	36	36.3	36	34.6	36.3	39	36.4		36.5	12
2015	36.1	37.5	38	37.7	37.4	37.3	37.1	37.2	37	36	35.9	36.2		37	12
2016	35.8	38	38.4	39	38	35	35.5	36.5	35.5	34.6	35	36.5		36.5	12
2022	35	38	39.5	41.7	39	38	37.5	37.5	37	35	34.5	37.8		37.5	12
2023	36.3	36.8	38	38	39	38	36.8	37	37	35.4	36	35		36.9	12
MÍNIMA	33.5	34	34.5	35	34.5	31.5	31.5	33.5	32	32.5	32.8	32.5		34	4
MÁXIMA	38	39.5	39.5	41.7	39.5	38.8	39	41.5	37.5	37.5	39	39.5		37.5	12
MEDIA	35.8	36.8	37.5	37.7	36.9	35.7	35.4	35.5	34.9	34.8	35.4	35.3		36	11.4
DESV.ST	1.2	1.2	1.1	1.2	1.2	1.3	1.3	1.4	1.3	0.9	1.4	1.4		0.9	1.8

TEMPERATURA MÍNIMA PROMEDIO
AÑO	ENE	FEB	MAR	ABR	MAY	JUN	JUL	AGO	SEP	OCT	NOV	DIC	ACUM	PROM	MESES
1964									21.9	21.1	20	19.6		20.6	4
1965	20.2	19.9	20.1	22.1	23.4	22.2	23.4	22	22.5	21.7	21.5	19.8		21.6	12
1966	19.3	20.1	21.1	23.6	23.9	22.8	22.8	22.9	22.7	22.1	19.9	18.2		21.6	12
1967	18.2	18.5	20.1	22.2	23.2	22.4	22	22.1	22.1	21.9	20.8	20.1		21.1	12
1968	18.7	17.6	19.1	22.8	23.1	22.7	22.1	22.6	22.3	22.2	21.1	20		21.2	12
1969	18.8	20.9	22.5	23.9	24.2	23.6	22.7	21.7	22.4	22.3	21.4	20.5		22.1	12
1970	19.1	19.3	20.7	23.2	22.9	22.7	22.5	22.2	22.1	22.2	20.4	18.6		21.3	12
1971	18.7	19	19.8	20.9	23.2	22.2	22.1	21.8	22	22	21	20.4		21.1	12
1972	19.2	19.1	20.7	22.8	23.5	22.7	22.6	22	22	22.5	22.4	20.4		21.7	12
1973	19.2	19	21.9	24	23.3	22.6	22.1	22.2	22.4	22	21.6	18.6		21.6	12
1974	20.1	19.6	21.3	21.9	22.6	22.2	21.7	22	21.9	21.4	20.7	19.7		21.3	12
1975	19	19.6	21.7	23	23.5	22.4	21.8	22	22.2	22.1	21	19		21.4	12
1976	18.3	17.8	20.9	22.7	23.1	22.7	22.2	22.2	22.5	22.5	21.4	19.7		21.3	12
1977	18.3	19.2	20.4	22.3	23.3	22.6	22.1	22.6	22.9	22.4	22	21.3		21.6	12
1978	19.4	19.9	21.1	23	23.4	22.6	22.4	22.4	22.3	22.2	21.8	21.1		21.8	12
1979	18.8	19.5	21.9		23.5	22.9	23	22.6	22.8	22.9	21.4	20.7		21.8	11
1980	20.2	20.6	21.4	23.2	23.8	23.1	22.9	22.4	22.6	22.5	21.3	19.6		22	12
1981	18.4	19.4	22.4	23	23.7	22.9	22.5	22.7	22.4	22.2	20.8	20.9		21.8	12
1982	19.9	21.1	21.6	23.2	23.3	22.9	22.6	22.1	22.6	22	21	20.2		21.9	12
1983	19	20.5	20.3	23	24.1	23.3	22.8	22.4	21.8	22.2	21.9	20.8		21.8	12
1984	19.1	20.7	20.5	22.3	22.7	22.3	22	22.4	22.3	22.7	20.7	19.2		21.4	12
1985	18.5	19.1	20.8	22.3	22.7	22.7	21.9	22.1	22.2	21.7	21.5	20.2		21.3	12
1986	18.3	20.2	20.3	21.6	23	22.2	21.5	22.4	21.5	21.5	20.8	18.9		21	12
1987	17.2	19.7	21.6	23.2	24	23.2	22.9	22.9	22.7	22.1	21.7	20.8		21.8	12
1988	20.7	19.9	21.4	22.8	23.4	23.1	22.5	22.6	22.5	22.4	21.7	20.4		22	12
1989	20.2	19.8	18.8	22	22.7	22.5	21.4	22.5	22.4	22.3	22.1	20.8		21.5	12
1990	19.7	20.6	21.6	22.5	23.3	23	22.5	22.3	22.6	22.4	22	20.1		21.9	12
1991	19.9	19.9	20.8	23.7	23.2									21.5	5
1992	19.6	19.9	21.3	22.9	23									21.3	5
1993	19.1	19.9	21.3	23.2	23.4	23	22.5	22.1	22.3	22.9	21.9	20.3		21.8	12
1994	19.8	20.1	21.7	22.9	23.5	23	22.7	22.7	22.9	22.5	22.2	21.7		22.1	12
1995	20.1	20.3	20.8	23.6	23.2	23.6	23.2	23.4	23.3	22.8	22.3	21		22.3	12
1996	19.8	18.8	20.7	23	23.1	22.8	21.9	21.8	22.8	22.3	21.6			21.7	11
1997	20.1	20.3	21.8	22.6	23	21.6	21.5	21.1	21.8	21.7	21.3	20.2		21.4	12
1998	19.2	19	20.9	21.4	22.3	23.1	21.9	21.9	22	22	21	18.8		21.1	12
1999	18.5	18.6	19.9	20.9	21.8		20.9	20.6	20.8	20.2	20	17.9		20	11
2000	17.5	17.7	19.4	19.6	21	21	20.8	20.5	20.4	20.7	20.8			19.9	11
2001	17.6	18.3	19.1	21.2	21.8	20.9	20.9	21.3	21	21.6	19.9	20		20.3	12
2002	19.2	18.7	20	22.3	22.8	22.6	22.6		22.7	22.8	21.1	20.5		21.4	11
2003	19.7	20.4	22.1	24.1	24.9	24.1	23.3	22.8	21.8	22.2	21.7	18.3		22.1	12
2004	19.1	19.4	20.8	22.1	22.9	22.3	21.5	22.1	21.7	22	21.3	19		21.2	12
2005	18.2	20	22.4	22.9	23.2	22.8	22.4	22.5	22.4	21.8	20.4	20.4		21.6	12
2006	20	19.7	20.8	22.2	23.1	22.5	22.6	22.7	22.3	22.5	21.4	21.1		21.7	12
2007	19.8	19.6	20.2	22.6	23.6	22.7	21.9	22.1	22.1	21.6	20.1	19.8		21.3	12
2008	19.1	20.8	21.2	22.5	23.2	22.6	22.1	21.9	22.5	21.8	19.8	19.4		21.4	12
2009	18.8	18.8	19.2	21.5	22.1	22.1	22.3	22.2	22.3	22.2	21	19.8		21	12
2010	19.2	20.9	22.2	23.1	23.7	22.8	22.4	22.1	22	21.4	20.5	19.9		21.7	12
2011	20					22.8	22.1	22.7	23.5	22.8	21.7	20.5		22	8
2012	21.1	22.2	22.6	23.6	24.7	24.3	23.5	23.9	23.6	23.7	22	22.3		23.1	12
2013	21.5	22.5	22	23.8	24.8	24	23.8	23.5	23.8	23.6	23.4	21.7		23.2	12
2014	20.7	21.4	22.6	23.6	23.8	23.6	23.4	23	22.9	22.9	21.7	20.2		22.5	12
2015	19.6	20	22	23.7	24	23.8	23.6	23.5	23.8	24	23.3	21.9		22.8	12
2016	21.2	20.4	23	23.8	24.8	23.6	23.3	23.8	23.1	23	22.3	22.7		22.9	12
2022	19.3	20.9	21.9	23.6	22.4	21.1	22.5	23.1	23.1	23.4	22.6	20.7		22	12
2023	20	20.3	22.3	23.4	23.8	23.8	23.5	23.5	23.5	23.4	23	22		22.7	12
MÍNIMA	17.2	17.6	18.8	19.6	21	20.9	20.8	20.5	20.4	20.2	19.8	17.9		19.9	4
MÁXIMA	21.5	22.5	23	24.1	24.9	24.3	23.8	23.9	23.8	24	23.4	22.7		23.2	12
MEDIA	19.3	19.8	21.1	22.7	23.3	22.8	22.4	22.4	22.4	22.3	21.4	20.2		21.6	11.4
DESV.ST	0.9	1	1	0.9	0.7	0.7	0.7	0.7	0.7	0.7	0.8	1.1		0.7	1.8

TEMPERATURA MÍNIMA EXTREMA
AÑO	ENE	FEB	MAR	ABR	MAY	JUN	JUL	AGO	SEP	OCT	NOV	DIC	ACUM	PROM	MESES
1964									21.5	18	18.5	18		19	4
1965	17.5	18	16	20	22	18	20.5	21	21.5	18.5	19	16.5		19	12
1966	18	18	19	22	22.5	21	21	21.5	21	20.5	17	15		19.7	12
1967	15.5	16	17.5	19.5	21	20	20.5	20.5	20.5	20	18	17.5		18.9	12
1968	16	11.5	15.5	20.5	21	21.5	21	21	21	20.5	18	17.5		18.8	12
1969	16.5	18.5	19.5	20.5	22.5	21.5	21	2.5	21	21	17.5	16.5		18.2	12
1970	15	17.5	17	21	20.5	21.5	21	21	20.5	21.5	18	16		19.2	12
1971	16.5	16	16.5	18.5	21.5	21	20.5	20	20.5	20.5	18	17.5		18.9	12
1972	17.5	15	18	21	21.5	21	21.5	20	20.5	21	20.5	15.5		19.4	12
1973	16.5	16.5	19	22.5	20.5	21	20.5	21	21.5	21	20	16.5		19.7	12
1974	18.5	17	16	19.5	21.5	20.5	20	20.5	21	19	18.5	17.5		19.1	12
1975	17	16.5	20	20	22	21	21	20.5	21	20.5	17.5	16.5		19.5	12
1976	15.5	15.5	17.5	21	21.5	21	19	21	21.5	21	19.5	17.5		19.3	12
1977	10.5	17.5	17.5	20	21.5	19.5	20	21	21.5	21	19	17.5		18.9	12
1978	16.5	17	18.5	20.5	20	21	21	21	20	19.5	19	19.5		19.5	12
1979	16	18	19		22	21	21.5	19.5	21.5	21.5	19.5	18.5		19.8	11
1980	18.5	17.5	18	19.5	22	21.5	21.5	21	21.5	20.5	20	16		19.8	12
1981	15	16.5	20	20.5	22	20	21	21.5	21	21	19	19		19.7	12
1982	18.5	19	19	22	20	21.5	21	20	21.5	20	19	18		20	12
1983	16	18	16	20.5	22.5	22	21	21	20	20.5	20	19.5		19.8	12
1984	16	17.5	18	20	21	21	21	21.5	21	21.5	17.5	17		19.4	12
1985	15	17.5	18	20	18.5	22	20.5	21	21	19	20.5	18		19.2	12
1986	14.5	18	18	19	20.5	19	19	21	19	19	19.5	16		18.5	12
1987	13.5	16	19.5	20	22.5	20	20	21	20.5	20.5	20.5	19		19.4	12
1988	17	18	18.5	21	21.5	21.5	21.2	21.8	21	20.5	20.2	19		20.1	12
1989	18	16.5	15	19.5	18.5	20.5	2.5	20	20	20.1	20	17		17.3	12
1990	18.5	19	20.3	21	21.5	21.5	21.5	20.5	21	19.5	20	18		20.2	12
1991	18	18	17	20.5	19.5									18.6	5
1992	17	17	19	21.5	21.5									19.2	5
1993	16.5	18	19	18.5	19.5	21	21	20.5	21.5	21.5	19.5	18.5		19.6	12
1994	18.5	18	20	20	20.5	17	21	17.5	19	21.5	20.5	20.5		19.5	12
1995	18	19	17	19	14	22.5	22	22	22.5	21.5	20.5	20		19.8	12
1996	17	16.5	16.5	21.5	18.5	18.5	20.5	20	21	20.5	19			19	11
1997	17.5	18	19	20	20	19	19	18	20	20.5	18.5	17		18.9	12
1998	16	15	17	19	19.5	21	20	20.5	21	20.5	20	16		18.8	12
1999	17.5	16	18	19	20		16.5	19.5	20	17	16.5	15.5		17.8	11
2000	15.5	16.5	17.5	14.5	19.5	19	18.5	19	18	19.5	19			17.9	11
2001	15.5	17	17	17.5	20	19.5	19.5	20	20	20.5	18	18		18.5	12
2002	17.5	17.5	18.5	20	21	21	21.5		20	22	18	19		19.6	11
2003	18	19	20.5	20	21	23	22	21	20.5	21.5	20	16		20.2	12
2004	16	18.5	19	18	20.5	20.5	20	21	20	20	19	16		19	12
2005	16.5	17.5	20	21.5	21.5	21.5	21	20.5	21	16	19	17.5		19.5	12
2006	18	18.5	19	19.5	22	21	21.5	21	21	21	17.5	19.5		20	12
2007	17.5	17.5	17.5	20.5	22.5	21	20.5	21	21	18	18	18		19.4	12
2008	16	17.5	19	19.5	21	21	20	20.5	18	19.5	17.5	19		19	12
2009	18	16.5	16	20	20	21	21.5	20.5	22	21.5	20	19		19.7	12
2010	17	19.5	20	22	21	22	21.5	21.5	20.5	20	18.5	17		20	12
2011	18.3					21.5	21.2	21.5	22.3	20.5	20	19.5		20.6	8
2012	19.8	20	21	21	22.5	23.7	21.8	22.9	22.7	22.9	20	20.9		21.6	12
2013	20.2	20.3	18.9	21.4	22.1	23	22.8	22.8	23.3	22	21.4	21.1		21.6	12
2014	18.5	18.5	20.8	20.1	22.6	22.9	22.2	20.9	22.1	20.8	19.3	19.2		20.7	12
2015	17	17.1	19	21.4	22.4	21.7	22.5	22.4	23	22.7	21.6	20.6		21	12
2016	18.9	18.1	21	21.3	22.5	22.6	21.7	21	22.7	21.2	20.1	21.5		21	12
2022	17.3	18.5	19.6	23	18.5	17.8	22	22	22	22	20.9	19		20.2	12
2023	18.5	18.5	19	22	23	23	21	21.6	21.8	23	21.5	21.2		21.2	12
MÍNIMA	10.5	11.5	15	14.5	14	17	2.5	2.5	18	16	16.5	15		17.3	4
MÁXIMA	20.2	20.3	21	23	23	23.7	22.8	22.9	23.3	23	21.6	21.5		21.6	12
MEDIA	16.9	17.4	18.4	20.2	20.9	20.9	20.4	20.4	21	20.5	19.2	18		19.5	11.4
DESV.ST	1.6	1.4	1.5	1.4	1.5	1.4	2.8	2.7	1.1	1.4	1.2	1.6		0.9	1.8

TEMPERATURA MEDIA MENSUAL
AÑO	ENE	FEB	MAR	ABR	MAY	JUN	JUL	AGO	SEP	OCT	NOV	DIC	ACUM	PROM	MESES
1964									27.1	26.8	26.1	26.3		26.6	4
1965	26.5	27	27.8	28.2	28.8	27.5	28.6	27.6	27.8	27.3	27.6	26.9		27.6	12
1966	27.1	27.8	28.7	29.7	28.8	27.9	28.4	28.4	28	27.8	26.8	26		28	12
1967	26.4	26.9	27.7	28.3	28.7	27.3	27.9	28	27.4	27.8	27.5	27.1		27.6	12
1968	26.5	26	27.4	29.2	28.4	27.9	27.9	28.2	27.6	27.7	27.4	26.9		27.6	12
1969	26.6	28.1	29.6	30.2	29.9	28.6	28.3	26.8	27.5	27.6	27.6	27.2		28.2	12
1970	26.6	27.2	28.1	29.5	29.2	28.2	27.5	27.5	27	27.5	26.5	25.9		27.6	12
1971	26.4	26.9	27.6	28.2	28.6	27.6	27.8	27.1	27.2	27.5	26.9	26.8		27.4	12
1972	26.5	26.9	28.2	29.1	28.9	27.9	28.4	27.8	28	28.4	28.1	27.3		28	12
1973	27.2	27.6	29.4	30.2	28.8	27.8	27.8	27.8	27.8	27.5	28	26		28	12
1974	27.1	26.9	28.1	28.8	28.4	27.5	27.8	27.9	27.4	27.4	27.2	27		27.6	12
1975	27	27.7	28.6	29.6	28.9	28.2	27.6	27.8	27.5	27.7	27.3	26.4		27.9	12
1976	26.3	26.5	28.5	28.8	29	27.4	28.2	27.9	28	28.2	27.6	27.1		27.8	12
1977	26.9	27.6	28.9	29.9	28.7	27.8	28	28	28.2	28	28.3	27.9		28.2	12
1978	27.1	28.2	29.2	29.9	29.4	28	27.3	28	27.5	27.7	28.3	28.1		28.2	12
1979	26.9	28	29.5		29	27.8	28.4	27.9	27.2	28	28	28.1		28.1	11
1980	28	28.4	29.5	29.9	29.6	28.2	28.1	27.4	27.2	27.8	27.8	27		28.2	12
1981	26.6	28	29.5	29.6	28.7	27.6	27.8	27.6	27.8	27.5	27.3	27.6		28	12
1982	27.7	28.6	28.9	28.9	28.2	28	28.2	28.2	27.7	27.9	28	27.9		28.2	12
1983	27.4	28	28.1	30.4	30.7	29	28.6	28.4	27.8	28	28	27.5		28.5	12
1984	27.2	28.2	28.7	29.9	28.9	28.1	27.3	27.6	27.3	28.1	27.3	27.2		28	12
1985	26.9	27.8	28.8	29.5	28.9	28	27.6	27.8	27.9	27.5	27.3	27.5		28	12
1986	27.2	28.1	28.3	29.2	29.1	28	27.8	28.4	27.9	27.4	27.6	26.6		28	12
1987	26	27.5	28.9	30.2	30.3	28.5	28.4	28.1	28.1	28.2	28.8	28		28.4	12
1988	27.9	28	28.8	29.9	29.6	28.1	27.8	27.4	27.2	28	27.7	27.2		28.1	12
1989	27.5	27.7	27.4	29.6	28.6	27.6	27	27.6	27	27.4	27.3	26.9		27.6	12
1990	26.9	27.6	28.7	28.5	28.2	27.9	27.5	27.5	27.4	27.4	27.5	26.7		27.6	12
1991	26.6	27.3	28.1	29.7	28.8									28.1	5
1992	26	27	28.4	29	28.9									27.9	5
1993	25.9	27	28.1	29.8	28.6	28.1	27.1	26.8	27	27.6	27.5	26.8		27.5	12
1994	26.5	27.4	28.9	29.6	28.9	27.7	27.9	27.6	27.8	27.2	27.4	27.1		27.8	12
1995	26.5	27	28.1	29.1	28.3	28.2	27.6	27.8	27.7	27.5	27.9	26.8		27.7	12
1996	26.6	26.9	27.8	29.1	28.2	27.6	27.2	26.9	27.6	27.5	27.5			27.5	11
1997	27.4	28	29	28.8	28.8	26.6	27	26.9	26.6	26.8	26.6	26.1		27.4	12
1998	26.5	26.4	28	28.6	28.7	27.9	26.9	27	25.6	26.4	25.9	25.4		26.9	12
1999	25.4	25.6	26.5	27.6	27.5		26	26	25.5	25.4	26	24.7		26	11
2000	24.9	25.5	26.2	26.9	26.4	26.2	26.4	26	25.4	26.2	26.4			26	11
2001	25	26.1	26.5	27.8	27.3	26.4	26.2	27	26	26.6	26	25.9		26.4	12
2002	25.6	25.7	26.9	27.7	27.6	26.8	26.8		26.1	26.6	25.9	25.9		26.5	11
2003	25.8	26.3	27.4	28.5	28	26.6	26.5	27.2	27.8	27.8	27.9	26.1		27.2	12
2004	26.3	27.3	28.4	29.4	29.1	27.9	27.4	28	27.6	27.7	27.8	26.8		27.8	12
2005	26.4	27.4	29.2	29.6	28.9	28.1	27.8	27.8	27.7	26.9	27.1	27		27.8	12
2006	26.9	27	27.9	28.6	28.4	27.7	27.7	28	27.8	28	27.2	27.6		27.7	12
2007	27	27.1	27.6	29	29	27.7	27.5	27.2	27.2	26.7	27	26.6		27.5	12
2008	26.7	27.7	28.2	29	28.8	27.4	27.1	27.1	27.3	26.9	26.6	26.6		27.4	12
2009	26.2	26.5	26.9	28.6	28.2	27.4	27.9	27.6	27.6	27.7	27	27.2		27.4	12
2010	26.4	27.6	28.7	29.4	28.5	27.5	27.2	27	26.5	27.2	26.6	26.1		27.4	12
2011	26.8					28.4	27.7	28.2	27.5	26.5	27	26.3		27.3	8
2012	26.6	27.6	28.4	29	29.2	28.4	28.5	28.3	28.2	28.1	27.7	27.5		28.1	12
2013	27.6	28.2	28.4	29.9	29.4	28.4	28.3	28	27.8	28	28	27.1		28.3	12
2014	26.9	28	29.3	30.2	29.2	28.4	29.1	28.5	27.9	27.7	28.2	27.9		28.4	12
2015	27.2	27.9	29	29.6	29.8	29	29	29.2	29	29	28.7	28.5		28.8	12
2016	27.9	28.2	29.6	30.7	30.2	28.4	28.8	29.2	28.4	28.2	28.1	28.5		28.9	12
2022	26.9	28.4	30	31.5	29.4	27.7	29.1	29.2	28.9	28.6	28	26.7		28.7	12
2023	27	27.6	28.9	30	30.3	29.4	29.2	29.3	29.4	28.8	28.8	28.4		28.9	12
MÍNIMA	24.9	25.5	26.2	26.9	26.4	26.2	26	26	25.4	25.4	25.9	24.7		26	4
MÁXIMA	28	28.6	30	31.5	30.7	29.4	29.2	29.3	29.4	29	28.8	28.5		28.9	12
MEDIA	26.7	27.4	28.4	29.3	28.8	27.8	27.8	27.7	27.5	27.5	27.4	27		27.8	11.4
DESV.ST	0.7	0.8	0.9	0.8	0.8	0.6	0.7	0.7	0.8	0.7	0.7	0.8		0.6	1.8
