COMISIÓN NACIONAL DEL AGUA
COORDINACIÓN GENERAL DEL SERVICIO METEOROLÓGICO NACIONAL
BASE DE DATOS CLIMATOLÓGICA NACIONAL 

ESTADÍSTICA MENSUAL
EMISIÓN   : 25/10/2024 

DATOS DISPONIBLES EN LA BASE DE DATOS A: OCTOBER DE 2024; 
CON LA INFORMACIÓN SUMINISTRADA POR LAS UNIDADES ADMINISTRATIVAS 

 ESTACIÓN  : 7155 
 NOMBRE    : SANTA ISABEL 
 ESTADO    : CHIAPAS 
 MUNICIPIO : LA CONCORDIA 
 SITUACIÓN : SUSPENDIDA 
 CVE-OMM   :   
 LATITUD   : 16 ° 
 LONGITUD  : -92.51666667 ° 
 ALTITUD   : 570 msnm 


LLUVIA MÁXIMA 24 H.
AÑO	ENE	FEB	MAR	ABR	MAY	JUN	JUL	AGO	SEP	OCT	NOV	DIC	ACUM	PROM	MESES
1955										78.2	29.4	1.4	109	36.3	3
1956	7.7	0	3.8	6	39.5	60.3	33.2	47.5	75.4	72.5		0.01	345.91	31.4	11
1957	0	8.5	24	20	40.4	80.3	26	42	36.5	35.5	5.5	0.01	318.71	26.6	12
1958	0.01	0.01	0	7.5	50.5	74	39.5	37	48.5	68.5	8	10	343.52	28.6	12
1959	0	0	0.3	0.3	59	82	43.5	87.5	23	70	5.5	0	371.1	30.9	12
1960	0	0	0	44	17	68	70	32.4	62.5	49.5	7.8	0	351.2	29.3	12
1961	0.01	0	15.5	12.3	36.5	60.3	69.7	44.6	44	133.7	12.5	13	442.11	36.8	12
1962	0	0	0	17.3	19	69.8	78.4	100.3	97.5	72	0.01	13.4	467.71	39	12
1963	1	1	4.3	2.8	29.5	64	49	41.5	65	9.5	48.7	1.5	317.8	26.5	12
1964	0	0	6	0	49.5	61.3	78.9	48	65	42.7	14.5	12.9	378.8	31.6	12
1965	4.3	5	3.4	7	45	84	26.2	85.5	73	29	1.3	0	363.7	30.3	12
1966	0	1.2	0	14.4	27.6	53.3	52.4	23.9	26.5	30.5	0.7	0.1	230.6	19.2	12
1967	7.2	0.3	18.5	17.4	4.5	40	33.5	60.2	125	60	0.2	7.4	374.2	31.2	12
1968	0	0	0	12.5	41	67.8	35.7	73.5	60	123	0.01	4	417.51	34.8	12
1969	0	0	0		21.9	47.5		64	49.5	26.3	2.5		211.7	23.5	9
1970	0.8	0	0	0.3	19	68.5	65	107	115.5	34.7	0	0	410.8	34.2	12
1971	0.01	0	0.2	0.5	33.5	59	61.9	71	64.5	46	19.5	4.9	361.01	30.1	12
1972	0	0	2	32.5	28.4	60	38	30.1	60	29.9	19.5	0.2	300.6	25	12
1973	0	0	0	5.4	34	40	60.7	46.8	70	119.3	46.8	0	423	35.2	12
1974	0.9	0	14	17									31.9	8	4
MÍNIMA	0	0	0	0	4.5	40	26	23.9	23	9.5	0	0	31.9	8	3
MÁXIMA	7.7	8.5	24	44	59	84	78.9	107	125	133.7	48.7	13.4	467.71	39	12
MEDIA	1.2	0.8	4.8	12.1	33.1	63.3	50.7	57.9	64.5	59.5	12.4	3.8	328.5	29.4	10.9
DESV.ST	2.4	2.2	7.4	11.8	13.8	12.8	17.9	24.7	27.1	34.9	15.3	5.1	109.1	7	2.6

LLUVIA TOTAL MENSUAL
AÑO	ENE	FEB	MAR	ABR	MAY	JUN	JUL	AGO	SEP	OCT	NOV	DIC	ACUM	PROM	MESES
1955										190.61	36.71	1.81	229.13	76.4	3
1956	7.73	0	3.82	13.62	270.72	338.61	232.5	137	459.62	98.53		0.01	1562.16	142	11
1957	0	12.7	24	50.74	111.85	239.14	157.12	213.51	257.03	41.5	5.51	0.01	1113.11	92.8	12
1958	0.03	0.01	0	17.3	112.71	373.53	353.53	274.06	231.51	214	24	10	1610.68	134.2	12
1959	0	0	0.3	0.31	88.53	362.51	248	268.51	83.5	343.51	7	0	1402.17	116.8	12
1960	0	0	0	92	65	312	321.9	226.61	349.13	240.91	15.45	0	1623	135.2	12
1961	0.01	0	16.5	32.1	123.31	315.3	418.13	234.21	143.11	196.01	43.98	14.5	1537.16	128.1	12
1962	0	0	0	26.9	45.2	387.8	197.94	423.5	595.1	210.15	0.03	13.7	1900.32	158.4	12
1963	1.41	1.4	6.5	4.3	160.1	323.2	257.7	205.1	323.5	17.67	88.4	2.2	1391.48	116	12
1964	0	0	6	0	135.1	337.5	422.53	294.11	348.62	71.62	19.45	13.61	1648.54	137.4	12
1965	4.71	5	4	10.41	104.9	483.9	128.51	329.34	341.94	143.39	1.8	0	1557.9	129.8	12
1966	0	1.2	0	14.54	75.6	154.8	224.41	201.94	317.24	173.87	1	0.11	1164.71	97.1	12
1967	11.1	0.3	26.5	24.9	12.41	230.21	129.02	347.56	242.03	187.47	0.21	7.5	1219.21	101.6	12
1968	0	0	0	12.7	130.1	287.7	157.9	148.11	326.4	309.11	0.02	4	1376.04	114.7	12
1969	0	0	0		34.2	308		477.2	235.1	52.3	2.8		1109.6	123.3	9
1970	0.8	0	0	0.3	38.5	266.7	394.6	302.2	488.4	65.6	0	0	1557.1	129.8	12
1971	0.02	0	0.2	0.5	51.4	298.45	453.4	391.45	218.43	154.96	66.54	7.42	1642.77	136.9	12
1972	0	0	3.5	51.9	128.4	201.4	285.1	181.6	165.3	93.5	66.5	0.2	1177.4	98.1	12
1973	0	0	0	14.1	60.5	279.4	298.6	380.9	116.2	283.4	48.5	0	1481.6	123.5	12
1974	0.9	0	32	20.3									53.2	13.3	4
MÍNIMA	0	0	0	0	12.41	154.8	128.51	137	83.5	17.67	0	0	53.2	13.3	3
MÁXIMA	11.1	12.7	32	92	270.72	483.9	453.4	477.2	595.1	343.51	88.4	14.5	1900.32	158.4	12
MEDIA	1.4	1.1	6.5	21.5	97.1	305.6	275.3	279.8	291.2	162.5	23.8	4.2	1317.9	115.3	10.9
DESV.ST	3.1	3	10.3	23.5	59.9	74.8	105.8	96.6	132.6	93.5	28.1	5.5	454.3	31	2.6

EVAPORACIÓN MENSUAL
AÑO	ENE	FEB	MAR	ABR	MAY	JUN	JUL	AGO	SEP	OCT	NOV	DIC	ACUM	PROM	MESES
1958												68.4	68.4	68.4	1
1959	128.3	167.7	207.9	217.7	225.8	142.9	127.4	134.7	125.2	115.6	94.5	98.8	1786.5	148.9	12
1960	121.9	155	198.5	204.4	208.6	142.7	147.9	142.8	124.3	106	84.9	90.7	1727.7	144	12
1961	111.7	150.4	203.9	206.5	208.8	146.8	136.2	128.7	114.1	95.4	82	91.5	1676	139.7	12
1962	112.6	157.2	209.1	197.2	234	156.2	146.7	152.1	132.8	125.2	100.4	104.1	1827.6	152.3	12
1963	125.8	151.3	222.4	223.4	197.2	150.1	143	145.5	108.1	120	98.8	91.1	1776.7	148.1	12
1964	108.4	141.7	206.9	212.9	186.7	150.9	150.3	163.8	131.6	100.2	96.9	104.6	1754.9	146.2	12
1965	130.1	131	192	202.3	216	166.8	136.5	154.3	117.5	89.5	93.1	98.4	1727.5	144	12
1966	114	139.8	193.9	178.1	190	192.5	167.2	140.9	127.5	123.9	89.4	102.2	1759.4	146.6	12
1967	109.7	138.6	192.9	204.7	220.3	160	141.8	132.6	105.2	106.1	98.4	111	1721.3	143.4	12
1968	118.2	148.4	207.4	228.6	201.5	149.3	139.2	144.8	136.4	118.6	101.1	107	1800.5	150	12
1969	129.7	166.6	224.8		225.1	195.9		139.7	118.7	130.5	110.1		1441.1	160.1	9
1970	144.4	155.7	232.9	244.1	226	165.6	157.3	148	114.6	109.9	110.6	118.2	1927.3	160.6	12
1971	146.17	172.6	230.64	235.28	236.46	171.85	175.44	153.49	133.93	149.36	108.3	126.07	2039.59	170	12
1972	156.4	177.3	226.8	226.5	184.5	140.7	155.5	139.7	136.5	133.8	121.2	123.5	1922.4	160.2	12
1973	149	164	259.3	238.1	227.3	155.8	146.2	137.6	125.9	111.7	113.9	109.3	1938.1	161.5	12
1974	139.5	158.5	217.3	227.1									742.4	185.6	4
MÍNIMA	108.4	131	192	178.1	184.5	140.7	127.4	128.7	105.2	89.5	82	68.4	68.4	68.4	1
MÁXIMA	156.4	177.3	259.3	244.1	236.46	195.9	175.44	163.8	136.5	149.36	121.2	126.07	2039.59	185.6	12
MEDIA	127.9	154.7	214.2	216.5	212.6	159.2	147.9	143.9	123.5	115.7	100.2	103	1625.7	148.8	10.7
DESV.ST	15.4	13	18	17.8	17.3	16.9	12.7	9.3	10.1	15.7	11	14.6	492.1	23.7	3.2

TEMPERATURA MÁXIMA PROMEDIO
AÑO	ENE	FEB	MAR	ABR	MAY	JUN	JUL	AGO	SEP	OCT	NOV	DIC	ACUM	PROM	MESES
1956					33.1	30.9	31.1	33.5	30.9	32.4		33		32.1	7
1957	34.3	35.4	36	37.1	37.7	33.1	32.2	32.4	31.1	31.6	33.2	30.7		33.7	12
1958	30.6	33	37.4	38.6	37.5	33.4	31.4	32	32	32.1	32.4	30.1		33.4	12
1959	31.2	35.9	35.5	36.9	37.8	33.1	32.1	32.3	32.4	31.6	30.5	29.9		33.3	12
1960	32.1	33.5	35	35.5	36	32.5	31.7	31.2	31	31.3	30.9	30.1		32.6	12
1961	30.4	33.7	36.3	36.9	36.6	32.8	32.1	32.9	32.1	30.7	30.3	32.3		33.1	12
1962	31	35.5	35.8	36.2	36.6	33.6	33.7	33.3	33	32.4	31.4	31.4		33.7	12
1963	32.5	33.4	36.1	37.8	35.9	33.5	32.4	33.6	32.9	32.4	30.9	29.5		33.4	12
1964	31.5	33.3	37.2	37.7	35.7	32.1	32	33.2	32.5	30.3	32.3	31		33.2	12
1965	31.7	33.7	35.6	36.3	37.2	32.6	32.3	32.1	32.4	29.9	32.2	31.2		33.1	12
1966	30.8	33.6	34.4	34.5	33.8	34	32.3	31.3	31.9	32.3	28	25.6		31.9	12
1967	26.8	30.5	32.2	35.5	40.5	39.6	39.5	39.7	38.1	37.4	31.6	31.7		35.3	12
1968	31	31.2	33.8	37.2	36	33.5	33.5	33.8	33	31.4	31.4	31.4		33.1	12
1969	32.6	34.9	35		36.9	35.6		31.5	31	31.8	30.5			33.3	9
1970	31.7	32.1	35.5	38.3	36	34.6	32.1	32.7	31	31	29.6	32.1		33.1	12
1971	32.8	34.2	36.3	36	37.8	33.4	32.5	31.5	32	31.9	30.6	32.3		33.4	12
1972	33.2	33.2	36.7	36.9	35.8	32.8	32.6	31.9	32.7	32.7	32.2	31.2		33.5	12
1973	31.6	33	37.9	37.2	36.5	33.6	32.6	31.4	32	30.5	31.5	29.7		33.1	12
1974	33	32.1	35	36.1										34	4
MÍNIMA	26.8	30.5	32.2	34.5	33.1	30.9	31.1	31.2	30.9	29.9	28	25.6		31.9	4
MÁXIMA	34.3	35.9	37.9	38.6	40.5	39.6	39.5	39.7	38.1	37.4	33.2	33		35.3	12
MEDIA	31.6	33.5	35.6	36.7	36.5	33.6	32.7	32.8	32.3	31.9	31.1	30.8		33.3	11.2
DESV.ST	1.6	1.4	1.4	1.1	1.6	1.8	1.9	1.9	1.6	1.6	1.2	1.7		0.7	2.2

TEMPERATURA MÁXIMA EXTREMA
AÑO	ENE	FEB	MAR	ABR	MAY	JUN	JUL	AGO	SEP	OCT	NOV	DIC	ACUM	PROM	MESES
1956					37.5	34	33	36	33.5	35		35.5		34.9	7
1957	38	39	39.5	39	40	38	35.5	34	33	34.5	35.5	35.5		36.8	12
1958	36	38	40	41	42	39.5	33	34.5	34	35.5	34.5	34		36.8	12
1959	35	38	40.5	40.5	41	37.5	37	34	35	34.5	34	34		36.8	12
1960	35.5	39	38.5	40.5	40	38.5	35.5	33	36.5	33.5	32.5	33.5		36.4	12
1961	35	37.5	40.5	39.5	40.5	36	34.5	35.5	34.5	34.5	34	35		36.4	12
1962	35.5	38.5	39.5	39.5	40.5	39	36	35.5	35.5	34.5	34	34.5		36.9	12
1963	37	36	39.5	40	39	36	34.5	36	35	34.5	35	35		36.5	12
1964	34.5	39.5	40.5	40	41	35	34.5	35	34.5	34	36	33.5		36.5	12
1965	34.5	37	39	42	39	36.5	34	36	34	33	39	35.5		36.6	12
1966	35	38	39.5	37.5	38	37.5	34.5	34	35	34.5	34.5	37		36.2	12
1967	37	36	41	41.5	44	43.5	42	43	40.5	39.5	36	35		39.9	12
1968	34.5	36.5	38	39.5	39.5	35.5	35	37	35.5	34.5	34.5	34.5		36.2	12
1969	37.5	37	38		41.5	40		34	33	34	34			36.6	9
1970	36	37	40	41	40	38	34	35	36	35	33	34.5		36.6	12
1971	36	38	40	41.5	40	37.5	38.5	33	34	34	33	35		36.7	12
1972	36	38	39	40	39	38	35	33.5	38	35	35	34		36.7	12
1973	35	37	40	41	41	37	35	34	34.5	34	34	33.5		36.3	12
1974	34.5	36	40	39.5										37.5	4
MÍNIMA	34.5	36	38	37.5	37.5	34	33	33	33	33	32.5	33.5		34.9	4
MÁXIMA	38	39.5	41	42	44	43.5	42	43	40.5	39.5	39	37		39.9	12
MEDIA	35.7	37.6	39.6	40.2	40.2	37.6	35.4	35.2	35.1	34.7	34.6	34.7		36.7	11.2
DESV.ST	1.1	1.1	0.8	1.1	1.5	2.1	2.2	2.3	1.8	1.3	1.5	0.9		0.9	2.2

TEMPERATURA MÍNIMA PROMEDIO
AÑO	ENE	FEB	MAR	ABR	MAY	JUN	JUL	AGO	SEP	OCT	NOV	DIC	ACUM	PROM	MESES
1956					20.5	20.3	19.2	19.9	20	18.9		14.8		19.1	7
1957	13.9	16.3	16.4	19.7	20.5	21.4	20.3	19.9	20.4	18.3	17.2	13		18.1	12
1958	14.6	14.2	18.1	20.2	21.2	19.8	20.8	20.3	20.9	20.5	18.9	16.3		18.8	12
1959	14.9	15.8	17.8	20	21	21.6	20.2	20	20.1	20.5	17.1	14.2		18.6	12
1960	14.1	12.4	15.9	18.4	20.6	20.8	20.6	20.6	20.2	20.7	17.7	13.8		18	12
1961	14.6	15.5	16.8	19.9	20.1	20	19.9	19.3	19.5	18.5	16.5	14.3		17.9	12
1962	12.8	14.7	16.1	18.9	20.2	20.5	19.5	19.7	20.4	19.9	13.8	13.5		17.5	12
1963	12.7	12.9	17.2	19.3	20.2	20.3	19.9	20	20.6	19	17.4	13.1		17.7	12
1964	13	14.3	18.2	20.1	20.5	20.3	20.2	19.5	20.1	17.2	16.5	14.7		17.9	12
1965	13.4	15	15.9	19.1	21.7	20.6	19.4	19.7	20.3	19	17	14.7		18	12
1966	12.5	14.7	15.7	19.1	18.7	19	19.2	20.3	19.6	19.2	15	12.1		17.1	12
1967	12.8	13.8	16.1	17.8	20.8	20.8	19.5	19.4	19.8	19	9.8	9.5		16.6	12
1968	8.1	10.7	15.5	19.8	21.2	20.8	19.7	20	20.4	19.5	15.4	14.5		17.1	12
1969	13.4	16.6	18		23	22.6		20.7	20.8	19.9	16.4			19	9
1970	14.3	13.6	16.7	20.3	20.6	21.4	20.5	20.2	20.1	19.8	14.7	13.4		18	12
1971	13	13.1	16.8	16.2	22	20.4	19.5	19.5	19.8	19.5	17.2	15.5		17.7	12
1972	14.8	14	17.7	20	21.3	21.1	20.6	20.5	20.5	20.4	19.7	15.3		18.8	12
1973	13.7	14.6	19	20.5	22.6	21.8	21.1	21	21.1	21.4	18.3	11.4		18.9	12
1974	15.3	14.2	18.2	20										16.9	4
MÍNIMA	8.1	10.7	15.5	16.2	18.7	19	19.2	19.3	19.5	17.2	9.8	9.5		16.6	4
MÁXIMA	15.3	16.6	19	20.5	23	22.6	21.1	21	21.1	21.4	19.7	16.3		19.1	12
MEDIA	13.4	14.2	17	19.4	20.9	20.8	20	20	20.3	19.5	16.4	13.8		18	11.2
DESV.ST	1.6	1.4	1.1	1.1	1	0.8	0.6	0.5	0.4	1	2.3	1.6		0.7	2.2

TEMPERATURA MÍNIMA EXTREMA
AÑO	ENE	FEB	MAR	ABR	MAY	JUN	JUL	AGO	SEP	OCT	NOV	DIC	ACUM	PROM	MESES
1956					18	19	17	18	18	16		10		16.6	7
1957	11	11	11	16.5	17.5	20	18.5	18.5	18	13	13	6		14.5	12
1958	11	10	12	15	16	17	19	14	19	17	16	11		14.8	12
1959	11	13.5	12.5	15	16.5	20	18.5	18.5	17.5	19	11.5	10.5		15.3	12
1960	6	7.5	12.5	12.5	17	18.5	19	19	18.5	19	15	10		14.5	12
1961	11	10	12.5	16.5	15	17.5	17.5	16.5	17	16	10.5	10.5		14.2	12
1962	8.5	10	12.5	15.5	16.5	18.5	16	18	18.5	17.5	10.5	10		14.3	12
1963	10	7.5	14	15.5	18.5	18	18	18.5	18	16	13	7		14.5	12
1964	9	11	14	18	18.5	18	18	18	18.5	14	13	12		15.2	12
1965	7	10	9.5	14	20	19.5	16	18.5	19	12	13	11		14.1	12
1966	8	10	10	17	16	16.5	17.5	19	18	16.5	10	9		14	12
1967	8.5	10	13	15	18.5	19.5	16	17	17	17	7	5.5		13.7	12
1968	4.5	7	9.5	17	18.5	19	17	18.5	18	14.5	10	10		13.6	12
1969	10.5	13	12		19.5	20		18	19	17	11			15.6	9
1970	9	9	11	16	17	20	19	17	18	18	10.5	11.5		14.7	12
1971	11	9	10	12	19	19	18	18	18	16	13	11.5		14.5	12
1972	11.5	8	14	17	19	18.5	18	18	18	17	16	9		15.3	12
1973	9	12	15	14	20	19	19.5	19	18.5	20	14.5	7		15.6	12
1974	12	10.5	11.5	15.5										12.4	4
MÍNIMA	4.5	7	9.5	12	15	16.5	16	14	17	12	7	5.5		12.4	4
MÁXIMA	12	13.5	15	18	20	20	19.5	19	19	20	16	12		16.6	12
MEDIA	9.4	9.9	12	15.4	17.8	18.8	17.8	17.9	18.1	16.4	12.2	9.5		14.6	11.2
DESV.ST	2	1.8	1.6	1.6	1.5	1	1.1	1.2	0.6	2.1	2.4	2		0.9	2.2

TEMPERATURA MEDIA MENSUAL
AÑO	ENE	FEB	MAR	ABR	MAY	JUN	JUL	AGO	SEP	OCT	NOV	DIC	ACUM	PROM	MESES
1956					26.8	25.6	25.1	26.7	25.4	25.6		23.9		25.6	7
1957	24.1	25.9	26.2	28.4	29.1	27.2	26.2	26.1	25.8	25	25.2	21.9		25.9	12
1958	22.6	23.6	27.8	29.4	29.4	26.6	26.1	26.1	26.4	26.3	25.6	23.2		26.1	12
1959	23	25.9	26.6	28.4	29.4	27.4	26.1	26.1	26.2	26	23.8	22		25.9	12
1960	23.1	23	25.4	27	28.3	26.6	26.1	25.9	25.6	26	24.3	22		25.3	12
1961	22.5	24.6	26.5	28.4	28.4	26.4	26	26.1	25.8	24.6	23.4	23.3		25.5	12
1962	21.9	25.1	26	27.6	28.4	27	26.6	26.5	26.7	26.1	22.6	22.4		25.6	12
1963	22.6	23.1	26.6	28.5	28	26.9	26.1	26.8	26.8	25.7	24.1	21.3		25.5	12
1964	22.2	23.8	27.7	28.9	28.1	26.2	26.1	26.4	26.3	23.8	24.4	22.9		25.6	12
1965	22.6	24.4	25.8	27.7	29.5	26.6	25.8	25.9	26.4	24.4	24.6	23		25.6	12
1966	21.6	24.1	25	26.8	26.2	26.5	25.8	25.8	25.8	25.8	21.5	18.9		24.5	12
1967	19.8	22.1	24.2	26.6	30.6	30.2	29.5	29.6	29	28.2	20.7	20.6		25.9	12
1968	19.6	21	24.6	28.5	28.6	27.1	26.6	26.9	26.7	25.4	23.4	23		25.1	12
1969	23	25.8	26.5		30	29.1		26.1	25.9	25.9	23.4			26.2	9
1970	23	22.9	26.1	29.3	28.3	28	26.3	26.5	25.6	25.4	22.1	22.8		25.5	12
1971	22.9	23.7	26.5	26.1	29.9	26.9	26	25.5	25.9	25.7	23.9	23.9		25.6	12
1972	24	23.6	27.2	28.4	28.5	27	26.6	26.2	26.6	26.6	26	23.2		26.2	12
1973	22.6	23.8	28.4	28.9	29.6	27.7	26.9	26.2	26.6	26	24.9	20.6		26	12
1974	24.1	23.1	26.6	28										25.5	4
MÍNIMA	19.6	21	24.2	26.1	26.2	25.6	25.1	25.5	25.4	23.8	20.7	18.9		24.5	4
MÁXIMA	24.1	25.9	28.4	29.4	30.6	30.2	29.5	29.6	29	28.2	26	23.9		26.2	12
MEDIA	22.5	23.9	26.3	28.1	28.7	27.2	26.3	26.4	26.3	25.7	23.8	22.3		25.6	11.2
DESV.ST	1.2	1.3	1.1	1	1.1	1.1	0.9	0.9	0.8	0.9	1.4	1.3		0.4	2.2
