COMISIÓN NACIONAL DEL AGUA
COORDINACIÓN GENERAL DEL SERVICIO METEOROLÓGICO NACIONAL
BASE DE DATOS CLIMATOLÓGICA NACIONAL 

ESTADÍSTICA MENSUAL
EMISIÓN   : 25/10/2024 

DATOS DISPONIBLES EN LA BASE DE DATOS A: OCTOBER DE 2024; 
CON LA INFORMACIÓN SUMINISTRADA POR LAS UNIDADES ADMINISTRATIVAS 

 ESTACIÓN  : 7239 
 NOMBRE    : VILLA DE ACALA (CFE) 
 ESTADO    : CHIAPAS 
 MUNICIPIO : ACALA 
 SITUACIÓN : OPERANDO 
 CVE-OMM   :   
 LATITUD   : 16.66222222 ° 
 LONGITUD  : -92.95638889 ° 
 ALTITUD   : 420 msnm 


LLUVIA MÁXIMA 24 H.
AÑO	ENE	FEB	MAR	ABR	MAY	JUN	JUL	AGO	SEP	OCT	NOV	DIC	ACUM	PROM	MESES
1991	0	0	0	6	36.4	72	60.3	54.4	41.5	63.4	15.8	0	349.8	29.1	12
1992	0.5	1.7	24.8	2.5	55	52	25.2	29	39	8.6	3.5	6.9	248.7	20.7	12
1993	0	0.2	0	18.6	13.8	60	30.9	55.4	35.8	23.7	0	0	238.4	19.9	12
1994	0.1	0	0	7.5	29.4	46.3	23.3	61.6	32.1	53.5	4.7	0	258.5	21.5	12
1995	0	0	11	29.7	20.5	41	53.3	100	54.2	33.7	0	0	343.4	28.6	12
1996	0	0	0.01	50.4	27.8	46.8	55.8	28.3	45.4	15.5	0.7	0	270.71	22.6	12
2000										14	0	0.3	14.3	4.8	3
2001	0	5.5	6.5	0.1	62	48.8	25.4	30	39.3	17.5			235.1	23.5	10
2002	0	0	0.4	5	47	66.8	32	39	78	125.6	5.9	3	402.7	33.6	12
2003	0	0	13.7	5	49.5	42	63	41.3	58.9	56.2	3.4	0.2	333.2	27.8	12
2004	0	0	3.7	0.1	33.1	25	20.8	30.3	21.6	18.3	3.4	0	156.3	13	12
2005	0	0	0.1	5	25.2	49.2	69.5	80	36.5	71.6	0	0	337.1	28.1	12
2006	0.5	0	0	4.5	33.4	57.1	57.1	46.5	43.2	21.5	26.6	0	290.4	24.2	12
2007	0.7	0	1.6	13.5	44.5	26.9	52.4	94.8	47	80	1	0	362.4	30.2	12
2008	0.1	0	0.1	13.4	60	72.1	43.9	44.6	36.5	21	0.1	1.8	293.6	24.5	12
2009	0	0	0	0.1	22.3	64.9	59.5	41.2	26.5	43.9	6.2	7.4	272	22.7	12
2010	0.8	0.1	1	24	8	73.1	48	45	65	15.4	0.1	0	280.5	23.4	12
2011	1.2	16	0	18	13.4	40.2	55.5	97.3	44.5	48	7.2	0	341.3	28.4	12
2012	0	6.8	0	55	25.5	16.1	35.3	77.2	30.2	20	0	0.8	266.9	22.2	12
2013	0	0	0	19	60.2	60.2	35.8	50	98	51.8	6.1	3.5	384.6	32	12
2014	1	0.8	11.3	0	26.9	54.8	33.5	24	120	14.7	0	0	287	23.9	12
2015	0	0	1.8	77.5	21.5	54.8	33.5	24	120	14.7	0	0.7	348.5	29	12
2016	0	0	2.4	0.5	39.6	55	12.5	44	56.2	22.5	4.5	0	237.2	19.8	12
2017	8.3	0	0	2	55.3	80.6	31	41.3	83	16	0	0	317.5	26.5	12
2018	1.8	0	2.1	34.5	18.3	36.3	41.45	25.2	47.5	42.7	31.6	0	281.45	23.5	12
2019	0	0.2	0	0	43.5	32.3	57.2	42	35.5	34	0.8	2.2	247.7	20.6	12
2020	0	0	1.8	0	75	149.9	31	61.5	40	26	14.5	0	399.7	33.3	12
2021	0	0	5.2	28.5	24.8	40	31.5	46.7	49.5	11.7	0	0.2	238.1	19.8	12
MÍNIMA	0	0	0	0	8	16.1	12.5	24	21.6	8.6	0	0	14.3	4.8	3
MÁXIMA	8.3	16	24.8	77.5	75	149.9	69.5	100	120	125.6	31.6	7.4	402.7	33.6	12
MEDIA	0.6	1.2	3.2	15.6	36	54.2	41.4	50.2	52.8	35.2	5	1	287	24.2	11.6
DESV.ST	1.6	3.4	5.8	19.7	17.4	24.8	15.2	22.3	25.9	26.5	8.1	2	78.6	6	1.7

LLUVIA TOTAL MENSUAL
AÑO	ENE	FEB	MAR	ABR	MAY	JUN	JUL	AGO	SEP	OCT	NOV	DIC	ACUM	PROM	MESES
1991	0	0	0	10.2	77.2	202.7	159.2	115	138.8	157.1	22.3	0	882.5	73.5	12
1992	0.5	1.7	25.4	5.4	66.6	264.2	117.4	70.1	161.93	30.2	3.5	9.1	756.03	63	12
1993	0	0.2	0	20.9	25.2	210.61	132.63	257.44	120.3	68.21	0	0	835.49	69.6	12
1994	0.1	0	0	9.1	104.91	103	91.8	302.72	70.3	120.23	9.41	0	811.57	67.6	12
1995	0	0	11.4	58.81	51.3	165.7	198.4	634.21	217.74	83.52	0	0	1421.08	118.4	12
1996	0	0	0.01	64.5	81.03	432.81	201.61	168.35	178.64	22.41	1.8	0	1151.16	95.9	12
2000										45.5	0	0.5	46	15.3	3
2001	0	7.6	6.5	0.1	131.6	161.3	157	201.1	303.5	38.1			1006.8	100.7	10
2002	0	0	0.4	8.3	83.7	291.8	130	62.3	423.2	261.3	10	3.3	1274.3	106.2	12
2003	0	0	13.7	5	93.6	192.6	174.8	223.5	239	138.1	11.1	0.2	1091.6	91	12
2004	0	0	4.6	0.2	78.5	117.5	102.7	84.7	152.7	68.6	4.8	0	614.3	51.2	12
2005	0	0	0.1	5	108.8	254.3	339	309.4	111	133.1	0	0	1260.7	105.1	12
2006	0.5	0	0	9.4	150.8	213.9	213.9	102.4	189.6	104.2	26.6	0	1011.3	84.3	12
2007	0.7	0	1.6	35.6	74.8	112.8	138.7	415.2	154	253.1	1	0	1187.5	99	12
2008	0.1	0	0.1	15.2	97.8	269.4	363	241.8	183.5	52.8	0.1	1.8	1225.6	102.1	12
2009	0	0	0	0.1	62.1	221.2	137.6	142.6	163.7	131.5	13.2	12	884	73.7	12
2010	0.9	0.1	1	64.2	16.6	286.1	224	416.7	304.2	21.4	0.1	0	1335.3	111.3	12
2011	1.2	16.1	0	37.9	27.7	177	202.9	469.3	384.2	177.8	7.2	0	1501.3	125.1	12
2012	0	6.9	0	56.5	49.9	53.7	137.5	401.9	112.3	80.2	0	0.8	899.7	75	12
2013	0	0	0	24.8	167.1	288.2	108.8	155.3	285.9	134.6	10.9	3.7	1179.3	98.3	12
2014	2.3	0.8	13.3	0	81.9	255.2	85.1	77.4	412.6	69.31	0	0	997.91	83.2	12
2015	0	0	1.8	99.5	76.3	255.2	85.1	77.4	412.6	69.31	0	1.1	1078.31	89.9	12
2016	0	0	4.7	0.7	51.6	186.1	64.2	148.4	270.6	66.6	10.2	0	803.1	66.9	12
2017	8.3	0	0	2	236.9	204.2	150.5	170.1	287.7	45.2	0	0	1104.9	92.1	12
2018	2.2	0	3.4	68.1	51.71	137.01	84.85	105.8	279.4	131.61	36.9	0	900.98	75.1	12
2019	0	0.2	0	0	111.6	142.21	107.6	145.4	140.91	181.6	1.1	2.2	832.82	69.4	12
2020	0	0	1.8	0	163	362	66.5	252.4	185.5	82.8	14.8	0	1128.8	94.1	12
2021	0	0	5.2	33.5	76.7	188.72	85	154.5	241.2	43.4	0	0.2	828.42	69	12
MÍNIMA	0	0	0	0	16.6	53.7	64.2	62.3	70.3	21.4	0	0	46	15.3	3
MÁXIMA	8.3	16.1	25.4	99.5	236.9	432.81	363	634.21	423.2	261.3	36.9	12	1501.3	125.1	12
MEDIA	0.6	1.2	3.5	23.5	88.8	212.9	150.4	218.7	226.9	100.4	6.9	1.3	1001.8	84.5	11.6
DESV.ST	1.7	3.5	6	27.8	48.5	81.9	73.8	143.6	100.1	63.8	9.4	2.9	284.9	22.6	1.7

EVAPORACIÓN MENSUAL
AÑO	ENE	FEB	MAR	ABR	MAY	JUN	JUL	AGO	SEP	OCT	NOV	DIC	ACUM	PROM	MESES
1991	136.15	154	243.35	241.58	200.15	189.33	147.05	152.6	126.42	114.31	98.75	104.08	1907.77	159	12
1992	117.34	146.58	236.92	225.13	227.11	149.93	145.47	148.45	118.86	110.82	109.49	113.36	1849.46	154.1	12
1993	140.6	159.67	226.59	248.55	237.75	162.52	154.15	139.84	110.4	109.1	118.48	116.75	1924.4	160.4	12
1994	119.32	145.39	228.33	242.6	179.88	141.35	151	129.5	123.37	119.19	117.42	110.77	1808.12	150.7	12
1995	123.65	153.38	216.55	199.7	198.18	147.85	133.36	111	97.99	79.35	91.36	73.16	1625.53	135.5	12
1996	94.18	143.86	195.19	194.23	158.66	122.24	122.41	118.71	111.77	109.92	88.35	73.37	1532.89	127.7	12
2000										63.45	53.66	44.79	161.9	54	3
2001	63.36	95	156.36	169.69	160.42	122.52	121.29	112.01	77.86	72.25			1150.76	115.1	10
2002	69.38	95.96	171.26	189.55	198.38	110.66	109.81	115.28	78.52	70.64	57.56	59.53	1326.53	110.5	12
2003	69.01	91.41	170.97	189.71	154.81	113.71	114.27	108.34	91.7	64.66	59.72	57.24	1285.55	107.1	12
2004	74.82	98.26	148.46	168.26	147.79	105.09	116.92	116.58	88.94	67.86	66.53	71.54	1271.05	105.9	12
2005	90.41	107.23	179.89	220.45	190.13	155.33	135.06	116.21	112.77		67.26		1374.74	137.5	10
2006	74.13	95.22	159.74	189.53	161.38	122.12	122.12	109.96	98.06	78.89	69.75	70.18	1351.08	112.6	12
2007	80.81	95.35	146.06	170.91	178.61	128.95	137.62	109.54	83.88	72.99	58.27	82.6	1345.59	112.1	12
2008	62.42	85.97	134.13	166.57	174.75	102.29	116.19	109.55	68.08	66.6	63	37.8	1187.35	98.9	12
2009	57.59	62.45	96.62	113.27	145.47	130.2	112.3	111.09	102.09	90.76	71.65	76.87	1170.36	97.5	12
2010	80	104.77	130.26	155.1	150.31	111.37	95.95	100.03	87.34	102.76	94.6	105.65	1318.14	109.8	12
2011	113.13	135.83	179.32	194.5	209.12	155.13	133.39	116.69	98.89	95.19	98.52	89.72	1619.43	135	12
2012	97.29	111.9	147.13	166.46	160.22	125.35	124.14						932.49	133.2	7
2017	89.7	112.98	160.63	189.51	164.03	109.34	129.62	118.13	95.3	66.38	79.25	66.3	1381.17	115.1	12
2018	90.79	140.05	194.77	183.27	175.25	128.67	172.98	134.67	107.32	84.21	84.12	81.62	1577.72	131.5	12
2019	98.97	133.12	173.97	193.05	176.85	132.34	146.1	129.54	100.24	84.59	73.25	82.92	1524.94	127.1	12
2020	99.11	132.08	190.01	200.89	188.5	106.53	131.57	120.88	96.48	77.96	75.43	75.29	1494.73	124.6	12
2021	94.39	118.66	190.09	220.56	151.07	132.46	144.45	128.85	92.74	92.92	80.73	83.14	1530.06	127.5	12
MÍNIMA	57.59	62.45	96.62	113.27	145.47	102.29	95.95	100.03	68.08	63.45	53.66	37.8	161.9	54	3
MÁXIMA	140.6	159.67	243.35	248.55	237.75	189.33	172.98	152.6	126.42	119.19	118.48	116.75	1924.4	160.4	12
MEDIA	92.9	118.2	177.2	192.7	177.8	130.7	131.2	120.8	98.6	86.1	80.8	79.8	1402.2	122.6	11.2
DESV.ST	23.4	26.4	36.8	31.3	25.2	21.6	17.4	13.6	15	18.1	19.3	21.5	364.2	23.2	2.1

TEMPERATURA MÁXIMA PROMEDIO
AÑO	ENE	FEB	MAR	ABR	MAY	JUN	JUL	AGO	SEP	OCT	NOV	DIC	ACUM	PROM	MESES
1991	31.7	31.1	36.7	38.5	36.7	35.6	32.6	33.3	31.8	31.4	29.8	30.4		33.3	12
1992	29.5	31.8	35.4	36	35.4	33.3	32.5	33	32.2	31.5	31.3	32.2		32.8	12
1993	31.8	33.6	34.2	36.5	36.4	34.2	32.5	31.7	31.4	31.1	31.7	31.3		33	12
1994	30.6	33	34.5	36.6	35.9	33.3	34	32.6	32.5	33	33.1	32.2		33.4	12
1995	32	33.5	35.2	36.2	37.4	33.8	32.8	32.1	31.2	29.4	31.6	29.7		32.9	12
1996	29.1	33	34	36.2	35.5	32.6	32.5	32.1	33.1	32.1	30.6	30.2		32.6	12
2000										30.2	30.3	28		29.5	3
2001	29.5	32.7	35	37	36.2	34	34.3	33.9	32.3	31.2				33.6	10
2002	30.3	30.9	35.8	37.1	37.2	33.3	33.8	34.4	32	31.9	29	29		32.9	12
2003	28.4	33.2	35.5	37.4	36.6	34.2	33.9	34.1	33.4	31.3	30.4	28.1		33	12
2004	30.6	32.5	35.2	37.8	35.8	34.2	34.7	34.9	32.5	31.9	31.3	30.2		33.5	12
2005	30.6	33	36.8	36.9	36.6	35.2	33.2	32.7	32	29.7	29.8	29.7		33	12
2006	30.1	31.7	34.5	36.8	35.7	32.6	32.6	33.8	32.4	31.4	28.8	29.2		32.5	12
2007	29.9	33.1	34.5	36.4	36.4	35.4	34.5	33.2	31.5	29	28.2	28.2		32.5	12
2008	29.5	32.3	33.7	36.1	36.7	32.1	32.5	31.8	31	29.3	27.6	27.8		31.7	12
2009	27.9	31.6	32.9	36.2	36	34.3	33.4	33	32.4	31.6	28.5	29.1		32.2	12
2010	28.3	31.5	32.7	36	37.3	33.9	32.8	32.2	31.1	29.8	29	27.9		31.9	12
2011	30	31.7	33.8	36.5	37.4	34.5	32.5	32.2	30.6	29.2	29.1	29.1		32.2	12
2012	29.8	31.2	34.9	36	35	32.9	33.2	32.2	31.8	30.3	29	29.5		32.1	12
2013	29.2	32.6	33.1	37.2	35.5	32.5	32.1	31.9	29.8	30.1	28.8	28.1		31.7	12
2014	27.4	32.3	35.7	36.5	34	31.4	32.9	32.6	30.3	29	27.8	27.9		31.5	12
2015	28.3	30.5	33.2	36.5	35	31.4	32.9	32.6	30.3	29	27.8	31.1		31.6	12
2016	29.7	31	35.5	37.7	37.8	33.3	34.4	33.3	31.8	31.2	30.3	32.3		33.2	12
2017												31		31	1
2018	28.5	34.2	36	36	35.9	33.5	35.1	34.6	33.6	32	31.1	30.1		33.4	12
2019	30.5	34.9	35.4	36.8	37.6	34.3	34.7	34.3	33.9	31.9	30.9	30.2		33.8	12
2020	31.9	34.2	37	39.7	37.9	32.7	34.5	33.1	31.9	31	30.8	29.7		33.7	12
2021	31.4	33.6	36.4	38.2	35.2	33.8	34.3	33.7	32.5	33.3	31.1	32.9		33.9	12
MÍNIMA	27.4	30.5	32.7	36	34	31.4	32.1	31.7	29.8	29	27.6	27.8		29.5	1
MÁXIMA	32	34.9	37	39.7	37.9	35.6	35.1	34.9	33.9	33.3	33.1	32.9		33.9	12
MEDIA	29.9	32.5	34.9	36.9	36.3	33.5	33.4	33	31.9	30.8	29.9	29.8		32.6	11.2
DESV.ST	1.3	1.1	1.2	0.9	1	1.1	0.9	0.9	1	1.2	1.4	1.5		1	2.6

TEMPERATURA MÁXIMA EXTREMA
AÑO	ENE	FEB	MAR	ABR	MAY	JUN	JUL	AGO	SEP	OCT	NOV	DIC	ACUM	PROM	MESES
1991	36.5	36.5	41	41.5	40	39	36	36	34	35	34	34		37	12
1992	34	36	38.5	40	38.5	37	34.5	35	35	34.5	35	35		36.1	12
1993	35	37	40	39	39	41	36	34	35	35	34	40		37.1	12
1994	35	36	39	40	39	37	36.5	35	35	37.5	36	38		37	12
1995	36	39	39.5	40	40.5	38.5	35.5	34.5	34	33	34	33		36.5	12
1996	33.5	37.5	39.5	40	38.5	36	34	35	36	35	35	32		36	12
2000										34	32	31.5		32.5	3
2001	33.5	37	39	39	40	37	36	36	35	34.5				36.7	10
2002	34.5	37	38.5	40	40	37	35.5	36	35	33	32.5	32		35.9	12
2003	32	36	38	40.5	40	37	36	37	35	34	33	31.5		35.8	12
2004	33	36	38	41	40	36	37	36	36.5	33.5	34	33.5		36.2	12
2005	34	36.5	40	40	39	38.5	35	34.5	34	32.5	32	32		35.7	12
2006	34	35.5	38	39	39	34.5	34.5	35.5	34	34	32.5	31.5		35.2	12
2007	32.5	36.5	37.5	38.5	39	38	36	35	33	32	30.5	29.5		34.8	12
2008	31.5	34.5	37	40	40	36	34	33.5	33	32	30	31		34.4	12
2009	32	33.5	36	39	38.5	38	36	34.5	34.5	34	31	32		34.9	12
2010	33	35	38	39.5	39	39	35	34	34	32	32	31.5		35.2	12
2011	32.5	34.5	37	38.5	39	39	35	34	33	31.5	31.5	30.5		34.7	12
2012	32	34.5	38	38.5	39	36	35	35	33	31.5	31	32		34.6	12
2013	33	35.5	38.5	40	39	34.5	34.5	34	31.5	31.5	32	30.5		34.5	12
2014	33	35.5	38	39	38.5	34	35	34.5	33.5	32.5	30	30.5		34.5	12
2015	32.5	35	37.5	39	38.5	34	35	34.5	33.5	32.5	30	33.5		34.6	12
2016	34	35	40.5	40.5	41	37.5	36	36	34	33	33.5	34.5		36.3	12
2017												31		31	1
2018	33.5	37	38.5	38.5	38.5	36	38	37	35.5	33.5	33	33		36	12
2019	33.5	38	38	40	40	37	37	36	36	34	33.5	33		36.3	12
2020	36	37.5	40	42.5	41	37	36	35	34	34	33	34.5		36.7	12
2021	35	37.5	40	42	39	36.5	38	35	34.5	35	32.5	35.5		36.7	12
MÍNIMA	31.5	33.5	36	38.5	38.5	34	34	33.5	31.5	31.5	30	29.5		31	1
MÁXIMA	36.5	39	41	42.5	41	41	38	37	36.5	37.5	36	40		37.1	12
MEDIA	33.7	36.1	38.6	39.8	39.4	37	35.7	35.1	34.3	33.5	32.6	32.8		35.5	11.2
DESV.ST	1.3	1.3	1.2	1.1	0.8	1.7	1.1	0.9	1.1	1.4	1.6	2.3		1.4	2.6

TEMPERATURA MÍNIMA PROMEDIO
AÑO	ENE	FEB	MAR	ABR	MAY	JUN	JUL	AGO	SEP	OCT	NOV	DIC	ACUM	PROM	MESES
1991	15.3	16.1	17.7	22.1	22.6	22.4	20.9	20.5	21	20.3	17.3	16.7		19.4	12
1992	15.9	16.3	19	20.3	21.4	22.4	21.1	21	21	19.4	18.4	16.6		19.4	12
1993	16.1	16.3	18.3	21.7	22.8	22.8	21.5	21.4	21.6	20.9	17.9	15.7		19.8	12
1994	14.6	15.9	18.1	20.8	22.8	21.5	20.2	21.3	21.3	21	18.1	16.8		19.4	12
1995	15.1	15.7	16.8	21.5	22.5	22.3	21.6	22.6	22.3	20.1	18	16.8		19.6	12
1996	13.2	14.6	16	19.9	21.6	21.9	21.3	20.8	21.7	20	17.4	15.5		18.7	12
2000										19.3	19	14.7		17.7	3
2001	13.3	16.4	16.5	20.9	21.9	21.1	21.2	21.5	21.6	20.8				19.5	10
2002	15.1	16.1	17.6	19.8	21.9	21.8	21.4	21.1	21.7	21.4	17.3	15		19.2	12
2003	13.9	15.2	18.1	19.7	22.6	22.4	20.8	21	21.2	20.4	18	11.9		18.8	12
2004	14.7	14.9	17.6	18.6	21.5	21.2	20.7	21.1	21.5	21.5	16.7	14.6		18.7	12
2005	13.1	15.9	19.7	20.3	21.7	22.5	21.4	21.6	21.7	18.9	15.6	15.9		19	12
2006	14.7	15	16.7	19	21.5	21.7	21.7	20.6	21.6	21.6	17	15.2		18.9	12
2007	15.2	15.4	16.3	19.6	21	21.5	21.2	20.9	21.9	19.4	15.5	15.6		18.6	12
2008	14.7	16.3	16.4	20.8	22.2	22	21.2	21.2	21.8	20.1	13.9	15.5		18.8	12
2009	13.9	14.2	15.4	19.1	20.9	21.5	20.5	21.7	21.7	20.1	17.5	16.4		18.6	12
2010	14.5	16.7	16.8	21	22	22.6	22.2	22.1	22	17.4	15.6	12.6		18.8	12
2011	14	15.3	17.6	20.8	21.3	21.6	21.6	21.7	21	18.5	16.9	15.2		18.8	12
2012	15.4	17.5	17.7	18.3	21.6	22.1	21.3	21.2	21.1	19.8	15.5	15.1		18.9	12
2013	16.5	16.5	16.4	19.8	21	21.4	21.6	21.7	21.4	21.7	19.3	17		19.5	12
2014	13.9	16.7	19.7	21	21.8	22.1	21.1	21.2	21.3	20.6	17	15		19.3	12
2015	15.3	14.6	18.3	22.2	21.6	22	21.1	21.2	21.2	20.5	16.8	18.9		19.5	12
2016	15.8	15.2	20.8	22.2	23.5	22.8	22.4	22.8	22.3	21.3	18.7	17.5		20.4	12
2017												15.5		15.5	1
2018	13.9	17.2	19.5	21.8	22.2	22.3	20.8	21.5	22.1	21.7	19.3	15.8		19.8	12
2019	15.5	17.4	18.4	20.1	23.3	22.7	21.8	22.1	22.4	22	18.9	16.4		20.1	12
2020	17	17.5	19.8	23.4	23.2	22.3	22.4	22.5	22.4	21.1	19.8	15.9		20.6	12
2021	16.9	15.9	18.5	22.5	12.8	22.8	21.8	22.3	22.3	22.1	17	17.1		19.3	12
MÍNIMA	13.1	14.2	15.4	18.3	12.8	21.1	20.2	20.5	21	17.4	13.9	11.9		15.5	1
MÁXIMA	17	17.5	20.8	23.4	23.5	22.8	22.4	22.8	22.4	22.1	19.8	18.9		20.6	12
MEDIA	14.9	16	17.8	20.7	21.7	22.1	21.3	21.5	21.7	20.4	17.4	15.7		19.1	11.2
DESV.ST	1.1	0.9	1.4	1.3	1.9	0.5	0.5	0.6	0.5	1.1	1.4	1.4		0.9	2.6

TEMPERATURA MÍNIMA EXTREMA
AÑO	ENE	FEB	MAR	ABR	MAY	JUN	JUL	AGO	SEP	OCT	NOV	DIC	ACUM	PROM	MESES
1991	12	11	10	17	20	21	17	18.5	19	17.5	12	13		15.7	12
1992	12	12	14	16	17	21	19	18	19	17	14	13		16	12
1993	10	12	12	18	20	19	19	19	19	18	14	12		16	12
1994	10	11	11	15.5	20.5	19	18	19	19	17.5	15	13.5		15.8	12
1995	12.5	11.5	11	19	20.5	20	20	21	20.5	18.5	12.5	14		16.8	12
1996	9	8.5	10	17	20	21	18.5	19.5	20	17	11.5	13		15.4	12
2000										15	15	12		14	3
2001	8.5	13.5	12	16	17.5	19.5	18	19.5	20.5	15.5				16	10
2002	10	11.5	11	18	19	20.5	20	19.5	21	19	10	11		15.9	12
2003	11	13.5	16	11	20.5	20	19.5	19	20	17	15	9		16	12
2004	12.5	12	14	15	20	18.5	19	20	20	20	11	10.5		16	12
2005	9	11.5	16	14	20	20.5	20	20.5	20	14	10.5	13		15.8	12
2006	11	11	14	16.5	19.5	19	19	18	20.5	18	9.5	11		15.6	12
2007	12.5	11	12.5	16	18.5	20	19	19	21	14	11.5	13.5		15.7	12
2008	9	12	11	16	19	21	19	19	20.5	13.5	10	11		15.1	12
2009	9.5	9.5	10.5	14.5	18	18	19.5	20	20	10	15	14		14.9	12
2010	9.5	13	13	17	18	22	21	21	20	13	10	10.5		15.7	12
2011	10.5	13.5	16	19	19	20	20	21	18	14	12	12.5		16.3	12
2012	11	16	15	15	19.5	20	19	19.5	19.5	17	13.5	11		16.3	12
2013	14	12.5	10	16	18.5	19	19	20.5	19.5	20	14	12.5		16.3	12
2014	10.5	13	17.5	17	18.5	20	20	19.5	20	16.5	14	12.5		16.6	12
2015	10	12	13	20	20.5	20	20	19.5	20	16.5	14	16		16.8	12
2016	9	10	16	18	18.5	21	20	21	19.5	18.5	11.5	14		16.4	12
2017												15.5		15.5	1
2018	9	14.5	16.5	16	19	20	18.5	19.5	21	20	14	9		16.4	12
2019	12	14	15	16	21	20	19.5	20	19	21	16	13		17.2	12
2020	13.5	14	13.5	20.5	21	21	21	21	21	18	17	12.5		17.8	12
2021	13.5	9.5	15	18	4	22	19	20	21	17	13	13.5		15.5	12
MÍNIMA	8.5	8.5	10	11	4	18	17	18	18	10	9.5	9		14	1
MÁXIMA	14	16	17.5	20.5	21	22	21	21	21	21	17	16		17.8	12
MEDIA	10.8	12.1	13.3	16.6	18.8	20.1	19.3	19.7	19.9	16.8	12.9	12.4		16	11.2
DESV.ST	1.6	1.7	2.3	2	3.2	1	0.9	0.9	0.8	2.5	2.1	1.7		0.7	2.6

TEMPERATURA MEDIA MENSUAL
AÑO	ENE	FEB	MAR	ABR	MAY	JUN	JUL	AGO	SEP	OCT	NOV	DIC	ACUM	PROM	MESES
1991	23.5	23.6	27.2	30.3	29.7	29	26.8	26.9	26.4	25.9	23.6	23.5		26.4	12
1992	22.7	24	27.2	28.1	28.4	27.8	26.8	27	26.6	25.4	24.9	24.4		26.1	12
1993	24	25	26.2	29.1	29.6	28.5	27	26.5	26.5	26	24.8	23.5		26.4	12
1994	22.6	24.4	26.3	28.7	29.4	27.4	27.1	27	26.9	27	25.6	24.5		26.4	12
1995	23.6	24.6	26	28.9	30	28	27.2	27.4	26.8	24.8	24.8	23.2		26.3	12
1996	21.1	23.8	25	28	28.6	27.2	26.9	26.5	27.4	26	24	22.9		25.6	12
2000										24.8	24.6	21.4		23.6	3
2001	21.4	24.6	25.8	29	29	27.6	27.8	27.7	27	26				26.6	10
2002	22.7	23.5	26.7	28.5	29.6	27.5	27.6	27.8	26.9	26.6	23.1	22		26	12
2003	21.1	24.2	26.8	28.5	29.6	28.3	27.4	27.6	27.3	25.9	24.2	20		25.9	12
2004	22.6	23.7	26.4	28.2	28.6	27.7	27.7	28	27	26.7	24	22.4		26.1	12
2005	21.9	24.4	28.2	28.6	29.1	28.9	27.3	27.2	26.9	24.3	22.7	22.8		26	12
2006	22.4	23.4	25.6	27.9	28.6	27.1	27.1	27.2	27	26.5	22.9	22.2		25.7	12
2007	22.5	24.2	25.4	28	28.7	28.4	27.9	27	26.7	24.2	21.9	21.9		25.6	12
2008	22.1	24.3	25	28.5	29.5	27	26.9	26.5	26.4	24.7	20.8	21.6		25.3	12
2009	20.9	22.9	24.1	27.7	28.4	27.9	27	27.4	27	25.9	23	22.8		25.4	12
2010	21.4	24.1	24.8	28.5	29.6	28.2	27.5	27.2	26.6	23.6	22.3	20.2		25.3	12
2011	22	23.5	25.7	28.6	29.4	28	27	27	25.8	23.9	23	22.1		25.5	12
2012	22.6	24.4	26.3	27.1	28.3	27.5	27.2	26.7	26.5	25	22.2	22.3		25.5	12
2013	22.9	24.6	24.8	28.5	28.2	27	26.9	26.8	25.6	25.9	24	22.6		25.6	12
2014	20.6	24.5	27.7	28.8	27.9	26.8	27	26.9	25.8	24.8	22.4	21.4		25.4	12
2015	21.8	22.6	25.8	29.4	28.3	26.7	27	26.9	25.8	24.8	22.3	25		25.5	12
2016	22.8	23.1	28.1	30	30.6	28	28.4	28	27	26.2	24.5	24.9		26.8	12
2017												23.2		23.2	1
2018	21.2	25.7	27.8	28.9	29	27.9	28	28	27.9	26.9	25.2	23		26.6	12
2019	23	26.1	26.9	28.4	30.5	28.5	28.2	28.2	28.1	27	24.9	23.3		26.9	12
2020	24.4	25.9	28.4	31.6	30.5	27.5	28.4	27.8	27.1	26	25.3	22.8		27.1	12
2021	24.1	24.8	27.4	30.4	24	28.3	28	28	27.4	27.7	24	25		26.6	12
MÍNIMA	20.6	22.6	24.1	27.1	24	26.7	26.8	26.5	25.6	23.6	20.8	20		23.2	1
MÁXIMA	24.4	26.1	28.4	31.6	30.6	29	28.4	28.2	28.1	27.7	25.6	25		27.1	12
MEDIA	22.4	24.2	26.4	28.8	29	27.8	27.4	27.3	26.8	25.6	23.7	22.8		25.8	11.2
DESV.ST	1	0.9	1.2	0.9	1.3	0.6	0.5	0.5	0.6	1	1.2	1.3		0.9	2.6
