COMISIÓN NACIONAL DEL AGUA
COORDINACIÓN GENERAL DEL SERVICIO METEOROLÓGICO NACIONAL
BASE DE DATOS CLIMATOLÓGICA NACIONAL 

ESTADÍSTICA MENSUAL
EMISIÓN   : 25/10/2024 

DATOS DISPONIBLES EN LA BASE DE DATOS A: OCTOBER DE 2024; 
CON LA INFORMACIÓN SUMINISTRADA POR LAS UNIDADES ADMINISTRATIVAS 

 ESTACIÓN  : 7146 
 NOMBRE    : SAN JERONIMO 
 ESTADO    : CHIAPAS 
 MUNICIPIO : UNIÓN JUÁREZ 
 SITUACIÓN : OPERANDO 
 CVE-OMM   :   
 LATITUD   : 15.03972222 ° 
 LONGITUD  : -92.13638889 ° 
 ALTITUD   : 750 msnm 


LLUVIA MÁXIMA 24 H.
AÑO	ENE	FEB	MAR	ABR	MAY	JUN	JUL	AGO	SEP	OCT	NOV	DIC	ACUM	PROM	MESES
1949			39.5	71	68	85	89	80	80.5	78	42	40	673	67.3	10
1950	12	35	64	80	88	87	91	66	84	65.5	82	39	793.5	66.1	12
1951	30.5	28	50.5	52	88.5	94	74	74	92.5	78.9	38	15.5	716.4	59.7	12
1952	6	4	75	78	51	72	66	80	97	64.5	61	4.5	659	54.9	12
1953	12	28.5	77	63.5	96.5	85.5	68	52	85.5	96	38.5	40.5	743.5	62	12
1954	15.5	33	73	61	86	83.5	93	66.5	83	77	66	30.5	768	64	12
1955	42	1.5	81	37	93	84.5	82	81.5	94.5	92	64	36	789	65.8	12
1956	3.5	78	64	36	83	97.5	70	94	97	54.5	52	48	777.5	64.8	12
1957	10.5	33	56	60.7	85.5	94	88.5	95.8	97.5	77.7	13	31.5	743.7	62	12
1958	8.1	3.5	52.7	30	63.1	81	91	77.5	75	60.3	33.2	43.8	619.2	51.6	12
1959	30.4	4.9	43.3	54.4	54	90	68.3	80.3	90.5	84	33	38	671.1	55.9	12
1960	32.5	30	45.2	45.8	57.4	72.5	82.3	67.3	80.3	91	90.5	5.6	700.4	58.4	12
1961	70.5	37.5	40.7	63.2	53	146.5	113.5	110	113	100.5	135.5	60	1043.9	87	12
1962	20.1	10	29.4	97.5	180.2	106.4	65	68.9	61.8	48	110.2	21.2	818.7	68.2	12
1963	30.5	35.6	45.2	148.1	62.6	78.2	160.3	105.5	203.2	122.1	50.5	22.5	1064.3	88.7	12
1964	1.6	20.5								70.3	65.9	57	215.3	43.1	5
1965	26.4								102.5	125	74.6	37	365.5	73.1	5
1966	13	6.7	29.5	47.5	100.5	134	83	190.5	97	131.5	54	31	918.2	76.5	12
1967	25	30	63.5	71.2	51.5	107.5	100.1	119.6	100.4	77.5	160.5	77.5	984.3	82	12
1968	33	13.5	10.6	60.2	142.7	185	75	85	122.8	110.4	72.5	25	935.7	78	12
1969						100.6	57	92	115	105	63.6	119	652.2	93.2	7
1970	48.3	25	44.7	39	150	84	100	117	95.5	100.1	69	14	886.6	73.9	12
1971	54	37	86	32.5	185	63	77.5	95.5	97	100	43	21.1	891.6	74.3	12
1972	35.5	43	19	41	80.5	50	78.5	83	109	59	56.5	32	687	57.2	12
1973	6.5	16	20	66	94	111.1	75	95	100.6	73	66	31	754.2	62.9	12
1974	58	44.5	44	59	74	100	43	31	82	78	30	0.5	644	53.7	12
1975	7.5	29	73	21	70	50	64	63	95	99	94	23	688.5	57.4	12
1976	50	0	35	9.2	37	74	82	42	53	60.1	30	16	488.3	40.7	12
1977	4	0.5	19.6	54.5	76	71	53	62.2	106	115	45	45	651.8	54.3	12
1978	26	30.3	42	78	146	90.5	59	76	129.5	89.5	45	21	832.8	69.4	12
1979	20	0.8	42		77.5	63	66	89	93	75	34	8	568.3	51.7	11
1980	18	8	12	35	67	80	66	71	89	165	34	7	652	54.3	12
1981	33.5	14	51	76	68.5	87	90.4	100.1	67	100.1	55.5	58	801.1	66.8	12
1982	23.2	40.5	55.5	60.1	168.8	70.1	58.5	41.2	84	83	22.3	25	732.2	61	12
1983	0	29	61	41.5	60	102.3	54	56	83	21	54	71.5	633.3	52.8	12
1984	5.5	38	28.5	15	85	95.5	90.2	142.1	73.5	82	92.5	0	747.8	62.3	12
1985	6	42	51.5	45.5	62.1	123.7	92	93.2	66.9	82	49	24.3	738.2	61.5	12
1986	24.5	62.1	4.3	20	92	75.5	90.2	76.5	57.5	53	97.5	15	668.1	55.7	12
1987	0	0	29.2	37.2	102.2	95	78	58	63	83	40	36	621.6	51.8	12
1988	45	37	42	95	82	95	83	98	135		66.7	55	833.7	75.8	11
1989	20	88	21	78	63	97	85	100.8	65	67	33	55	772.8	64.4	12
1990	22	36	25	72	90	60	63	58	38.5	76	32.3	23.5	596.3	49.7	12
1991	35		98.3	77.5	56.8	36.5	32.3	57.2	32.3	32.3	32.5	30.3	521	47.4	11
1992	27.5	32.5	34	23	45	70	66	65	68	23	45		499	45.4	11
1993	0		20	34	52	15	15	32.3	20	40.5	35	6	269.8	24.5	11
1994	23.5	43.5	27.5	52	45	128	195	63	65	40	20	32	734.5	61.2	12
1995	26.5	9	8	90	40	34	22	22	16	18	26	12	323.5	27	12
1996	0	0	0	20	30	46	42	70	49	45.6	40	3.6	346.2	28.9	12
1997	10	3.5	20	22	25	22	33	42	42	30	25	10.5	285	23.8	12
1998	19	13	10	21	30	40	26	100.4	272.2	107.3	152	8	798.9	66.6	12
1999	7	23.5	46.5	90	110	117	133	84.5	163	115	68	26.5	984	82	12
2000	7	8	65	36.5	104.5	71.1	52	66	69	50	114	20	663.1	55.3	12
2001	23	8	70	52	95	50	75	60	80	100	75	37	725	60.4	12
2002	25	5	74	39	50	60	48	70	85	80	75	8	619	51.6	12
2003	8	43	109	51	41	166	80	60	95	115	68	29	865	72.1	12
2004	18	62	32	27	102	69	83	61	80	135	30	20	719	59.9	12
2005	6	41	91	51	120	170	88	113		330	39	8.7	1057.7	96.2	11
2006	56	0.6	33.5	36.3	124	154	83	87	101.5	140	52	66	933.9	77.8	12
2007	53	51	80	62	90	105	108	160	62	190	8	16	985	82.1	12
2008	9.3	39	85	76	63	93	100	103	122	42	39	54	825.3	68.8	12
2009	20	11.5	60	23	102	120	95	64	76.5	120	49	54	795	66.2	12
2010	50	60	30	93	105	95	100	140	115	46	40	30	904	75.3	12
2011	10	60	30	42	40	120	203	110	190	140	64	13	1022	85.2	12
2012	30	150	60	110	115	100				73	74	32	744	82.7	9
2013	46	15	26	72	100.5	110	81	65	163				678.5	75.4	9
2014									84.5	114	48	16	262.5	65.6	4
2015	2	34	17	69.5	69	90	47	66	57	70.5	110	1	633	52.8	12
2016	10.2												10.2	10.2	1
2017											10	20	30	15	2
2018	8	4	40	90									142	35.5	4
2019	10	25	31	25	32	32	44	48	44	66	10	10	377	31.4	12
2022										129	88	33	250	83.3	3
2023	28	20	48										96	32	3
MÍNIMA	0	0	0	9.2	25	15	15	22	16	18	8	0	10.2	10.2	1
MÁXIMA	70.5	150	109	148.1	185	185	203	190.5	272.2	330	160.5	119	1064.3	96.2	12
MEDIA	22	28.4	45.3	55	81.6	88.2	78.4	80.4	90.9	87.5	56.9	29.4	666.3	60.5	10.8
DESV.ST	16.8	25.4	24.4	26.4	35.7	33.9	33.2	30	41.2	45.5	31.5	21.3	245.6	17.9	2.8

LLUVIA TOTAL MENSUAL
AÑO	ENE	FEB	MAR	ABR	MAY	JUN	JUL	AGO	SEP	OCT	NOV	DIC	ACUM	PROM	MESES
1949			64.5	302.06	376.73	414.74	609.54	607.53	663.71	474	191.3	50	3754.11	375.4	10
1950	19.01	50.5	271.5	492.5	731.5	804.5	581	726.5	731.5	621.7	255	39	5324.21	443.7	12
1951	67.5	32.5	204.5	263.1	641.5	806	479.5	641.5	1052.8	467.81	187.92	17	4861.63	405.1	12
1952	11.5	8.02	175.1	427.82	506.01	700.51	639.02	882.82	950.51	509.5	245.1	6.52	5062.43	421.9	12
1953	15	58.5	231	181.5	752.5	737.01	463.61	441.5	854.7	648.42	222.9	81.01	4687.65	390.6	12
1954	15.51	78.5	73.5	554.02	853.11	809.5	812.7	514.51	914.61	644.5	143.9	104.03	5518.39	459.9	12
1955	79.1	2	158.5	94.5	619	616.41	879.3	719	644.5	839	255.03	137.5	5043.84	420.3	12
1956	8.83	121.03	157.5	181.52	464	750	464.51	426.5	761.5	546.5	251.01	78.6	4211.5	351	12
1957	34.82	93.5	98.5	332	620.21	869.5	624.3	456.3	774.3	730.81	56.3	40.91	4731.45	394.3	12
1958	9.9	3.9	204.5	152	444.21	790.6	625.41	712.4	735	597.9	268.1	92.61	4636.53	386.4	12
1959	63.4	11.6	112.21	263.7	517.3	706.6	561.01	549.6	628.4	807.8	145.7	65.2	4432.52	369.4	12
1960	47.91	45.7	142.3	187.51	502.4	652.7	561.21	506	523.91	561.51	322.22	8.4	4061.77	338.5	12
1961	102.6	96.6	96.31	301.5	340.61	777.05	529.8	504.01	665.11	682.21	415.8	160.91	4672.51	389.4	12
1962	25.31	21.6	81.4	553.8	807.1	1061.8	351.2	603.7	448.3	483.1	218.7	38.5	4694.51	391.2	12
1963	36.3	91	164.9	363.81	351.31	647.8	587.51	671.4	882.6	699.8	313.73	63.91	4874.07	406.2	12
1964	2.8	48.9								262.1	254.2	142.7	710.7	142.1	5
1965	60.61								589.1	719.71	245	58.8	1673.22	334.6	5
1966	18.5	25.9	94	309.8	753.2	1132.8	649.6	800.6	713.21	949.6	157.5	69.9	5674.61	472.9	12
1967	37	49.6	150.33	253.11	449.62	804.61	634.61	846.1	851	582.62	380.91	207.3	5246.81	437.2	12
1968	116.3	17.2	12.1	267.1	844.61	884.6	501.41	543.21	1092.7	875.7	281.61	67.3	5503.84	458.7	12
1969						827.1	612	927.4	791.5	931.4	188.7	191	4469.1	638.4	7
1970	85	42.3	53.9	96.2	391.4	580.3	584.5	762	997.4	528.5	353.4	35.6	4510.5	375.9	12
1971	73.1	51	121.2	105.5	1065.7	296.8	526.1	690.4	817.3	871.1	217.9	90.4	4926.5	410.5	12
1972	65.4	62.3	115.1	234.7	636.4	248.3	505.2	421.7	492.2	404.1	468	46.1	3699.5	308.3	12
1973	13.5	20	47.1	292.6	606.7	670.5	474.7	904.6	690.1	825.2	340.9	61.5	4947.4	412.3	12
1974	203.4	106.2	194.5	201.5	495	593.4	346.4	155.7	761.71	349.01	51.41	0.8	3459.03	288.3	12
1975	8.3	51.3	108.5	62.2	335.7	292.8	385	375.4	733.81	592.5	282	50.5	3278.01	273.2	12
1976	79.1	0	38	32.4	189.9	495.8	378.4	374	548.7	377.6	116.1	22.2	2652.2	221	12
1977	4.7	0.8	29	238.8	441.71	593.2	183	593.51	703	631.2	289.6	113.5	3822.02	318.5	12
1978	65.9	48.6	136.9	332.6	384.5	481.7	610	574.1	1083.3	737	130.1	46.8	4631.5	386	12
1979	41	0.8	63		454.5	449.1	461.5	623.5	1087.5	857.3	115.5	39.5	4193.2	381.2	11
1980	60	33.4	52.5	171	532	500	548.5	761.5	660.1	853.5	187.5	27.9	4387.9	365.7	12
1981	44.6	33	197.4	367.5	721.5	1037.2	794.7	895.1	791.9	832.5	293	182.7	6191.1	515.9	12
1982	29.2	189.3	78.7	337.6	659.4	544	320.5	277.5	599.7	646.6	118.3	53	3853.8	321.2	12
1983	0	35	84	136.5	300.4	723.3	348	487	568.1	434	372.5	85	3573.8	297.8	12
1984	16.5	64	57	41	580.5	922.8	867.1	844	797.6	361.5	249.1	0	4801.1	400.1	12
1985	9	99.5	111.5	260.3	414.1	766.8	628.8	867.3	179.7	751.2	275.31	76.5	4440.01	370	12
1986	75.4	216.1	4.3	91.3	634.2	454.5	574.6	499	566.1	637.5	312.7	41.3	4107	342.2	12
1987	0	0	74.2	219	392	810.3	696	560	613.5	618	210	113.1	4306.1	358.8	12
1988	87.8	77	104	306.1	425	638.6	845.2	833.7	902.5		175.4	148	4543.3	413	11
1989	70	201	48	455.6	596.5	969	545.8	723.3	637.5	778.5	186	141	5352.2	446	12
1990	78	115	218	572	523.8	664	490	472	270.61	260.21	215.31	143.5	4022.43	335.2	12
1991	129		503.3	313.9	335.01	264.01	188.51	227.5	183.31	211	175.11	171.7	2702.35	245.7	11
1992	188.4	182	176.1	153.2	374.8	838	472	686.5	545	126.5	381.8		4124.3	374.9	11
1993	0		148	216	216	188.3	101	224.71	200.8	372.6	220	17.6	1905.01	173.2	11
1994	38.5	57.5	134.31	138.3	330.9	706.9	686	638.5	458.3	576.5	90	192.61	4048.32	337.4	12
1995	156.8	129.1	94.6	611	278	185	286.2	403	404	274	552.8	241.9	3616.4	301.4	12
1996	0	0	0	56.5	112.5	395.3	279.3	478.1	693	445.5	228	8.7	2696.9	224.7	12
1997	69	30.6	172.2	159.1	273.6	224.2	306	277	397.1	201	111	52.5	2273.3	189.4	12
1998	128	109.5	18	115	113.5	334.1	319	572.3	1384.1	572.4	606.1	15.6	4287.6	357.3	12
1999	19.3	66.3	162.2	358.9	659.5	1042.5	504.5	720.5	1102	944.2	321.1	43.1	5944.1	495.3	12
2000	15	17	106	195	1175.3	537.4	358.2	662.5	927.5	631	538	55	5217.9	434.8	12
2001	58	12	154	325	674.3	542	624	684	681.8	603.8	162	52	4572.9	381.1	12
2002	25	5	81	264	322	421	425	326	950	492	332	8	3651	304.2	12
2003	8	43	190	90	259	743	473.7	539.2	863.5	752.5	359	39	4359.9	363.3	12
2004	42	84	134	65.5	534	377	725.4	492.5	896	771	51.6	65	4238	353.2	12
2005	7	54	372	135	856	987	819.5	618.5		1356	116	25.2	5346.2	486	11
2006	151.8	1.1	72	237.7	824.8	1015.4	541.5	500.6	699	801.1	210.4	131.5	5186.9	432.2	12
2007	71	64.3	155	340.8	604.3	681.7	913	965.5	607.5	710.5	20.5	42	5176.1	431.3	12
2008	21.3	129.4	326.5	484.2	240.5	741.7	809	917.7	903	437	125	118.5	5253.8	437.8	12
2009	28.8	17.5	119	44.2	781	946	466.9	541.3	535	689.5	164	120.5	4453.7	371.1	12
2010	85.5	80	119	300.5	808.7	1019.5	1343.5	1281	1235	345	262	100	6979.7	581.6	12
2011	18	115	272.5	272	223.5	1197	1099.5	1063.5	976	689	228	58	6212	517.7	12
2012	63.5	277	156	487	996	616				737.3	195	87.5	3615.3	401.7	9
2013	61	22	50	366.5	705	984	532.1	623.5	1175				4519.1	502.1	9
2014									158	589.7	136.3	38.4	922.4	230.6	4
2015	4.9	62	73.1	218.1	425.5	384.1	290	383	713.3	549.5	375	1	3479.5	290	12
2016	17												17	17	1
2017											30	61	91	45.5	2
2018	11	8	137	542									698	174.5	4
2019	19	122	337	120	330	214	426	506	576	1011	26	10	3697	308.1	12
2022										1510	795	157	2462	820.7	3
2023	131	94	186										411	137	3
MÍNIMA	0	0	0	32.4	112.5	185	101	155.7	158	126.5	20.5	0	17	17	1
MÁXIMA	203.4	277	503.3	611	1175.3	1197	1343.5	1281	1384.1	1510	795	241.9	6979.7	820.7	12
MEDIA	50.7	63.8	134.5	260.1	528.3	663.3	551.1	611.1	723.6	632.6	243.1	75.8	4050.7	365.6	10.8
DESV.ST	46.7	58.4	90.2	145.8	229	254	215.1	214.6	255.4	244.9	138.9	57	1449.8	121.6	2.8

EVAPORACIÓN MENSUAL
AÑO	ENE	FEB	MAR	ABR	MAY	JUN	JUL	AGO	SEP	OCT	NOV	DIC	ACUM	PROM	MESES
1970				134.6								107.9	242.5	121.2	2
1971		64.35		75.95		116.33	140.31	137.94	114.94	143.89	103.99	109.18	1006.88	111.9	9
1972	72.3	35.2	90.9				159.4	119.6	96.3		108.6		682.3	97.5	7
1973	106.3	81.8	87.6	125	130.3	108	162.7		118.8				920.5	115.1	8
1974	92.7	99.9	87.3	111.5			127.1	129.3	127.8	111.3	101.2	67.9	1056	105.6	10
1975	71.7	81.4	94.5	103.2	112.9	123.5	133.9	170	169.8	140.4	109.1	100.9	1411.3	117.6	12
1976	95.8	67	73.2	130.7	173.7	103.5	85.8	110.1	98.3	84.1	91.7	87.2	1201.1	100.1	12
1977	92	77.7	103	104.2	87.3	85.6	113.6	111.9	98.4	104.4	92.4	98.6	1169.1	97.4	12
1978	108.3	96.7	127.6	101.7	106.3	112	122.3	94.1	100.9	110.7	112.1	95.1	1287.8	107.3	12
1979	84.5	88.7	115.1		127	120.96	116.3	98.1	62.5	107.5	109.3	103.3	1133.26	103	11
1980	95.9	82.5	108.4	141.1	141	118.6	117.6	118.5	131.3	99.7	109.6	129.9	1394.1	116.2	12
1981	127	126.6	134.8	142.4	119.4	98.5	76.3	121.7	110.6	100.1	122.2	125.6	1405.2	117.1	12
1982	119.8	87.8	109.6	110.1	96.6	92.3	108.3	115.5	106.2	93.3	82.5	109.5	1231.5	102.6	12
1983	106.4	100.1	117.7	137.1	136.8	115.7	99.6	121.5	90.83	97.1	85.81	102.3	1310.94	109.2	12
1984	88.42	94.14	91.01	93.7	133.37		79.73	102.69	93.79	77.69	88.82	100.39	1043.75	94.9	11
1985	59.6	63.11	107.47	141.76	137.13	125.38	128.18	137.91	132.35	109.99	80.34	99.49	1322.71	110.2	12
1986	111.4	116.37	134.61	87.05	110.99	123.11	105.22	124.56	111.01		111.35	99.02	1234.69	112.2	11
1987	118.77	101.8	108.24	130.19	119.13	134.66	137.15	112.85	111.11	140.27	105.55	92	1411.72	117.6	12
1988	83.76	81.67	95.33	91.82	86.43	79.7	70.36	72.1	82.99		109.6	78.48	932.24	84.7	11
1989	88.44	98.53	97.32	115.33	128.47	81.23	128.28	94.64	70	102.1	84.05	80.82	1169.21	97.4	12
1990	100.87	77.1	98.59	88.56	123.68	126.65	105.25	77.28	108.6	123.34	141.7	114.31	1285.93	107.2	12
1991	92.56		126.21	102.9	133.29	138.41	141.98	116.98	114.33	117.57	102.01	146.77	1333.01	121.2	11
1992	105.74	115.86	104.87	80.92	106.33	139.63	67.84						721.19	103	7
1998												131.31	131.31	131.3	1
1999	135.88	126.6	155.95	125.86	144.47	143.75	155.49	115.57	103.33	87.08	139.72	119.21	1552.91	129.4	12
2000	134.64	147.86	137.05	127.38	57.36	174.77	125.08	126.14	215.99	198.49	152.21	156.28	1753.25	146.1	12
2001	170.49	133.17	172.58	162.14									638.38	159.6	4
2003									44.8	50.07			94.87	47.4	2
2005				110.52									110.52	110.5	1
2007					75.33								75.33	75.3	1
2010					82.6	56.78	73.34	74	32.5	17.01			336.23	56	6
MÍNIMA	59.6	35.2	73.2	75.95	57.36	56.78	67.84	72.1	32.5	17.01	80.34	67.9	75.33	47.4	1
MÁXIMA	170.49	147.86	172.58	162.14	173.7	174.77	162.7	170	215.99	198.49	152.21	156.28	1753.25	159.6	12
MEDIA	102.6	93.6	111.6	115	116.1	114.5	115.2	113.2	105.9	105.5	106.5	106.8	987.1	107.3	9.1
DESV.ST	24	25.5	23.3	22.3	26.4	25.8	28	22.2	36.4	36	19.2	21.1	475.6	22	4

TEMPERATURA MÁXIMA PROMEDIO
AÑO	ENE	FEB	MAR	ABR	MAY	JUN	JUL	AGO	SEP	OCT	NOV	DIC	ACUM	PROM	MESES
1952				29	28.7	27.7	28.3	28	27.5	27.5	28	28.7		28.2	9
1953	29.1	29.1	29.1	29.8	28.4	27.8	27.9	28.7	27.9	26.7	28.2	28.6		28.4	12
1954	29.3	28.8	30	29.5	27.6	27.1	27.6	28.5	26.9	26.5	28.4	27.8		28.2	12
1955	28.4	29.6	28.7	28.2	28.4	27.8	26.1	27.4	26.3	26.1	28	27.6		27.7	12
1956	27	28.7	27.8	28.9	27.8	27	27.5	28.1	27.2	27.4	27.6	28.3		27.8	12
1957	28.3	29.2	28.7	28	28.6	27.9	28.2	28.6	27.7	27.8	28.7	28.9		28.4	12
1958	28.5	29.5	30.3	30.1	29.5	28.1	28.4	28.9	28	28.1	28.4	28.8		28.9	12
1959	29.4	30.3	29.8	29.4	29.2	28	28.5	28.3	27	27.2	28.4	28.5		28.7	12
1960	29.4	28.4	29.1	29.5	29.1	28	27.9	28.4	28.4	27.2	28.7	28.7		28.6	12
1961	29.2	28.7	29.4	29	29	28.1	28.2	28.6	27.4	27.7	27.4	28.5		28.4	12
1962	29	28.7	29.3	29	28.4	27.7	28.8	27.3	26.8	27	27.2	27.7		28.1	12
1963	28.3	28.6	29	29	28.2	27.7	27.9	28.6	26.6	27.7	27.3	28.2		28.1	12
1964	28.5	28.9								27	27.3	27.1		27.8	5
1965	27.4								30.5	31.6	29.1	29.2		29.6	5
1966	29.1	32.2	34.6	33.7	32.9	31.9	33.2	33.3	32.5	31.9	32.6	30.5		32.4	12
1967	29.7	29.7	29.7	29.7	29.8	29.6	29.2	29.8	28.9	29	29.1	29		29.4	12
1968	29.3	29.1	29.8	29.5	28.3	29.6	28.9	28.4	27.6	26.6	27.4	30.4		28.7	12
1969						28.7	31.7	31.3	31.3	33.1	32.1	31.2		31.3	7
1970	35	36.1	36.6	31.9	32.3	33.4	32.3	32.8	32.1	33.2	32.5	33.6		33.5	12
1971	33.2	34.1	34.4	34	33.2	32.6	33.2	32.3	31.6	32.6	32.4	32		33	12
1972	33.2	33.8	33.8	33	33.7	33.1	31.8	33	32.1	33.5	33.6	33.9		33.2	12
1973	34.4	34.6	35.1	35.1	33.6	32.7	33	32.9	33.2	32.7	34.3	32.9		33.7	12
1974	33.3	33.6	33.4	33.9	33	32.2	31.5	33.3	32.7	32.9	33.4	33.9		33.1	12
1975	34.1	34	34	34.7	33.4	33.3	32.7	33	32.6	32.5	33.1	32.2		33.3	12
1976	33.1	34	33.2	32.9	33.9	32.2	35	34.1	33.8	33.9	33.1	34.3		33.6	12
1977	34.3	34.8	36.3	34.9	33.3	32.5	34.4	33.6	33.8	33.5	33.9	34		34.1	12
1978	34	33.2	34.6	34.6	34.7	33.6	32.7	33.9	33.3	33.3	34.1	34.3		33.9	12
1979	34.5	34.9	35.2		34	33.1	33.5	33.9	32.8	33.4	34	34.5		34	11
1980	34.8	34.6	35.2	34.5	34.7	34.3	34.5	34.2	33.4	34.5	34.5	33.9		34.4	12
1981	33.6	35.4	35.5	35.1	34	32.7	33.7	33.6	33.5	32.5	33.5	33.6		33.9	12
1982	33.9	34.1	34.1	34	32.8	33.4	33.7	34.2	32.9	33.6	33.7	34.1		33.7	12
1983	34.6	34.2	35	35.5	35.3	34.2	33.7	34	33.3	33.3	33.2	33.6		34.2	12
1984	34	34.3	35	34.8	33.5	32.7	32	32.2	31.5	32.7	33	33.6		33.3	12
1985	33.1	34.1	34.2	33.8	33.9	33.1	32.6	32.4	34.6	32.3	32.8	33.3		33.4	12
1986	33.2	32.7	33.6	34.7	33	33	33.4	33.5	32.8	32.8	33.9	34		33.4	12
1987	33.7	33.7	34.4	34.6	34.2	33.9	33.5	33.7	33.9	34.3	34.6	34.2		34.1	12
1988	34	35.1	34.2	35.2	34.5	33.5	33.4	32.4	33.4		33.6	33.2		33.9	11
1989	33.3	33.5	32.8	33.5	33.4	32.8	33	33	31.7	33.3	33.3	33.1		33.1	12
1990	33.7	33.4	33.5	33.9	33.8	33.2	33.7	33.8	32.6	32.4	32.7	32.7		33.3	12
1991	33.8		32.9	33.6	32.8	32.5	32.8	32.6	32.5	32.7	32.7	32.9		32.9	11
1992	32.7	32.6	32.8	33.9	33.4	33.4	33	32.8	33	34.4	33.3			33.2	11
1993	33.2		33.3	34.2	32.8	32.2	32.3	32.7	33.1	32.1	33.4	34.1		33	11
1994	34	34	33.5	33.1	32.2	33.2	34.1	33.8	33.6	33.4	34	32.9		33.5	12
1995	32.5	33.1	32.5	33.2	34.2	32.6	32.4	32	33.4	32.6	23.4	28.9		31.7	12
1996	28.2	32.1	31.7	31.2	33.5	31.4	32.4	32.3	32.6	32.1	31.1	31		31.6	12
1997	30.4	30.4	31	30.9	32.8	31.1	31	31.3	31.2	30.2	30.7	30.8		31	12
1998	30.4	30.8	29.8	30.4	30.5	28	30.2	32	29.2	30	28.9	30.7		30.1	12
1999	30.5	30.2	30.6	30.5	30.6	29.8	30.3	30	29	29.3	30.5	30.6		30.2	12
2000	31.4	31.5	31.2	32	30.5	31.1	31.5	30.6	29.7	30.9	31.3	31.5		31.1	12
2001	31.9	31.4	30.7	31.2	31	31.2	30.7	31.3	30.8	30.9	31.1	31.7		31.2	12
2002	31.6	31.4	31.4	31	30.7	30	31.3	31.4	29.2	31	31.4	31.4		31	12
2003	31.6	31.3	30.6	31.4	30.4	30.4	31.4	31.4	31.1	30.5	31.5	32.1		31.1	12
2004	32	32	32.3	33.6	32.2	31.2	29.8	30.2	30.1	29.8	30.4	31		31.2	12
2005	31	30.2	30.8	31.3	29.9	29.5	29.9	29.7		28	31	31.9		30.3	11
2006	30.2	30.9	31.1	30.4	29.5	29.6	30.1	30.4	29.8	30	29.7	31.3		30.2	12
2007	31	31.1	31.7	31.1	30.3	29.8	30	28.9	29.2	28.5	31.2	30.8		30.3	12
2008	30.6	30	30.1	30.2	30.7	29.3	29.5	29.3	27.2	28.7	31.3	30.4		29.8	12
2009	30.6	31	30.8	31	30.1	29.5	31.1	30.8	30.6	30.8	31.3	30.9		30.7	12
2010	31.1	31.5	31.4	31.7	29.7	29.3	30.2	30.1	28.9	31.2	30.2	30.6		30.5	12
2011	30.8	31	30.6	31.1	30.8	29.5	28	28.9	28.6	25	30.8	30.6		29.6	12
2012	30.8	31.5	31.3	30.5	30	29.5				30.8	31	30.5		30.7	9
2013	30.9	31.6	31.8	31.8	30.5	30.7	30.8	31.4	31					31.2	9
2014									30.6	28.4	32.8	32.9		31.2	4
2015	32.4	31.2	33.2	33.1	30.8	32.1	33.3	34.9	35.8	33.6	30.8	31.3		32.7	12
MÍNIMA	27	28.4	27.8	28	27.6	27	26.1	27.3	26.3	25	23.4	27.1		27.7	4
MÁXIMA	35	36.1	36.6	35.5	35.3	34.3	35	34.9	35.8	34.5	34.6	34.5		34.4	12
MEDIA	31.5	31.9	32.1	32	31.5	30.9	31.2	31.3	30.8	30.7	31.1	31.3		31.3	11.3
DESV.ST	2.2	2.1	2.2	2.2	2.2	2.2	2.2	2.1	2.5	2.6	2.5	2.1		2.1	1.7

TEMPERATURA MÁXIMA EXTREMA
AÑO	ENE	FEB	MAR	ABR	MAY	JUN	JUL	AGO	SEP	OCT	NOV	DIC	ACUM	PROM	MESES
1952				31	30	29.5	30	30	29	29	30	30		29.8	9
1953	31	31	31	32	30.5	30	29.5	30	30	30.5	30	30.5		30.5	12
1954	30.5	32	32	31	30	29	29.5	30.5	28.5	29	29	29		30	12
1955	30	31	36	31	31	29.5	28.5	29.5	28	28.5	29	29		30.1	12
1956	29.5	29.5	33	30.5	31	29	29	30	29.5	29	29	29.5		29.9	12
1957	30	31	30.5	29.5	31.5	29.5	30.5	30.5	29.5	29.5	30	30		30.2	12
1958	30.5	32	32	32.5	32	30.5	30	30.5	30.5	30	30	30		30.9	12
1959	31.5	33	33	30	32	30.5	33	30	29.5	29	29.5	29.5		30.9	12
1960	30.5	30.5	31.5	31	30.5	29.5	30	30.5	32	30	30	30		30.5	12
1961	31	31	32	32	31	30.5	30	30	30	29.5	29.5	30		30.5	12
1962	30	30.5	31	30.5	30	29	31.5	33	29.5	29.5	29	29		30.2	12
1963	30	30.5	30.5	30.5	29.5	29.5	30	30	29.5	29.5	29	30		29.9	12
1964	29.5	30.5								27.5	29	27.5		28.8	5
1965	31								38	36	31	31		33.4	5
1966	31	36.5	37	36	35	35	35	35	34.5	35	34	37		35.1	12
1967	31	32	32	31.5	33	36	32	31.5	32	33	33	31		32.3	12
1968	32	32	31	33	32	36	31	30	30.5	30	30.5	34		31.8	12
1969						30.5	34	36	38	39	39	39		36.5	7
1970	39	39	39	39	39	37	35	37.5	35	36	35	38		37.4	12
1971	37	36	39	37	37	35	36.5	35	35	35	34.5	34.5		36	12
1972	35	36	36	36	35	35	36	36	36	36	36	36		35.8	12
1973	36	37	38	38	35	35	36	36	35	34.5	35	34		35.8	12
1974	36	35	35	36	35	35	34	35	36	35	35	36		35.2	12
1975	36	36	38	39	36	36	35	36	35	35	35	35		36	12
1976	36	35	36	35	37	37	39	36	36	39	35.5	36		36.5	12
1977	36	37	39	37	36	36	36	36	35.5	35.5	36	35		36.2	12
1978	36	35	37.5	36	36	36	35.5	36	36	35	36	36		35.9	12
1979	37	36	37.5		36	36	36	38	36	36	36.5	37		36.5	11
1980	37	36	38	38	37	37	38	37	36	36	37	35.5		36.9	12
1981	35	37	37	39	36	34	36	37	36	35	34.5	35.5		36	12
1982	35.5	36	38	36	35	36	35	36	36	36	35	35		35.8	12
1983	36	36	37	37.5	38	36	37	36	36	37	35	35		36.4	12
1984	36	36	37	37	36.5	35	35	34.5	33.5	35	36	35		35.5	12
1985	34.5	36	36.5	36	36	35	35	34	37.5	35	35	35		35.5	12
1986	39	35	36	37.5	36	35.5	36	36	35.5	35	35.5	36		36.1	12
1987	35	37	36.5	37	36	37	37	36	36	36.5	36	36		36.3	12
1988	36	37.5	36	36	36.5	35	35	35	36		36	35		35.8	11
1989	35	35	35	35.5	36	36	36	35.5	34	35	35	34.5		35.2	12
1990	35	35	35	35.5	36	35	36	35	34	36.5	35.5	36.5		35.4	12
1991	35.5		36.5	38	36	36	36.5	36.5	36.5	35.5	36.5	36.5		36.4	11
1992	36	36	36.5	38	36	36	36	34	36	38	36			36.2	11
1993	35		36	36	35	36.5	35	36	35	36	36	36.5		35.7	11
1994	37	37	36.5	35	34	35	36	35	36	36	36	36.5		35.8	12
1995	36	36	36	36	36	35	36	36	36	35	31	33		35.2	12
1996	33	36	35	34.5	37	33.5	37	36	36	35	34	34		35.1	12
1997	33	33	34	33	37	33	35	33.5	34	33	36	34		34	12
1998	32.5	34	33.5	36	34	32	36	36	31	37	31	36		34.1	12
1999	32	32	32	32	32	31	31	32	31	31	32	33		31.8	12
2000	32.5	32	33	33	35	32	33	33	31	33	33	33		32.8	12
2001	34	33	33	33	34	34	33	33	32	32	36	32		33.2	12
2002	32	33	32	33	33	32	32	33	31	32	37	32		32.7	12
2003	33	33	32	32	32	32	32	33	32	32	33	33		32.4	12
2004	33	33	38	35	33	32	31	31	38	31	31	32		33.2	12
2005	32	32	33	33	31	31	32	32		31	34	34		32.3	11
2006	32	32	33	32	32	32	32	32	32	32	32	32		32.1	12
2007	32	32	33	37	34	32	31	30	31	31	32	32		32.2	12
2008	32	31	31	31	32	31	31	31	29	31.5	32	31		31.1	12
2009	32	32	32	32	31	30	32	32	32	32	32	32		31.8	12
2010	32	32	32	34	31	30	32	31	30	32	32	32		31.7	12
2011	32	32	31	32	31	31	29	30	30	31	32	32		31.1	12
2012	32	33	33	32	32	31				34	32	32		32.3	9
2013	32	32	33	33	31	32	31	32	32					32	9
2014									39	38	38	38		38.2	4
2015	38	36	39.6	36	32	35	36	39	39	39	32	32		36.1	12
MÍNIMA	29.5	29.5	30.5	29.5	29.5	29	28.5	29.5	28	27.5	29	27.5		28.8	4
MÁXIMA	39	39	39.6	39	39	37	39	39	39	39	39	39		38.2	12
MEDIA	33.6	33.9	34.6	34.3	33.9	33.2	33.6	33.6	33.5	33.5	33.4	33.4		33.7	11.3
DESV.ST	2.6	2.4	2.6	2.7	2.5	2.6	2.7	2.6	3	3	2.7	2.7		2.5	1.7

TEMPERATURA MÍNIMA PROMEDIO
AÑO	ENE	FEB	MAR	ABR	MAY	JUN	JUL	AGO	SEP	OCT	NOV	DIC	ACUM	PROM	MESES
1952				19.2	19	18.8	18.4	18.3	18.4	18.3	17.7	16.7		18.3	9
1953	16.6	16.8	17.2	19.6	19.2	19.6	18.7	19	18.8	18.5	18.8	18.9		18.5	12
1954	17.3	17.6	18.3	19.6	19.6	20.5	20.1	20.6	20.1	19.2	20	18.5		19.3	12
1955	17.7	18.5	18.5	19.3	20.4	19.9	19.2	20	19.6	20	19.6	19		19.3	12
1956	18.6	18.9	20	21.1	21.5	21	20.7	21	21	21.5	20.6	19.9		20.5	12
1957	19.3	20.2	20.5	20	19.5	20.1	20.4	20.3	20.3	20.3	20.7	19.5		20.1	12
1958	19.4	19.2	20.1	21	20.2	20.7	20	20.2	19.7	19.4	19.1	19		19.8	12
1959	16.8	16.1	18.9	19.7	19.8	19.1	18.4	19.9	21	21.2	21.1	19.8		19.3	12
1960	17.6	16.8	17.4	18.2	19	19.2	18.6	18.9	19	19.6	18.9	17.3		18.4	12
1961	18.3	18.7	19.6	19.8	20.2	19	18.9	19.3	18.5	18.8	18.8	17.6		19	12
1962	20.6	19.5	20.3	20.3	20.6	20.8	20.9	20.7	20.7	20.6	18.5	17.8		20.1	12
1963	18.5	17.1	17.3	17.6	18	19.3	20.7	20.7	20.8	19.9	19.8	19.1		19.1	12
1964	19.3	19.1								17.3	16.5	16.5		17.7	5
1965	15.9								19.9	18.7	18	17.1		17.9	5
1966	16.6	19.7	23.6	23.5	23.5	23.5	23.6	23.8	21.9	14.9	12.9	15.3		20.2	12
1967	16.3	16.8	17	18.1	18.9	18.6	18.4	18.2	18.3	18.6	18.1	17.7		17.9	12
1968	16.9	16	16.7	18.1	18.1	18.4	18.3	18.2	18.1	18.5	17.9	17.1		17.7	12
1969						15.1	15.5	15.8	16.7	18.8	18.5	17.7		16.9	7
1970	17.5	17.6	18.1	18.8	17.3	15.7	14.7	15.5	15.5	15.5	16.6	16.6		16.6	12
1971	16.8	17	16.8	14.3	15.9	15.7	16.6	18.3	18.2	18.3	17.6	16.9		16.9	12
1972	17	16.4	17.2	18.5	19	18	18.7	18.6	18.6	18.5	18.5	17.4		18	12
1973	17.2	17.3	18.5	19.7	19.2	18.9	18.5	18.1	18.7	18.6	18.1	16.2		18.2	12
1974	16.5	16.6	17.5	18.2	19	18.5	17.5	18.1	17.8	17.9	17	16.7		17.6	12
1975	16.2	16.4	17.5	18	19.1	18.5	17.5	17.9	18.1	18.5	17.6	16.1		17.6	12
1976	16	15.7	17.1	17.7	18.6	18.8	18.3	18	18.4	18.2	18	17.4		17.7	12
1977	16.4	16.8	17.8	18.4	18.6	18.4	18	18.7	18.8	18.5	18.7	18.1		18.1	12
1978	16.7	16.6	17.6	18.1	19.1	18.7	18.4	18.6	18.4	18.7	18.2	18.1		18.1	12
1979	16.8	17.5	18.1		19.5	19.4	19.2	18.9	18.8	19.3	18.3	18.1		18.5	11
1980	18	17.5	17.9	19.1	20	19.3	18.9	18.7	18.8	19.1	17.9	17.8		18.6	12
1981	16.2	17.5	18.6	18.9	19.6	19.2	18.6	19.1	18.5	18.7	18	18.1		18.4	12
1982	17.5	18	18.4	19.2	20	19.6	19	18.6	19.2	18.5	18	17.6		18.6	12
1983	17.6	17.8	18.3	20.2	20.8	20.7	19.8	19.2	19.2	18.7	18.4	17.8		19	12
1984	17.3	17.7	18.5	19	19.5	19.2	18.7	18.8	18.5	19	17.9	17		18.4	12
1985	16.7	17.1	17.7	18.8	19.3	19.1	18.4	18.2	22.4	18.7	18	17.8		18.5	12
1986	17.2	17.6	17.7	18.4	19.4	20.1	18.9	19	18.9	18.2	18.9	17.5		18.5	12
1987	17.7	18.3	18.6	19.4	19.2	19.9	19	19.4	19.5	19	19.4	18.4		19	12
1988	18.2	18.2	18.2	19.4	19.4	19.4	18.2	18.7	18.7		18.4	18.2		18.6	11
1989	18	17.5	17.7	18.5	18.8	18.8	18.6	18.5	18.7	18.7	18.7	17.8		18.4	12
1990	17.9	18	18	18.7	18.7	19.3	18.9	19	18.2	18.2	18.2	18.2		18.4	12
1991	18.9		18.2	18.5	18.2	18.4	17.6	17.9	18.1	18	17.8	17.7		18.1	11
1992	18.1	18	18	19	18.2	18.1	18.5	18.4	18.3	19	18.6			18.4	11
1993	18.5		18.7	18.9	18.5	18.2	18.4	18.3	19	18.9	19.5	21.5		18.9	11
1994	21.9	21.3	18.4	18.9	18.8	18.6	19.6	19.8	19.5	19.6	19.9	18.5		19.6	12
1995	17.8	17.7	17.7	20.1	20.2	19.8	20	20.6	13.2	20.2	16.1	18.1		18.5	12
1996	16.3	17	15.7	17.4	16.4	16.8	17.1	16.6	16.4	15.7	17.9	14.2		16.5	12
1997	16.4	14.9	17	15.3	17.7	17.3	15.9	17.5	14.1	15.7	13.5	15.2		15.9	12
1998	15.5	16.8	13.7	15.5	14.7	16.4	16.9	17.2	16.6	18.1	17.2	15.5		16.2	12
1999	15.5	15.2	15.9	17.4	17.4	17.1	17.9	17.1	17.4	17.3	16.1	14.7		16.6	12
2000	13.6	14.9	14.3	16.2	16.8	16.7	16.4	16.4	15.9	16.1	15.9	14.1		15.6	12
2001	13.8	14.4	13.9	15.5	15.9	15.5	15.8	15.6	15.5	16.1	14.6	15.4		15.2	12
2002	15.8	15.4	15.7	15.5	16.3	16.5	16.5	16.2	16.3	16.4	15.3	15		15.9	12
2003	13.7	14.2	13.8	15.2	15.8	16.1	16.2	16.8	17.4	17	16.7	15.1		15.7	12
2004	14.9	15.3	15.8	16.9	17.3	17.1	17.8	17.4	17.4	17.7	16.6	15.9		16.7	12
2005	15	15.3	17.8	18.1	18	18.5	18.5	18.8		18	17.2	15.9		17.4	11
2006	15.6	15.6	15.9	17.3	18.5	18.6	18.3	18.7	18.7	18.2	17.3	16.7		17.4	12
2007	16.3	16.2	16.5	17.2	17.5	18.1	17.5	17.2	17.5	17.3	16.7	16		17	12
2008	14.5	15.7	16.7	16.7	16.9	18.1	17.4	17.2	17.3	17	15.8	15.8		16.6	12
2009	15.7	14.8	15.5	16.5	17.3	18.7	18.1	18	17	17	17.5	16.1		16.9	12
2010	16.1	16.8	16.7	16.3	16.8	16.2	16.4	17	17.9	17.2	15.8	16.8		16.7	12
2011	17.3	17.1	16.5	16.7	16.6	17.7	18.7	18.3	18	18	16.8	16.4		17.3	12
2012	16.6	16.9	16.8	17.8	18.6	18.5				18.6	16.9	16.4		17.5	9
2013	16.5	16.4	16.9	17.6	17.5	17.6	18.2	18.1	17.6					17.4	9
2014									20.6	20.3	18.5	17.2		19.1	4
2015	16.2	18.1	19.5	16.7	17.3	17.5	16.9	17.3	18.2	17.3	17.2	17		17.4	12
MÍNIMA	13.6	14.2	13.7	14.3	14.7	15.1	14.7	15.5	13.2	14.9	12.9	14.1		15.2	4
MÁXIMA	21.9	21.3	23.6	23.5	23.5	23.5	23.6	23.8	22.4	21.5	21.1	21.5		20.5	12
MEDIA	17	17.1	17.6	18.3	18.6	18.5	18.3	18.5	18.4	18.3	17.8	17.2		18	11.3
DESV.ST	1.5	1.5	1.7	1.7	1.5	1.5	1.5	1.5	1.7	1.3	1.5	1.4		1.2	1.7

TEMPERATURA MÍNIMA EXTREMA
AÑO	ENE	FEB	MAR	ABR	MAY	JUN	JUL	AGO	SEP	OCT	NOV	DIC	ACUM	PROM	MESES
1952				18	18	17	17.5	12	17.5	17	16	16		16.6	9
1953	14	11	14	17	16	17	18	18	17	17	17	16		16	12
1954	15	15.5	16	17	17.5	18	17	18	18	17	17	16		16.8	12
1955	16	15.5	15	16.5	18.5	17.5	17	17	17.5	17	17	15		16.6	12
1956	14	18	19	18	19	19.5	19.5	19	19.5	20	18	18		18.5	12
1957	18	19	20	18	18	18.5	18	17.5	18	18	17	16		18	12
1958	16.5	16.5	15.5	19	19	18.5	18.5	17.5	18	18	17	16		17.5	12
1959	12	13	16.5	17	17	14.5	13.5	17.5	20	19.5	17.5	17.5		16.3	12
1960	15	15	16	16	17	17	17	16.5	17.5	17	17	15.5		16.4	12
1961	15	17	15	17	18	18	17	16	17	17	15	15		16.4	12
1962	18	17	18.5	18	19	19	18	15	19	19	16	16		17.7	12
1963	16	16	16	14.5	15	17	18.1	18	19	17	16	16		16.6	12
1964	16	15.5								16.5	16	16		16	5
1965	15								17.5	16	15	15		15.7	5
1966	15	15	20	18.5	19	20	20	19	14	13	11	12		16.4	12
1967	15	15	15	16.5	18	15	17	17	17	18	17	14.5		16.2	12
1968	15	13.5	15	15	15	15	17	15	16	16.5	16	15		15.3	12
1969						14	14	14	14	18	17	16		15.3	7
1970	14	16	16	15	14	14	13	13	14	13.5	15	15		14.4	12
1971	15	16	11	11	14	14	15	14	14	15	15	15		14.1	12
1972	16	12	16	16	17	13	18	17	15	17	14	15		15.5	12
1973	16	16	17	17	17	17	17	17	17	17	16	14		16.5	12
1974	15	15	15	16	18	17	15	16	16	16	16	15		15.8	12
1975	15	15	16	16	17	17	16	16	17	17	16	15		16.1	12
1976	15	15	14	15	16	17	16	17	17	13	17	16		15.7	12
1977	15	16	16	15	16	16	15	17	17	16	18	15		16	12
1978	15	15	15	16	17	18	17	17	17	17	17	16		16.4	12
1979	16	16	17		16	18	17	17	18	18	17	16		16.9	11
1980	16	15	15	18	18	18	17	18	18	17	13	15		16.5	12
1981	14	16	17	17	18	18	17	18	17	17	17	16		16.8	12
1982	16	17	17	18	18	18	17	18	18	17	16	16		17.2	12
1983	13	16	16.5	18	19	20	18	18	16.5	16	14	16		16.8	12
1984	15	16	17	17	17	18	18	17.5	17	17	16	16		16.8	12
1985	15	15	15.5	17	18	18	17	16	21.5	17	16	16		16.8	12
1986	15	17	15	16	16	18	17	18	17	16	17	14		16.3	12
1987	15	17	17	17	17	18	16	18	18	18	17	17		17.1	12
1988	15	17	16	17.5	17.5	18	17	17.5	17		17	15		16.8	11
1989	15	15.5	15.5	17	15	17	17	17	17.5	17	17	15.5		16.3	12
1990	16	16	15.5	17	17.5	18	18	18	16	17	17	17		16.9	12
1991	16.5		17	17	17	17	8	11	17	13.6	12.8	12.5		14.5	11
1992	16	16	14	17	8	16	17	16	16	17	16			15.4	11
1993	18		18	18	18	16	16	17	16	18	17	20		17.5	11
1994	20	19	17	16	16	15	17	18	17	17	17	16		17.1	12
1995	16	15	15	17	18	17	18	18	11	16	13	12		15.5	12
1996	10	14	11	16	13.5	14.5	14	14	14	12	17	10		13.3	12
1997	13	11	14.5	10	16	14	10.5	12	10	12	10.5	12		12.1	12
1998	10	15	10	11	10.5	13	15	16	14.5	17	15	15		13.5	12
1999	15	14	15	15	17	16	16	16	16	15	14	12		15.1	12
2000	12	13	13	14	16	15	15	15	15	15	14	13		14.2	12
2001	13	13	13	14	13	14	15	14	14	15	13	14		13.8	12
2002	14	14	14	14	15	16	15	15	15	15	13	13		14.4	12
2003	13	13	13	14	15	15	15	15	15	15	16	14		14.4	12
2004	14	14	15	15	16	15	15	17	17	17	15	14		15.3	12
2005	14	14	17	17	16	18	18	18		17	15	14		16.2	11
2006	14	14	15	17	17	18	17	18	18	17	15	15		16.2	12
2007	15	15	16	14	14	17	16	17	14	16	15	15		15.3	12
2008	13	14	16	16	12	17	16	17	17	16	14	15		15.2	12
2009	15	14	14	16	16	17	18	18	12	17	17	15		15.8	12
2010	15	16	16	16	16	16	16	16	17	17	15	16		16	12
2011	17	17	16	16	16	16	17	18	17	17	16	16		16.6	12
2012	16	16	16	17	17	18				17	16	15		16.4	9
2013	16	16	16	14	17	17	17	17	17					16.3	9
2014									20	18	13	12		15.8	4
2015	11	15	10	13	17	16	15	17	15	16	17	16		14.8	12
MÍNIMA	10	11	10	10	8	13	8	11	10	12	10.5	10		12.1	4
MÁXIMA	20	19	20	19	19	20	20	19	21.5	20	18	20		18.5	12
MEDIA	14.9	15.2	15.5	16	16.4	16.7	16.4	16.5	16.5	16.5	15.7	15.1		15.9	11.3
DESV.ST	1.8	1.6	2	1.8	2.1	1.7	1.9	1.7	2	1.6	1.6	1.6		1.2	1.7

TEMPERATURA MEDIA MENSUAL
AÑO	ENE	FEB	MAR	ABR	MAY	JUN	JUL	AGO	SEP	OCT	NOV	DIC	ACUM	PROM	MESES
1952				24.1	23.9	23.2	23.4	23.1	23	22.9	22.9	22.7		23.2	9
1953	22.9	23	23.1	24.7	23.8	23.7	23.3	23.9	23.4	22.6	23.5	23.8		23.5	12
1954	23.3	23.2	24.1	24.6	23.6	23.8	23.9	24.6	23.5	22.9	24.2	23.1		23.7	12
1955	23	24	23.6	23.8	24.4	23.9	22.6	23.7	23	23	23.8	23.3		23.5	12
1956	22.8	23.8	23.9	25	24.6	24	24.1	24.6	24.1	24.4	24.1	24.1		24.1	12
1957	23.8	24.7	24.6	24	24	24	24.3	24.5	24	24	24.7	24.2		24.2	12
1958	24	24.4	25.2	25.6	24.9	24.4	24.2	24.5	23.9	23.8	23.8	23.9		24.4	12
1959	23.1	23.2	24.4	24.5	24.5	23.6	23.4	24.1	24	24.2	24.8	24.1		24	12
1960	23.5	22.6	23.2	23.9	24	23.6	23.2	23.6	23.7	23.4	23.8	23		23.5	12
1961	23.8	23.7	24.5	24.4	24.6	23.6	23.5	24	23	23.2	23.1	23		23.7	12
1962	24.8	24.1	24.8	24.6	24.5	24.2	24.9	24	23.8	23.8	22.9	22.8		24.1	12
1963	23.4	22.9	23.1	23.3	23.1	23.5	24.3	24.6	23.7	23.8	23.6	23.6		23.6	12
1964	23.9	24								22.1	21.9	21.8		22.7	5
1965	21.6								25.2	25.1	23.6	23.1		23.7	5
1966	22.9	26	29.1	28.6	28.2	27.7	28.4	28.5	27.2	23.4	22.8	22.9		26.3	12
1967	23	23.2	23.4	23.9	24.4	24.1	23.8	24	23.6	23.8	23.6	23.4		23.7	12
1968	23.1	22.6	23.2	23.8	23.2	24	23.6	23.3	22.9	22.6	22.6	23.8		23.2	12
1969						21.9	23.6	23.6	24	26	25.3	24.4		24.1	7
1970	26.2	26.9	27.4	25.4	24.8	24.5	23.5	24.1	23.8	24.4	24.6	25.1		25.1	12
1971	25	25.6	25.6	24.1	24.6	24.1	24.9	25.3	24.9	25.5	25	24.4		24.9	12
1972	25.1	25.1	25.5	25.8	26.4	25.6	25.2	25.8	25.4	26	26	25.6		25.6	12
1973	25.8	26	26.8	27.4	26.4	25.8	25.8	25.5	26	25.7	26.2	24.5		26	12
1974	24.9	25.1	25.4	26	26	25.4	24.5	25.7	25.2	25.4	25.2	25.3		25.3	12
1975	25.1	25.2	25.8	26.4	26.2	25.9	25.1	25.4	25.4	25.5	25.4	24.2		25.5	12
1976	24.6	24.9	25.2	25.3	26.2	25.5	26.6	26	26.1	26	25.6	25.8		25.6	12
1977	25.3	25.8	27	26.6	26	25.4	26.2	26.1	26.3	26	26.3	26		26.1	12
1978	25.4	24.9	26.1	26.4	26.9	26.1	25.6	26.2	25.8	26	26.1	26.2		26	12
1979	25.6	26.2	26.7		26.8	26.2	26.4	26.4	25.8	26.4	26.1	26.3		26.3	11
1980	26.4	26	26.6	26.8	27.4	26.8	26.7	26.5	26.1	26.8	26.2	25.9		26.5	12
1981	24.9	26.4	27	27	26.8	26	26.2	26.4	26	25.6	25.8	25.9		26.2	12
1982	25.7	26	26.2	26.6	26.4	26.5	26.4	26.4	26	26	25.9	25.9		26.2	12
1983	26.1	26	26.6	27.9	28	27.5	26.8	26.6	26.2	26	25.8	25.7		26.6	12
1984	25.6	26	26.8	26.9	26.5	26	25.4	25.5	25	25.9	25.4	25.3		25.9	12
1985	24.9	25.6	26	26.3	26.6	26.1	25.5	25.3	28.5	25.5	25.4	25.5		25.9	12
1986	25.2	25.2	25.6	26.6	26.2	26.6	26.1	26.2	25.8	25.5	26.4	25.8		25.9	12
1987	25.7	26	26.5	27	26.7	26.9	26.2	26.6	26.7	26.6	27	26.3		26.5	12
1988	26.1	26.6	26.2	27.3	27	26.4	25.8	25.5	26		26	25.7		26.2	11
1989	25.6	25.5	25.2	26	26.1	25.8	25.8	25.8	25.2	26	26	25.5		25.7	12
1990	25.8	25.7	25.8	26.3	26.2	26.2	26.3	26.4	25.4	25.3	25.5	25.5		25.9	12
1991	26.3		25.5	26	25.5	25.4	25.2	25.2	25.3	25.4	25.2	25.3		25.5	11
1992	25.4	25.3	25.4	26.4	25.8	25.8	25.8	25.6	25.6	26.7	26			25.8	11
1993	25.9		26	26.6	25.6	25.2	25.3	25.5	26	25.5	26.4	27.8		26	11
1994	28	27.6	26	26	25.5	25.9	26.9	26.8	26.6	26.5	27	25.7		26.5	12
1995	25.1	25.4	25.1	26.7	27.2	26.2	26.2	26.3	23.3	26.4	19.8	23.5		25.1	12
1996	22.2	24.6	23.7	24.3	25	24.1	24.8	24.4	24.5	23.9	24.5	22.6		24	12
1997	23.4	22.6	24	23.1	25.2	24.2	23.4	24.4	22.6	23	22.1	23		23.4	12
1998	23	23.8	21.8	23	22.6	22.2	23.5	24.6	22.9	24	23	23.1		23.1	12
1999	23	22.7	23.2	24	24	23.5	24.1	23.6	23.2	23.3	23.3	22.6		23.4	12
2000	22.5	23.2	22.8	24.1	23.6	23.9	24	23.5	22.8	23.5	23.6	22.8		23.4	12
2001	22.9	22.9	22.3	23.4	23.4	23.4	23.2	23.4	23.1	23.5	22.9	23.6		23.2	12
2002	23.7	23.4	23.5	23.2	23.5	23.2	23.9	23.8	22.8	23.7	23.4	23.2		23.4	12
2003	22.6	22.8	22.2	23.3	23.1	23.2	23.8	24.1	24.2	23.8	24.1	23.6		23.4	12
2004	23.4	23.6	24	25.2	24.8	24.1	23.8	23.8	23.8	23.8	23.5	23.4		23.9	12
2005	23	22.8	24.3	24.7	24	24	24.2	24.2		23	24.1	23.9		23.8	11
2006	22.9	23.2	23.5	23.9	24	24.1	24.2	24.5	24.2	24.1	23.5	24		23.8	12
2007	23.6	23.6	24.1	24.1	23.9	24	23.8	23	23.4	22.9	24	23.4		23.6	12
2008	22.6	22.9	23.4	23.4	23.8	23.7	23.4	23.2	22.2	22.9	23.6	23.1		23.2	12
2009	23.1	22.9	23.1	23.8	23.7	24.1	24.6	24.4	23.8	23.9	24.4	23.5		23.8	12
2010	23.6	24.1	24	24	23.2	22.8	23.3	23.6	23.4	24.2	23	23.7		23.6	12
2011	24	24	23.6	23.9	23.7	23.6	23.4	23.6	23.3	21.5	23.8	23.5		23.5	12
2012	23.7	24.2	24	24.1	24.3	24				24.7	24	23.4		24	9
2013	23.7	24	24.4	24.7	24	24.1	24.5	24.8	24.3					24.3	9
2014									25.6	24.4	25.6	25		25.1	4
2015	24.3	24.6	26.4	24.9	24	24.8	25.1	26.1	27	25.5	24	24.1		25.1	12
MÍNIMA	21.6	22.6	21.8	23	22.6	21.9	22.6	23	22.2	21.5	19.8	21.8		22.7	4
MÁXIMA	28	27.6	29.1	28.6	28.2	27.7	28.4	28.5	28.5	26.8	27	27.8		26.6	12
MEDIA	24.3	24.5	24.9	25.1	25.1	24.7	24.8	24.9	24.6	24.5	24.5	24.3		24.6	11.3
DESV.ST	1.3	1.3	1.5	1.4	1.4	1.3	1.3	1.2	1.4	1.3	1.4	1.3		1.2	1.7
