COMISIÓN NACIONAL DEL AGUA
COORDINACIÓN GENERAL DEL SERVICIO METEOROLÓGICO NACIONAL
BASE DE DATOS CLIMATOLÓGICA NACIONAL 

ESTADÍSTICA MENSUAL
EMISIÓN   : 25/10/2024 

DATOS DISPONIBLES EN LA BASE DE DATOS A: OCTOBER DE 2024; 
CON LA INFORMACIÓN SUMINISTRADA POR LAS UNIDADES ADMINISTRATIVAS 

 ESTACIÓN  : 7224 
 NOMBRE    : CHICOMUSELO 
 ESTADO    : CHIAPAS 
 MUNICIPIO : CHICOMUSELO 
 SITUACIÓN : OPERANDO 
 CVE-OMM   :   
 LATITUD   : 15.75166667 ° 
 LONGITUD  : -92.27361111 ° 
 ALTITUD   : 550 msnm 


LLUVIA MÁXIMA 24 H.
AÑO	ENE	FEB	MAR	ABR	MAY	JUN	JUL	AGO	SEP	OCT	NOV	DIC	ACUM	PROM	MESES
1975						24	61	52	35.6	80.5	20	1.2	274.3	39.2	7
1976	1.2	3.3	1.9	30.8	30.7	60.2	68.1	50.5	66.6	77.5	16.1	4.8	411.7	34.3	12
1977	0.3	0	0	6.2	35.3	45.2	43	41.1	86.2	24.7	110.6	19	411.6	34.3	12
1978	1.5	6.1	4.1	40	17.8	58.5	46.7	80.2	40.6	32.7	1.1	17.4	346.7	28.9	12
1979	1.5	4.6	2.3		22.1	32.1	54.2	98.3	56.1	19.5	9.7	3.4	303.8	27.6	11
1980	2.4	14.4	0	38.3	20.5	54	75.4	93.3	81.4	33.7	13.2	4.7	431.3	35.9	12
1981	0	7.4	11	53.5	69.5	84.4	36.7	80	65.2	104.6	10.2	1.7	524.2	43.7	12
1982	0.4	4.3	15.5	30.6	43.5	69.1	24	15.4	71.8	54.8	23.1	4.2	356.7	29.7	12
1983	3.1	30.4	41	0	37.2	50.6	70.6	86.6		27.7	4.5	4.5	356.2	32.4	11
1984	1.1	0	23.4	11.5	11.4	50.5	74	49.7	55.9	16.6	3.1	0	297.2	24.8	12
1985	2.4	1.1	0	6	33.4	100.9	89.3	70.9	65.9	34	10.8	16.4	431.1	35.9	12
1986	10.2	3.1	3.5	30.5	71.7	66.5	25.5	70.2	32.1	13.2	5.1	0	331.6	27.6	12
1987	1.1	0	23.4	11.5	11.4	50.5	74	23.6	55.9	16.6	5.7	0.8	274.5	22.9	12
1988	2.9	1.6	0	0.2	35	48	40.8	65.4	44.1	42.2	13.9	56	350.1	29.2	12
1989	1.7	22	8.6	0.2	20.7	51.6	36.3		129.5	42.5	47.1	2	362.2	32.9	11
1990	15.1	10	16.5	18.7	25.9	50.6	37.8		50.7	33.2	18		276.5	27.6	10
1991									52.5	83.1	4.5	20	160.1	40	4
1992	0	5.5	4.4	18.6	24	82	31	60.5	54.7	46.5	26.2	3.3	356.7	29.7	12
1993	0	0	6	6	1						3.5	0	16.5	2.4	7
1994	5.6	1	1.6	7.3	59.3	30.7	51.3	42.3	72.2	60.6	1.6	0	333.5	27.8	12
1995	0	1.7	8.4	30.5	49.4	160.2	33.7	77.2	80.7	53.4	1.8	6.3	503.3	41.9	12
1996	39	0	1.5	45.3	31.4	73.4	92.2	61.4	61.6	38.7	4.8	20.4	469.7	39.1	12
1997								52.1	41.9	34.5	59.3		187.8	47	4
1998	1.2	0	0	0	10.3	77.3	72.3	0	55.9	19.2	12.3	12.4	260.9	21.7	12
1999	3.6	9.8						51.9	79.3	57.2	6.3	3.1	211.2	30.2	7
2000	1.9	3.8	10.7	2.7	87.2	76.4	51.9	73.4	56.4	19.2	8.5	2.3	394.4	32.9	12
2001	5.3	3.1	6.2	0	8.7	23.5	48.7						95.5	13.6	7
2002	20.1	60.8	10.2	0	31.4	46.3	31.8	77.5	93.1	35.5	8.3	2.7	417.7	34.8	12
2003	1.3	0	2.8	2.4	23.8	70.8	131.5	99.3	64.5	45.6	28.2	7.8	478	39.8	12
2004	1.3	1.7	5.9	16.8	58.6	65.7	76.1	60.4	54.1	76.4	14.2	12.3	443.5	37	12
2005	0		12.4	45.6	14.4	60.8	48.2	67.5	122.2	80.5	1.3	0	452.9	41.2	11
2006	6.1	1.2	9.5	0	74.6	88.7	73.2	36.2	88.4		21.7	14.1	413.7	37.6	11
2007	6.2	1.2	3.9	4.5	83.7	69.5	53.2	71.6	61.9	94.8	9.3	0	459.8	38.3	12
2008	13.2	18.6	8.1	19.21	43.2	114.4	70.3	73.3	110.9	49.4	19.9	13.8	554.31	46.2	12
2009	11.3	3.1	2.2	11.3	44.6	80.6	38.5	99.8	83.7	37.6	45.6	44.6	502.9	41.9	12
2010	17.3	4.2	4.1	40.4	56.9	59.4	60.3	63.8	50.4	14.6	16.9	9.3	397.6	33.1	12
2011	8.7	3.5	13.8	35.3	39.2	50.2	78.9	81.6	78.3	81.9	17.1	1.5	490	40.8	12
2012	5.8	7.2	17.9	13.7	46.7	54.9	31.9	75.8	88.9	83.6	0	6.1	432.5	36	12
2013	7.8	3.9	7.8	8.9	52.3	140.6	56.3	60.9	77.9	74.7	98.7	15.6	605.4	50.5	12
2014	8.2	4.3	5.3	71.3	69.7	93.7	51.4	79.4	148.4	88.7	6.2	0.1	626.7	52.2	12
2015	2.6	1.2	8.7	29.5	23.9	59.6	17.4	54.54	95.1	82.2	38.8	2.1	415.64	34.6	12
2016	1.2	0	31.3	5.76	36.2	67.2	20.9	54.5	68.1	16.9	16.3	2.8	321.16	26.8	12
2017	0	0	0	12.2	89.6								101.8	20.4	5
MÍNIMA	0	0	0	0	1	23.5	17.4	0	32.1	13.2	0	0	16.5	2.4	4
MÁXIMA	39	60.8	41	71.3	89.6	160.2	131.5	99.8	148.4	104.6	110.6	56	626.7	52.2	12
MEDIA	5.3	6.3	8.6	18.6	39.6	66.9	54.7	63.6	71.2	49.5	19.1	8.6	368.4	33.6	10.8
DESV.ST	7.5	11.1	9	18	23.2	28.2	23.4	22.3	25.4	26.5	23.7	11.8	131.2	9.4	2.3

LLUVIA TOTAL MENSUAL
AÑO	ENE	FEB	MAR	ABR	MAY	JUN	JUL	AGO	SEP	OCT	NOV	DIC	ACUM	PROM	MESES
1975						74.3	265.5	249.5	206.6	493	63.9	1.2	1354	193.4	7
1976	1.3	5.7	1.9	32.5	93.9	300.6	236.1	179.5	307.1	204.1	54.4	11.6	1428.7	119.1	12
1977	0.3	0	0	16.7	126.7	224.9	63.8	314	412.3	103.9	204.4	24	1491	124.2	12
1978	2.6	6.1	7.4	43.7	66.8	248.4	249.5	310.3	330.9	127.4	1.7	17.4	1412.2	117.7	12
1979	1.5	4.6	2.5		93.1	215.2	374.2	361.2	468.1	107.8	15.8	10.3	1654.3	150.4	11
1980	2.4	15.5	0	47.5	95.3	202.1	317.2	282.1	443.2	122.8	47.2	7.2	1582.5	131.9	12
1981	0	8.8	16.5	80.2	134.6	319.3	301.5	540.3	374.9	249.7	21	2.01	2048.81	170.7	12
1982	0.7	7.2	20.3	49.1	276.3	446.2	101.6	76.21	390.8	194	64	5.7	1632.11	136	12
1983	4.3	50.41	51.5	0	46.3	287.2	233.2	331.8		106.4	4.5	4.5	1120.11	101.8	11
1984	1.1	0	36.9	17.5	11.4	299.6	278.2	349.1	302.3	23.8	3.3	0	1323.2	110.3	12
1985	2.4	1.1	0	13.3	118.3	399.1	275.9	367	349.7	153.9	39.4	19.9	1740	145	12
1986	10.8	3.1	3.5	30.5	298.2	193.5	90.7	307.7	154.8	44.7	14.6	0	1152.1	96	12
1987	1.1	0	36.9	17.5	11.4	299.1	307.2	134.3	302.3	23.8	9.8	0.82	1144.22	95.4	12
1988	3.82	2.11	0	0.2	66.41	389.9	246.3	617.6	199.5	148.5	30.5	483.05	2187.89	182.3	12
1989	1.71	27.41	8.62	0.21	67.01	289.52	232.9		407.28	205.13	80.31	5	1325.1	120.5	11
1990	15.11	11.91	35	40.81	107.1	207.1	141.31		248.9	93.71	18.9		919.85	92	10
1991									340.8	320	6.5	28.9	696.2	174.1	4
1992	0	5.5	7.6	53.6	49.9	355.21	139.2	246.6	299.7	96.7	49.01	4.4	1307.42	109	12
1993	0	0	9	18	1						3.5	0	31.5	4.5	7
1994	8.7	1	2.6	7.3	86.4	220	103.2	229.8	292.71	172	1.9	0	1125.61	93.8	12
1995	0	1.7	9.9	50.6	107.4	487.2	222.3	423.2	524.1	127.8	2.6	10.2	1967	163.9	12
1996	42.1	0	1.5	145.4	183	500.3	344.4	290.9	276.5	225.4	12.5	20.4	2042.4	170.2	12
1997								130.7	257.5	117.7	136.3		642.2	160.5	4
1998	1.9	0	0	0	15.2	385.3	232	0	280.6	143.8	63.1	27.2	1149.1	95.8	12
1999	6.1	9.8						325.9	539.4	435.3	12.7	5.4	1334.6	190.7	7
2000	1.9	5.1	10.7	2.7	482.5	477.5	138.5	261.9	419.3	41	22.1	4.2	1867.4	155.6	12
2001	8	4.4	11.5	0	30.6	63.7	292.9						411.1	58.7	7
2002	20.1	125.2	10.5	0	101.7	196.6	143.1	341.2	328.5	166.4	31.9	2.7	1467.9	122.3	12
2003	2.5	0	5.2	4.5	62.8	639.5	266.6	637.6	593.2	165	75.8	14.9	2467.6	205.6	12
2004	1.5	4.3	5.9	22	127.11	315.81	211.13	144.52	316.61	318.5	43.51	15.5	1526.39	127.2	12
2005	0		20.5	45.6	76.11	357.92	261.81	331.6	353.6	254.5	2.51	0	1704.15	154.9	11
2006	10.71	2.6	9.5	0	317.2	490.8	234.41	201.6	394.3		95.1	20.8	1777.02	161.5	11
2007	20.71	1.8	6	4.54	153.32	339.4	261.61	553.91	513	608.6	23.5	0	2486.39	207.2	12
2008	19	49.7	21.8	44.91	256.3	822.3	688.4	735.8	825.1	316	31.1	23.1	3833.51	319.5	12
2009	23.9	4.5	2.6	22.1	219.3	438.02	125.9	300.4	495.7	208	135.4	96.5	2072.32	172.7	12
2010	55.7	4.4	7.9	134.7	194.3	511.9	487.9	698.9	500.5	36.1	38.6	14.7	2685.6	223.8	12
2011	8.7	4.7	19.5	93.7	119.3	457	537.6	498.1	573.1	416.7	30.3	1.5	2760.2	230	12
2012	9.1	20.8	41.5	26.1	165.6	294.5	140.1	526.6	423.7	312.2	0	6.1	1966.3	163.9	12
2013	24	3.9	12.5	12.8	140.7	484	298.5	402.1	395.4	433	183.5	41.8	2432.2	202.7	12
2014	28	8.1	8.5	94.7	300.3	410.6	188.6	347.7	835.7	274.5	16.5	0.1	2513.3	209.4	12
2015	5.1	1.2	19.3	45.3	59.1	257.2	66	172.34	524	322.6	64.6	4.3	1541.04	128.4	12
2016	2.1	0	35	10.06	66.96	315.9	80.5	418.8	345.8	27.3	28.8	2.8	1334.02	111.2	12
2017	0	0	0	15.8	230								245.8	49.2	5
MÍNIMA	0	0	0	0	1	63.7	63.8	0	154.8	23.8	0	0	31.5	4.5	4
MÁXIMA	55.7	125.2	51.5	145.4	482.5	822.3	688.4	735.8	835.7	608.6	204.4	483.05	3833.51	319.5	12
MEDIA	8.7	10.3	12.8	32.7	132.3	347.8	241.6	341.6	398.7	203.6	43.5	24.1	1602.4	145.4	10.8
DESV.ST	12.3	22.2	13.3	36.1	102.4	147.5	129.4	170.2	146.5	139.7	48.1	77.4	714.9	55.1	2.3

EVAPORACIÓN MENSUAL
AÑO	ENE	FEB	MAR	ABR	MAY	JUN	JUL	AGO	SEP	OCT	NOV	DIC	ACUM	PROM	MESES
1975						63.6	138.7	134.4	112.8	97.1	91.2	89.3	727.1	103.9	7
1976	99.1	135.6	222	220.4	111.5	112.6	137.1	130.6	120.3	110.5	99.7	76	1575.4	131.3	12
1977	114.5	132.4	185.1	174.4	185.5	131.2	169.7	150.5	120.9	124.3	100	100.2	1688.7	140.7	12
1978	106.2	119.7	178.2	198	199.8	149.8	123.1	150.4	109.1	123.9	115.3	107.1	1680.6	140.1	12
1979	130	142.5	211.4		194.2	138.3	138.6	132.4	93.9	107.9	95.2	81.2	1465.6	133.2	11
1980	123.2	148.3	211.1	183.8	200.5	128.9	141.8	123	128.9	99.7	90.9	87.4	1667.5	139	12
1981	111.4	136.7	179.3	215.7	170.1	134.4	139.3	134.1	123.1	142.6	107.4	91.8	1685.9	140.5	12
1982	127.9	139.8	202.9	213.9	167.8	139.6	120.1	136.3	113.5	116.7	98.2	95	1671.7	139.3	12
1983	107	105.6	170.4	189	198.1	146	138.8	142.3		104.4	103.27	101.1	1505.97	136.9	11
1984	133.32	150.34	196.91	199.56	226.81	149.09	141.38	142.33	155.98	108.47	114.04	121.33	1839.56	153.3	12
1985	135.15	148.21	225.48	211.77	213.6	145.62	98.66	159.91	137.25	136.67	96.78	91.49	1800.59	150	12
1986	103.12	143.65	188.53	217.76	183.63	147.26	141.09	144.08	118.26	122.41	118.11	122.07	1749.97	145.8	12
1987	132.46	150.34	196.91	199.53	226.81	149.04	140.37	153.21	155.98	108.47	115.71	112.15	1840.98	153.4	12
1988	109.91	156.95	205.01	213.67	220.2	153.47	136.89	178.53	118.78	107.23	115.38	108	1824.02	152	12
1989	126.75	138.21	187.41	185.42	160.43	121.94	135.45		84.64	93.54	101.54	92.4	1427.73	129.8	11
1990	116.04	131.82	172.23	178.39	167.71	132.17	122.89		68.03	119.85	28.36		1237.49	123.7	10
1991									131.24	124.23	87.84	87.23	430.54	107.6	4
1992	101.45	134.26	202.07	187.53	156.94	155.37	140.33	150.94	121.7	113.31	94.05	105.11	1663.06	138.6	12
1993	119.25	149.94	198.71	218.09	191.1						106.18	88.91	1072.18	153.2	7
1994	97.46	136.33	197.42	146.6	186.33	98.35	131.03	91.12	101.29	125.95	95.29	107.68	1514.85	126.2	12
1995	130.39	146.41	199.91	199.96	185.91	138.53	139.49	116.74	103.87	84.8	106.32	94.55	1646.88	137.2	12
1996	114.29	132.12	193.87	194.96	165.5	111.72	114.95	113.71	112.23	84.78	79.62	103.96	1521.71	126.8	12
1997								133.81	92.76	85.9	76.46		388.93	97.2	4
1998	97.95		168.77	192.06	191.6	172.59	122.55	141.81	115.35	99.16		91.81	1393.65	139.4	10
1999	115.88	137.43						94.25	54.47	52.89	76.94	92.87	624.73	89.2	7
2000	94.92	127.51	181.45	191.81	87.39	83.04	117.77	137.45	101.44	111.48	104.75	91.24	1430.25	119.2	12
2001	117.18	110.07											227.25	113.6	2
2002	84.27	69.21	186.03	277.76	206.13	111.15	169.23	165.03	66.85	113.95	91.97	87.19	1628.77	135.7	12
2003	94.41	150.41	195.29	216.04	177.37	138.21	155.3	143.51	101.98	89.8	81.03	70.72	1614.07	134.5	12
2004	85.34	117.32	184.11	217.23	168.19	139.2	142.63	145.45	128.08	118.66	90.68	85.23	1622.12	135.2	12
2005	107.4		196.82	188.6	182.72	155.32	140.16	129.65	126.02	48.65	92.92	118.21	1486.47	135.1	11
2006	95.42	103.83	139.8	160.52	138.04								637.61	127.5	5
2007	66.13	88.48	141	159.65	177.21	51.63	82.07	51.31	42.91	38.67	59.09		958.15	87.1	11
2012				179.47	154.68	89.48	110.8	95.34	89.3	87.31	69.02	107.58	982.98	109.2	9
2013	91.4	117.41	136.44	165.4	148.59	75.95	52.59	86.84	60.53	63.17	49.88	44.71	1092.91	91.1	12
2014	65.63	113.86	166.62	199.74	100.67	69.26	126.17	136.25	64.62	60.06	54.41	85.34	1242.63	103.6	12
2015	93.1	108.42	126.91	164.7	139.4	97.09	98.91	108.93	89.35	87.45	66.2	68.05	1248.51	104	12
2016	102.29	124.81	178.76	155.73	164.05	87.89	87.02	87.02	58.44	74.13	72.42	22.95	1215.51	101.3	12
2017	104.29	136.77	154.25	159.41	132.24								686.96	137.4	5
MÍNIMA	65.63	69.21	126.91	146.6	87.39	51.63	52.59	51.31	42.91	38.67	28.36	22.95	227.25	87.1	2
MÁXIMA	135.15	156.95	225.48	277.76	226.81	172.59	169.7	178.53	155.98	142.6	118.11	122.07	1840.98	153.4	12
MEDIA	107.3	129.8	184.3	193.2	173	122.4	128	129.4	103.6	99.7	89.9	91.8	1326.1	127.3	10.3
DESV.ST	17.5	19.6	23.9	26	33.3	31.1	24.2	26.9	28.3	25.1	20.7	20.1	445.7	19	2.8

TEMPERATURA MÁXIMA PROMEDIO
AÑO	ENE	FEB	MAR	ABR	MAY	JUN	JUL	AGO	SEP	OCT	NOV	DIC	ACUM	PROM	MESES
1975						32.5	32.2	32.5	30.4	28.9	29.3	28.4		30.6	7
1976	28.3	31.1	36	36.6	35.4	31.2	31.5	32.4	32.1	30.6	29	28.6		31.9	12
1977	29.5	30.8	35.1	34.5	34.3	31.9	33.3	33	32	32	30.3	30.3		32.2	12
1978	29.7	31.1	34.2	36.3	36.5	32	31.2	32	30.1	30	30.6	29.9		32	12
1979	30.9	32.6	34.5		35.1	31.7	31.2	31.2	28.9	30.3	28.9	28.5		31.3	11
1980	31.3	31.8	36.4	34	36.9	32.7	32.9	31.6	30.8	29.8	27.6	26.8		31.9	12
1981	28.8	31	34.2	35.1	34.5	30.5	31.1	30.7	30.5	30.4	28.5	29.3		31.2	12
1982	31.1	32.6	33.9	35.5	33	31.3	31.3	32.5	30.6	29.7	29.2	29		31.6	12
1983	28.9	30.1	32.1	34.4	37.1	31.4	31.8	31.9		30.1	30.5	30		31.7	11
1984	30	28	26.5	28.8	33.2	30.4	29.9	30	29.9	25.7	29.1	29.9		29.3	12
1985	29.6	31.2	34.1	34.8	34.8	31	30.8	31.2	30.1	30	29.6	28.7		31.3	12
1986	27.9	32.3	31.7	36.8	34.1	31.5	32.1	32.3	31	30.6	30.2	29.8		31.7	12
1987	30	28.3	26.6	29	33.2	30.5	29.9	28.9	29.9	25.9	25.4	32.6		29.2	12
1988	23.5	24.6	26.2	29.6	29.5	30.2	29.4	29.5	28.2	27.2	25.6	30.5		27.8	12
1989	32.6	31.6	33.6	35.5	35.3	32.1	32		29.7	29.7	31.3	29.9		32.1	11
1990	32.2	32.6	35.1	36.6	36.6	33	31.7		31.4	30.8	30.8			33.1	10
1991									30.6	29.8	28.2	29.1		29.4	4
1992	29	30.8	35	35	34.7	31.7	31.6	32.2	31.4	30	29.7	29.9		31.8	12
1993	30.1	32.6	34.4	36.2	36.5						31	30.6		33.1	7
1994	29.9	32.3	34.1	36.4	35.9	32.1	33.5	31.6	31.5	32.1	32.2	32		32.8	12
1995	32.6	32.9	35.1	35.5	35.2	33.2	32.2	31.7	31.5	30.7	31.4	30.4		32.7	12
1996	30.6	31.9	33.7	34.8	33.8	31	30.8	30.9	32.4	30.8	29.3	30.6		31.7	12
1997								33.2	30.3	29	29.2			30.4	4
1998	28.8	30.2	32.2	36	36.4	32.9	30.5	30.3	29.8	28.3	28	26.5		30.8	12
1999	27.4	29.5						30.1	28	26.9	25.9	27.8		27.9	7
2000	29.5	31.7	35.6	35.5	31.2	29.9	33.5	31.5	31.1	30.5	31.6	30.3		31.8	12
2001	31.1	32.5	33.5	35.9	35.5	32.5	32.4							33.3	7
2002	30.4	30.9	33.9	36.8	35.6	33.5	34	33.7	32.3	33.6	31.3	30.3		33	12
2003	30.1	34.5	34.7	35.9	34.8	35.5	36.5	36.8	36	36.5	36	33.1		35	12
2004	35.8	35.1	33.6	36	32.4	34.5	33	34.6	35	34.7	33.8	32.1		34.2	12
2005	32.9		37.9	37.9	37.8	35	34.1	35.2	35.2	31.9	34.1	31.4		34.9	11
2006	30.4	32.3	33.5	35.6	34.1	32	32.4	32.7	32.7		28.8	30.9		32.3	11
2007	30.8	32.8	34.2	36.7	35.5	31.3	31.4	30.4	30.3	27.8	28	28.9		31.5	12
2008	28.7	30.8	32.4	35.5	34.3	29.5	29.4	30.1	30.5	28.9	29.6	30.8		30.9	12
2009	31.3	32.8	34.9	37.4	35.4	32.6	33.3	34.2	33.8	33.8	28.1	30		33.1	12
2010	29.1	31.3	36	37.9	37.7	33	32.3	31.7	30.6	31.2	31.1	28.3		32.5	12
2011	31.1	32.2	33.8	35.7	35.8	31.8	30.5	30.8	30.1	28.2	29.4	29.3		31.6	12
2012	29.9	32	33.9	34.9	34	30.5	31.2	30.4	30.6	30.2	28.8	31.2		31.5	12
2013	30	33.6	32.9	36.7	34.7	30.8	29.9	31.4	29.4	30.3	28.2	27.7		31.3	12
2014	27.6	32.4	34.3	35	31.6	30.3	31.7	31.5	29.7	28.8	27.9	28.7		30.8	12
2015	29.3	31.2	33	36.3	34.9	31.8	31.7	33	30.3	30.6	30.5	30.7		31.9	12
2016	30	29.6	34.9	36.4	35.4	31.1	31.1	30.8	29.7	31.2	30.1	33.2		32	12
2017	31.7	33.6	34	36.7	34.4									34.1	5
2022	31.2	33	33.6	35.7	34.5	28.9	30.4	29.7	29	28.3	27.7	27.2		30.8	12
2023	29.8	32.4	35	36.9	34.9	34.1	30.5	29.5	29.2	29	28.5			31.8	11
MÍNIMA	23.5	24.6	26.2	28.8	29.5	28.9	29.4	28.9	28	25.7	25.4	26.5		27.8	4
MÁXIMA	35.8	35.1	37.9	37.9	37.8	35.5	36.5	36.8	36	36.5	36	33.2		35	12
MEDIA	30.1	31.6	33.7	35.4	34.8	31.8	31.8	31.7	30.9	30.1	29.6	29.8		31.7	10.9
DESV.ST	1.9	1.8	2.4	2	1.7	1.4	1.4	1.7	1.7	2.1	2.1	1.6		1.5	2.3

TEMPERATURA MÁXIMA EXTREMA
AÑO	ENE	FEB	MAR	ABR	MAY	JUN	JUL	AGO	SEP	OCT	NOV	DIC	ACUM	PROM	MESES
1975						35.5	35	35	34	37	35	30.5		34.6	7
1976	36.5	34.5	41	40	38	34.5	33.5	34.5	34.5	34	34.5	37		36	12
1977	39	35.5	40	38.5	37.5	34.5	35.5	35	34.5	37.5	35	33		36.3	12
1978	34.5	37	38.5	39.5	39.5	34.5	33	34.5	35	33.5	33	33		35.5	12
1979	38	37.6	37.5		38.5	39	34.5	34.5	33	33	31.5	34.5		35.6	11
1980	36	36	39	39.5	41	35	34.5	33.5	37	33	32	31.5		35.7	12
1981	32.5	36.5	39	38.5	37.5	34	33.5	34.5	32.5	32	31	32.5		34.5	12
1982	35.5	36.5	39.5	38	37	37	32.5	34	33.5	32.5	31.5	32		35	12
1983	32.5	34.5	35.5	37.5	40	35.5	33.5	33		32	34.5	34.5		34.8	11
1984	35.5	35	39.5	34	37	32.5	32	31.5	31.5	29	32.5	33.5		33.6	12
1985	35.5	35	38	39	37.5	35.5	32	34	32	31.5	32	32		34.5	12
1986	34.5	35.5	37.5	40	39	33.5	34.5	34.5	34	33	34	33.5		35.3	12
1987	35.5	35	39.5	36	37	32.5	32	31	31.5	29	32.5	35.5		33.9	12
1988	33.5	31	32	39.5	34	32.5	30.5	30.5	30.5	29.5	29	34.5		32.2	12
1989	34.5	35.5	38	38	39	35.5	34		33	33	34	34		35.3	11
1990	34.5	35.5	38	39	40.5	35	33		33	34	33.5			35.6	10
1991									33	32	32.5	33		32.6	4
1992	33	38.5	40	39.5	37.5	35.5	34	34	33	33	33.5	32		35.3	12
1993	34	36	38	38.5	39						37	35		36.8	7
1994	34.5	35.5	38	38.5	38.5	37.5	37.5	34	34.5	33.5	34.5	33.5		35.8	12
1995	35.5	35.5	39.5	38.5	37.5	36.5	34.5	33.5	33.5	34.5	33.5	33		35.5	12
1996	34.5	36	37.5	38	37	35	33.5	33.5	35	33.5	33	33		35	12
1997								35.5	33.5	33.5	32			33.6	4
1998	31.5	32.5	35.5	38.5	37.5	37.5	32.5	32.5	33	31.5	29.5	28		33.3	12
1999	31	32						32.5	31	29	27.5	29		30.3	7
2000	32.5	36.5	38.5	38.5	34.5	33.5	35	34.5	34.5	33.5	34	34		35	12
2001	33.5	34.5	36	37.5	38.5	35.5	35							35.8	7
2002	33	33.5	36.5	38.5	38.5	36.5	36	35.5	35	35.5	34.5	33		35.5	12
2003	34.5	37	37.5	38	39	38.5	38.5	39	38.6	38.6	39.9	37.4		38	12
2004	38.3	39.9	38.9	42.2	38.6	36.4	36.6	37.4	36.4	37.2	36.8	36.8		38	12
2005	37.1		40.1	41.2	40.3	38.1	36.2	37.2	38	35.1	38.2	35.4		37.9	11
2006	32.9	36.1	37	39.1	38.7	34.1	35.3	34.3	35.2		32.5	33.8		35.4	11
2007	34.6	36.7	37.5	39.2	39.2	34.1	33.1	32.1	32.4	31.2	32.1	31.2		34.5	12
2008	32.7	33.6	37.6	38.6	38.5	32.9	31.4	31.9	33.9	32.9	33.3	33.9		34.3	12
2009	34.9	37.9	37.9	40.1	38.2	37.1	36.1	37.2	36.5	36.7	32.8	34.3		36.6	12
2010	36	37	39.9	41.8	40.9	37.8	34.5	34.5	34.3	34.7	34.9	33.2		36.6	12
2011	34.9	35.7	37.2	38.2	38.2	35.3	33.5	33.3	34.4	31.9	32.6	33.1		34.9	12
2012	33.8	35.6	36.7	38.2	38.7	33.7	33.2	32.1	32.2	39.9	31.5	33.3		34.9	12
2013	34.7	36.1	38.4	39.6	38.8	33.4	31.9	37.7	31.8	39	33.1	31.2		35.5	12
2014	32.3	35.4	37.3	37.3	34.3	32.7	33.8	34	32.2	32.4	32.1	32		33.8	12
2015	33.4	36.3	37.8	38.5	36.9	35	36	36	32.7	33.9	33.2	33.9		35.3	12
2016	35.3	34.4	38.7	38.1	38.4	34.6	32.7	32.3	31.8	34.5	33.4	34.8		34.9	12
2017	34.7	35.7	37.1	39.1	38.2									37	5
2022	33.8	36	36.6	38.2	37.1	30.2	32.9	31.2	38.8	30.2	29.9	28.4		33.6	12
2023	31.9	35.2	37	38.5	39.4	36.5	32.6	32.5	30.6	31.2	34.4			34.5	11
MÍNIMA	31	31	32	34	34	30.2	30.5	30.5	30.5	29	27.5	28		30.3	4
MÁXIMA	39	39.9	41	42.2	41	39	38.5	39	38.8	39.9	39.9	37.4		38	12
MEDIA	34.4	35.6	37.9	38.7	38.2	35.1	34	34.1	33.8	33.5	33.2	33.2		35.1	10.9
DESV.ST	1.8	1.6	1.6	1.4	1.5	1.9	1.7	1.9	2	2.6	2.3	2		1.5	2.3

TEMPERATURA MÍNIMA PROMEDIO
AÑO	ENE	FEB	MAR	ABR	MAY	JUN	JUL	AGO	SEP	OCT	NOV	DIC	ACUM	PROM	MESES
1975						19.4	18.5	18.6	19.6	18.3	16.8	13		17.7	7
1976	11.8	11.1	15.5	17.4	20.2	20.6	18.4	18.3	19.5	19.1	16.7	15		17	12
1977	11.2	14.3	14.6	17.3	19.6	20.3	18.6	19.8	20	18.8	16.3	15.8		17.2	12
1978	12.3	13	15	17.6	18.9	20.2	19.7	19.6	19.6	18.9	17.2	14.7		17.2	12
1979	13.4	13.7	16.5		20.4	20.2	20	19.3	20.1	20.1	16	14		17.6	11
1980	13.7	13.6	16.7	18.2	20.8	20.7	19.6	19.9	20	18.7	16.6	14.1		17.7	12
1981	12.2	14.5	16.7	18.2	20.7	21	19.5	19.8	20.1	18.8	15.8	15		17.7	12
1982	14	15.1	16.2	19	20.7	19.9	19	18.3	19.4	18.8	15.3	13.4		17.4	12
1983	12.6	13.3	14.2	17.7	19.9	20.9	19.1	19.2		18.8	17.5	17.3		17.3	11
1984	10.3	12	15.6	18.7	19.7	21.7	20.7	19.5	20.4	17.4	14	13.2		16.9	12
1985	11.9	14.2	15.6	18.4	20.5	20.8	19.6	19.8	20	19.6	16.5	15.9		17.7	12
1986	12.5	14.4	13.4	16.2	20.8	20.5	18.5	19.1	19	18.5	17	14		17	12
1987	9.9	12	15.6	18.5	19.7	21.8	20.7	19.5	20.4	17.4	15.7	14.7		17.2	12
1988	13.9	13.7	16.3	19.5	19.6	21.3	20	20.6	20.1	18.8	16.6	13.6		17.8	12
1989	13.2	12.3	13.2	17.2	20.1	20.3	19.5		20	18.5	18.1	14.5		17	11
1990	13.1	13.6	15.8	18.3	20.8	19.4	18.9		20.2	18.6	17			17.6	10
1991									20	19.5	16.1	16		17.9	4
1992	15.1	14.5	17.9	19.2	19.9	21.5	20	19.7	19.4	19.1	18.2	15.7		18.3	12
1993	12.7	13.5	15.8	18.5	20.7						15.3	12.3		15.5	7
1994	12.7	13.3	14.9	17.9	21	19.6	18.8	19.4	19.5	18.7	16.5	15.3		17.3	12
1995	13	12.4	14.1	19.2	22.2	23.1	22.6	23.1	21.6	20.4	19.1	18		19.1	12
1996	15.9	16.7	19.3	23	23	22.5	21.3	21.8	23.2	21.2	20.2	19.6		20.6	12
1997								21	20.9	19.8	19.6			20.3	4
1998	16.4	15.8	20.5	23.7	22.1	22.3	13.6	13.2	13.2	19.5	21.1	17.4		18.2	12
1999	17.2	17.1						20.6	20.8	19.4	15.3	15.3		18	7
2000	16.1	19.6	21.9	22.6	15.9	13.9	14.6	16	16.6	15.4	15.1	13		16.7	12
2001	13.6	15.1	15.5	18	17.8	16.3	16.8							16.2	7
2002	14.5	15.2	17.3	17.2	16.4	16.8	19.3	19.2	20.1	19.9	18.2	14.5		17.4	12
2003	12.4	14.3	15.3	18.3	21.8	24.1	23.5	23.1	23.1	23.6	21.6	16.6		19.8	12
2004	17.1	17.5	19.6	20.4	23.1	23.3	22.8	22.4	22.4	21.4	17.3	16.4		20.3	12
2005	13.4		19.9	20.8	22	22.6	21.9	21.9	22.1	20.4	17.7	18.2		20.1	11
2006	17	17.1	19.3	20.7	21.2	20.7	21.2	20	19.1		16	14.5		18.8	11
2007	12.6	13.8	16.2	17.9	19.2	18.6	18.1	18.4	18.6	17.1	16	13.8		16.7	12
2008	15	16.3	16.9	19.5	19.8	19.3	18.9	18.8	19.5	18.2	13.6	13.4		17.4	12
2009	13	13.8	15.4	18.3	18.9	19	18.6	18.8	18.8	18.2	16.1	15.2		17	12
2010	12.7	14.7	15.4	18.8	20.2	19.7	19.3	19.2	18.9	17.4	14.4	11.8		16.9	12
2011	13.2	13.9	15.4	18.1	19.8	19.3	18.7	18.8	18.8	17.9	15.3	13.4		16.9	12
2012	13.6	15.9	14.9	16.7	20	19	17.9	18.9	18.7	17.8	13.7	13.4		16.7	12
2013	15	14.1	14.5	18.1	17.5	19.3	18.5	18.6	18.8	19	17.8	15.7		17.2	12
2014	13.5	15.3	16.7	18.2	19.8	19.5	17.7	18.1	18.8	17.8	15.9	13.1		17	12
2015	14.3	13.5	16.7	19.3	19	19	18.4	19.5	19	18.8	17.6	16.4		17.6	12
2016	13.7	13.6	16.7	18.6	20.5	19.1	18.8	19	17.9	18.2	16.6	15.7		17.4	12
2017	12.6	13.8	15.6	16.9	20.3									15.8	5
2022	13.1	12.5	15.9	17.4	18.9	18	17.8	17.7	18.3	17.5	16.2	13.6		16.4	12
2023	12.4	13.1	15.4	17.4	18.2	18.8	18.1	18.8	18.2	18.5	17.2			16.9	11
MÍNIMA	9.9	11.1	13.2	16.2	15.9	13.9	13.6	13.2	13.2	15.4	13.6	11.8		15.5	4
MÁXIMA	17.2	19.6	21.9	23.7	23.1	24.1	23.5	23.1	23.2	23.6	21.6	19.6		20.6	12
MEDIA	13.5	14.3	16.3	18.7	20	20.1	19.2	19.4	19.6	18.9	16.8	14.9		17.6	10.9
DESV.ST	1.7	1.7	1.9	1.6	1.5	1.9	1.9	1.8	1.7	1.4	1.7	1.7		1.1	2.3

TEMPERATURA MÍNIMA EXTREMA
AÑO	ENE	FEB	MAR	ABR	MAY	JUN	JUL	AGO	SEP	OCT	NOV	DIC	ACUM	PROM	MESES
1975						18	16	16.5	16.5	15	12.5	8		14.6	7
1976	5.5	6	12	13.5	16	19.5	12	10.5	15	15	11	11		12.2	12
1977	4	10	10	12	12	16.5	15	17.5	18	12	11	11		12.4	12
1978	6	8	10	13	12.5	18.5	17.5	15	13.5	12	13.5	10.5		12.5	12
1979	8.5	9	11		18	16	17.5	16.5	17	18.5	11	5		13.5	11
1980	10	8	10	10.5	15	18	16	15	15	12.5	10.5	7		12.3	12
1981	6	9.5	12.5	12	16.5	16	17.5	17.5	18.5	15	11.5	10		13.5	12
1982	10.5	11	11	11	16	10	16	13.5	11	11	10	8.5		11.6	12
1983	7	5.5	7	14	13.5	13.5	12	17		13	11.5	10		11.3	11
1984	5.5	6.5	11.5	10	17.5	20	18	16.5	16.5	13.5	9.5	8.5		12.8	12
1985	7	8.5	12	11	14.5	19	17	17.5	17.5	16.5	14	10		13.7	12
1986	5.5	9	5	11.5	12	18	11.5	16.5	16.5	12.5	14.5	11		12	12
1987	3.5	6.5	11.5	10	17.5	20	18.5	17.5	16.5	13.5	10.5	10.5		13	12
1988	8	9	10.5	15.5	13.5	19.5	18.5	18	18	14.5	14	9		14	12
1989	11	4.5	7	2.5	16	18.5	17		17	15	15.5	6		11.8	11
1990	2	0.18	12	14.5	18	2.5	2.25		19	2.95	1.75			7.5	10
1991									16	16.5	10	11		13.4	4
1992	11.5	10	13	11	15	20	17	17	17	16.5	11.5	11.5		14.2	12
1993	8	9	10	13	18						11	8		11	7
1994	7.5	10	9	15	18	17	15	17	17	16	12	10		13.6	12
1995	9	9	8	15	19	20	18	19.5	19	17	14.5	12.5		15	12
1996	9	11	13.5	19	19	18	19.5	17.5	20	16	16	13.5		16	12
1997								19	19.5	17	16			17.9	4
1998	11	7	15.5	22	20	14	11	12	11.5	12	17	14		13.9	12
1999	11.5	11.5						18	18	15	13.5	13.5		14.4	7
2000	14.5	2	17	19	13	11	12.5	13.5	13.5	13.5	9.5	9.5		12.4	12
2001	9.5	12.5	12.5	15.5	15.5	14	14.5							13.4	7
2002	12.5	11.5	15	16	14.5	15	18	16	18	18	14.5	11		15	12
2003	9.5	12.5	11.5	13.5	15	17	21.5	22	21	21.4	18.3	13.2		16.4	12
2004	13.7	13.4	14.3	16.3	17.5	21.3	20.7	20.8	20.6	17.5	12.5	12.3		16.7	12
2005	9.6		17.1	16.3	19.3	21.2	19.7	20.1	20.7	17.3	13.9	14		17.2	11
2006	12.2	12.3	17.4	17.1	18.3	17.5	18.4	18.3	17.5		10.8	11.2		15.5	11
2007	4.4	10.2	14.2	15.3	16.5	16.3	16.3	17.3	17.1	12.2	12.3	11.5		13.6	12
2008	9.8	13.2	11.7	14.7	16.3	16.2	17.2	17.3	16.8	13.8	10.2	9.8		13.9	12
2009	8.6	8	9.3	14.1	16.5	16.3	16.7	17	17.8	13.5	12.8	10.6		13.4	12
2010	8.3	10.9	10.4	14.4	16.8	17.6	17.6	16.9	16.9	15.4	9.7	6.9		13.5	12
2011	9	10.9	10.8	11.3	17	16.9	17	17.5	15.1	13.1	9.3	8.9		13.1	12
2012	8.9	11.4	12.5	11.9	18	17.3	15.1	17.5	16.9	13.9	8.1	9.8		13.4	12
2013	10.8	8.4	7.2	12.8	15.2	17.8	17.6	17.2	16.5	17.2	13.1	13		13.9	12
2014	7.8	11.8	12.9	11.7	17.2	18.7	6.8	16	17.1	14.2	11.2	4.7		12.5	12
2015	9.3	5.5	11	15.1	16.7	16.2	15.2	17	18	16.2	12.4	12.4		13.8	12
2016	7.8	8.7	13.4	15.9	16.4	17.2	17	15.9	14	14	11.1	13.2		13.7	12
2017	7.3	10	11.5	14.4	17.1									12.1	5
2022	10	8.9	12.6	14.4	16.8	16.9	16.7	16.4	17.5	14.8	14	12.2		14.3	12
2023	9.2	10.9	12.5	14.6	12.4	16.8	17	17.3	17.2	16.5	14.8			14.5	11
MÍNIMA	2	0.18	5	2.5	12	2.5	2.25	10.5	11	2.95	1.75	4.7		7.5	4
MÁXIMA	14.5	13.4	17.4	22	20	21.3	21.5	22	21	21.4	18.3	14		17.9	12
MEDIA	8.6	9.1	11.6	13.8	16.2	16.8	16	16.9	17	14.7	12.1	10.4		13.6	10.9
DESV.ST	2.7	2.8	2.7	3.2	2.1	3.3	3.6	2.1	2.2	2.8	2.8	2.4		1.8	2.3

TEMPERATURA MEDIA MENSUAL
AÑO	ENE	FEB	MAR	ABR	MAY	JUN	JUL	AGO	SEP	OCT	NOV	DIC	ACUM	PROM	MESES
1975						26	25.4	25.6	25	23.6	23	20.7		24.2	7
1976	20	21.1	25.8	27	27.8	25.9	25	25.4	25.8	24.9	22.9	21.8		24.4	12
1977	20.4	22.6	24.9	25.9	27	26.1	26	26.4	26	25.4	23.3	23		24.8	12
1978	21	22	24.6	27	27.7	26.1	25.4	25.8	24.9	24.4	23.9	22.3		24.6	12
1979	22.1	23.1	25.5		27.8	26	25.6	25.2	24.5	25.2	22.4	21.2		24.4	11
1980	22.5	22.7	26.5	26.1	28.9	26.7	26.2	25.8	25.4	24.2	22.1	20.4		24.8	12
1981	20.5	22.8	25.5	26.6	27.6	25.8	25.3	25.2	25.3	24.6	22.1	22.1		24.4	12
1982	22.6	23.9	25	27.2	26.9	25.6	25.1	25.4	25	24.2	22.2	21.2		24.5	12
1983	20.8	21.7	23.1	26	28.5	26.1	25.5	25.5		24.5	24	23.6		24.5	11
1984	20.1	20	21	23.8	26.5	26	25.3	24.8	25.1	21.5	21.6	21.5		23.1	12
1985	20.8	22.7	24.9	26.6	27.6	25.9	25.2	25.5	25	24.8	23	22.3		24.5	12
1986	20.2	23.3	22.6	26.5	27.5	26	25.3	25.7	25	24.6	23.6	21.9		24.4	12
1987	20	20.1	21.1	23.8	26.5	26.1	25.3	24.2	25.1	21.6	20.5	23.6		23.2	12
1988	18.7	19.1	21.2	24.6	24.6	25.8	24.7	25	24.1	23	21.1	22		22.8	12
1989	22.9	22	23.4	26.4	27.7	26.2	25.8		24.9	24.1	24.7	22.2		24.6	11
1990	22.7	23.1	25.5	27.5	28.7	26.2	25.3		25.8	24.7	23.9			25.3	10
1991									25.3	24.6	22.1	22.6		23.7	4
1992	22	22.6	26.4	27.1	27.3	26.6	25.8	26	25.4	24.6	24	22.8		25	12
1993	21.4	23	25.1	27.4	28.6						23.1	21.5		24.3	7
1994	21.3	22.8	24.5	27.1	28.4	25.9	26.1	25.5	25.5	25.4	24.4	23.6		25	12
1995	22.8	22.6	24.6	27.4	28.7	28.2	27.4	27.4	26.6	25.5	25.2	24.2		25.9	12
1996	23.2	24.3	26.5	28.9	28.4	26.8	26	26.4	27.8	26	24.8	25.1		26.2	12
1997								27.1	25.6	24.4	24.4			25.4	4
1998	22.6	23	26.4	29.9	29.2	27.6	22	21.8	21.5	23.9	24.6	22		24.5	12
1999	22.3	23.3						25.4	24.4	23.1	20.6	21.6		23	7
2000	22.8	25.6	28.8	29	23.6	21.9	24	23.8	23.9	23	23.4	21.6		24.3	12
2001	22.4	23.8	24.5	27	26.6	24.4	24.6							24.8	7
2002	22.4	23	25.6	27	26	25.1	26.6	26.5	26.2	26.8	24.8	22.4		25.2	12
2003	21.2	24.4	25	27.1	28.3	29.8	30	30	29.6	30	28.8	24.9		27.4	12
2004	26.4	26.3	26.6	28.2	27.8	28.9	27.9	28.5	28.7	28	25.5	24.2		27.2	12
2005	23.1		28.9	29.4	29.9	28.8	28	28.6	28.7	26.1	25.9	24.8		27.5	11
2006	23.7	24.7	26.4	28.1	27.6	26.4	26.8	26.4	25.9		22.4	22.7		25.6	11
2007	21.7	23.3	25.2	27.3	27.4	25	24.8	24.4	24.5	22.5	22	21.4		24.1	12
2008	21.9	23.6	24.6	27.5	27	24.4	24.1	24.5	25	23.5	21.6	22.1		24.1	12
2009	22.1	23.3	25.1	27.9	27.1	25.8	26	26.5	26.3	26	22.1	22.6		25.1	12
2010	20.9	23	25.7	28.4	29	26.4	25.8	25.4	24.8	24.3	22.8	20		24.7	12
2011	22.1	23	24.6	26.9	27.8	25.6	24.6	24.8	24.5	23	22.4	21.4		24.2	12
2012	21.8	24	24.4	25.8	27	24.8	24.5	24.6	24.6	24	21.2	22.3		24.1	12
2013	22.5	23.9	23.7	27.4	26.1	25	24.2	25	24.1	24.6	23	21.7		24.3	12
2014	20.6	23.9	25.5	26.6	25.7	24.9	24.7	24.8	24.2	23.3	21.9	20.9		23.9	12
2015	21.8	22.4	24.9	27.8	27	25.4	25	26.2	24.6	24.7	24	23.5		24.8	12
2016	21.9	21.6	25.8	27.5	28	25.1	25	24.9	23.8	24.7	23.4	24.5		24.7	12
2017	22.1	23.7	24.8	26.8	27.4									25	5
2022	22.1	22.8	24.8	26.6	26.7	23.4	24.1	23.7	23.6	22.9	22	20.4		23.6	12
2023	21.1	22.8	25.2	27.1	26.5	26.5	24.3	24.1	23.7	23.8	22.9			24.4	11
MÍNIMA	18.7	19.1	21	23.8	23.6	21.9	22	21.8	21.5	21.5	20.5	20		22.8	4
MÁXIMA	26.4	26.3	28.9	29.9	29.9	29.8	30	30	29.6	30	28.8	25.1		27.5	12
MEDIA	21.8	22.9	25	27.1	27.4	26	25.5	25.6	25.3	24.5	23.2	22.4		24.7	10.9
DESV.ST	1.3	1.3	1.6	1.3	1.2	1.4	1.3	1.4	1.5	1.5	1.6	1.3		1	2.3
