COMISIÓN NACIONAL DEL AGUA
COORDINACIÓN GENERAL DEL SERVICIO METEOROLÓGICO NACIONAL
BASE DE DATOS CLIMATOLÓGICA NACIONAL 

ESTADÍSTICA MENSUAL
EMISIÓN   : 25/10/2024 

DATOS DISPONIBLES EN LA BASE DE DATOS A: OCTOBER DE 2024; 
CON LA INFORMACIÓN SUMINISTRADA POR LAS UNIDADES ADMINISTRATIVAS 

 ESTACIÓN  : 7083 
 NOMBRE    : IXTAPA 
 ESTADO    : CHIAPAS 
 MUNICIPIO : IXTAPA 
 SITUACIÓN : SUSPENDIDA 
 CVE-OMM   :   
 LATITUD   : 16.76666667 ° 
 LONGITUD  : -92.9 ° 
 ALTITUD   : 1380 msnm 


LLUVIA MÁXIMA 24 H.
AÑO	ENE	FEB	MAR	ABR	MAY	JUN	JUL	AGO	SEP	OCT	NOV	DIC	ACUM	PROM	MESES
1942										12	13		25	12.5	2
1943											5.3	14	19.3	9.7	2
1946	0	0.01	0	20	66								86.01	17.2	5
1947							35.4	59	25.5	0	40	11	170.9	28.5	6
1948	0	0	5	3	60	62	45	11	32	1.8	1.8	0.01	221.61	18.5	12
1949	0	0	1.5	1.5	2.2	78	32	35	12	10	0	0	172.2	14.3	12
1950	3.5	0.4	4	100	40	40	40	40	40	40	5	5	357.9	29.8	12
1951	5	10	6	50	70	80	58	40	48	23	30	0	420	35	12
1952	5	0	14	180	38	55	50	60	60	40	8	2	512	42.7	12
1953	0	10	0	10	40	50	6	40	5	5	2	0.5	168.5	14	12
1954	0	1	2	3	2	50	28	70	50	40	0	0.4	246.4	20.5	12
1955	4	5	3	2	60	70	85.3	30.5	40.5	80	5.3	50	435.6	36.3	12
1956	8.5	2	15.3	45.3	40.3	60	45.3	40.8	50.3	40.5	20	8.3	376.6	31.4	12
1957	8.3	40.5	30	40.3						5.3	5	3	132.4	18.9	7
1958	8	5.3	1.5	20.3	15	40.5	40.5	30.3	25.3	40.3	20.5	5	252.5	21	12
1959	6.3	8	10	18.3	20	70.3	35.3	45.3	40.3	40.4	12.5	2.3	309	25.8	12
1960	2.3	1	0	6.3	40.3	50.3	50	20	40.3	60.3	30.5	5.3	306.6	25.6	12
1961	0.01	5	3	15	35	60.2	55.3	45.5	40	20.3	25	2	306.31	25.5	12
1962	3	0.01	1	10	10	35	30.3	40.5	60	20.5	5.3	3	218.61	18.2	12
1963	4.3	25	20	10.3	30	25	45	65	40.3	4.3	30.5	1	300.7	25.1	12
1964	5	1	3	20	50	40	40.5	20.3	40	20	15.3	3	258.1	21.5	12
1965	20	15	10	15.3	30	40	35	25	30.5	8.3	8.3	3.5	240.9	20.1	12
1966	3.5	2.5	3	15	23.5	50	30	83	25	18.3	8.5	2	264.3	22	12
1967	6.3	3.5	10	18	18	40	22.5	85	20.3	10.3	8.3	8.3	250.5	20.9	12
1968	12	5	0.01	44	23	18.3	24	28.3	25.3	18.5	5	18.5	221.91	18.5	12
1969	8.5	8.5	5	18.5	15.3	30.5	28	24	20	18.5	8.3	10	195.1	16.3	12
1970	10	5	8.5	13.5	20	40	30	30	18	20	8.3	1	204.3	17	12
1971	4.3	5	10		40.3	65	22	20	44	35	22	23.5	291.1	26.5	11
1972	8	8.3	25.3	20	25	30	40	60	22	38	18	22	316.6	26.4	12
1973	8.3	10	18	5.3	10	20.5	28.3	35	22.5	33	15	7	212.9	17.7	12
1974	22	6.3	16	8.3	18	22	30	22	32	18.3	21	2	217.9	18.2	12
1975	18.5	12		28.5	22.5	35	25	15.3	20	13.5	10.5	13.5	214.3	19.5	11
1976	22.5	10.3	9.5	20	22.3	35	36	101.5	96.3	25.3	19.5	6.3	404.5	33.7	12
1977	18.5	0											18.5	9.2	2
1978	0	0	1	0	8								9	1.8	5
MÍNIMA	0	0	0	0	2	18.3	6	11	5	0	0	0	9	1.8	2
MÁXIMA	22.5	40.5	30	180	70	80	85.3	101.5	96.3	80	40	50	512	42.7	12
MEDIA	7.1	6.4	7.9	25.4	29.8	46.2	37	42.1	35.4	24.5	13.4	7.5	238.8	21.7	10.4
DESV.ST	6.7	8.3	7.9	35.4	18.3	17.2	14.5	22.5	18	17.9	10.1	10.1	119.4	8.3	3.3

LLUVIA TOTAL MENSUAL
AÑO	ENE	FEB	MAR	ABR	MAY	JUN	JUL	AGO	SEP	OCT	NOV	DIC	ACUM	PROM	MESES
1942										12.02	13.04		25.06	12.5	2
1943											5.3	15.03	20.33	10.2	2
1946	0	0.02	0	44.07	101.56								145.65	29.1	5
1947							147.4	250.5	65.07	0	62.05	21.29	546.31	91.1	6
1948	0	0	5	5	99	508	385	88.7	127.01	4.97	5.04	0.04	1227.76	102.3	12
1949	0	0	1.5	2.5	7.2	363	234	296	209	20	0	0	1133.2	94.4	12
1950	5.8	0.9	4.51	190	113.7	266	334	415.6	345	247	5	5	1932.51	161	12
1951	8	20	6	50	197.5	670	667	214.5	462.7	94.8	61	0	2451.5	204.3	12
1952	5	0	14	360	139	491	375	742.01	615	156	21	7	2925.01	243.8	12
1953	0	20	0	15	82	357	35.6	296	41	17.12	2.5	2.77	868.99	72.4	12
1954	0	1.4	2.5	8.3	4.2	290.3	330.3	480	409	277	0	0.6	1803.6	150.3	12
1955	4	7	3	5	174.8	408.5	768.8	310.4	365.6	566.2	19.3	113.1	2745.7	228.8	12
1956	14.5	7	20.1	145.8	245.9	438.3	309.7	220.6	328.1	105.4	34	26.4	1895.8	158	12
1957	13.3	50.8	73.6	83.3						17.3	18.9	9.6	266.8	38.1	7
1958	18.3	9.3	1.5	68.6	49.6	304.5	429.6	310.6	330.7	135.1	130.4	11.3	1799.5	150	12
1959	21.6	12.3	30.6	80.5	58.1	416.5	218.6	238.6	249.1	292.4	52.9	7.6	1678.8	139.9	12
1960	10.6	2	0	15.3	85.3	361.5	308.3	227.8	330.5	193.4	57.3	7.3	1599.3	133.3	12
1961	0.02	10.33	9.26	29.76	113.59	374.22	384.8	228.07	189.17	83.46	74.3	10.85	1507.83	125.7	12
1962	8.86	0.28	1.29	42.98	56.46	288.72	244.6	287.4	312.23	219.43	18.33	3.29	1483.87	123.7	12
1963	21.79	29.53	32.57	29.07	89.79	228.02	369.82	379.94	361.15	6.59	78.02	2.29	1628.58	135.7	12
1964	11.77	1.28	5.59	30.31	137	366.96	247.16	191.81	349.5	53.84	56.56	3.3	1455.08	121.3	12
1965	52.34	33.76	46.64	29.16	138.09	305.37	252.36	207.48	258.19	37.81	37.81	18.53	1417.54	118.1	12
1966	21.71	7.71	4.29	56.12	134.18	268.51	292.13	378.36	234.33	98.83	20.06	2.3	1518.53	126.5	12
1967	14.06	5.75	14.78	77.52	114.67	294.34	188.35	265.77	158.18	85.96	38.52	21.56	1279.46	106.6	12
1968	32.27	11.31	0.01	144.5	161.81	153	228.21	277.7	245.8	140.41	14.5	34.3	1443.82	120.3	12
1969	13.5	14.1	5	60.8	32.6	152.4	268.2	275	244.3	81.9	40.8	23	1211.6	101	12
1970	67.4	7	16	49	41.8	250	363.3	332.1	253.8	157.9	17.7	1	1557	129.8	12
1971	11.8	14	18		92	207.5	210.1	220.1	240.1	186.6	98.8	33	1332	121.1	11
1972	28.9	20.6	48.6	69.3	109.6	257.8	326.3	272.2	210.5	135.7	65.1	29.3	1573.9	131.2	12
1973	37.4	10	18	5.3	41.3	262.5	390.9	503.5	204.9	165.3	65.1	19.3	1723.5	143.6	12
1974	93.8	11.3	26	17.8	68.8	298.1	341	198.9	208.5	72.6	63	4.3	1404.1	117	12
1975	91.9	23.3		63.4	79.8	301.7	350.1	150.2	237.5	105.9	58.9	72.4	1535.1	139.6	11
1976	128.5	10.3	22.8	49.3	79.2	159	201.5	297.6	334.4	169.8	63.1	13.8	1529.3	127.4	12
1977	96.3	0											96.3	48.1	2
1978	0	0	1	0	37								38	7.6	5
MÍNIMA	0	0	0	0	4.2	152.4	35.6	88.7	41	0	0	0	20.33	7.6	2
MÁXIMA	128.5	50.8	73.6	360	245.9	670	768.8	742.01	615	566.2	130.4	113.1	2925.01	243.8	12
MEDIA	26	10.7	14.4	60.9	96.2	323	317.3	295.1	273.1	127.1	40.6	16.8	1337.2	116.1	10.4
DESV.ST	33.6	11.6	17.5	72.4	55	114.3	140.9	124.4	115.8	115.2	31.6	23.3	722.1	54.7	3.3

EVAPORACIÓN MENSUAL
AÑO	ENE	FEB	MAR	ABR	MAY	JUN	JUL	AGO	SEP	OCT	NOV	DIC	ACUM	PROM	MESES
1968				3									3	3	1
1978	114.5	115.3	165.8	194.2	158.4								748.2	149.6	5
MÍNIMA	114.5	115.3	165.8	3	158.4								3	3	1
MÁXIMA	114.5	115.3	165.8	194.2	158.4								748.2	149.6	5
MEDIA	114.5	115.3	165.8	98.6	158.4								375.6	76.3	3
DESV.ST				135.2									526.9	103.7	2.8

TEMPERATURA MÁXIMA PROMEDIO
AÑO	ENE	FEB	MAR	ABR	MAY	JUN	JUL	AGO	SEP	OCT	NOV	DIC	ACUM	PROM	MESES
1942										27	26.2			26.6	2
1943											25.2	26.8		26	2
1946	26.1	28.5	31.1	32.4	31.4									29.9	5
1947							29.6	29.5	30.8	26.5	27.2	24.6		28	6
1948	25	28.9	31.7	31.3	32.6	29.1	27.5	28.6	28	26.8	28.8	29.7		29	12
1949	29.3	30.3	31.3	32.8	32.1	32	32.2	31.6	31.9	31.9	31.7	32		31.6	12
1950	29.3	30	30.6	31.6	31.1	30	30.3	29.8	30.2	29.5	29.7	31.7		30.3	12
1951	31.3	31.6	34.7	37.6	39	33.5	33.2	33.2	33.6	31.9	31.9	32.9		33.7	12
1952	33.2	35.3	36.4	36.4	35.5	34.5	33.6	31.7	32.9	32.4	33.9	30.5		33.9	12
1953	31.6	33.6	34.6	39.6	39.3	35.6	33.6	33.7	33.4	33.4	35.9	33		34.8	12
1954	37.2	36.8	42.6	38.5	36.7	35.3	31.7	32.1	31	31.1	32.6	32.8		34.9	12
1955	32.4	33.4	35	37.1	36.1	35.1	34.5	32.7	33.3	31.9	33.3	34.1		34.1	12
1956	34.2	34.3	34.6	36.3	34.5	34.5	34.6	34.5	35.3	35.4	36.6	34.3		34.9	12
1957	35.5	34.4	34.5	34.5						32.8	35.1	33		34.3	7
1958	32.8	33.7	34.2	34.3	31.8	31.1	30.4	29.5	30.2	30.3	28.2	20.4		30.6	12
1959	17.4	29.8	33.8	39.1	38.9	35.9	34.8	34.9	36.3	34.8	32.2	31.2		33.3	12
1960	34.1	34.2	38.1	38	39.1	34.4	31.4	31.4						35.1	8
1961	25.5	28.9	30.7	33.7	32.3	33.5	33.7	34	33.9	33.4	33.6	34.6		32.3	12
1962	35	36.4	37.6	36.9	38.2	34.1	33.9	35.2	33.9	33.5	34.9	34.9		35.4	12
1963	34.1	33.6	36.7	37.9	36.6	36.2	33.3	34.2	34.5	34.4	32.2	31.5		34.6	12
1964	31.9	34.1	36.3	39.4	38.1	34.1	33.4	32.7	34.5	33.2	34.3	31.3		34.4	12
1965	32.2	36.1	36.6	38.9	40	36.4	34.8	34.9	34.8	34.5	34.5	34.2		35.7	12
1966	33.4	35	37.7	41.3	39.1	36.8	34.8	34.6	33.8	33.8	33	32.3		35.5	12
1967	32.5	33.8	37.3	39.7	40.9	36.9	36.1	36.1	34.8	33	32.7	32.3		35.5	12
1968	32.8	32.4	35.4	31.8	38.5	35.9	35.4	35.7	34.5	33.8	33.2	32.1		34.3	12
1969	33.1	32.2	34.5	40.1	41.4	40.3	35.5	33.2	34.4	34.4	34.4	33.5		35.6	12
1970	33.3	32.3	34.6	40.6	42.2	41.7	34.3	34	35.4	34.3	32.9	31.5		35.6	12
1971	32.9	32.9	34.7	39.1	41.4	35.1	34	33.5	35.3	37.1	33	32.2		35.1	12
1972	33.5	33.2	34.4	38.9	36	32.3	32.6	33.6	33.8	33.5	33.8	32.9		34	12
1973	32.9	33.3	36	39.3	37	33.1	33.1	32.2	32.3	31	32.6	30		33.6	12
1974	32.8	34.2	35.7	40.1	39.7	36	33	32.3	32.2	32.9	32	31		34.3	12
1975	33.3	34.4		40.9	40.5	36.2	35.3	33.5	33	33.7	32.9	30.9		35	11
1976	33.9	34.4	37	41.1	41	36.9	36.2	34.9	34.6	34.7	33.4	31.2		35.8	12
1977	33.8	34.3												34	2
1978	18.7	20	27.9	30.2	30.5									25.5	5
MÍNIMA	17.4	20	27.9	30.2	30.5	29.1	27.5	28.6	28	26.5	25.2	20.4		25.5	2
MÁXIMA	37.2	36.8	42.6	41.3	42.2	41.7	36.2	36.1	36.3	37.1	36.6	34.9		35.8	12
MEDIA	31.4	32.7	34.9	37.1	37	34.9	33.3	33	33.3	32.6	32.3	31.4		33.1	10.3
DESV.ST	4.4	3.2	2.8	3.3	3.5	2.7	2	1.9	1.9	2.5	2.7	3		3	3.3

TEMPERATURA MÁXIMA EXTREMA
AÑO	ENE	FEB	MAR	ABR	MAY	JUN	JUL	AGO	SEP	OCT	NOV	DIC	ACUM	PROM	MESES
1942										31.5	31			31.2	2
1943											28.5	30		29.2	2
1946	30.5	32	35	34	34.5									33.2	5
1947							37	35.3	37	29	30	32.2		33.4	6
1948	30	32	36	36	36	33	30	30	30	30	33	32		32.3	12
1949	31	35	35	36	35	34	34	34	34	34	34	34		34.2	12
1950	31	34	34	40	37	37	34	34	34	32	32	34		34.4	12
1951	38	36	40	39	42	38	36	39	38	39	34	36		37.9	12
1952	37	40	41	42	40	38	36	35	35	35	36	36		37.6	12
1953	37	38	40	43	43	39	36	35	37	36	39	40		38.6	12
1954	40	40	50	50	40	39	34	33	32	32	35	36		38.4	12
1955	35	36	36	39	38	37	37	34	35	34	35	36		36	12
1956	36	36	38	38	36	35	35	35	37	36	38	36		36.3	12
1957	37	35	35	35						35	38	36		35.9	7
1958	36	36	35	35	33	32	31	31	31	33	33	27		32.8	12
1959	22	31	41	42	42	40	37	36	38	37	36	35		36.4	12
1960	38	41	40	41	41	38	34	32						38.1	8
1961	28	33	39	38	35	38	35	35	35	37	36	37		35.5	12
1962	37	39	40	40	41	40	36	37	35	36	36	37		37.8	12
1963	37	36	38	40	39	38	35	36	36	35	36	34		36.7	12
1964	34	37	41	41	43	37	36	35	37	35	38	33		37.2	12
1965	34	39	40	41	42	41	37	38	37	36	36	37		38.2	12
1966	36	38	42	45	44	42	38	36	36	37	36	35		38.8	12
1967	36	37	40	43	44	43	39	37	36	36	34	34		38.2	12
1968	35	35	41	35	41	39	38	37	36	36	36	36		37.1	12
1969	35	34	38	43	44	43	38	36	36	36	36	35		37.8	12
1970	35	35	37	43	44	43	40	36	37	36	37	35		38.2	12
1971	35	34	36	42	44	38	37	36	38	39	36	34		37.4	12
1972	35	35	36	41	39	36	36	39	37	37	36	36		36.9	12
1973	34	36	37	42	41	34	36	35	34	34	35	32		35.8	12
1974	34	37	37	42	43	40	36	35	34	35	35	34		36.8	12
1975	36	37		42	43	39	38	36	35	36	35	35		37.5	11
1976	37	37	39	42	43	40	39	37	38	37	35	34		38.2	12
1977	37	37												37	2
1978	22	29.5	33	33	38.5									31.2	5
MÍNIMA	22	29.5	33	33	33	32	30	30	30	29	28.5	27		29.2	2
MÁXIMA	40	41	50	50	44	43	40	39	38	39	39	40		38.8	12
MEDIA	34.2	35.9	38.3	40.1	40.2	38.2	36	35.3	35.5	35	35	34.6		36.1	10.3
DESV.ST	4.1	2.6	3.3	3.6	3.3	2.9	2.2	2.1	2.1	2.3	2.3	2.4		2.4	3.3

TEMPERATURA MÍNIMA PROMEDIO
AÑO	ENE	FEB	MAR	ABR	MAY	JUN	JUL	AGO	SEP	OCT	NOV	DIC	ACUM	PROM	MESES
1942										15.9	15.3			15.6	2
1943											12.8	14.7		13.8	2
1946	14.1	14.4	16	16.5	19.2									16	5
1947							17.4	16.6	17	14.1	15.2	13.4		15.6	6
1948	12.7	13.6	15.6	15.4	17.5	11	10.1	10.3	10.1	10	10	10		12.2	12
1949	10.2	10.5	10.4	10	10.7	11	11.1	10.8	11	11	10.8	11.1		10.7	12
1950	10.2	10.7	12.4	15.2	17.2	17.5	17.7	17	16.5	14.7	12.2	7.9		14.1	12
1951	9	10.5	11.9	13.9	15.6	16.6	16.4	16.6	16.9	16	15.3	13.5		14.3	12
1952	11.7	11.6	14.7	15.8	15.3	13.4	11.4	13.5	14.1	11.5	11.9	10.3		12.9	12
1953	8.9	11.4	12.1	14.9	15.6	16.1	15.5	15.9	16.3	15.7	13.8	12.1		14	12
1954	10.4	10.3	12.4	15.6	16.5	17.5	12.1	11.1	10.1	11.9	13.2	9.5		12.6	12
1955	9.3	11.2	11.8	15.1	16.3	16.7	16.3	16.2	16.4	16	15.1	12.8		14.4	12
1956	9.2	13.3	13.9	16.8	17.3	17.4	17.2	16.6	15.5	15.2	15.3	13		15.1	12
1957	6.4	10.8	9.2	8						15.1	14	10.5		10.6	7
1958	11.5	11.5	14.4	14.2	12.1	11.3	9.7	9	8.5	10	13	9.5		11.2	12
1959	6.5	8.6	10.1	14.6	15.6	17	15.6	15.7	16	16.5	12.8	10.7		13.3	12
1960	10.4	10.3	12.4	14	16.5	17.9	16.7	16.7						14.4	8
1961	13	13.5	14.4	15.7	16.3	17.3	17	16.6	16.8	15.8	15	12.2		15.3	12
1962	11.6	12	13.9	15.4	16	9.9	9.6	11	16.4	16.4	15.5	9.5		13.1	12
1963	11.5	10.9	14.1	15	16.7	17.5	16.3	16.4	16.7	15.8	14	10		14.6	12
1964	10	12	15.4	16.5	16.6	16.6	16.4	16.5	16.7	14.5	13.7	9.7		14.6	12
1965	10.2	12.8	15.3	16.3	16.6	17	16.6	16.5	16.8	14.4	14.4	12.6		15	12
1966	11.9	13.1	14.5	17.3	16.8	17.2	17.6	16.4	17	15.8	11	10.2		14.9	12
1967	10	11.4	13.9	15.2	18.8	18	16.3	16.2	16.4	15.4	11.2	10.6		14.4	12
1968	10.2	10.9	11.7	20.2	16.5	17.3	16.3	16.1	16.7	16.1	11.2	11		14.5	12
1969	11	10.5	11.2	16.1	17.3	17.9	16.7	17.5	16.5	16.4	15.7	11.7		14.9	12
1970	11.9	10.2	11.5	16.2	18.2	18.3	16.9	14.7	14.1	12.5	11.7	9.5		13.8	12
1971	9.4	10.5	11.7	15.9	17.8	16.9	16.9	15.6	16.2	17.2	12.2	9.1		14.1	12
1972	10.2	10.4	12.1	14.7	16.1	16.2	16.2	16.4	15.9	14.9	15	11.2		14.1	12
1973	10.2	11.3	12.5	16.5	16.1	15.9	15.5	16.4	16.4	15.8	13.9	9.1		14.1	12
1974	11.6	12.6	14.4	18.3	17.8	15.6	16.3	16.4	15.4	15.1	12.6	11		14.8	12
1975	11.7	12.2		18.4	18.1	17.2	15.8	16.2	15.2	15.4	12.7	11.5		14.9	11
1976	12	12.5	15.8	18.8	19.2	17.2	16.1	15.6	14.8	15	12.3	10.9		15	12
1977	11.6	12.1												11.8	2
1978	12	12	13.6	16.4	18									14.4	5
MÍNIMA	6.4	8.6	9.2	8	10.7	9.9	9.6	9	8.5	10	10	7.9		10.6	2
MÁXIMA	14.1	14.4	16	20.2	19.2	18.3	17.7	17.5	17	17.2	15.7	14.7		16	12
MEDIA	10.6	11.6	13.1	15.6	16.6	16	15.3	15.2	15.2	14.7	13.3	11		14	10.3
DESV.ST	1.6	1.2	1.8	2.3	1.8	2.4	2.5	2.3	2.4	2	1.6	1.6		1.3	3.3

TEMPERATURA MÍNIMA EXTREMA
AÑO	ENE	FEB	MAR	ABR	MAY	JUN	JUL	AGO	SEP	OCT	NOV	DIC	ACUM	PROM	MESES
1942										12.2	12			12.1	2
1943											9.5	8		8.8	2
1946	11	11.5	12.5	11.5	16									12.5	5
1947							11	12	14.5	10	10	10		11.2	6
1948	10	10	10	13	10	10	10	10	10	10	4	10		9.8	12
1949	10	10	10	10	10	10	10	10	10	10	10	10		10	12
1950	10	10	10	10	12	13	13	13	12	10	7	6		10.5	12
1951	7	8	8	13	14	14	14	14	15	12	12	10		11.8	12
1952	8	5	10	13	10	7	7	9	12	7	7	9		8.7	12
1953	5	5	10	11	14	15	13	14	13	13	9	9		10.9	12
1954	9	5	10	12	15	16	10	9	9	10	9	6		10	12
1955	8	8	9	14	14	15	15	14	15	13	14	7		12.2	12
1956	7	12	10	15	15	16	16	15	14	14	13	8		12.9	12
1957	6	10	8	7						12	11	8		8.9	7
1958	9	9	12	12	10	10	8	8	7	7	9	6		8.9	12
1959	5	7	7	10	13	15	13	14	13	14	7	8		10.5	12
1960	7	5	9	9	14	17	14	15						11.2	8
1961	12	11	11	13	14	16	15	15	16	14	12	0.36		12.4	12
1962	0.36	10	12	7	12	9	8	9	14	15	14	9		9.9	12
1963	9	7	12	12	15	16	13	14	15	12	11	7		11.9	12
1964	8	11	12	15	16	14	12	15	15	11	10	7		12.2	12
1965	8	11	12	15	15	15	15	15	15	11	11	11		12.8	12
1966	6	9	11	15	15	15	16	13	14	12	1	8		11.2	12
1967	8	6	1	11	15	16	13	15	15	13	10	9		11	12
1968	7	8	8	18	15	15	13	15	15	14	8	9		12.1	12
1969	10	9	9	12	15	16	15	16	15	14	12	11		12.8	12
1970	9	8	10	11	16	16	13	12	13	11	9	8		11.3	12
1971	8	8	10	12	15	15	15	13	15	13	9	8		11.8	12
1972	8	9	11	13	14	14	14	13	15	13	12	8		12	12
1973	9	9	11	14	13	13	12	13	15	14	11	6		11.7	12
1974	10	10	13	15	16	14	14	14	14	13	10	9		12.7	12
1975	9	9		16	15	16	14	14	13	12	9	10		12.5	11
1976	10	11	14	16	17	15	13	14	13	13	9	9		12.8	12
1977	10	10												10	2
1978	7.5	9	10	12	16.5									11	5
MÍNIMA	0.36	5	1	7	10	7	7	8	7	7	1	0.36		8.7	2
MÁXIMA	12	12	14	18	17	17	16	16	16	15	14	11		12.9	12
MEDIA	8.2	8.8	10.1	12.5	14.1	14	12.7	13	13.4	12	9.7	8.1		11.2	10.3
DESV.ST	2.2	2	2.3	2.5	2	2.5	2.4	2.2	2.2	2	2.7	2		1.3	3.3

TEMPERATURA MEDIA MENSUAL
AÑO	ENE	FEB	MAR	ABR	MAY	JUN	JUL	AGO	SEP	OCT	NOV	DIC	ACUM	PROM	MESES
1942										21.4	20.8			21.1	2
1943											19	20.8		19.9	2
1946	20.1	21.4	23.6	24.4	25.3									23	5
1947							23.5	23	23.9	20.3	21.2	19		21.8	6
1948	18.9	21.2	23.6	23.4	25	20	18.8	19.5	19	18.4	19.4	19.9		20.6	12
1949	19.8	20.4	20.9	21.4	21.4	21.5	21.7	21.2	21.4	21.4	21.2	21.6		21.2	12
1950	19.8	20.4	21.5	23.4	24.1	23.8	24	23.4	23.4	22.1	21	19.8		22.2	12
1951	20.1	21	23.3	25.8	27.3	25	24.8	24.9	25.2	24	23.6	23.2		24	12
1952	22.5	23.4	25.5	26.1	25.4	24	22.5	22.6	23.5	22	22.9	20.4		23.4	12
1953	20.2	22.5	23.4	27.2	27.4	25.9	24.6	24.8	24.9	24.5	24.9	22.6		24.4	12
1954	23.8	23.5	27.5	27	26.6	26.4	21.9	21.6	20.6	21.5	22.9	21.1		23.7	12
1955	20.9	22.3	23.4	26.1	26.2	25.9	25.4	24.5	24.8	24	24.2	23.5		24.3	12
1956	21.7	23.8	24.2	26.5	25.9	26	25.9	25.6	25.4	25.3	26	23.6		25	12
1957	21	22.6	21.9	21.2						24	24.6	21.8		22.4	7
1958	22.1	22.6	24.3	24.2	22	21.2	20	19.2	19.4	20.1	20.6	14.9		20.9	12
1959	11.9	19.2	22	26.9	27.2	26.4	25.2	25.3	26.1	25.6	22.5	21		23.3	12
1960	22.2	22.2	25.2	26	27.8	26.1	24	24						24.7	8
1961	19.2	21.2	22.6	24.7	24.3	25.4	25.4	25.3	25.4	24.6	24.3	23.4		23.8	12
1962	23.3	24.2	25.8	26.1	27.1	22	21.8	23.1	25.1	25	25.2	22.2		24.2	12
1963	22.8	22.2	25.4	26.4	26.6	26.9	24.8	25.3	25.6	25.1	23.1	20.8		24.6	12
1964	21	23	25.8	28	27.4	25.4	24.9	24.6	25.6	23.9	24	20.5		24.5	12
1965	21.2	24.5	26	27.6	28.3	26.7	25.7	25.7	25.8	24.4	24.4	23.4		25.3	12
1966	22.6	24	26.1	29.3	28	27	26.2	25.5	25.4	24.8	22	21.2		25.2	12
1967	21.2	22.6	25.6	27.5	29.9	27.4	26.2	26.1	25.6	24.2	22	21.4		25	12
1968	21.5	21.6	23.5	26	27.5	26.6	25.9	25.9	25.6	25	22.2	21.6		24.4	12
1969	22	21.4	22.9	28.1	29.4	29.1	26.1	25.4	25.4	25.4	25	22.6		25.2	12
1970	22.6	21.2	23	28.4	30.2	30	25.6	24.4	24.8	23.4	22.3	20.5		24.7	12
1971	21.1	21.7	23.2	27.5	29.6	26	25.4	24.6	25.8	27.1	22.6	20.7		24.6	12
1972	21.9	21.8	23.2	26.8	26	24.2	24.4	25	24.8	24.2	24.4	22		24.1	12
1973	21.5	22.3	24.2	27.9	26.6	24.5	24.3	24.3	24.3	23.4	23.2	19.6		23.8	12
1974	22.2	23.4	25	29.2	28.8	25.8	24.6	24.3	23.8	24	22.3	21		24.5	12
1975	22.5	23.3		29.6	29.3	26.7	25.5	24.9	24.1	24.6	22.8	21.2		25	11
1976	23	23.4	26.4	30	30.1	27	26.2	25.2	24.7	24.9	22.9	21		25.4	12
1977	22.7	23.2												23	2
1978	15.3	16	20.8	23.3	24.2									19.9	5
MÍNIMA	11.9	16	20.8	21.2	21.4	20	18.8	19.2	19	18.4	19	14.9		19.9	2
MÁXIMA	23.8	24.5	27.5	30	30.2	30	26.2	26.1	26.1	27.1	26	23.6		25.4	12
MEDIA	21	22.1	24	26.3	26.8	25.5	24.3	24.1	24.3	23.6	22.8	21.2		23.5	10.3
DESV.ST	2.3	1.7	1.7	2.2	2.2	2.2	1.9	1.8	1.9	1.9	1.7	1.7		1.6	3.3
